-1 -10 -1 5 3 4 -4 6
-5 -5 5 16 15 -1 -7 0
-4 2 -10 18 23 5 -4 8
9 5 9 6 2 11 -3 -5
6 4 -5 4 -3 2 -8 0
-7 -11 -4 1 0 -2 -7 -2
-2 -6 10 -3 -1 3 2 2
-7 -5 -4 3 -8 2 -3 1
-3 2 -3 31 43 15 0 0
-9 -6 -4 31 38 17 -11 6
-1 -4 -1 33 14 18 -14 3
3 -4 1 35 19 1 3 -1
11 -6 -3 33 21 7 -2 -10
-4 1 -4 40 31 17 -16 -8
-6 13 -8 19 26 5 0 -2
-3 7 -6 10 6 7 0 -3
6 -2 -6 14 40 43 -3 3
-7 -8 -12 42 47 31 11 16
1 -2 -11 59 54 24 -4 8
-10 -12 -14 38 71 10 0 -9
1 -12 -2 22 54 37 0 10
-4 -6 2 28 35 33 1 -5
-7 6 9 25 40 33 2 -4
7 3 14 30 34 15 5 -15
4 1 2 58 29 -12 18 -1
8 10 16 39 18 7 15 5
1 -3 24 54 7 -3 29 3
5 20 18 80 13 0 13 13
2 2 13 105 26 3 10 13
3 24 16 66 50 11 14 -1
-1 13 12 67 36 7 21 5
2 5 21 43 43 13 4 8
10 7 -26 29 39 11 19 0
17 4 5 63 52 -4 17 -1
2 13 16 68 60 11 17 9
5 -4 20 57 89 15 20 8
3 9 -8 69 78 12 26 -1
10 9 12 74 86 13 14 8
2 14 32 60 67 9 16 3
4 6 15 30 48 12 5 -10
4 5 16 31 21 -12 -10 -6
11 -8 29 44 32 -28 0 -2
-3 1 15 47 27 -23 -12 0
0 7 33 71 18 -4 0 -1
8 6 39 32 38 6 -6 -4
-2 11 43 37 45 -2 3 -2
-2 -3 33 57 47 -4 0 -1
-3 8 16 21 25 3 -3 -4
4 -2 -4 17 8 -1 -8 -6
-4 -9 -6 40 20 -2 -4 7
-2 -1 -10 23 24 4 -3 -6
-2 11 1 22 32 5 4 11
1 2 -2 28 25 1 6 2
13 2 -3 34 25 -3 1 1
4 4 -4 10 15 2 0 -2
1 1 -2 7 6 4 10 5
9 -4 1 6 -4 -7 -7 5
2 3 -1 11 15 -1 2 -1
5 1 -6 11 12 7 -2 8
-1 4 -7 16 2 -6 1 4
-4 -8 1 9 13 6 -5 2
-3 -2 4 10 0 9 5 -10
-6 -2 7 1 8 5 -3 -2
0 4 -4 13 -7 -1 3 -3
