1127 25 78 2533 4524 2 145 725
488 1038 1196 2670 1667 187 1005 647
636 1798 1592 1132 760 1818 1043 1806
1098 863 2003 2702 437 147 2263 147
600 339 831 766 1931 2349 3128 2119
622 28 747 1584 131 295 1338 1586
235 1536 3100 204 175 1959 628 4
397 605 531 131 1198 1016 358 2153
151 1268 1973 11810 11585 2495 1017 1757
922 3538 2108 9251 9795 2593 255 755
744 1828 2347 9859 10040 1660 3256 1738
508 256 1258 10465 12548 1255 2052 697
811 843 1676 7464 10658 2366 879 1195
912 998 1614 8129 7848 1315 364 1951
1316 449 1245 6526 3748 2665 473 277
667 160 58 3850 4568 1163 1669 2015
2396 162 810 6573 11053 335 3063 1703
172 101 253 8948 7667 293 3203 2790
1788 3377 121 7479 10528 1931 2778 1055
1104 2096 1858 13707 10886 3111 801 607
85 1181 2603 13468 12458 5258 2768 919
1388 2524 4300 15164 14044 4005 1014 448
712 1671 586 11179 11399 6096 3263 2670
1073 908 125 5826 4156 1325 312 169
2299 7658 9573 27898 28284 5363 8699 248
834 10186 10088 34771 35299 5876 6731 763
2534 5017 11000 36823 34727 4537 7976 3052
1082 9707 11461 45730 40096 7095 11091 1007
1950 11564 13949 48631 46910 11806 7308 897
1949 6478 15466 51724 49288 12583 6631 133
338 5525 9833 35765 36597 11099 4588 443
1720 203 6546 17268 17541 1449 3522 1919
2969 6469 3427 25055 25681 8164 9705 2527
4780 8696 6474 32780 36652 13731 13631 256
240 9787 8971 36112 36092 10766 7478 1109
2040 7805 10068 43040 47343 11627 10912 2495
3294 7890 10857 49322 50346 13485 9211 3109
1392 6820 11193 49614 49595 14452 6290 1649
1437 3501 8703 35528 37260 11742 6187 885
2573 2441 3891 15749 18780 5234 1432 1468
1294 2335 268 7359 9465 1787 2914 2258
2264 2357 49 7206 8918 177 2054 1360
118 2817 170 12609 7545 654 602 267
396 1998 4477 12620 14244 1079 3100 467
157 4514 4410 13055 15800 1358 3110 1408
1086 22 3358 14837 15815 2656 198 737
1326 1965 1172 8561 12867 984 831 105
692 337 504 4213 3468 245 1130 345
1271 1148 4432 11094 7676 5104 181 157
1440 3211 2630 11255 8672 2091 3061 1925
1745 894 2884 10459 10133 3112 678 1406
1151 2630 3874 9775 11971 2934 271 584
586 223 2726 10581 6993 2710 2065 717
2421 7 3513 8484 9194 4160 1343 981
383 222 1869 6586 1817 939 2540 2175
1451 14 1185 3836 411 1095 1284 599
1980 321 1274 2145 2531 1172 1265 1092
461 1168 1023 1282 1441 1937 442 2346
1927 141 505 1477 1433 3102 1719 1051
391 99 724 2062 2459 568 737 1188
1017 60 29 3299 78 663 1976 2094
553 918 556 1218 1699 1449 619 196
1357 0 389 642 2131 1583 7 300
425 1123 2899 562 592 377 95 1632
