This file was gnenerated on 2021-02-06 16:21:05.483112 by Grant Finneman. This contains the extracted data from the Gate simulations
The edep for each bar was summed up and printed to this file. The only math operation done has been addition.

  id        edep
   0    127.021
   1    130.606
   2    171.13
   3    143.942
   4     94.6774
   5     59.8145
   6     48.3968
   7     48.3468
   8    470.637
   9    457.999
  10    375.308
  11    303.669
  12    222.763
  13    246.837
  14    124.837
  15     70.7978
  16   3397.12
  17   3508.54
  18   2601.7
  19   1977.88
  20   1292.84
  21    711.721
  22    388.922
  23    167.379
  24  45113.2
  25  48440.9
  26  45852.9
  27  40615.7
  28  32580.4
  29  23465.7
  30  13746.3
  31   4888.23
  32  45953.2
  33  49539.6
  34  47715.1
  35  41304.7
  36  33828.7
  37  24365.2
  38  13971.9
  39   5348.07
  40   3391.43
  41   3421.74
  42   2992.67
  43   2090.26
  44   1280.05
  45    739.056
  46    488.659
  47    213.972
  48    477.009
  49    524.371
  50    358.348
  51    269.334
  52    200.642
  53    146.103
  54    128.309
  55     82.9564
  56    173.093
  57    202.967
  58    166.675
  59    109.724
  60     99.2039
  61     72.1495
  62     66.0089
  63     65.1698
