-2 0 0 4 4 0 -3 -2
1 2 0 7 7 1 -1 -1
-1 -1 2 6 2 2 0 1
1 0 -1 5 2 2 0 -1
-1 1 1 4 2 0 -1 1
0 1 -3 2 1 1 1 -2
0 0 2 2 3 1 1 0
-2 0 1 1 2 0 -1 0
0 0 -1 6 13 1 -1 -1
1 0 -2 9 16 0 -2 -1
1 -2 -3 12 15 -1 2 -1
2 -3 0 11 10 -1 -3 -1
-2 -2 -1 11 12 0 1 -1
0 -2 -2 12 9 0 -2 1
2 0 -1 8 9 -1 -1 -1
1 2 0 4 5 2 0 1
1 2 4 -4 10 -2 -2 3
1 -2 0 5 6 2 -2 1
1 1 0 1 8 1 -1 1
2 0 8 4 7 6 -1 -2
0 1 8 6 9 6 -1 1
0 4 7 9 14 11 -1 -1
0 -1 7 12 15 10 -1 -3
-2 -1 4 8 7 2 0 1
7 14 11 15 28 0 13 5
6 13 15 27 26 3 10 5
4 16 15 35 22 8 15 2
5 10 15 33 22 13 15 4
3 10 17 44 36 11 12 5
3 13 20 49 50 16 13 0
4 9 15 32 39 9 9 1
2 6 7 25 24 4 1 0
5 13 -2 21 21 10 15 4
4 9 6 26 28 17 17 5
3 11 2 35 29 9 11 3
2 8 5 47 35 19 17 2
4 7 5 45 41 17 18 1
1 6 8 44 49 14 11 2
1 5 15 40 38 14 10 5
-2 2 6 17 23 6 3 2
0 1 -1 3 -3 0 3 0
1 2 2 11 -2 1 2 1
2 1 1 16 0 1 1 -2
0 2 0 16 5 4 0 0
1 0 0 14 11 7 -2 0
-1 2 4 19 15 10 0 2
1 1 5 18 14 1 -1 0
0 1 1 9 4 3 -3 -1
2 1 4 11 4 0 -1 -2
0 -2 1 15 9 2 -2 -1
-2 0 2 10 11 -2 -1 -1
-2 0 2 13 8 -2 -2 0
-1 -4 1 19 12 1 -2 1
1 -1 -1 11 8 0 0 1
0 1 0 8 6 2 0 1
-1 1 3 5 2 1 1 0
1 1 1 4 3 1 -1 -1
0 0 0 1 5 3 2 -2
-1 2 1 3 4 -2 1 -1
0 0 0 3 4 0 0 2
0 -1 2 3 1 0 1 1
1 -1 2 0 3 1 1 0
1 1 1 0 1 3 0 -1
1 0 0 4 2 -1 1 0
