151 92 26 106 53 6 105 28
28 85 116 195 40 66 96 76
144 137 20 193 122 42 118 3
175 467 115 251 127 121 101 0
50 52 103 74 63 23 4 35
1 117 48 95 73 42 75 46
12 93 38 182 8 119 31 36
59 112 42 6 27 3 28 44
378 558 810 1007 965 822 677 314
420 507 638 1096 879 573 550 515
301 166 22 421 466 673 521 483
361 22 307 88 205 302 244 327
549 431 173 284 149 359 174 70
503 2 126 229 454 82 129 192
504 146 148 499 602 181 18 116
307 273 79 43 326 69 174 88
1091 1423 2813 3486 3199 3005 2243 1386
1203 1026 2265 4235 3978 3168 1878 1555
296 1242 1460 4608 4377 2622 1576 994
647 1235 2596 4867 4767 3301 1770 1073
999 1542 3179 5328 5229 2420 1345 816
1165 422 2265 5280 5537 2004 1101 790
1027 159 2659 4916 5256 2499 761 708
105 461 1868 2972 3186 1911 523 321
2590 4503 6886 7492 7298 7262 5197 3347
2276 3595 7542 10753 11243 8724 4940 3585
1557 2709 4937 13328 13287 6758 3696 2649
1621 4423 5328 13602 13454 5341 3771 2783
1505 3359 6346 15120 14019 4341 3138 2975
1413 1347 6857 16419 15718 5673 2158 2148
1216 1370 8388 14946 14550 7798 2675 1467
344 834 6431 9341 9523 6556 2625 487
2591 4445 7022 7572 7209 7100 5072 3320
2470 3570 7690 10901 11159 8552 4809 3480
1495 2616 5068 13270 13198 6608 3715 2823
1671 4362 5350 13602 13472 5157 3785 2857
1491 3304 6365 14974 14335 4417 3275 2926
1239 1213 6914 16513 15891 5688 2000 2171
1180 1413 8683 14967 14461 7695 2685 1406
364 854 6492 9422 9719 6439 2604 532
999 1492 2818 3415 3345 2673 2009 1412
939 858 2352 4280 3913 2913 1758 1557
373 1033 1334 4594 4274 2474 1427 1039
634 1374 2638 4999 4846 3130 1783 1154
951 1271 3164 5315 5216 2275 1202 835
1149 630 2344 5173 5521 1968 939 770
1135 158 2683 4913 5195 2423 631 780
134 365 2028 2942 3254 1942 533 106
508 657 894 1034 937 670 447 296
560 581 605 892 792 655 734 418
227 3 154 509 357 542 453 226
413 93 88 19 253 320 131 236
557 227 305 173 302 167 59 138
448 449 545 187 485 96 5 189
406 188 204 188 518 241 12 149
145 218 127 138 32 51 4 42
191 132 11 88 122 135 63 27
234 138 100 160 246 162 56 44
156 178 138 141 297 99 92 53
88 0 139 18 36 48 16 74
121 42 76 149 14 120 140 6
25 8 111 68 35 11 25 225
86 88 21 79 121 114 1 74
54 2 30 105 31 36 63 77
