4 21 11 9 7 24 13 25
4 25 11 16 7 18 21 4
0 13 5 22 2 13 4 25
15 20 7 11 9 4 21 17
16 5 9 10 0 41 12 23
16 2 15 0 2 41 14 8
26 1 19 14 38 3 3 16
4 17 15 12 28 11 1 23
11 8 1 16 50 33 17 7
7 15 8 48 8 13 14 39
39 6 23 5 39 23 17 35
19 11 20 52 28 5 2 4
25 0 55 10 84 21 34 23
24 2 15 1 7 21 25 8
22 13 32 1 5 2 1 7
5 10 1 2 3 2 3 12
17 11 0 24 26 15 5 4
6 11 19 16 17 5 1 21
21 18 17 11 23 35 12 13
8 23 27 4 11 1 9 12
6 14 13 11 2 14 6 15
13 6 32 16 14 35 37 17
11 8 9 9 12 19 41 18
7 4 8 7 13 21 11 26
22 41 118 329 236 65 50 11
5 68 151 348 279 82 67 39
11 94 137 344 304 95 45 9
17 42 112 367 294 79 42 20
27 71 159 384 342 89 42 41
13 54 124 399 308 103 67 6
13 47 103 255 228 50 45 11
5 20 75 126 127 9 18 37
6 53 101 264 302 149 82 5
7 56 105 283 321 148 91 16
11 33 83 310 363 155 92 18
10 61 91 331 326 126 84 11
20 22 85 330 346 109 47 19
0 13 103 288 377 99 63 67
2 12 47 258 270 85 25 27
37 36 61 127 140 16 30 7
21 1 0 8 5 20 33 28
38 43 17 20 7 24 3 37
21 9 38 13 16 31 0 23
9 45 29 7 2 13 27 17
24 6 10 14 15 8 18 18
7 16 20 6 29 2 1 42
1 23 23 29 6 23 7 18
18 38 3 9 5 5 10 3
47 7 6 11 55 16 1 19
7 1 10 31 1 7 2 7
13 27 11 29 18 22 13 12
40 4 9 32 21 6 11 10
11 14 4 24 23 17 12 45
5 24 29 39 9 1 12 32
41 9 1 9 37 8 14 5
33 55 1 37 33 8 7 12
24 5 21 17 16 10 6 2
11 11 3 35 7 4 9 30
2 15 34 48 13 11 25 14
11 16 17 20 28 8 3 4
0 32 39 14 29 21 3 17
32 27 9 9 8 4 9 10
29 21 7 15 20 32 16 27
19 29 10 26 3 5 17 3
