49 333 161 128 159 229 114 311
67 16 482 232 203 126 37 215
312 226 161 385 192 465 128 86
166 26 222 228 88 98 195 210
142 1 287 98 201 223 225 143
84 33 130 110 165 140 84 12
390 26 176 272 268 155 330 477
182 13 150 74 96 81 274 32
287 109 8 81 252 355 16 333
75 109 161 225 550 175 159 195
185 338 34 332 161 136 129 78
50 270 575 337 154 349 50 134
440 26 135 68 120 678 21 249
94 148 380 870 338 259 59 62
315 33 10 309 201 308 61 195
212 359 339 132 110 86 300 32
69 97 500 237 9 523 538 102
81 456 194 31 169 759 117 176
50 232 79 254 286 447 145 168
16 17 111 303 418 328 50 35
72 99 292 638 674 476 143 331
137 340 462 763 984 197 241 243
188 161 40 628 655 707 189 193
26 671 26 502 1092 69 173 64
111 434 520 1346 953 939 211 164
548 417 871 1510 1398 635 151 186
177 282 954 1277 1075 402 337 216
3 286 497 1330 1470 282 98 78
152 21 43 2167 1982 419 39 168
157 44 749 2353 2503 280 428 35
64 13 53 3065 2664 246 28 275
11 109 85 2262 2006 501 14 213
251 531 414 745 1035 694 11 241
297 243 526 785 1524 902 539 250
28 158 703 1255 1251 192 183 365
12 498 159 1867 1965 491 105 271
179 104 500 2597 2167 450 335 341
58 257 262 2139 2830 562 236 27
88 69 317 1967 2598 211 9 253
24 67 273 2068 2166 181 223 159
410 38 681 118 527 274 121 185
123 407 653 515 589 27 50 10
255 75 603 52 437 541 215 119
167 77 684 308 580 496 216 262
103 49 575 504 427 580 232 84
355 205 296 830 678 195 41 96
353 338 168 591 1063 146 130 353
231 318 79 668 768 7 1 168
103 71 91 71 249 177 51 116
183 169 499 19 210 147 113 121
137 231 138 55 320 137 285 394
115 158 506 44 586 195 54 50
190 137 632 693 54 182 226 281
84 111 347 405 582 345 135 556
123 120 250 432 265 101 179 239
155 146 38 48 413 76 269 368
74 145 223 287 380 298 69 476
420 123 5 137 430 198 104 163
166 44 397 299 174 39 211 63
55 393 213 18 95 327 135 126
239 720 42 153 352 104 489 327
61 152 77 107 232 377 103 166
152 33 215 455 27 206 162 302
144 67 36 9 312 114 254 492
