2104 2334 7542 6375 4475 1028 641 1094
1581 6681 5975 5644 5852 1005 2655 4786
5067 831 136 10971 4899 1733 312 2309
3972 1576 3393 8954 5412 3047 6044 2787
1268 362 198 1755 678 214 1904 397
3685 1074 2151 1751 1139 4864 761 3645
2936 131 2856 5155 923 1077 1143 1002
1431 1721 223 774 637 2737 160 195
2135 1417 100 7201 24385 4923 5006 371
3749 3026 2459 18618 23649 1582 3664 221
1445 115 1429 16860 17206 7198 484 256
485 2738 5006 16588 23775 5580 160 4614
222 2688 700 19168 18033 2385 2175 1359
268 2154 2091 11353 18398 512 4992 3325
812 2914 5997 14093 19527 680 984 2921
37 2455 2131 3438 2204 69 1481 68
2750 3282 1246 6069 32741 18893 4053 3206
214 2549 228 12679 35665 21331 973 7143
562 5163 133 6421 31757 17685 3159 1802
151 3830 2295 7333 32114 19113 5885 3326
781 4334 2041 13170 34335 26998 2968 2321
1189 6891 2076 22688 34532 19632 2354 1358
625 1521 2753 16503 26942 8741 2496 1196
2705 1821 4159 3043 18169 7283 2190 6704
7397 15933 6346 4530 40921 8562 11064 2963
7545 14486 4100 20792 49067 15396 10305 4997
7555 13655 8738 33670 50140 19166 12001 4880
6352 9984 10849 28749 55099 15452 20016 3519
912 13022 13871 36854 55863 22297 14438 437
1232 17802 12639 39706 66096 24387 14258 524
281 9140 15819 31585 49789 19772 10536 3276
1521 437 8372 20376 28547 5639 4065 1492
6832 12008 3492 21809 14342 2567 17235 1136
456 8999 8806 29933 17127 6204 22654 2441
2033 14209 20479 38099 19071 10609 12706 6162
6582 5512 14508 49573 32246 10400 15933 5196
472 12071 19101 61949 37874 13101 17996 1059
3653 8397 20827 60511 49784 8664 12396 1469
98 937 12663 56797 40609 10012 13541 1095
9 404 10105 22306 21697 3000 397 2239
2301 10943 17741 27250 1243 2412 5735 3298
1458 1980 22407 23548 2943 5387 4921 3421
2969 824 19625 23666 10003 5234 3922 5794
1696 5481 23799 28090 3068 7029 47 1373
4094 8089 17799 31876 5216 8404 1522 6943
636 478 16032 30522 13979 2823 4651 1385
1930 3941 17032 24531 12992 1407 2004 1461
452 217 9788 10918 8891 427 772 3198
7355 3422 6293 28235 9718 54 1806 3149
3595 1553 3243 24052 15899 90 2219 71
6409 196 7158 25957 21030 2186 2180 3330
1606 4539 8114 20150 19205 2032 160 1715
1813 4387 7580 22067 11368 5235 2068 108
2716 427 873 17707 16473 2233 1056 1111
3227 817 6374 10458 4803 890 1089 1175
1512 588 190 9176 9437 1070 4331 6558
1124 4447 2609 6871 3147 134 5840 4002
2213 727 1683 2617 3290 1567 2076 1041
2080 2002 975 6642 3426 809 4615 1304
1898 234 2693 7842 2363 2932 2959 1026
1292 1323 287 3302 458 6506 1110 1571
64 419 6042 7125 8564 3067 2439 397
1655 1165 1279 2878 843 3274 160 334
2530 6803 775 888 133 1524 653 386
