53145 -1975 53276 6591 27865 -9748 -18805 31146
41536 -20673 46378 -31413 -9404 -24666 -595 12007
32345 16481 10426 -28351 1958 6192 -16404 1510
20236 -27483 13742 -7782 -24205 22622 20796 -19235
-27220 -20237 38126 17335 27366 -14795 -8017 10360
5258 37399 -7684 26340 10880 -16527 4616 3343
5976 -19470 -41680 -8621 33423 25356 1032 11909
-20898 5070 -32647 -48807 34807 3626 -11360 17530
21676 -8391 -639 -22397 16930 87269 -4464 8293
37062 6544 26915 -6263 -27683 -26947 20776 35079
65364 15819 23656 -40280 -5035 35887 4385 -32057
11068 11546 29797 -24133 6143 -17082 27433 -35506
6704 -11757 36936 -40777 -9623 -7305 46411 19450
17528 23555 6463 520 -24687 -4208 -22763 12184
-3651 -4724 -17131 38244 23483 -27566 17627 49462
12197 18282 -14184 16168 -8914 -28266 2807 7852
-37500 -52362 -10656 24363 -36212 -7432 -17831 -69546
17012 -3829 34037 1140 -13273 -176 59327 -47
17747 -18037 14096 -2161 17477 13483 16151 -48750
-12352 -20909 -28295 -88403 17891 -32586 13958 -7965
13485 8350 5173 32757 -12399 7054 -11044 -45915
20919 2516 39230 -43178 -1190 9890 -17732 -34295
-2644 4196 -2404 -4192 2542 19798 -20622 -959
56752 -2271 7329 19873 -4261 2133 -2776 -6965
16433 -14939 35780 18650 -8958 -11118 -6318 29647
-4 -742 -9780 7180 -36057 -3903 -16059 -22234
61773 -38440 -18943 -62859 -11503 -4691 -22048 14191
-30247 -47540 -18620 -16641 8887 11196 -25887 -15092
-24907 8592 18387 3046 -39450 -17026 -20071 -2406
51210 -11305 36198 580 -18882 20220 -15541 -1
-5233 8000 -2009 4720 -10369 -31153 -25296 -33204
-41007 1410 34325 21284 12558 23212 -40986 -47304
-14367 17955 9720 1275 17460 -27449 9673 -22592
44226 7780 23483 -18043 -31153 23352 -10961 36694
-40946 -22798 6685 13112 -706 25832 -38093 23153
27699 16848 -18059 29999 38072 -20187 50494 28803
46585 1488 20877 55411 11585 4025 -39344 -39728
-40113 -14057 -10166 -32772 -8242 73052 28319 2466
14127 -2915 17853 -21245 41624 18476 99381 13029
-2716 -12234 -11849 8285 901 16563 -22966 -13186
-26416 27699 -50173 -10806 -19486 10797 5757 -2597
-34034 -18736 -16042 8316 -14058 66801 -32375 -13077
-23382 2886 7693 1649 -6520 -6502 39015 -7200
15511 12578 -9095 -35711 11976 1001 -35673 42613
15735 40722 12931 -25378 15323 7121 -23622 -31897
-3655 49456 29680 39389 -6199 10340 -35391 7126
-342 4693 23588 -307 -574 -7398 17460 8466
64360 -410 9894 2403 -30491 7641 30087 9861
-17835 52810 8688 -14910 34791 -33589 1275 2370
-10722 -5936 19246 25708 -11639 -17608 20940 -3882
58074 -20109 75 12886 -23964 -34660 24876 13856
-32168 -60701 -1155 -16344 -10193 -37862 -14036 34664
-55832 -18226 21818 15708 29253 3652 -6586 51265
-48628 -19392 -10942 -19674 -22766 -7570 2870 -1866
-25807 -35151 -26758 -20273 -3171 -20380 -24243 -23839
13683 -52548 -29629 27965 -14578 -33660 -45703 923
1297 35071 7181 2459 43076 -53331 4085 1361
27165 -5180 -39045 -3531 16432 -9329 -8378 40333
1210 5181 40874 -22850 19445 3663 -18159 -313
-4079 -44381 -7508 -54241 17184 -21460 36039 -38830
-22891 10226 -814 -28214 26454 11328 -37376 -3137
-15778 -22254 16703 18240 19832 -1553 -24879 21850
-8721 -6958 -17472 14083 39247 8933 14830 -49922
45195 -44486 -1471 4117 22160 53921 -11988 -3384
