bar_id edep
0 3467.3689032070088
1 5890.075105704496
2 6233.842505893234
3 6266.345405894616
4 2990.6046030394673
5 718.5504007706717
6 310.45030037014055
7 242.09500031454616
8 5794.697005632031
9 13527.269913406983
10 16580.46721697102
11 18541.283418904077
12 17152.36661712468
13 8673.17110881234
14 2436.9806028112066
15 922.8820010706753
16 6871.401606987469
17 16920.5291177547
18 23665.702825159402
19 26636.839328690425
20 28117.72913024839
21 25043.46622699724
22 14581.512016088735
23 5329.274605943132
24 7211.394008065889
25 18017.527119866158
26 26460.210928745764
27 28206.276831558716
28 29602.21623317995
29 28786.65263325598
30 25255.51902973111
31 15850.60741838466
32 6230.169907312002
33 18521.32662168875
34 26705.677830935067
35 28699.66783391052
36 29044.802434065674
37 26910.565733264928
38 25243.367831324398
39 21152.837526136183
40 2417.3599030926957
41 11558.0108142367
42 24711.77153036267
43 28876.845335564016
44 27901.04573526728
45 26997.42193441318
46 24481.615731961505
47 18649.112224423687
48 1284.4158018047501
49 3916.700305221229
50 12915.037516988974
51 24683.650531970223
52 27693.15713555572
53 27606.053535612115
54 24371.68073192045
55 18570.902125164328
56 661.1505009564024
57 1567.2547023156098
58 3934.0639054430635
59 10822.33131525464
60 19340.70652627319
61 22907.848931248725
62 21965.660831005862
63 17735.773724880302
