bar_id edep
0 159.71500025545907
1 193.2484002676769
2 199.18130024333936
3 126.11960016726923
4 71.19570010320741
5 62.65700009244233
6 96.26400011300541
7 106.43600010775552
8 509.12440078441267
9 552.2723007915267
10 407.9711005973495
11 294.7194004289872
12 277.8601003635035
13 180.06770024559026
14 134.5163001649888
15 118.99210014764004
16 3844.2089049936712
17 3674.8135049204943
18 3820.9146047720083
19 2019.7186024459518
20 1280.3632016619006
21 834.5878010731174
22 405.7909005211954
23 149.96120020635232
24 44267.66325718718
25 48637.8503613296
26 46412.53995645229
27 41923.623649343106
28 33886.23493860547
29 24582.67442738342
30 14111.197315259944
31 5301.957105714123
32 45215.94645734079
33 48568.15816039275
34 47371.501856673836
35 43508.15945053742
36 35179.31093955763
37 25682.46772802367
38 14678.045715583692
39 5579.313505548461
40 3509.2530047086207
41 3799.7090047875276
42 3228.357403937136
43 2418.4673028338534
44 1448.679801719389
45 755.917000933676
46 447.2844005418044
47 187.1915002548708
48 523.083500683134
49 416.69360057909927
50 382.0537005444544
51 347.0856004752847
52 293.2843003679806
53 156.31020022330802
54 141.48820019007906
55 100.7262001357118
56 145.45590025459714
57 176.26610025164405
58 118.33720020942538
59 92.77970014520095
60 99.05580013277743
61 51.346800075553226
62 51.3060000753627
63 79.25960010654866
