bar_id edep
0 197.79300024117427
1 314.024200384037
2 727.3459007985497
3 5423.749705172001
4 12064.010911118263
5 11509.346110954557
6 8235.326207757485
7 757.228300823038
8 577.7647007287349
9 1225.2946014360684
10 4863.8759052110445
11 23986.547623733393
12 35664.88183566956
13 33391.99713372314
14 18126.059217610575
15 2384.0161025900356
16 1352.9626017484313
17 4302.877205069967
18 17391.459318510773
19 45790.54644821329
20 51900.28985595193
21 46789.74014874072
22 17620.621018355727
23 3377.168903797209
24 2987.5840037091357
25 9353.68901109097
26 31821.470435971634
27 56981.91936390365
28 57365.99836517514
29 43495.85384789965
30 13533.177514783612
31 3797.239104490826
32 5044.767006603755
33 14967.974618504431
34 41590.603149090435
35 55506.256466371604
36 52287.10056299673
37 31924.69063805284
38 10187.475912016469
39 3374.2546041364303
40 7744.793709960158
41 20516.772725814386
42 42658.590453895566
43 50157.9436637132
44 42097.50895254933
45 20009.685725363684
46 7548.410109983011
47 2997.5995038159335
48 10282.583813966543
49 25800.49673364633
50 39181.26405172907
51 39818.09095301808
52 28656.931538271583
53 12885.908017210613
54 5639.030407654186
55 2739.2094037375587
56 11659.186416193279
57 25617.33923509054
58 30850.512743672803
59 28958.02044038199
60 18143.508125246997
61 8451.15141618019
62 4255.730605863493
63 2078.9384029915127
