bar_id edep
0 28764.169840917566
1 21299.063330364388
2 10267.782514604933
3 5088.443007261397
4 2969.245904218324
5 1558.7036023780781
6 865.5564012889369
7 583.4053008431501
8 36622.73944937422
9 46088.18676182475
10 31306.621842696917
11 14302.6717190477
12 6186.623708261492
13 2814.8428037741196
14 1509.033602253595
15 779.401001127143
16 24320.405931012985
17 49436.1169634006
18 62117.74887850869
19 43522.91115388269
20 19250.731723305133
21 6897.472308650815
22 2558.498203509276
23 1201.7934016197257
24 10165.803712436267
25 23994.089229670073
26 52523.505863499966
27 71651.45248530987
28 55308.44866451565
29 21035.98322454538
30 5858.178307101256
31 1967.34500236091
32 2886.9534038272204
33 7766.876309858733
34 21164.502425463685
35 52810.8566606207
36 76291.48788551282
37 59805.63496505835
38 19842.382921713677
39 3735.5501041444354
40 1140.1823014034633
41 2240.8494026670373
42 4659.965305236929
43 13473.040015022852
44 39867.81364284995
45 64716.08876777768
46 46930.884647594205
47 12171.811512236394
48 423.6056005629892
49 794.6139009586499
50 968.9123012413877
51 1980.3058021919962
52 5919.71480623831
53 23223.764323711446
54 39008.847537999194
55 18777.373717915787
56 168.2876002184391
57 210.05410028258638
58 234.98770030896466
59 328.35650043587145
60 596.3480006353157
61 1296.2858012941003
62 7142.845906650447
63 10223.057909020117
