bar_id edep
0 178.9612002271099
1 270.29340036941244
2 446.5204006307766
3 617.3017008948453
4 1086.7756014864992
5 1733.4049023483321
6 2908.840803949751
7 3867.331705494003
8 338.9846004434219
9 458.4132006437213
10 713.7436009512098
11 1592.3230021483942
12 3698.157804904975
13 8260.552010737656
14 16408.354121739016
15 24283.017232947546
16 414.7347005812582
17 1173.1539014960047
18 2690.7287034050773
19 7749.870109576711
20 22020.96022750466
21 39955.842049988234
22 54735.89796975128
23 52203.10666778131
24 1024.2723012380723
25 5726.7261066701185
26 20967.521523788448
27 41742.536848209595
28 57423.38136870035
29 60717.36757470587
30 53639.57176779071
31 35081.14034453024
32 7568.60820772618
33 23697.96512528498
34 40655.2877444948
35 48742.26085508255
36 42341.54644915618
37 28760.401234420213
38 13868.763217389478
39 5659.826007216839
40 9037.05480891736
41 20908.85302116967
42 21055.711422023265
43 13509.271414538076
44 5175.050705691139
45 2587.900103085923
46 1532.2571019973109
47 872.0733011742956
48 2335.0041022889754
49 1778.1214018574074
50 649.7230007620535
51 432.31510053339275
52 445.76270052441856
53 318.31740043670067
54 306.70770042388557
55 227.65690036751536
56 57.51800007777246
57 85.30290011855176
58 92.63240013024829
59 81.47110012346847
60 110.67970014074501
61 80.00840011025987
62 118.813900139298
63 73.5922001119215
