bar_id edep
0 3368.991303060532
1 5944.617105515306
2 6383.416706053716
3 5948.037005826708
4 2931.127502961373
5 800.7613009750575
6 301.56300041358264
7 209.56830026811707
8 6434.8859062565325
9 14159.27551391724
10 16963.294016941687
11 17971.507418684127
12 16739.890117688316
13 8535.167109417325
14 2292.0858025649954
15 825.1207010809023
16 7063.709807162481
17 16659.174417434966
18 23002.308824192285
19 24682.262826656686
20 26586.073528624143
21 23929.18502689436
22 13614.853915875954
23 4774.829405723523
24 7354.718007914735
25 16981.838719028536
26 23805.73562748
27 26479.72383064929
28 27727.301332137336
29 28896.79833348787
30 25449.845329958047
31 15214.718818564657
32 5904.632806919657
33 17872.386620954338
34 25555.81623038262
35 27919.734933884192
36 27487.5688330943
37 26173.82263171362
38 25068.83823090159
39 21166.25452633847
40 2537.80220315645
41 11977.923114405674
42 24672.898529925114
43 30535.85133699996
44 29454.97213711601
45 26060.01953341121
46 23495.390930093086
47 19361.87862528267
48 1179.6929016273423
49 3915.3649050170075
50 12136.4377163948
51 24490.719631659085
52 29770.9468386886
53 28652.710137850863
54 23446.139931496808
55 17749.050623837655
56 651.6970009214521
57 1520.1849021955657
58 3793.2722050541793
59 9528.970913379033
60 20421.027228044564
61 24750.159733918423
62 22002.364230862757
63 16434.4034233625
