bar_id edep
0 429.29960044635715
1 740.7059007821895
2 559.8373006405208
3 712.4657007577109
4 641.2667006749022
5 497.95950060621345
6 643.6618007560103
7 422.62510056360907
8 2072.89870218321
9 5781.363205874081
10 8565.892008775978
11 9854.26581028874
12 9696.798410728328
13 7918.648509117746
14 6574.8579077956565
15 4146.6510049316685
16 2492.3136025904064
17 6307.520806614296
18 10494.604711269025
19 13426.121515028546
20 16760.711718585342
21 18842.929721564004
22 19218.53862281012
23 15917.365419680424
24 2427.420002639955
25 6538.7859070472105
26 11010.88711194816
27 14573.060016776511
28 18198.138221073386
29 20749.439124340235
30 21095.351126248403
31 18556.06482346497
32 2214.512402425325
33 6249.163507322425
34 10715.540212489426
35 14015.568617052488
36 18260.2611219204
37 20485.015125085087
38 21880.097027142623
39 19876.984024867626
40 2235.919602684816
41 6420.84000727882
42 10316.494111904405
43 14178.028716906852
44 17133.75742121197
45 19803.085824688256
46 21235.128327119117
47 19194.799924700343
48 626.6376007527381
49 2758.4133031784013
50 5567.704706445991
51 9329.350211141187
52 13213.98001637726
53 16694.270320211876
54 19890.6906250102
55 18148.366523360277
56 99.8781001776395
57 248.39040029803363
58 450.91000054002694
59 812.8021009998852
60 1892.8233023385023
61 3381.093004352649
62 5984.609607618797
63 7488.458709277391
