4 22 3 9 7 6 2 35
1 17 25 10 7 8 2 5
6 2 15 12 8 15 7 1
15 54 26 3 3 16 10 14
2 28 20 2 5 6 6 7
9 21 3 30 13 8 22 4
8 5 18 53 12 18 11 5
28 9 16 8 14 39 1 29
7 9 35 42 92 46 20 14
13 27 31 51 43 2 5 9
2 18 30 88 81 11 0 19
26 4 8 67 80 5 3 17
34 1 6 68 101 33 24 15
19 30 12 91 78 36 7 12
2 11 8 3 66 4 64 4
10 3 10 37 16 22 30 7
4 4 27 130 99 1 23 10
35 24 4 111 96 27 15 38
22 6 8 144 118 3 1 37
9 31 7 124 110 5 4 16
7 11 0 149 139 29 2 15
15 15 31 100 150 39 13 15
9 11 23 83 138 9 21 17
17 11 18 49 94 33 0 1
1 32 77 223 271 78 50 21
42 37 96 261 297 76 47 28
35 93 81 268 309 73 84 47
15 68 93 345 330 92 70 2
9 71 111 417 388 106 76 14
18 93 99 430 374 131 36 6
5 11 64 308 283 103 15 10
3 13 65 177 174 58 13 1
10 70 45 198 289 37 54 30
1 70 115 284 299 96 22 1
22 65 58 336 292 111 73 14
6 37 90 362 335 119 49 43
27 92 117 412 408 112 71 17
16 51 113 390 407 118 59 4
7 13 102 290 331 102 25 15
6 20 72 179 188 67 12 32
7 23 17 78 119 37 25 0
21 5 1 93 67 13 4 15
18 17 13 108 142 20 18 5
14 47 33 89 117 8 16 26
32 7 1 160 98 15 12 34
5 10 6 108 137 5 7 14
4 37 9 116 120 15 13 24
21 23 18 79 18 30 35 13
13 12 31 95 81 21 27 15
13 3 5 67 67 11 16 10
13 13 34 40 44 28 14 3
2 47 12 96 77 19 7 7
9 17 18 33 80 10 18 33
2 20 9 87 26 10 11 40
29 12 6 66 54 6 39 41
15 17 13 33 15 37 27 17
16 52 12 11 13 3 2 10
46 26 55 26 12 33 19 8
14 9 23 68 20 3 13 11
10 9 6 12 36 50 14 38
9 29 59 41 3 43 13 4
26 8 2 1 21 4 3 31
11 15 57 31 2 6 7 10
22 23 6 12 34 26 19 15
