-189448 -31782 18796 26579 -32453 -84631 58396 -86061
-91903 75310 196964 87839 87343 -92996 -34409 -27640
80571 123720 14497 79569 148340 -121117 82956 211285
9203 23904 97866 100372 -409418 -143114 51702 38613
-171360 -131693 100444 -91050 -18001 -156954 -178759 56623
65806 70847 -37185 124261 209909 -20639 175189 88561
-121315 -74817 -38000 84088 109688 -7927 88273 -115629
90763 1439 78038 22210 49892 50489 222272 -100870
29251 83070 33512 -160894 77128 -60695 -123310 -95918
6523 -37717 -118526 -31674 21306 -8546 113612 138227
103407 98168 -117639 18680 226872 21119 2079 185780
66661 -187515 -229744 -47785 153344 980 133430 -121871
152260 115256 -8697 -17671 180422 -71528 -26977 -82200
82932 287279 229898 224008 43026 -169611 -58160 -6587
-179220 -118619 -19920 -160454 -72455 41363 -104763 36250
-111744 20366 4345 -111257 25940 13939 -60144 190120
-175492 150325 -83060 18070 27294 57109 73226 180019
89275 -146243 -77227 26973 -178921 85397 -48291 54106
133020 -159680 99176 -105582 401604 -59651 -2884 -39098
-50502 -218825 -147368 122080 -57740 -7254 -35776 59428
57577 -44113 -31553 117143 -63924 -79224 -49816 -60806
40557 44141 -43134 147311 -5104 64123 -109174 -261017
-40190 249753 91266 -31411 185197 -186528 112289 137535
187519 -78357 -39082 279805 39535 -71757 -43895 59600
-78257 -97800 -169966 121652 75185 182690 -228538 -38272
109779 88366 76652 -9507 20274 -116023 172159 -9252
2880 -5450 -52790 -56325 -57250 -78339 90192 -29568
-61149 2533 -242773 -4380 -137510 149104 15236 32180
11619 38889 -54389 116679 -103855 -15864 -44158 -231105
-42116 -86935 62589 132573 -151618 -12775 96446 76923
26053 89749 12200 150449 -66339 311728 140757 23507
66838 -245294 44864 -6034 805 -50436 93333 171508
185916 61738 62736 -113909 67176 -148058 -106858 -283529
-19350 -97418 -230193 186374 -55144 -130429 -198193 -37700
8600 -131749 -179654 112485 -32787 -123674 -74888 -31884
73553 125980 20579 -9704 38422 -5570 -17822 -149504
-110675 78263 74818 143334 -36438 103355 -28981 40896
-52931 -108910 158287 157698 185654 15321 252091 -4794
74530 -250227 -117509 -189909 27555 122515 54611 -7150
-153347 -167682 102907 25594 119472 -90408 -32044 -38661
78208 150936 155041 50585 -62304 65426 179160 113407
-104988 18544 86588 -270693 -186396 183808 82621 -169051
-7552 -268389 178122 93053 179639 -197683 -78050 171487
58394 117494 -47337 274737 -21094 227421 -77996 -9473
160278 117695 187051 -179105 32154 -74638 -218965 92264
96375 113711 140042 189610 -32690 146412 40616 37299
-93566 -124109 -76065 -49080 -35145 -18943 15741 70412
193300 -64662 71481 -3754 79081 -100506 119643 342031
24741 36745 294209 59194 75787 76593 -16323 -49932
348183 29333 102942 142308 58996 124057 -153454 -67701
-70737 46971 112015 93463 -48354 96945 65971 -294093
49772 50951 -77914 53939 21662 -172079 -130681 -164489
224657 194929 -12609 187359 10305 18792 -144479 89348
180540 90082 -45307 -48922 5842 -49525 31733 -23433
163062 14446 4242 47603 97385 37107 101107 -102024
134563 -174207 141023 189960 65996 39988 -94127 -64889
54917 -124797 20245 -13488 -36564 -76192 -94157 -21746
116190 178195 -2190 75015 -7548 80857 -222682 -103872
70144 92663 44604 -126001 123008 88741 -103254 -112354
-118632 -85746 -46805 95337 154198 -122886 -267285 126455
28041 41558 -179686 -29924 96079 31927 -365 -281119
19894 -60311 3234 -27010 7697 -126310 27412 -350
-217053 75714 47601 96160 -143612 -91836 3674 88507
30249 -190525 79360 -285081 179784 102151 -57856 18952
