2 0 4 4 4 2 1 0
-1 1 3 8 3 2 0 -1
0 3 0 7 4 2 2 0
1 1 1 3 1 1 1 1
0 0 1 3 3 1 -1 0
-2 1 1 1 0 -2 1 0
1 -1 0 0 1 0 -1 -1
1 1 -1 3 -1 1 -1 0
1 -2 2 7 3 2 -1 0
1 0 8 13 1 1 1 0
0 0 2 20 7 -4 0 0
-1 -1 2 13 11 -3 -2 -1
0 -3 0 18 4 -1 0 0
0 2 1 22 3 -3 0 3
1 1 3 13 9 -1 0 1
1 -1 3 5 6 2 0 1
1 4 6 17 -6 -14 -1 0
0 2 7 0 -13 -8 2 2
3 1 9 -5 -9 -10 -1 -1
0 0 7 -8 -12 -2 0 -2
1 5 9 2 1 0 -2 2
0 0 3 3 -4 -1 -3 0
1 2 5 7 5 -1 -2 2
-2 3 2 8 4 0 1 -2
4 8 4 2 28 1 11 4
5 12 11 18 27 10 15 6
5 17 22 20 36 15 15 5
3 12 26 -4 23 13 13 8
4 9 23 15 36 11 11 3
2 12 25 45 63 14 11 1
1 11 24 48 65 8 8 0
3 6 14 29 42 9 3 4
4 8 -3 3 -11 11 17 4
1 6 4 1 3 21 17 6
2 5 3 34 12 24 13 3
3 2 2 20 23 22 12 -1
6 5 3 19 29 22 11 2
2 8 10 28 40 19 9 0
2 4 14 46 46 20 11 4
0 1 9 27 41 10 6 3
2 -5 -3 2 12 7 2 0
1 -2 2 16 -5 -1 2 -1
1 1 -5 13 7 1 1 -2
2 -1 -3 2 -4 4 -1 0
-1 -1 0 21 16 8 -1 2
1 -1 -3 18 31 14 1 0
0 0 -1 7 19 9 0 2
3 0 -1 3 8 3 0 2
0 -1 0 9 1 -4 0 1
0 -1 -2 7 5 -3 -1 0
0 -3 -4 12 22 0 -1 0
1 -1 0 8 13 -3 -3 -1
0 -1 -1 10 9 1 0 -1
1 -4 -4 19 12 2 -1 1
-1 -2 0 6 9 3 -1 1
0 -1 -1 4 9 2 -1 0
-2 0 1 2 4 0 0 0
-1 -1 1 5 4 3 3 0
1 1 1 3 2 2 -1 2
2 0 2 3 3 0 2 0
1 -1 -2 2 3 -1 -1 -1
-1 1 -1 1 2 0 -1 2
0 0 -1 -3 0 1 0 0
-1 2 -1 0 1 1 1 1
