1578 1714 432 223 1597 1113 363 2543
4158 2679 1546 2846 1444 1328 2510 2178
1690 152 986 34 1206 1423 1941 2861
3521 1583 2077 3796 1334 1414 3502 129
4254 554 1244 1376 1331 136 3557 1928
875 2640 1958 1925 2239 431 236 213
3247 2373 1226 1686 697 1252 4218 4113
1873 574 204 430 670 1323 1885 744
2390 5385 5836 21292 20642 3057 795 1274
685 1586 5271 19482 14632 3921 3127 1050
5516 1494 2916 13735 15483 4964 2117 3028
2391 2783 5806 17091 14533 7060 677 3481
1075 3353 2043 12199 15670 3445 1351 5249
3879 2094 5641 10287 8069 4146 2114 118
5678 3311 1837 5943 5218 436 1028 4725
2128 1728 788 4603 6440 1930 1480 1315
614 4386 12325 34902 36294 11486 5936 1277
3308 7723 17387 44409 41109 10910 7917 447
3599 976 16981 40486 43500 15894 4638 770
2094 8527 16502 40709 43356 14640 2614 4380
1383 26 18504 37103 43387 13369 4679 2827
1966 852 16190 32062 32764 12428 719 3185
1337 1444 9682 19753 24569 8697 884 1370
403 92 1249 8448 11227 2783 3349 264
303 18494 70163 179877 172976 57089 13727 795
1724 13795 68266 188120 181351 61533 17810 274
3200 19982 68202 191338 189130 63709 17192 286
3509 21798 63206 193313 185287 64701 14528 845
2321 12988 65845 184341 176771 54857 15207 3496
1508 13681 53006 154128 153853 48646 12857 52
437 8475 34852 100496 100800 28561 5248 612
2430 3696 13631 36151 43680 11556 5216 831
1499 19525 50716 176106 176410 70323 17908 868
2155 14890 54335 188152 186903 68039 17147 729
3963 14056 60240 182786 191726 71704 14931 443
1089 16141 60385 182921 192221 68436 17424 251
1498 14653 59249 181654 183997 58970 17142 2896
2898 7700 45307 150624 154044 55150 10711 1908
3384 5530 31037 99690 102141 35865 14426 848
1960 227 13391 42392 40454 14378 977 922
3474 5091 20693 37294 36075 19237 3923 1637
3439 3216 18643 40706 41778 19115 3995 1565
3833 3607 15282 41479 42266 16513 2717 870
1662 5797 13654 41922 37816 19728 4444 664
3405 3293 14990 36022 39807 15431 3597 257
2493 1486 14706 32582 34681 12939 5076 363
2704 1824 8639 21318 15559 8941 4376 1615
5146 1313 572 6317 5634 4737 4060 245
5525 3876 2868 16920 10664 7335 600 2381
1944 92 5646 13344 16137 2186 690 1017
3982 3169 7442 18066 20379 2695 3918 1163
503 3115 5468 19152 18550 614 2211 619
824 3910 2171 16672 12439 3715 1345 1005
667 3021 2520 11134 10225 3411 457 1290
4444 4745 1844 9058 11267 736 3264 425
1594 762 3763 805 882 1446 635 104
1802 2914 2515 22 547 3364 998 427
2591 437 4080 6004 1772 2520 4062 682
1721 2492 1756 1698 290 1420 625 1512
2411 1255 1527 284 3807 1075 509 468
3803 1568 3177 68 3463 1466 1547 1469
297 2379 4565 4504 443 257 2997 867
1947 1643 4337 2200 1683 4652 1941 3173
3782 3713 2960 76 2905 816 1374 2219
