This file was gnenerated on 2021-02-06 23:32:27.627991 by Grant Finneman. This contains the extracted data from the Gate simulations
The edep for each cube was summed up and printed to this file. The only math operation done has been addition.

  id        edep
   0     16.9449
   1      5.6442
   2      8.6628
   3     12.7634
   4      4.1779
   5     19.3301
   6     10.298
   7      5.4697
   8     15.9818
   9     14.2073
  10     17.3189
  11     37.3264
  12     17.073
  13     15.0832
  14     13.946
  15     14.7576
  16     33.1309
  17     73.4787
  18     50.5803
  19     60.1908
  20     85.1916
  21     39.2323
  22     56.6619
  23     45.6573
  24     38.8606
  25     72.0977
  26    163.624
  27    277.349
  28   1654.05
  29   4415.15
  30   4694.31
  31   2828.79
  32     40.9328
  33     49.8974
  34     83.1398
  35    251.84
  36   1290.3
  37   4373.41
  38   4400.73
  39   2671.02
  40     32.5668
  41     31.2549
  42     27.9644
  43     38.2336
  44     97.935
  45     80.4804
  46     36.7667
  47     27.05
  48     10.9918
  49     13.0322
  50     15.2802
  51     17.0418
  52     18.1548
  53     53.3288
  54     19.7819
  55     15.2237
  56      8.381
  57     14.719
  58      3.3583
  59     10.5867
  60      6.9711
  61     11.8668
  62      6.3546
  63      5.2533
  64     14.0498
  65      9.3866
  66      9.1
  67     11.9647
  68     14.7456
  69     11.076
  70      6.0722
  71      8.9262
  72     52.8159
  73     23.0757
  74     39.2242
  75     50.0393
  76     44.6742
  77     34.8312
  78     38.346
  79     21.4074
  80     61.0453
  81    135.644
  82    187.669
  83    411.38
  84    290.657
  85    299.412
  86    186.337
  87    125.444
  88    118.484
  89    384.101
  90   1083.08
  91   4825.03
  92  11136.3
  93  12777.8
  94  10369.5
  95   4864.14
  96    238.243
  97    375.065
  98   1092.54
  99   4760
 100  11725
 101  13373.7
 102  10257
 103   4835.64
 104     69.8052
 105     99.9767
 106    161.885
 107    300.608
 108    259.841
 109    408.673
 110    202.954
 111    114.887
 112     29.876
 113     31.6915
 114     31.5518
 115     94.2459
 116     92.4151
 117     49.7728
 118     41.1484
 119     28.2877
 120     49.5433
 121     30.0858
 122     13.6415
 123     21.4714
 124     29.9848
 125     20.0134
 126     24.9258
 127     16.6334
 128     27.6196
 129     19.829
 130     29.1755
 131     66.6713
 132     41.6197
 133     36.9843
 134     22.1874
 135     10.6253
 136     46.0569
 137     79.242
 138     69.4174
 139    110.246
 140     51.8242
 141     59.8562
 142     72.8888
 143     48.4852
 144    205.035
 145    375.569
 146    446.671
 147    715.418
 148    667.973
 149    429.344
 150    239.834
 151    196.317
 152    716.612
 153   2148.81
 154   7509.27
 155  15251.7
 156  17699.2
 157  17214.8
 158  12628.5
 159   4882.48
 160   1002.32
 161   2538.57
 162   8252.89
 163  16060.4
 164  17401.8
 165  16132.2
 166  12322.6
 167   5078.34
 168    145.552
 169    347.489
 170    612.889
 171    687.606
 172    635.01
 173    595.106
 174    308.006
 175    248.592
 176     75.0345
 177     83.5351
 178     67.4156
 179     62.1234
 180    105.252
 181     79.2043
 182     54.8354
 183     46.5912
 184     21.1607
 185     19.1517
 186     33.7532
 187     27.2096
 188     22.4257
 189     32.7625
 190     22.7785
 191     25.37
 192     64.2555
 193     26.6886
 194     32.2701
 195     39.3218
 196     49.7142
 197     38.6616
 198     42.1039
 199     17.4938
 200    165.71
 201    158.229
 202    189.744
 203    130.166
 204    153.58
 205    103.141
 206     93.3845
 207     29.3308
 208    537.275
 209    593.878
 210   1084
 211   1246.12
 212    905.915
 213    686.217
 214    572.202
 215    219.434
 216   3235.81
 217  10198.1
 218  16171.9
 219  19236.5
 220  19626.7
 221  17252.5
 222  13197.9
 223   4667.66
 224   3306.53
 225   9701.58
 226  16552
 227  19155.2
 228  19794.1
 229  18838.8
 230  12802.1
 231   4150.9
 232    806.854
 233   1027.76
 234   1046.18
 235   1223.06
 236    925.418
 237    735.007
 238    409.085
 239    251.998
 240    153.75
 241    138.281
 242    151.486
 243    153.255
 244    134.908
 245    104.899
 246    119.309
 247     79.064
 248     32.8318
 249     37.1075
 250     49.7456
 251     37.9429
 252     34.8158
 253     53.4469
 254     23.9589
 255     23.5409
 256     30.7835
 257     45.8795
 258     39.0541
 259     55.778
 260     70.4275
 261     85.0999
 262     13.8002
 263     28.1713
 264    164.294
 265    204.003
 266    302.381
 267    208.516
 268    176.941
 269    141.987
 270     85.8337
 271     49.7025
 272    872.899
 273   1228.22
 274   1604.21
 275   1914.67
 276   1333.08
 277    706.099
 278    356.952
 279    181.648
 280   9244.25
 281  15379.8
 282  17458.5
 283  19466.6
 284  20642
 285  17293.6
 286   8831.59
 287   1708.45
 288   9910.74
 289  15858.9
 290  18813
 291  20286.7
 292  21404.9
 293  17078.7
 294   8273.32
 295   1396.62
 296   1046.04
 297   1480.82
 298   1444.45
 299   1427.8
 300   1019.82
 301    685.329
 302    411.372
 303    219.645
 304    186.515
 305    185.652
 306    286.024
 307    233.202
 308    239.498
 309    118.491
 310     64.2025
 311     73.7735
 312     68.9786
 313     61.5824
 314     61.8534
 315     58.0963
 316     36.2149
 317     59.1398
 318     24.0158
 319     35.8452
 320     62.3066
 321    100.973
 322     75.9629
 323     72.5473
 324     60.1927
 325     26.1741
 326     28.1656
 327     19.3456
 328    382.703
 329    291.877
 330    219.316
 331    227.097
 332    230.603
 333    141.586
 334     72.2564
 335     34.0627
 336   1250.49
 337   1573.11
 338   1780.17
 339   1246.7
 340    911.759
 341    757.354
 342    279.481
 343    145.987
 344  12540.7
 345  16065.5
 346  17328.1
 347  18557.5
 348  17216
 349   8577.82
 350   2250.09
 351    568.943
 352  12264.2
 353  15861.4
 354  17111.4
 355  18306.4
 356  17402.9
 357   8136.66
 358   2251.62
 359    586.003
 360   1396.24
 361   1713.77
 362   1604.16
 363   1574.58
 364   1012.56
 365    734.887
 366    391.13
 367    203.542
 368    183.036
 369    323.166
 370    283.818
 371    234.566
 372    216.538
 373    143.641
 374     85.5882
 375     95.4817
 376     80.8775
 377     75.4015
 378     56.745
 379     66.3721
 380     65.2696
 381     41.8928
 382     51.9649
 383     43.6378
 384    114.99
 385     48.7351
 386     88.5568
 387     80.9634
 388     65.3522
 389     51.3558
 390     31.2758
 391     12.3748
 392    343.175
 393    344.572
 394    326.425
 395    205.046
 396    165.049
 397     81.5234
 398     59.096
 399     26.681
 400   1777.51
 401   1725.9
 402   1614.69
 403   1024.33
 404    790.897
 405    578.509
 406    286.456
 407    174.683
 408  11155.7
 409  14619.6
 410  15220
 411  14153.7
 412   7140.03
 413   2351.54
 414    687.475
 415    178.181
 416  11894.2
 417  15153.3
 418  15475.2
 419  13981.8
 420   7211.62
 421   1957.4
 422    893.346
 423    271.588
 424   1245.18
 425   1575.56
 426   1958.6
 427   1481.54
 428    880.093
 429    468.465
 430    301.997
 431    103.917
 432    176.34
 433    234.019
 434    226.367
 435    202.054
 436    151.02
 437    193.717
 438    118.199
 439     88.6117
 440     56.5977
 441     48.7393
 442     80.0593
 443     76.4954
 444     49.8225
 445     63.9459
 446     22.9967
 447     31.7017
 448     73.4237
 449    132.135
 450     64.8691
 451     50.246
 452     39.6847
 453     60.731
 454     48.0919
 455     18.1138
 456    346.59
 457    307.442
 458    285.665
 459    162.883
 460    128.987
 461     98.31
 462    101.992
 463     37.2235
 464   1304.96
 465   1421.65
 466   1053.91
 467    642.007
 468    514.231
 469    385.737
 470    159.899
 471     94.9898
 472   9689.88
 473  12069
 474  10060.4
 475   4862.01
 476   1625.73
 477    716.752
 478    313.709
 479    134.646
 480   9584.12
 481  12703.1
 482  10467.2
 483   5223.37
 484   2151.27
 485    867.718
 486    386.862
 487    149.644
 488    956.598
 489   1586.72
 490   1524.36
 491    917.569
 492    583.09
 493    312.912
 494    132.429
 495     92.3147
 496    302.948
 497    366.349
 498    288.235
 499    269.044
 500    154.299
 501     99.8212
 502     54.3879
 503     58.2499
 504     64.4055
 505     90.0172
 506     97.2446
 507     50.7851
 508     58.6481
 509     45.0956
 510     28.7543
 511     23.7099
