This file was gnenerated on 2021-02-06 23:38:44.363116 by Grant Finneman. This contains the extracted data from the Gate simulations
The edep for each cube was summed up and printed to this file. The only math operation done has been addition.

  id        edep
   0     46.6527
   1     42.5312
   2     67.8522
   3     35.6171
   4     35.7094
   5     25.3413
   6     31.5461
   7     15.9145
   8    284.086
   9    278.634
  10    252.932
  11    176.126
  12    145.721
  13    156.934
  14     88.0565
  15     36.1471
  16    909.668
  17    938.659
  18    847.364
  19    802.648
  20    623.709
  21    438.81
  22    265.333
  23    112.36
  24   5809.64
  25   7084.31
  26   8881.85
  27   9036.25
  28   9664.59
  29   7008.25
  30   1911.56
  31    410.352
  32   5208.3
  33   7673.67
  34   8786.82
  35   9267.35
  36   9148.95
  37   6639.33
  38   1841.95
  39    483.835
  40    790.635
  41   1091.91
  42   1116.12
  43    866.112
  44    756.87
  45    389.174
  46    348.186
  47    181.955
  48    101.319
  49    222.997
  50    205.02
  51    236.869
  52     96.5797
  53     48.2334
  54     62.8147
  55     81.7449
  56     45.4012
  57     33.3389
  58     26.9551
  59     87.3521
  60     78.187
  61     37.9798
  62     82.8789
  63     73.1058
  64     54.5284
  65     68.3388
  66     54.3346
  67     44.9285
  68     36.2125
  69     16.866
  70     26.5425
  71     15.2384
  72    180.829
  73    198.489
  74    203.198
  75    146.232
  76     98.454
  77    104.296
  78     62.738
  79     28.4572
  80    789.311
  81   1049.2
  82   1093.01
  83    930.078
  84    788.465
  85    438.608
  86    201.755
  87    119.306
  88   5902.14
  89   7522.52
  90   9407.32
  91   9677.05
  92  10885.9
  93   8885.06
  94   5404.23
  95   1634.2
  96   6351.31
  97   7827.91
  98   9028.82
  99  10163.5
 100  10866.3
 101   9638.54
 102   5501.45
 103   1444.17
 104    975.791
 105   1267.04
 106    939.283
 107    912.542
 108    585.107
 109    435.64
 110    333.298
 111    187.08
 112    203.884
 113    196.062
 114    211.988
 115    152.824
 116    167.571
 117     69.5701
 118    114.662
 119     57.3787
 120     60.9064
 121     59.8178
 122     43.7636
 123     56.9773
 124     44.226
 125     21.1814
 126     20.5612
 127     19.7503
 128     78.8131
 129     80.0195
 130     57.1526
 131     79.6883
 132     61.1578
 133     20.3406
 134     21.3562
 135     24.9522
 136    131.187
 137    146.365
 138    220.467
 139    176.48
 140    170.082
 141    135.348
 142     53.3484
 143     50.0024
 144    953.543
 145   1161.41
 146   1391.36
 147    988.559
 148    962.24
 149    616.139
 150    322.403
 151    171.244
 152   6916.33
 153   8356.54
 154   9624.53
 155  10559.8
 156  10684.9
 157   8957.67
 158   6633.21
 159   2733.84
 160   7569.32
 161   9044.55
 162   9136.85
 163  10464.3
 164  10484.8
 165   9745
 166   7064.96
 167   2642.69
 168   1015.47
 169   1202.53
 170   1178.25
 171    905.692
 172    704.481
 173    663.435
 174    292.411
 175    142.998
 176    191.885
 177    150.02
 178    212.724
 179    197.677
 180    170.806
 181    156.325
 182    152.188
 183     90.4535
 184     31.9329
 185     52.6469
 186     53.9386
 187     58.4717
 188     71.7814
 189     42.5207
 190     43.9493
 191     15.5845
 192     36.3408
 193     44.4717
 194     21.9707
 195     37.1134
 196     37.5238
 197     22.1715
 198     28.6982
 199     21.155
 200    124.149
 201    188.531
 202    152.906
 203     78.2845
 204     78.9479
 205     90.479
 206     45.2492
 207     34.0489
 208    766.058
 209    879.412
 210    795.511
 211    776.917
 212    737.787
 213    575.075
 214    238.173
 215    171.749
 216   7442.57
 217   9130.48
 218   9483.05
 219  10394.2
 220  10642
 221   9135.86
 222   6988.23
 223   2487.67
 224   7961.48
 225   8975.37
 226   9630.9
 227  10005.6
 228   9846.03
 229   8782.78
 230   7081.43
 231   2556.53
 232    782.142
 233   1001.25
 234    942.339
 235    944.672
 236    555.031
 237    485.518
 238    365.101
 239    125.166
 240     97.1972
 241    110.802
 242    100.304
 243    191.727
 244    148.019
 245     83.0048
 246     49.6619
 247     54.0796
 248     43.2277
 249     57.2183
 250     40.3143
 251     23.1172
 252     19.5843
 253     27.5309
 254     14.9187
 255     19.4876
 256     20.61
 257     45.7674
 258     52.1392
 259     33.492
 260     50.4294
 261     24.2286
 262     41.3548
 263     10.0257
 264     64.1009
 265    114.059
 266    106.519
 267     61.801
 268     77.4633
 269     64.5397
 270     51.3688
 271     53.0611
 272    569.757
 273    719.946
 274    688.906
 275    606.49
 276    562.802
 277    458.957
 278    249.189
 279    226.534
 280   9285.07
 281  10937.8
 282  10380.9
 283  10537.1
 284  11095.4
 285   9651.25
 286   7003.07
 287   2492.69
 288   8773.57
 289  10197.5
 290   9866.74
 291  10196.6
 292  10449.3
 293   8810.23
 294   6857.55
 295   2628.09
 296    640.549
 297    728.95
 298    784.856
 299    889.76
 300    632.343
 301    580.094
 302    226.064
 303    164.046
 304     73.7554
 305    140.353
 306    109.114
 307    142.921
 308    124.746
 309     60.8446
 310     90.5535
 311     25.819
 312     48.3683
 313     39.7614
 314     32.2698
 315     20.5409
 316     26.7378
 317     23.347
 318     14.1135
 319     12.6288
 320     21.9037
 321     24.6716
 322     14.2623
 323     19.7083
 324     17.6128
 325     11.291
 326     19.1047
 327      5.8235
 328     58.6126
 329     48.9337
 330     43.3835
 331     48.8458
 332     47.9331
 333     39.4082
 334     32.2117
 335     42.0488
 336    500.551
 337    500.057
 338    453.908
 339    446.474
 340    456.289
 341    381.593
 342    242.566
 343    100.629
 344   8081.34
 345  10200.3
 346  10003.4
 347   9250.01
 348   9427.61
 349   9057.5
 350   6880.28
 351   2555.18
 352   7858.14
 353   9025.87
 354   9744.41
 355   9369.18
 356   9712.81
 357   8332.42
 358   6394.3
 359   2352.51
 360    345.845
 361    543.318
 362    473.451
 363    546.066
 364    424.958
 365    408.684
 366    281.03
 367    118.069
 368     68.81
 369    108.776
 370     75.5917
 371     59.8335
 372     71.0523
 373     40.2997
 374     38.3168
 375     19.4159
 376     20.5128
 377     13.7187
 378     19.1845
 379     19.3263
 380     26.6314
 381     30.7622
 382     17.4306
 383      9.4913
 384     24.278
 385     14.5215
 386     11.7923
 387     13.1171
 388      7.6117
 389     11.8869
 390     13.6471
 391     16.7098
 392     43.8924
 393     34.222
 394     49.0135
 395     30.0201
 396     32.6468
 397     23.6959
 398     22.5059
 399     12.2465
 400    161.854
 401    138.67
 402    171.459
 403    225.13
 404    133.91
 405    139.883
 406    157.437
 407     58.0386
 408   2670.04
 409   6330.28
 410   7375.62
 411   6689.75
 412   6548.59
 413   6700.31
 414   5523.79
 415   2020.71
 416   2586.23
 417   6214.45
 418   7006.95
 419   6557.28
 420   6794.12
 421   6183.26
 422   5300.59
 423   2044.08
 424    100.695
 425    127.596
 426    198.874
 427    202.978
 428    187.627
 429    130.765
 430     87.9027
 431     47.2289
 432     36.3737
 433     31.0187
 434     35.9299
 435     38.0337
 436     29.4188
 437     30.1215
 438     19.334
 439     14.5744
 440      8.461
 441     13.1527
 442     10.6588
 443     15.5
 444     12.5752
 445      9.7886
 446      4.1166
 447      7.7875
 448      1.9622
 449      6.8336
 450      6.835
 451     20.6941
 452     31.4008
 453      5.8983
 454      6.4785
 455      5.0682
 456      8.8744
 457     20.8908
 458      9.3505
 459     21.5119
 460     12.0562
 461     79.8934
 462     23.548
 463     10.2914
 464     35.6685
 465     54.1166
 466     75.2633
 467     53.4937
 468     60.8548
 469     56.8461
 470     55.9512
 471     30.9035
 472    160.242
 473    817.697
 474   2325.61
 475   2594.06
 476   2423.67
 477   2127.62
 478   2280.67
 479   1181.39
 480    328.943
 481    859.952
 482   2148.3
 483   2553.89
 484   2242.81
 485   2332.82
 486   2076.82
 487   1142.88
 488     28.9667
 489     53.9467
 490     77.1654
 491     67.6949
 492     31.3894
 493     38.9088
 494     39.742
 495     25.062
 496     11.0476
 497     20.661
 498     16.1041
 499     26.9142
 500     15.5343
 501     17.4626
 502     14.4551
 503     11.8561
 504      4.8464
 505     14.1602
 506      7.5449
 507      4.433
 508     18.3909
 509      3.7474
 510      6.1904
 511      6.2618
