This file was gnenerated on 2021-02-06 23:54:36.486661 by Grant Finneman. This contains the extracted data from the Gate simulations
The edep for each cube was summed up and printed to this file. The only math operation done has been addition.

  id        edep
   0     16.2261
   1     21.9623
   2     38.5303
   3     34.5212
   4     44.8527
   5     37.7349
   6     52.7788
   7     69.5218
   8     71.1354
   9     49.4023
  10     85.2814
  11    148.127
  12    198.757
  13    336.497
  14    314.696
  15    232.178
  16    112.539
  17    236.331
  18    424.416
  19    582.002
  20    919.788
  21   1137.85
  22    906.73
  23    872.773
  24    651.241
  25   2331.98
  26   6702.79
  27   9912.52
  28   9127.24
  29   8200.71
  30   7404.29
  31   5488.89
  32    347.908
  33   1563.94
  34   6646.92
  35   9233.92
  36   8948.1
  37   7663.97
  38   7034.68
  39   5196.57
  40     70.95
  41    289.93
  42    571.269
  43    652.406
  44    914.361
  45   1097.86
  46   1130.41
  47    941.895
  48     48.0232
  49     49.0666
  50     69.2283
  51    155.616
  52    201.806
  53    241.124
  54    154.912
  55    197.223
  56     14.096
  57      9.6984
  58     26.091
  59     21.6341
  60     27.3547
  61     37.8182
  62     33.6726
  63     70.7946
  64     16.1686
  65     54.0291
  66     20.1861
  67     40.5715
  68     41.2297
  69     34.6283
  70     70.1314
  71     37.4013
  72     40.1363
  73     53.2934
  74     88.7939
  75     72.1814
  76    157.512
  77    198.66
  78    303.531
  79    201.145
  80    162.016
  81    344.636
  82    588.404
  83    770.401
  84   1123.82
  85   1218.84
  86   1183.22
  87    815.506
  88   1195.59
  89   5164.99
  90   8080.47
  91   8987.78
  92   9526.17
  93   9242.23
  94   8230.36
  95   5828.28
  96   1419.05
  97   5169.5
  98   9091.1
  99   9635.57
 100   9706.72
 101   9341.24
 102   8083.58
 103   5951.75
 104    159.298
 105    372.163
 106    738.002
 107    875.962
 108   1230.13
 109   1284.22
 110   1121.21
 111    926.884
 112     47.6692
 113    165.108
 114     87.8835
 115    143.302
 116    127.807
 117    256.798
 118    145.252
 119    197.379
 120      9.3113
 121     23.0168
 122     56.2876
 123     47.5592
 124     46.0406
 125     24.403
 126     42.8586
 127     72.3719
 128     35.3284
 129     43.9315
 130     20.3718
 131     21.0088
 132     38.9834
 133     33.0501
 134     37.2873
 135     72.2671
 136     92.1976
 137    100.54
 138     78.3727
 139    126.034
 140    164.719
 141    198.059
 142    268.06
 143    205.825
 144    123.716
 145    323.49
 146    570.417
 147    793.791
 148   1206.17
 149   1373.07
 150   1218.12
 151   1013.97
 152   2497.68
 153   6390.08
 154   8681.2
 155   9565.88
 156  10953.9
 157   9404.2
 158   7641.66
 159   6158.16
 160   2379.79
 161   5962.07
 162   8917.44
 163  10503.8
 164  10063.5
 165   9032.49
 166   8129.81
 167   6298.13
 168    153.746
 169    244.053
 170    497.13
 171   1058.91
 172   1196.41
 173   1042.84
 174   1090.49
 175    953.998
 176     33.5761
 177     67.9152
 178    143.552
 179    101.33
 180    148.817
 181    151.95
 182    170.966
 183    133.316
 184     15.3908
 185     80.8831
 186     44.6582
 187     56.611
 188     30.5837
 189     65.3958
 190     30.9416
 191     24.1
 192     19.9125
 193     28.3593
 194     24.598
 195     27.8376
 196     30.677
 197     41.5523
 198     64.1716
 199     62.211
 200     36.4621
 201     75.2851
 202     96.7258
 203    102.111
 204    167.722
 205    193.675
 206    107.48
 207    189.024
 208    128.566
 209    202.929
 210    491.25
 211    961.068
 212   1142.08
 213   1362.8
 214   1172.04
 215    817.997
 216   2423.39
 217   6157.58
 218   8842.78
 219  10502.7
 220   9984.04
 221   9662.9
 222   9101.16
 223   7171.28
 224   2249.41
 225   5965.74
 226   8744.67
 227  10489.6
 228   9906.82
 229   9288.66
 230   9241.4
 231   7985.57
 232    129.482
 233    292.288
 234    466.782
 235    714.413
 236   1010.68
 237   1050.2
 238   1336.61
 239   1144.39
 240     31.3316
 241     49.0544
 242     47.2422
 243    104.1
 244    133.293
 245    113.836
 246    136.19
 247    130.427
 248     13.0715
 249     50.2245
 250     36.6791
 251     32.3802
 252     42.3545
 253     30.4576
 254     35.0985
 255     19.1923
 256     35.2952
 257     45.153
 258     29.5606
 259     33.9285
 260     23.7051
 261     24.6251
 262     18.9249
 263     24.1098
 264     57.76
 265     37.4151
 266     62.8516
 267     86.3301
 268     83.6636
 269    131.775
 270    134.043
 271    121.275
 272    134.02
 273    323.403
 274    394.886
 275    581.902
 276   1110.1
 277   1031.16
 278    862.957
 279    887.808
 280   2449.17
 281   6419.6
 282   9599.6
 283  10119.7
 284  10621.3
 285  10167.4
 286   9908.1
 287   8553.76
 288   2636.3
 289   6273.59
 290   8645.89
 291   9670.03
 292   9465.79
 293   9847.99
 294  10108.2
 295   8832.91
 296    142.658
 297    268.151
 298    612.476
 299    723.302
 300    992.036
 301    923.314
 302    920.776
 303    907.693
 304     27.8435
 305     81.2852
 306     48.1704
 307     86.3463
 308    133.162
 309    168.133
 310    120.461
 311    141.893
 312     15.5608
 313      4.9647
 314     40.355
 315     32.9849
 316     43.1464
 317     32.0501
 318     16.4027
 319     41.9232
 320     13.2613
 321     13.2535
 322     27.4359
 323     25.5533
 324     22.4999
 325     20.391
 326     17.0485
 327     20.6441
 328     17.66
 329     44.7804
 330     38.0401
 331     84.0785
 332     86.8052
 333     76.2914
 334    133.228
 335     60.0113
 336     47.9322
 337    172.037
 338    341.494
 339    694.449
 340    717.988
 341    710.484
 342    502.105
 343    406.644
 344   2424.92
 345   5451.78
 346   8043.67
 347   9544.76
 348  10370.5
 349   9951.23
 350   9191.76
 351   7633.43
 352   2588.85
 353   5933.11
 354   7759.58
 355   8925.76
 356  10173.6
 357   9195.23
 358   9378.37
 359   6998.63
 360    123.298
 361    241.932
 362    464.189
 363    490.024
 364    635.668
 365    509.489
 366    530.236
 367    499.677
 368     20.8161
 369     72.854
 370     63.0983
 371     55.9005
 372     68.1156
 373    100.975
 374     91.2732
 375     64.5082
 376      7.023
 377     17.3724
 378      9.8391
 379     21.6381
 380     34.9981
 381     16.7099
 382     23.8614
 383     12.2212
 384      7.0591
 385      9.2903
 386     18.3308
 387     15.4157
 388      8.7929
 389     13.601
 390     25.9783
 391      7.9389
 392      8.087
 393     14.17
 394     23.9283
 395     62.429
 396     33.1118
 397     24.7374
 398     58.0717
 399     24.3273
 400     42.7307
 401    126.851
 402    217.411
 403    270.652
 404    338.226
 405    508.891
 406    354.007
 407    137.346
 408   2163.03
 409   4947.42
 410   6527.85
 411   6968.03
 412   7403.57
 413   6927.84
 414   5949.08
 415   2312.26
 416   2068.7
 417   4550.79
 418   6089.7
 419   6718.67
 420   7224.67
 421   6611.58
 422   5550.47
 423   2133.65
 424    112.724
 425    118.088
 426    239.175
 427    203.026
 428    309.497
 429    269.884
 430    221.983
 431    113.194
 432     41.6398
 433     46.9596
 434     42.4122
 435     43.174
 436     28.8313
 437     63.2395
 438     43.4753
 439     28.6918
 440      9.1749
 441     11.3675
 442      9.1981
 443      6.0425
 444      9.0611
 445     16.1235
 446     15.3131
 447      6.9291
 448      3.4621
 449      3.8137
 450      6.5676
 451      6.5276
 452      9.5164
 453     12.5784
 454      7.292
 455      6.7585
 456     23.4601
 457     13.3067
 458      9.7059
 459     17.5269
 460     16.0455
 461     14.8068
 462     33.9975
 463      8.736
 464     24.3656
 465    108.6
 466     23.381
 467     87.3641
 468     53.8701
 469     67.3025
 470     91.4287
 471     72.3618
 472   1302.54
 473   2464.66
 474   2620.08
 475   2395.28
 476   2371.5
 477   2140.88
 478    746.226
 479     85.0255
 480   1162.09
 481   2167.92
 482   2010.09
 483   2457.44
 484   2564.16
 485   2120.94
 486    782.684
 487    105.978
 488     22.9967
 489     33.8183
 490     41.3888
 491     71.0008
 492    127.498
 493     82.9456
 494     52.1673
 495     45.0268
 496     26.1577
 497     23.2278
 498      7.8472
 499     12.1574
 500     29.0043
 501     16.3771
 502     36.6251
 503      8.4209
 504      5.842
 505      8.6622
 506      6.6371
 507      4.5336
 508     13.5452
 509      3.5799
 510     16.2399
 511      4.1489
