This file was gnenerated on 2021-02-06 23:51:47.314080 by Grant Finneman. This contains the extracted data from the Gate simulations
The edep for each cube was summed up and printed to this file. The only math operation done has been addition.

  id        edep
   0     61.1386
   1    109.453
   2    176.407
   3     64.3064
   4    117.603
   5     82.7157
   6     89.8704
   7     45.8941
   8    116.467
   9    185.213
  10    238.49
  11    292.179
  12    348.633
  13    252.251
  14    255.665
  15    233.397
  16    611.859
  17    843.817
  18   1118.52
  19   1230.6
  20   1763.15
  21   1425.16
  22   1649.43
  23   1063.4
  24   3361.74
  25   7467.85
  26   6861.79
  27   6412.65
  28   6965.9
  29   7217.59
  30   6886.82
  31   6301.44
  32   2904.35
  33   8009.39
  34   7078.75
  35   6366.09
  36   6329.64
  37   6910.09
  38   6881.49
  39   5435.29
  40    558.581
  41   1201.77
  42   1231.46
  43   1215.95
  44   1234.3
  45   1317
  46   1239.14
  47    931.611
  48    147.906
  49    212.302
  50    354.147
  51    309.272
  52    266.899
  53    219.325
  54    276.437
  55    132.42
  56     68.5091
  57     53.0473
  58    126.524
  59     77.36
  60     49.2322
  61     41.3189
  62     47.1488
  63     98.3338
  64     68.1308
  65     94.9933
  66    113.67
  67     62.7397
  68     98.0546
  69     96.8161
  70     63.7921
  71     88.3577
  72    107.825
  73    141.093
  74    197.092
  75    425.843
  76    341.492
  77    321.401
  78    223.083
  79    269.62
  80    486.395
  81   1034.09
  82   1240.48
  83   1488.77
  84   1562.72
  85   1628.17
  86   1483.21
  87   1146.67
  88   5409.38
  89  10292.8
  90   8087.99
  91   7727.07
  92   8516.42
  93   9347.96
  94   8863.73
  95   7315.28
  96   4980.74
  97   9868.27
  98   8933.68
  99   8658.51
 100   8601.54
 101   9305.88
 102   8981.94
 103   7039.84
 104    804.379
 105    977.395
 106   1386.9
 107   1193.84
 108   1534.43
 109   1337.56
 110   1555.99
 111   1318.18
 112    184.331
 113    197.763
 114    180.978
 115    393.18
 116    258.572
 117    185.133
 118    370.553
 119    154.662
 120     52.8403
 121     42.0579
 122     94.0979
 123     56.0266
 124     99.3524
 125     88.7424
 126     74.1955
 127     38.9162
 128     20.8857
 129     51.0512
 130     95.839
 131    106.313
 132     78.9317
 133     51.5931
 134     95.6369
 135     70.0403
 136    168.964
 137    162.891
 138    157.759
 139    193.406
 140    196.201
 141    273.781
 142    315.645
 143    251.618
 144    493.163
 145    858.758
 146   1212.93
 147   1180.13
 148   1495.54
 149   1645.31
 150   1635.25
 151    965.368
 152   6426.44
 153   9551.53
 154   9100.37
 155   9858.32
 156   9848.15
 157  11126.4
 158  10517.4
 159   8122.05
 160   6690.49
 161   9941.52
 162   9926.8
 163  10239.1
 164  10065
 165  11279.7
 166  11228.5
 167   8417.61
 168    701.849
 169   1003.76
 170   1133.49
 171   1311.74
 172   1325.65
 173   1309.99
 174   1448.03
 175   1118.37
 176    143.351
 177    225.559
 178    274.327
 179    292.161
 180    371.333
 181    269.66
 182    240.913
 183    142.192
 184     46.2204
 185     49.3985
 186     50.214
 187     93.8192
 188     57.4662
 189     57.7987
 190    104.659
 191     63.8458
 192     29.3563
 193     50.5827
 194     33.534
 195     69.264
 196    106.07
 197     55.7364
 198     48.3348
 199     36.1043
 200    119.109
 201    184.416
 202    139.138
 203    182.765
 204    147.488
 205    225.383
 206    153.989
 207    144.268
 208    528.944
 209    789.916
 210   1203.05
 211   1500.3
 212   1464.21
 213   1523.58
 214   1412.35
 215   1160.88
 216   6816.49
 217  10099.8
 218  10215.1
 219  11313.3
 220  12361.2
 221  13712.8
 222  12110.5
 223   9199.03
 224   7372.35
 225  10571.1
 226  10643.2
 227  11428.3
 228  11934.9
 229  13286.2
 230  11488.8
 231   8572.55
 232    569.738
 233    995.946
 234   1066.98
 235   1362.1
 236   1371.97
 237   1589.33
 238   1474.72
 239   1004.9
 240     68.7244
 241    171.081
 242    199.992
 243    208.394
 244    222.493
 245    213.599
 246    141.008
 247    153.695
 248     23.7824
 249     60.2052
 250    114.574
 251     62.6505
 252     58.8542
 253     39.0923
 254     60.7604
 255     78.7013
 256     22.1243
 257     43.178
 258     23.6858
 259     53.6941
 260     36.8699
 261     27.3236
 262     22.6334
 263     47.1082
 264     80.0836
 265    108.389
 266    104.543
 267     97.7959
 268    162.507
 269    165.954
 270    119.265
 271     75.7656
 272    356.866
 273    759.623
 274   1081.66
 275    894.675
 276   1303.47
 277   1111.81
 278    911.195
 279    716.279
 280   6397.84
 281  10835.8
 282  11364.9
 283  12150.9
 284  12843.1
 285  13097.8
 286  12387.4
 287   8982.12
 288   6644.27
 289  10275.5
 290  10943.4
 291  13151.2
 292  12993.9
 293  14226.1
 294  13113.1
 295   8891.52
 296    354.331
 297    697.878
 298    919.632
 299   1043.44
 300   1312.24
 301   1129.45
 302   1156.3
 303    763.658
 304    101.126
 305     70.859
 306     95.8658
 307    113.816
 308    115.59
 309    156.928
 310    169.442
 311    127.723
 312     12.8807
 313     29.1749
 314     36.4017
 315     39.8192
 316     70.6503
 317     48.7276
 318     46.3388
 319     78.1114
 320     13.1573
 321     12.2609
 322     15.4308
 323     24.5143
 324     17.6003
 325     36.8891
 326     48.6086
 327     15.8804
 328     60.4691
 329     61.4736
 330    120.052
 331    110.706
 332     62.0615
 333     70.6042
 334    100.723
 335     52.7796
 336    278.252
 337    509.06
 338    749.102
 339    774.96
 340    734.812
 341    534.95
 342    650.031
 343    526.125
 344   5803.36
 345  10313.1
 346  10901.9
 347  10652
 348  11582.6
 349  11218.2
 350  11297.8
 351   6790.57
 352   6006.18
 353   9443.83
 354  11011.3
 355  11637.3
 356  11318
 357  12084.1
 358  10976.8
 359   6056.76
 360    318.772
 361    579.062
 362    649.531
 363    812.492
 364    729.976
 365    642.059
 366    548.853
 367    419.841
 368     55.3206
 369     56.7694
 370     90.7665
 371    100.034
 372     68.4673
 373     87.186
 374     59.1248
 375     47.5394
 376     26.2314
 377     40.1441
 378     29.5269
 379     25.9024
 380     26.3846
 381     55.1828
 382     24.914
 383     18.5868
 384      8.2414
 385     15.2495
 386     13.5446
 387     15.9059
 388     18.8998
 389     13.2481
 390     24.4207
 391     13.4737
 392     16.0789
 393     32.9166
 394     31.5025
 395     29.3804
 396     35.7957
 397     37.3764
 398     31.3156
 399     25.0076
 400    102.846
 401    160.242
 402    195.317
 403    344.831
 404    282.624
 405    265.58
 406    328.888
 407    185.495
 408   4488.74
 409   7533.7
 410   7165.74
 411   7148.05
 412   7382.52
 413   7810.26
 414   7484.33
 415   2890.07
 416   4511.93
 417   7004.99
 418   7287.1
 419   7149.58
 420   7599.19
 421   7831.12
 422   7249.48
 423   3044.96
 424    145.206
 425    246.298
 426    311.254
 427    214.912
 428    349.358
 429    286.558
 430    408.458
 431    182.235
 432     26.3517
 433     33.5123
 434     53.5221
 435     32.2196
 436     42.3597
 437     60.445
 438     66.6408
 439     38.3724
 440      7.2701
 441     14.917
 442     31.9564
 443     17.173
 444     21.1448
 445     21.1161
 446     21.6785
 447     29.2784
 448      2.3109
 449     10.2225
 450     10.0488
 451      6.4801
 452     27.3158
 453     13.2624
 454      7.4878
 455      2.8552
 456     28.2737
 457     20.4314
 458     35.5399
 459     40.4633
 460     11.1605
 461     32.3408
 462     22.8311
 463      9.567
 464     26.4538
 465     85.5049
 466     85.4927
 467     81.8353
 468     46.9413
 469     31.5142
 470     60.718
 471     32.6281
 472   1563.56
 473   2553.88
 474   2263.29
 475   2036.51
 476   2494.14
 477   2548.46
 478   1836.99
 479    364.364
 480   1624.78
 481   2207.21
 482   2607.01
 483   2739.28
 484   2683.67
 485   2739.36
 486   2284.83
 487    544.149
 488     38.9258
 489     67.4075
 490     73.6363
 491     53.7188
 492    138.203
 493     83.711
 494     76.5106
 495     48.8791
 496      7.9852
 497     15.3121
 498     18.506
 499     23.3696
 500     16.341
 501     20.4176
 502     17.8459
 503     28.3156
 504      3.7508
 505      6.9672
 506      8.8358
 507     15.8296
 508      9.2891
 509     13.0204
 510      9.7684
 511      3.6298
