This file was gnenerated on 2021-02-06 23:52:03.270987 by Grant Finneman. This contains the extracted data from the Gate simulations
The edep for each cube was summed up and printed to this file. The only math operation done has been addition.

  id        edep
   0      0
   1      1.0029
   2      2.4085
   3      4.7027
   4      6.8243
   5      7.6349
   6      7.5292
   7      7.5855
   8      9.0337
   9      4.1104
  10     10.5158
  11     28.3218
  12      7.0704
  13     14.2738
  14     31.127
  15     13.0687
  16     10.356
  17     24.4572
  18     17.1775
  19     13.8383
  20     81.6052
  21     45.5649
  22     26.5434
  23     32.4554
  24     10.8227
  25     26.1623
  26     36.5295
  27     69.6119
  28     89.3069
  29     77.6587
  30     86.5857
  31    174.666
  32      9.2311
  33     13.6325
  34     43.4898
  35     38.2302
  36     53.0107
  37    147.682
  38    204.903
  39     93.9893
  40     10.9811
  41      9.8628
  42     14.559
  43     19.0845
  44     38.2023
  45     41.7062
  46    133.704
  47     51.1034
  48     25.7868
  49     31.3153
  50      3.7808
  51     19.6947
  52     14.0205
  53     10.7521
  54     37.6088
  55     24.2679
  56      9.4014
  57      1.1119
  58      2.4449
  59      7.9374
  60      4.6513
  61      3.7608
  62      6.0236
  63      9.6072
  64      3.9159
  65      2.7377
  66      5.0676
  67      6.5821
  68     14.3963
  69     14.7145
  70     11.5788
  71     13.741
  72     17.7149
  73     24.4763
  74     13.4112
  75     20.1906
  76     31.4134
  77     41.3731
  78     27.2624
  79     38.594
  80     17.5706
  81    101.847
  82     74.7887
  83     79.6117
  84     86.92
  85    264.18
  86    261.278
  87    221.43
  88     90.1161
  89    228.596
  90    629.617
  91    820.977
  92   1069.24
  93   1645.25
  94   1890.71
  95   1707.53
  96     75.9823
  97    188.252
  98    685.501
  99    897.687
 100   1320.69
 101   1738.35
 102   1870.51
 103   1895.05
 104     12.6032
 105     31.5621
 106     62.5913
 107     52.0796
 108    104.384
 109    191.262
 110    254.21
 111    325.36
 112     12.3166
 113      6.108
 114     12.5214
 115     15.4398
 116     18.4513
 117     34.5881
 118     23.1068
 119    122.893
 120      1.669
 121     14.9837
 122     15.4707
 123      5.7117
 124     13.6754
 125     13.2998
 126     16.3449
 127     29.1249
 128      5.8014
 129      6.3114
 130     13.3714
 131     19.2419
 132     12.1727
 133     15.7944
 134     21.0311
 135     26.2166
 136     31.1196
 137     50.4601
 138     13.2175
 139     31.0701
 140     35.1332
 141     42.4653
 142     60.431
 143    134.072
 144     58.3824
 145    129.409
 146    100.973
 147    319.851
 148    450.539
 149    664.567
 150    819.431
 151    693.922
 152   1250.8
 153   3624.56
 154   6082.56
 155   8065.76
 156   9540.01
 157  10521.7
 158  11383.8
 159  11126.3
 160   1251.19
 161   3697.99
 162   6389.02
 163   8373.66
 164   9322.98
 165  10788.4
 166  11441.5
 167  10720.7
 168     43.1078
 169     80.9737
 170    153.265
 171    300.466
 172    397.217
 173    608.834
 174    712.269
 175    779.306
 176     10.5262
 177     15.3504
 178     21.4965
 179     21.7375
 180     32.1808
 181     91.394
 182     77.4961
 183     97.0361
 184      3.8829
 185      8.6867
 186      9.2364
 187      7.6443
 188     11.8011
 189      9.2688
 190     11.9591
 191     13.5509
 192      5.8477
 193     17.3791
 194     12.0005
 195     21.2652
 196     83.0196
 197     33.4547
 198     28.3582
 199     38.2183
 200     17.9472
 201     18.7587
 202     18.4204
 203     51.0813
 204     94.6353
 205     43.837
 206     97.6834
 207    136.027
 208     26.9618
 209     51.9875
 210    139.862
 211    201.908
 212    525.913
 213    606.378
 214    775.585
 215    932.521
 216   1298.21
 217   3782.5
 218   6691.81
 219   8524.79
 220  10554.2
 221  12246.5
 222  13034.1
 223  11910
 224   1319.63
 225   3886.57
 226   6770.9
 227   9552.71
 228  11222.8
 229  12596.9
 230  13149.2
 231  12078.6
 232     70.6985
 233    108.581
 234    238.307
 235    413.553
 236    481.476
 237    773.146
 238    850.558
 239    777.634
 240     16.0927
 241     35.0919
 242     46.6831
 243     33.1609
 244     60.3528
 245     66.7588
 246    101.003
 247    127.274
 248      6.4227
 249      6.8406
 250     31.4012
 251     11.1351
 252     17.0625
 253     19.1304
 254     17.8536
 255     13.9463
 256      7.745
 257      6.6568
 258     16.6846
 259     16.3997
 260     45.5201
 261     38.5624
 262     36.6454
 263     25.0686
 264     22.982
 265     20.5385
 266     24.5517
 267     35.7882
 268     75.5597
 269     99.0099
 270    112.609
 271    166.647
 272     93.2982
 273    130.132
 274    295.657
 275    316.085
 276    523.561
 277    785.484
 278   1074.46
 279    882.829
 280   1396.92
 281   3971.72
 282   6724.18
 283   9165.06
 284  11254.8
 285  11927.6
 286  12987.6
 287  11947.1
 288   1321.59
 289   3856.49
 290   6279.51
 291   9153.58
 292  11246.8
 293  12240.6
 294  12579.4
 295  11218.1
 296     45.9935
 297    116.205
 298    199.191
 299    437.354
 300    576.531
 301    877.839
 302   1197.5
 303    975.082
 304     26.9463
 305     22.8253
 306     27.7177
 307     32.513
 308     82.7765
 309    133.062
 310    145.175
 311    128.059
 312      7.6387
 313      6.3657
 314     15.3865
 315     14.4968
 316     19.5878
 317     51.6844
 318     14.639
 319     47.4392
 320     38.1457
 321     78.5289
 322     16.8505
 323     15.6013
 324     21.834
 325     24.8276
 326     30.4207
 327     17.0065
 328     14.5492
 329     26.0754
 330     19.0139
 331     49.5923
 332     29.9687
 333     62.3066
 334     65.8438
 335     84.4272
 336     40.0711
 337     94.3805
 338    143.387
 339    272.281
 340    403.733
 341    723.349
 342    684.441
 343    698.344
 344   1147.88
 345   3357.24
 346   5859.16
 347   8360.47
 348   9942.85
 349  10410.6
 350  11640.8
 351  10611.8
 352   1391.05
 353   3697.85
 354   6161.37
 355   8652.18
 356  10391.6
 357  11412.1
 358  11733.7
 359  10291.4
 360     20.7865
 361     51.9009
 362    132.44
 363    318.917
 364    411.654
 365    601.018
 366    877.221
 367    731.174
 368     13.0557
 369     20.6032
 370     25.6154
 371     30.1389
 372     32.4372
 373     38.5253
 374    103.979
 375    140.067
 376      9.5776
 377     14.8705
 378     35.3891
 379     13.8724
 380     14.8146
 381     17.1047
 382     32.5446
 383     14.254
 384      1.2032
 385      1.756
 386      3.4621
 387     14.4725
 388     17.9285
 389     15.3096
 390     14.1459
 391     10.8589
 392      8.5903
 393      9.358
 394     24.2305
 395     24.0857
 396     25.5132
 397     51.2863
 398     42.6404
 399     23.4653
 400     20.7475
 401     20.4129
 402     61.138
 403    145.785
 404    185.473
 405    224.754
 406    231.726
 407    199.496
 408     74.987
 409    182.015
 410    695.624
 411    932.897
 412   1517.53
 413   1650.48
 414   1989.69
 415   1711.95
 416     39.7258
 417    187.784
 418    643.24
 419    754.697
 420   1353.78
 421   1766.94
 422   2073.21
 423   1937.44
 424     13.9127
 425     32.2877
 426     28.0107
 427     77.2505
 428     92.3952
 429    179.957
 430    317.108
 431    300.651
 432     13.5525
 433     26.0292
 434     11.268
 435     18.1393
 436     27.4543
 437     28.5474
 438     42.1495
 439     40.4804
 440      7.1793
 441     10.4349
 442     26.1786
 443      9.5485
 444     10.1572
 445     35.6967
 446     23.4937
 447     11.021
 448      4.79
 449      2.6174
 450      1.7685
 451      3.5498
 452      6.3428
 453      2.2158
 454     27.8631
 455     15.4775
 456      8.4551
 457      7.4141
 458      4.8193
 459     11.5275
 460     12.0032
 461     15.8624
 462     12.797
 463     12.5773
 464      7.3703
 465     12.7119
 466     15.3878
 467     17.9306
 468     29.2829
 469    134.418
 470     54.282
 471     67.1719
 472     14.4292
 473     16.1302
 474     42.3629
 475     47.9786
 476     69.4607
 477    155.542
 478    106.512
 479     95.9314
 480      9.6117
 481     19.6328
 482     38.8227
 483     37.0681
 484     76.1053
 485     54.3497
 486    118.01
 487    132.845
 488      9.053
 489     10.0205
 490     13.7821
 491     15.3172
 492     21.1335
 493     31.5755
 494     28.1496
 495     66.8145
 496     22.1728
 497     11.6661
 498     20.3134
 499     14.5234
 500     10.9711
 501     24.295
 502     32.7527
 503     10.9338
 504      3.5286
 505      6.1763
 506      3.6814
 507      1.8874
 508      1.525
 509      6.5448
 510      5.9456
 511      9.0378
