This file was gnenerated on 2021-02-07 00:02:16.347113 by Grant Finneman. This contains the extracted data from the Gate simulations
The edep for each cube was summed up and printed to this file. The only math operation done has been addition.

  id        edep
   0     33.6642
   1     90.6021
   2    103.879
   3     76.896
   4    112.105
   5    147.028
   6    103.661
   7    106.542
   8    134.049
   9    205.293
  10    318.654
  11    293.769
  12    451.131
  13    415.716
  14    285.694
  15    281.354
  16    539.387
  17    741.669
  18   1295.86
  19   1867.47
  20   2168.2
  21   1919.9
  22   1951
  23   1256.1
  24    666.077
  25   1767.55
  26   4820.87
  27   8577.68
  28  10105.4
  29  10225.9
  30   8404.61
  31   6033.39
  32    826.579
  33   2202.8
  34   5501.1
  35   8302.74
  36   9156.66
  37  10307.9
  38   9520.27
  39   6705.04
  40    375.511
  41    775.685
  42   1491.93
  43   1705.75
  44   2273.24
  45   2397.77
  46   2117.6
  47   1378.34
  48    106.595
  49    182.848
  50    296.783
  51    439.477
  52    331.799
  53    338.329
  54    407.933
  55    280.332
  56    102.026
  57     93.9899
  58     98.4925
  59    108.677
  60     52.6885
  61     85.0938
  62     81.0286
  63     80.9043
  64     77.308
  65     99.9174
  66    100.129
  67    176.205
  68    115.773
  69    102.323
  70    104.646
  71     75.0973
  72    172.17
  73    426.449
  74    359.638
  75    448.998
  76    384.04
  77    528.09
  78    467.557
  79    228.885
  80    493.325
  81   1126.99
  82   2097.52
  83   2063.86
  84   2648.35
  85   2363.18
  86   2202.22
  87   1423.94
  88   1365.11
  89   3392.19
  90   9213.99
  91  12280.2
  92  12694.1
  93  12114.3
  94  11008.8
  95   6186.41
  96   1300.33
  97   3045.03
  98   8501.23
  99  10944.5
 100  12508.1
 101  13527.3
 102  11610.9
 103   6193.23
 104    426.575
 105    986.435
 106   1632.14
 107   2239.09
 108   2304.76
 109   2167.68
 110   2117.6
 111   1382.65
 112     87.5092
 113    311.792
 114    373.305
 115    381.563
 116    484.37
 117    442.022
 118    326.52
 119    269.777
 120     71.9531
 121    130.138
 122    117.254
 123     67.3004
 124     91.1378
 125     98.2312
 126    122.136
 127    119.511
 128     37.7796
 129     51.5969
 130     45.6793
 131    155.377
 132    134.692
 133     95.6104
 134     90.5504
 135    105.316
 136    146.657
 137    247.51
 138    311.076
 139    398.107
 140    409.743
 141    387.312
 142    277.038
 143    169.819
 144    563.652
 145   1317.91
 146   2217.38
 147   2475.02
 148   2897.72
 149   2685.72
 150   2007.07
 151   1195.15
 152   2160.51
 153   5591.99
 154  13288.1
 155  14633.3
 156  14712
 157  13389.2
 158  11854.2
 159   5564.29
 160   1861.25
 161   5640.58
 162  12128.9
 163  14308.1
 164  15070.3
 165  14815.8
 166  11828.8
 167   5323.12
 168    534.122
 169   1421.79
 170   1853.6
 171   2393.09
 172   2270.26
 173   2297
 174   2096.3
 175   1449.76
 176    134.604
 177    206.713
 178    389.471
 179    435.145
 180    413.865
 181    423.487
 182    322.409
 183    298.276
 184     51.9831
 185     65.3422
 186     91.7555
 187    114.52
 188     57.5215
 189     64.975
 190    146.929
 191     65.8057
 192     46.1991
 193     43.0462
 194     54.4766
 195     84.396
 196     87.5537
 197     91.4879
 198     77.3706
 199     72.7486
 200    139.231
 201    199.635
 202    299.478
 203    443.065
 204    354.162
 205    367.955
 206    262.248
 207    125.431
 208    717.34
 209   1578.95
 210   2193.9
 211   2634.63
 212   2428.55
 213   2205.68
 214   1676.18
 215    777.699
 216   2907
 217   9485.34
 218  16039.3
 219  17062.5
 220  16280.9
 221  15396.5
 222  11772.8
 223   4515.64
 224   2955.08
 225  10025.2
 226  16189.1
 227  17359.8
 228  17329.1
 229  16719.4
 230  11603.3
 231   3931.3
 232    633.2
 233   1273.52
 234   2003.57
 235   2494.38
 236   2206
 237   2630.23
 238   1929.44
 239   1161.35
 240    137.888
 241    197.272
 242    284.694
 243    323.944
 244    337.945
 245    396.908
 246    285.453
 247    162.248
 248     29.1127
 249     35.7164
 250     73.9709
 251     84.278
 252     96.3174
 253     96.7755
 254     78.15
 255     75.9957
 256     27.0513
 257     41.7626
 258     44.5773
 259     32.0134
 260     56.9682
 261     38.6958
 262     57.1062
 263     30.8951
 264    111.379
 265    188.44
 266    250.831
 267    279.178
 268    201.522
 269    195.367
 270    126.433
 271    195.871
 272    868.53
 273   1619.4
 274   1946.06
 275   2299.1
 276   2174.58
 277   1757.01
 278    961.061
 279    459.817
 280   3582.9
 281  13275
 282  17706.9
 283  18620.9
 284  18738.5
 285  15781.9
 286   9001.13
 287   2523.35
 288   3714.19
 289  13929
 290  18171.6
 291  19743.3
 292  18420.7
 293  16875.6
 294   9191.88
 295   2423.85
 296    772.38
 297   1285.83
 298   1866.25
 299   2380.4
 300   2060.25
 301   1926.19
 302   1300.16
 303    556.456
 304     94.374
 305    124.668
 306    163.466
 307    218.967
 308    274.552
 309    208.448
 310    132.782
 311    106.817
 312     22.8184
 313     64.3761
 314     56.4895
 315     33.2151
 316     57.726
 317     57.1006
 318     46.7454
 319     22.4305
 320     15.5517
 321     53.9137
 322     26.6892
 323     28.2208
 324     36.9186
 325     23.3347
 326     27.0402
 327     50.4359
 328     61.5813
 329     98.4388
 330    157.507
 331    101.587
 332    110.517
 333    105.154
 334     84.7289
 335     76.0429
 336    531.007
 337    968.215
 338   1277.46
 339   1356.19
 340   1491.5
 341   1121.88
 342    517.149
 343    230.188
 344   5150.7
 345  14899.6
 346  16358.6
 347  16405.1
 348  16130.9
 349  13519.5
 350   5101.84
 351   1048.2
 352   4948.08
 353  15019.1
 354  17514.1
 355  17156
 356  15664.1
 357  13658.6
 358   5031.03
 359   1348.69
 360    573.227
 361    898.134
 362   1566.53
 363   1327.11
 364   1140.66
 365   1061
 366    627.276
 367    329.689
 368     63.5296
 369    118.25
 370    127.697
 371    116.034
 372    180.242
 373    184.467
 374    106.114
 375     40.3808
 376     21.0381
 377     16.4233
 378     25.3276
 379     27.8824
 380     29.892
 381     50.3281
 382     48.1129
 383     21.9666
 384      9.8111
 385     28.8911
 386     21.589
 387     24.1142
 388     60.2819
 389     38.603
 390     38.6967
 391     36.5912
 392     28.6905
 393     59.1043
 394     67.9054
 395     70.0886
 396     85.6467
 397    123.273
 398     36.751
 399     21.4709
 400    226.878
 401    354.345
 402    532.461
 403    627.376
 404    487.087
 405    480.804
 406    273.119
 407    107.888
 408   5176.87
 409   9904.84
 410  10971.5
 411  10587.7
 412  10730.9
 413   8500.23
 414   1630.09
 415    233.177
 416   5887.86
 417  11146
 418  11661.3
 419  10248.1
 420  10068.7
 421   8396.62
 422   1448.51
 423    228.307
 424    260.489
 425    552.047
 426    505.735
 427    495.939
 428    672.762
 429    491.105
 430    230.246
 431     80.5254
 432     63.5061
 433     93.2098
 434     45.055
 435     42.4756
 436     41.7979
 437     73.2396
 438     51.3062
 439     24.768
 440     17.9179
 441     22.4289
 442     29.6728
 443     18.6309
 444     16.6863
 445     25.7475
 446     14.993
 447     10.998
 448      3.3344
 449      5.7177
 450     10.0873
 451     20.7748
 452     14.0062
 453      9.2484
 454     10.498
 455     11.6928
 456     12.7526
 457     14.8475
 458     29.2643
 459     35.5926
 460     39.3964
 461     63.5103
 462     14.8101
 463     20.6304
 464     51.8009
 465     59.2502
 466     90.0106
 467    210.324
 468    306.268
 469     87.1479
 470     35.2726
 471     26.88
 472   2552.63
 473   3315.98
 474   3535.37
 475   3677.93
 476   3953.09
 477   1975.14
 478    182.708
 479     67.4643
 480   2801.25
 481   3644.15
 482   3795.4
 483   3534.4
 484   3494.28
 485   1703.75
 486    157.165
 487     63.1662
 488     44.1087
 489    104.077
 490    150.208
 491    142.034
 492    103.726
 493     90.439
 494     62.9628
 495     58.1299
 496     14.8335
 497     26.797
 498     25.4583
 499     21.3697
 500     17.4019
 501     27.0892
 502     13.4706
 503     24.9788
 504      8.4364
 505      8.6914
 506     22.4304
 507     10.9861
 508     16.825
 509     13.3509
 510     24.9319
 511      5.6892
