This file was gnenerated on 2021-02-06 23:57:32.089644 by Grant Finneman. This contains the extracted data from the Gate simulations
The edep for each cube was summed up and printed to this file. The only math operation done has been addition.

  id        edep
   0     61.4994
   1     99.3765
   2     70.3015
   3    138.968
   4    102.057
   5    123.28
   6    119.522
   7     85.6002
   8    123.7
   9    110.39
  10    240.965
  11    351.198
  12    438.869
  13    476.457
  14    453.791
  15    331.711
  16    169.446
  17    515.497
  18    902.933
  19   1427.39
  20   2384.83
  21   2619.17
  22   2040.72
  23    885.829
  24    390.934
  25   1146.2
  26   2410.66
  27   6516.09
  28  14357.4
  29  16166.5
  30  10723.1
  31   3507.2
  32    399.207
  33    880.864
  34   2304.98
  35   7161.43
  36  15379
  37  17268.7
  38  10174.5
  39   3455.28
  40    187.362
  41    575.199
  42    824.251
  43   1587.97
  44   2587.68
  45   2710.48
  46   2561.8
  47   1350.14
  48    110.847
  49    163.781
  50    323.702
  51    356.134
  52    486.206
  53    565.172
  54    505.971
  55    292.429
  56     55.2598
  57     80.2469
  58     81.6694
  59    164.646
  60    162.883
  61    166.798
  62    179.963
  63     90.8529
  64     77.9253
  65     73.5489
  66     63.6624
  67    115.642
  68     86.6562
  69     70.6926
  70     71.9342
  71     83.7271
  72    147.396
  73    193.85
  74    269.545
  75    314.718
  76    569.581
  77    493.716
  78    358.25
  79    228.068
  80    249.09
  81    581.435
  82   1188.2
  83   2297.21
  84   2992.32
  85   3433.3
  86   2165.57
  87    919.491
  88    598.495
  89   1467.75
  90   4068.55
  91  11559.6
  92  21409.9
  93  20397
  94   8388.27
  95   2898.32
  96    586.99
  97   1321.09
  98   3483.24
  99  11149.4
 100  22902.2
 101  20058.1
 102   9056.38
 103   2795.21
 104    298.108
 105    486.435
 106   1298.4
 107   2159.22
 108   3641.94
 109   3425.38
 110   2014.77
 111    941.418
 112    122.08
 113    230.44
 114    228.559
 115    384.812
 116    429.569
 117    582.948
 118    457.405
 119    313.242
 120     48.8593
 121     37.7903
 122     79.2841
 123    143.668
 124     99.3039
 125    175.059
 126    118.419
 127     93.2156
 128     65.8815
 129     76.612
 130     90.4015
 131    114.893
 132    137.225
 133    122.778
 134    105.796
 135    119.15
 136    114.353
 137    256.58
 138    389.69
 139    360.646
 140    496.741
 141    397.53
 142    327.414
 143    214.562
 144    348.618
 145    754.114
 146   1688.94
 147   2946.98
 148   3615.1
 149   3234.6
 150   2135.7
 151    938.737
 152    777.225
 153   2154.24
 154   6325.71
 155  19376.6
 156  28137.5
 157  19079
 158   6537.88
 159   2347.84
 160    726.508
 161   1714.77
 162   6169.54
 163  18479.9
 164  29103.5
 165  19281.7
 166   6590.68
 167   2080.26
 168    338.476
 169    808.717
 170   1439.27
 171   3123.59
 172   4122.98
 173   3552.92
 174   1829.21
 175    886.08
 176    154.571
 177    222.858
 178    294.707
 179    481.723
 180    535.53
 181    567.232
 182    374.649
 183    219.882
 184     47.8847
 185     51.5973
 186     63.0501
 187     96.9368
 188     83.2488
 189    165.176
 190     98.4419
 191     55.9662
 192     38.2151
 193     75.0921
 194     86.4977
 195     77.4953
 196    107.098
 197     85.1868
 198     54.5196
 199     35.5674
 200     84.6903
 201    184.386
 202    304.784
 203    262.866
 204    315.875
 205    439.052
 206    236.675
 207    179.713
 208    320.367
 209    910.734
 210   1868.68
 211   3034.6
 212   3526.53
 213   2413.15
 214   1559.15
 215    673.397
 216   1013.18
 217   2960.44
 218  10173.4
 219  27524.2
 220  32376.9
 221  16422.9
 222   4837.33
 223   1494.62
 224    900.424
 225   2983.97
 226   9601.26
 227  28501.3
 228  33022.9
 229  16538.1
 230   4973.97
 231   1617.9
 232    396.415
 233    914.685
 234   2114.88
 235   3677.34
 236   4243.91
 237   3010.31
 238   1531.79
 239    678.791
 240    119.642
 241    303.984
 242    461.598
 243    441.031
 244    332.279
 245    379.371
 246    286.432
 247    156.929
 248     39.3343
 249     55.8833
 250    123.669
 251     90.058
 252     98.0416
 253    113.289
 254     81.7288
 255     51.5834
 256     31.5238
 257     53.9981
 258     44.7086
 259     55.8756
 260     94.5813
 261     64.7889
 262     49.0722
 263     71.778
 264     70.5625
 265     99.4769
 266    158.313
 267    288.36
 268    298.696
 269    286.706
 270    163.484
 271    104.802
 272    367.66
 273    967.025
 274   1885.07
 275   3152.57
 276   3103.37
 277   1746.35
 278    701.926
 279    296.901
 280    883.939
 281   3894.96
 282  16072.5
 283  35365.8
 284  31330.7
 285   9894.28
 286   2489
 287    654.244
 288   1019.46
 289   3904.15
 290  17595.1
 291  36807
 292  31563.2
 293   9837.64
 294   2865.9
 295    875.019
 296    336.564
 297   1158.12
 298   2629.44
 299   3919.22
 300   3496.99
 301   1706.81
 302    660.697
 303    318.935
 304    136.652
 305    253.121
 306    283.392
 307    308.265
 308    283.925
 309    236.177
 310    195.117
 311    111.918
 312     30.8584
 313     54.5885
 314     70.2104
 315     75.6819
 316     49.6889
 317     53.2031
 318    102.044
 319     82.6921
 320     16.109
 321     48.7792
 322     81.3192
 323     52.3259
 324     39.6993
 325     52.6142
 326     27.6413
 327     25.4533
 328     73.0319
 329     61.7426
 330    146.183
 331    139.439
 332    160.273
 333     89.3315
 334     81.8373
 335     95.9142
 336    276.093
 337    861.571
 338   1681.19
 339   2345.27
 340   1735.55
 341    843.887
 342    412.794
 343    202.763
 344    736.202
 345   4391.98
 346  22007.4
 347  36056.9
 348  21755.2
 349   4752.29
 350   1073.64
 351    352.018
 352    895.431
 353   4802.6
 354  23489.2
 355  36045.7
 356  20544.3
 357   4290.59
 358   1066.07
 359    310.676
 360    321.904
 361    945.44
 362   1936.86
 363   2422.75
 364   1645.7
 365    834.932
 366    306.789
 367    117.955
 368     78.2691
 369     90.5401
 370    185.737
 371    164.54
 372    176.867
 373     98.6874
 374     93.4611
 375     45.7995
 376     16.4071
 377     29.1419
 378     37.486
 379     40.0095
 380     37.2322
 381     42.4411
 382     27.0837
 383     27.5198
 384     42.4219
 385     35.7815
 386     22.1856
 387     22.2585
 388     22.26
 389     23.2407
 390     13.0861
 391      6.6674
 392     29.8476
 393     83.5733
 394     91.0554
 395     44.874
 396     75.21
 397     39.0734
 398     47.6573
 399     29.9029
 400    136.43
 401    400.29
 402    845.357
 403    796.45
 404    597.298
 405    267.588
 406    114.114
 407     67.542
 408    722.448
 409   4605.74
 410  19422
 411  22994.1
 412   8038.51
 413   1284.32
 414    440.068
 415    110.366
 416    494.186
 417   4695.95
 418  21824.5
 419  24000.9
 420   8088.65
 421   1077.92
 422    416.013
 423    113.434
 424    222.126
 425    596.478
 426   1065.9
 427    961.89
 428    638.55
 429    328.956
 430    171.366
 431     65.2824
 432     55.3595
 433     58.7869
 434    146.101
 435    127.733
 436     67.9064
 437     55.5844
 438     55.1398
 439     32.0173
 440     10.9838
 441     17.8892
 442     20.6955
 443     18.029
 444     19.3354
 445     19.0645
 446      6.8357
 447     13.9138
 448     11.3773
 449     14.1557
 450     13.1991
 451     19.6101
 452      8.3008
 453     28.2862
 454     22.1153
 455      3.7324
 456     18.4496
 457     17.2825
 458     72.2076
 459     20.58
 460     25.4178
 461     26.5381
 462     42.5765
 463     18.9996
 464     29.9943
 465    114.679
 466    162.638
 467    158.53
 468     87.4186
 469     90.7812
 470     47.5312
 471     33.8024
 472     79.6828
 473   2692.77
 474   7839.2
 475   6699.78
 476    793.927
 477    182.42
 478     90.1157
 479     55.3934
 480    131.995
 481   2760.21
 482   8326.16
 483   7285.09
 484    933.301
 485    202.214
 486    132.013
 487     57.4698
 488     31.776
 489    141.758
 490    194.48
 491    179.359
 492    145.203
 493     70.7513
 494     69.8236
 495     20.2243
 496     16.0555
 497     54.1159
 498     49.2633
 499     38.7434
 500     47.3764
 501     19.2895
 502     16.8654
 503     30.5777
 504      9.414
 505      8.6668
 506     11.6977
 507     19.5668
 508      8.7141
 509      8.247
 510     16.1661
 511     10.8504
