This file was gnenerated on 2021-02-06 23:57:03.876049 by Grant Finneman. This contains the extracted data from the Gate simulations
The edep for each cube was summed up and printed to this file. The only math operation done has been addition.

  id        edep
   0      6.8989
   1     14.9933
   2      5.5514
   3     23.4286
   4     15.8511
   5      0.6438
   6      1.365
   7      3.2913
   8     50.293
   9     10.3418
  10      7.0722
  11     11.2248
  12      7.9304
  13     78.4981
  14     45.0407
  15      2.9382
  16     12.0003
  17     14.1409
  18     17.3375
  19     14.1727
  20     39.3671
  21     33.8907
  22      8.5834
  23      5.4617
  24     31.3981
  25     21.8789
  26     27.1096
  27     22.8874
  28     11.657
  29     13.0561
  30     10.0695
  31     10.913
  32     19.9739
  33     34.6162
  34     24.3271
  35     34.9468
  36     22.9119
  37      9.5923
  38     11.3466
  39     14.778
  40     27.7557
  41     32.6043
  42     17.4559
  43     17.649
  44     31.786
  45      9.2751
  46      3.4785
  47      4.7205
  48      8.5425
  49     28
  50     11.7346
  51      5.3321
  52      6.2772
  53      4.5878
  54      2.0433
  55     11.109
  56      7.1438
  57      4.6839
  58     10.6046
  59     15.0772
  60      4.5963
  61      1.5887
  62      0.8884
  63      1.8568
  64      6.6255
  65     10.3241
  66      9.4478
  67     18.8727
  68      5.7074
  69      3.5712
  70      4.8911
  71      4.0616
  72     18.2772
  73     33.3503
  74     28.5952
  75     32.3534
  76     19.9415
  77     13.069
  78     12.63
  79      4.7587
  80     54.7634
  81     46.3584
  82     82.4593
  83     56.5008
  84     21.9049
  85     21.6085
  86     17.06
  87     14.5292
  88    168.339
  89    204.965
  90    147.19
  91     58.3588
  92     51.3491
  93     42.0915
  94     20.9858
  95     25.4276
  96    250.281
  97    224.535
  98    106.628
  99     79.2512
 100     88.1954
 101     39.8407
 102     23.7883
 103      8.4013
 104     60.7511
 105     74.9782
 106     90.9172
 107     21.7365
 108     24.7677
 109     26.4481
 110     19.3679
 111     10.7274
 112     54.0955
 113     35.8762
 114     28.264
 115     20.7773
 116     23.8328
 117     14.2757
 118     10.4871
 119      9.2203
 120     10.9999
 121     13.0237
 122     12.5957
 123     10.1008
 124      9.0928
 125      2.1862
 126     23.5278
 127      1.9439
 128     22.2505
 129     15.4404
 130     37.8107
 131     13.9537
 132      9.6101
 133      9.6657
 134      5.4345
 135      5.217
 136     72.1182
 137     82.173
 138    117.598
 139     96.2619
 140     25.6139
 141     24.2065
 142     23.1506
 143     14.8861
 144    489.476
 145    408.156
 146    448.33
 147    300.153
 148    150.327
 149     83.3084
 150     44.7889
 151     42.6362
 152   1316.74
 153   1329.21
 154   1116.24
 155    844.173
 156    417.94
 157    311.659
 158    128.191
 159     43.8861
 160   1588.47
 161   1554.93
 162   1296.17
 163    915.962
 164    590.757
 165    191.997
 166    118.878
 167     35.8017
 168    455.715
 169    370.532
 170    316.61
 171    278.445
 172    228.572
 173    122.621
 174     28.787
 175     20.602
 176     79.4643
 177     73.3365
 178     80.1181
 179     93.6426
 180     29.8137
 181     22.4211
 182     17.622
 183     11.7027
 184     14.7725
 185     38.3927
 186     13.8106
 187     10.6573
 188     13.5651
 189     25.7067
 190     11.116
 191      5.3584
 192     47.0767
 193     44.0064
 194     53.4537
 195     34.4054
 196      8.4458
 197     10.8161
 198     15.3275
 199      7.1922
 200    174.638
 201    199.151
 202    115.722
 203    121.217
 204     71.7748
 205     61.387
 206     25.1109
 207     31.2087
 208   2114.19
 209   2086.15
 210   1909.2
 211   1346.99
 212    862.227
 213    473.789
 214    114.797
 215     54.8828
 216  21800.5
 217  24423.8
 218  23629
 219  20910.9
 220  16750.5
 221  11798.8
 222   7317.5
 223   2634.19
 224  23647.5
 225  25661.2
 226  24160.4
 227  19528.8
 228  16434.5
 229  11860.5
 230   6846.53
 231   2568.67
 232   2183.29
 233   1978.68
 234   1636.07
 235   1474.54
 236   1068.91
 237    605.645
 238    222.78
 239     41.2268
 240    193.087
 241    291.739
 242    126.797
 243    152.636
 244    103.568
 245     36.9258
 246     60.6507
 247     15.7695
 248     14.4248
 249     16.8663
 250     24.0577
 251     26.6391
 252      9.8234
 253     13.2595
 254     11.0823
 255     21.8731
 256     48.224
 257     44.3214
 258     29.3753
 259     22.6407
 260     17.5556
 261     12.4394
 262      8.8545
 263      4.3284
 264    173.978
 265    153.824
 266    147.341
 267    169.836
 268     73.7227
 269     40.32
 270     27.3655
 271     16.6697
 272   2186.87
 273   2174.15
 274   1833.39
 275   1540.08
 276   1009.89
 277    362.92
 278    155.069
 279     73.9577
 280  21609.7
 281  24862.5
 282  23150.4
 283  20526.6
 284  16435.1
 285  11952.6
 286   6869.99
 287   2475.04
 288  21968.7
 289  23973.9
 290  22823.8
 291  20678.3
 292  16706.7
 293  12467.4
 294   6830.77
 295   2661.92
 296   2538.76
 297   2274.22
 298   1913.85
 299   1401.8
 300   1031.1
 301    470.562
 302    171.889
 303     65.5402
 304    238.176
 305    192.305
 306    126.161
 307    159.884
 308     89.5983
 309     68.4751
 310     47.6661
 311     56.994
 312     29.6737
 313     13.6672
 314     20.6359
 315     17.6627
 316     16.7726
 317     14.7602
 318      8.6061
 319      7.5558
 320     34.7416
 321     11.2771
 322     22.6984
 323     20.046
 324     19.9646
 325     11.5944
 326      5.3765
 327      2.9093
 328    110.893
 329    118.576
 330    128.123
 331     39.8057
 332     43.7868
 333     17.7554
 334     11.7221
 335      9.3156
 336    417.215
 337    351.246
 338    309.118
 339    226.37
 340    138.701
 341     72.0758
 342     32.6464
 343     29.5577
 344   1438.11
 345   1145.07
 346   1215.37
 347    810.986
 348    471.593
 349    174.012
 350    164.092
 351     64.9937
 352   1555.56
 353   1287.55
 354    917.717
 355    804.887
 356    590.756
 357    288.385
 358    102.226
 359     42.8671
 360    470.794
 361    387.546
 362    298.424
 363    165.378
 364    168.784
 365    138.409
 366     46.58
 367     18.6659
 368     66.7272
 369     77.9019
 370     77.0955
 371     53.641
 372     29.0666
 373     39.9746
 374     26.8214
 375     14.9922
 376     16.948
 377     16.7288
 378     39.4023
 379     15.7631
 380      8.1837
 381     13.0456
 382     30.7804
 383     10.1781
 384      4.1556
 385     29.4102
 386     46.2792
 387      9.4079
 388     10.7407
 389      6.4894
 390      4.7096
 391      5.2434
 392     17.6147
 393     41.266
 394     66.387
 395     19.2875
 396     26.0078
 397     24.6691
 398      8.0501
 399     23.7821
 400     89.7905
 401     87.6697
 402     31.9522
 403     27.8454
 404     25.8966
 405     37.8173
 406     34.6412
 407      9.7745
 408    106.671
 409    162.19
 410    150.458
 411    141.67
 412     55.2726
 413     44.5082
 414     23.0458
 415     31.8354
 416    161.259
 417    143.91
 418    133.435
 419    128.51
 420     71.6268
 421     63.0477
 422     57.9835
 423     19.4294
 424     97.1045
 425     43.5225
 426     53.7549
 427     38.7604
 428     56.8293
 429     28.1704
 430     21.8598
 431     16.1379
 432     68.3704
 433     15.6323
 434     23.6214
 435     20.8072
 436     13.5345
 437      5.8512
 438     10.5805
 439      3.3314
 440     41.8641
 441      7.9262
 442     34.8253
 443     12.0603
 444      4.5021
 445     10.6366
 446      3.2128
 447      2.5407
 448      2.8736
 449      6.2813
 450      3.199
 451     24.8677
 452      2.6079
 453      7.5677
 454      3.3056
 455      5.0283
 456     11.5817
 457     35.1002
 458      8.367
 459     15.7893
 460      4.2316
 461      4.8483
 462      5.6671
 463      4.2199
 464     24.3968
 465     26.9618
 466     10.2474
 467     14.2358
 468      7.5704
 469     10.0649
 470      6.6708
 471     11.1044
 472     43.6305
 473     29.749
 474     36.083
 475     22.2353
 476     20.9959
 477      9.1438
 478      7.0985
 479      3.1835
 480     26.6996
 481     18.5921
 482     15.4567
 483     28.306
 484     17.9721
 485     10.0802
 486      6.3424
 487      1.8469
 488     17.8355
 489     42.7851
 490     16.4258
 491     19.779
 492      9.1972
 493      7.4973
 494     10.575
 495      3.6356
 496     11.9459
 497      9.2384
 498     13.9943
 499      1.738
 500      6.9956
 501      1.9597
 502      8.4944
 503      6.5849
 504     10.4432
 505     27.4527
 506      1.7659
 507     29.9055
 508      9.8363
 509      2.208
 510      4.9978
 511     12.3207
