This file was gnenerated on 2021-02-07 00:22:36.678203 by Grant Finneman. This contains the extracted data from the Gate simulations
The edep for each cube was summed up and printed to this file. The only math operation done has been addition.

  id        edep
   0    110.628
   1     70.1248
   2     18.0696
   3     75.8387
   4    111.075
   5     25.0161
   6     12.1389
   7     14.3969
   8    259.156
   9    256.736
  10    248.479
  11    207.161
  12    193.168
  13     95.6938
  14     89.1897
  15     25.0611
  16   1457.88
  17   1899.04
  18   1979.84
  19   1719.11
  20   1774.61
  21   1000.46
  22    449.675
  23    121.393
  24   5090.99
  25   6882.21
  26   7359
  27   8318.38
  28   7789.78
  29   4240.52
  30    931.028
  31    262.032
  32   5304.49
  33   7055.22
  34   7954.8
  35   8535.19
  36   8462.88
  37   4165.31
  38    819.435
  39    287.391
  40   1676.41
  41   1817.16
  42   1942.68
  43   1986.05
  44   1674.41
  45    764.725
  46    205.819
  47    138.593
  48    245.825
  49    208.06
  50    311.653
  51    138.318
  52    270.049
  53    196.603
  54     83.2843
  55     74.7795
  56     61.7611
  57     81.3965
  58     98.6104
  59     31.0093
  60     37.0725
  61     48.8865
  62     40.478
  63     24.6746
  64     62.6885
  65     99.6802
  66     54.0285
  67     78.8851
  68     44.1639
  69     29.3724
  70     19.1216
  71     32.3291
  72    234.892
  73    259.232
  74    220.08
  75    307.561
  76    132.145
  77    149.774
  78    126.785
  79     69.636
  80   1626.8
  81   2260.18
  82   2210.61
  83   2539.01
  84   2237.17
  85   1499.61
  86    795.03
  87    206.925
  88   5928.86
  89   8536.61
  90   8259.87
  91   9176.94
  92  10602.4
  93   8855.77
  94   3939.92
  95    831.589
  96   5552.06
  97   7215.38
  98   8402.96
  99  10040.4
 100  11062.9
 101   9323.54
 102   4205.82
 103    826.049
 104   1725.39
 105   2057.69
 106   2129.61
 107   2129.07
 108   2065.82
 109   1680.03
 110    765.273
 111    165.007
 112    307.88
 113    403.336
 114    378.81
 115    272.074
 116    185.439
 117    185.008
 118    108.807
 119     48.1154
 120    146.608
 121     83.8525
 122     98.0325
 123    126.108
 124    103.74
 125     41.2718
 126     60.3972
 127     37.9077
 128     77.8544
 129     48.9468
 130     51.6518
 131     86.77
 132     60.4886
 133     43.7906
 134     22.2789
 135     27.8564
 136    203.356
 137    294.422
 138    220.792
 139    278.19
 140    202.544
 141     68.5998
 142     67.7406
 143     79.5026
 144   1748
 145   2186.91
 146   2095.67
 147   2136.85
 148   1902.04
 149   1580.17
 150    852.59
 151    247.446
 152   7003.75
 153   8613.65
 154   9492.86
 155   9369.84
 156  10359
 157   9831.03
 158   7227.42
 159   2420.95
 160   7645.72
 161   8383.87
 162   9416.57
 163   9777.49
 164   9906.52
 165   9370.91
 166   6909.82
 167   2269.6
 168   1481.11
 169   2053.16
 170   2113.4
 171   2060.29
 172   2062.16
 173   1732.64
 174    812.235
 175    344.193
 176    266.568
 177    360.965
 178    392.211
 179    302.727
 180    217.829
 181    154.875
 182    147.613
 183     41.8081
 184     96.3348
 185     85.925
 186     79.1698
 187     77.2571
 188     44.3484
 189     25.8289
 190     30.0887
 191     26.621
 192     55.4892
 193     30.7644
 194     37.7739
 195     41.6313
 196     31.1743
 197     33.7587
 198     31.8431
 199     13.9081
 200    242.369
 201    153.241
 202    216.987
 203    228.528
 204    163.934
 205    149.516
 206     92.8388
 207     52.6026
 208   1598.74
 209   2042.15
 210   1834.31
 211   2256.83
 212   2140.13
 213   1497.61
 214    885.951
 215    312.169
 216   7328.93
 217   9033.02
 218   9133.49
 219   9641.99
 220  10949.4
 221  10479.1
 222   7459.49
 223   3061.29
 224   7318.09
 225   8982.06
 226   8917.6
 227  10199.3
 228  10053
 229   9236.36
 230   6880.64
 231   2584.85
 232   1693.7
 233   2113.25
 234   2275
 235   2050.87
 236   1767.64
 237   1697.45
 238    855.87
 239    314.48
 240    171.779
 241    191.895
 242    187.61
 243    306.511
 244    152.383
 245    108.688
 246     76.6449
 247     53.9869
 248     49.2298
 249     31.248
 250     42.6131
 251     73.278
 252     48.118
 253     41.5753
 254     22.8924
 255     22.4152
 256     27.9393
 257     53.2094
 258     40.2082
 259     25.9896
 260     32.5172
 261     27.1904
 262     26.0235
 263     15.2644
 264    136.596
 265    185.618
 266    145.241
 267    194.726
 268    132.806
 269    150.372
 270     81.4967
 271     53.3044
 272   1454.66
 273   1828.29
 274   2130.36
 275   1997.82
 276   1743.94
 277   1416.43
 278    639.486
 279    236.697
 280   8104.7
 281   9940.84
 282   9923.83
 283   9272.22
 284   9275.79
 285   8612.47
 286   6481.87
 287   2665.28
 288   8205.61
 289  10449.5
 290   9843.17
 291  10017.7
 292  10444.5
 293   8880.07
 294   6527.67
 295   2761.57
 296   1556.62
 297   1790.29
 298   1868.48
 299   1661.16
 300   1461.38
 301   1331.73
 302    695.677
 303    399.659
 304    177.698
 305    237.393
 306    151.318
 307    130.837
 308    137.913
 309     72.998
 310     52.9518
 311     31.6189
 312     46.9842
 313     62.1002
 314     27.3228
 315     38.6458
 316     39.4702
 317     21.6515
 318     22.7342
 319     16.3983
 320      9.5584
 321     17.4293
 322     13.6456
 323     33.0503
 324     18.9425
 325     19.4973
 326     26.9895
 327     20.0357
 328     87.325
 329     71.7707
 330     95.4718
 331    103.18
 332     90.5327
 333    128.259
 334     53.0727
 335     39.8187
 336   1072.68
 337   1247.34
 338   1391.46
 339   1446.93
 340   1594.84
 341   1412.4
 342    659.997
 343    267.639
 344   5712.19
 345   9124.49
 346   9766.61
 347   9408.71
 348   9290.7
 349   8388.67
 350   5805.95
 351   2357.77
 352   5219.1
 353   9051.47
 354   9400.2
 355   9690.96
 356   9223.4
 357   7866.98
 358   6510.8
 359   2402.65
 360   1020.33
 361   1427.37
 362   1623.41
 363   1868.94
 364   1483.1
 365    749.948
 366    712.287
 367    243.905
 368     52.5514
 369    139.35
 370     87.4366
 371     86.4577
 372     83.9306
 373     77.0168
 374     30.7525
 375     41.5281
 376     19.9731
 377     18.7043
 378     17.6949
 379      9.6242
 380     23.3582
 381     13.8589
 382     13.5766
 383      5.5697
 384      7.5284
 385     32.2809
 386     14.5742
 387     16.1079
 388     12.1579
 389     13.2457
 390     14.656
 391      9.5364
 392     68.3496
 393     30.6533
 394     62.9384
 395     40.8642
 396     42.6487
 397     56.3447
 398     19.1584
 399     15.6281
 400    421.127
 401    580.205
 402    823.055
 403    721.446
 404    829.272
 405    653.202
 406    524.782
 407    176.973
 408   1013.98
 409   4126.01
 410   6266.89
 411   6997.14
 412   7550.22
 413   6469.59
 414   5496.55
 415   2394.39
 416   1160.74
 417   4441.6
 418   6880.33
 419   7101.15
 420   6886.91
 421   6264.59
 422   5393.31
 423   2478.16
 424    266.684
 425    796.705
 426    928.356
 427    993.799
 428    967.749
 429    582.666
 430    311.89
 431    183.013
 432     33.503
 433     20.9605
 434     34.5118
 435     43.6363
 436     41.7576
 437     52.4755
 438     43.6001
 439     12.5333
 440     17.3037
 441      8.3464
 442     19.0584
 443     23.6182
 444     23.921
 445     12.1942
 446      9.5288
 447      8.4725
 448     19.9482
 449      6.6675
 450     16.3199
 451      8.5248
 452      4.495
 453      2.263
 454      9.6304
 455      8.707
 456     55.556
 457     37.3168
 458     27.7559
 459     12.1545
 460     26.1479
 461     13.2823
 462      9.5119
 463     11.8372
 464     67.6064
 465    109.6
 466    177.656
 467    234.77
 468    215.003
 469    164.763
 470    122.522
 471    124.491
 472     42.2999
 473    304.296
 474   1616.27
 475   2638.47
 476   2697.27
 477   2636.67
 478   2072.12
 479   1306.74
 480     55.5065
 481    160.977
 482   1543.1
 483   2629.94
 484   2618.95
 485   2400.45
 486   2102.8
 487   1165.4
 488     43.7973
 489    161.496
 490    124.33
 491    182.225
 492    249.745
 493    259.111
 494    153.416
 495     64.1316
 496     11.9495
 497     14.9681
 498     18.3684
 499     13.5916
 500     26.8186
 501     11.3566
 502     10.9185
 503     12.2655
 504      8.0151
 505      6.3673
 506      7.4623
 507      5.1108
 508      8.8576
 509      3.1686
 510      4.8327
 511      5.8681
