This file was gnenerated on 2021-02-07 01:13:31.552691 by Grant Finneman. This contains the extracted data from the Gate simulations
The edep for each cube was summed up and printed to this file. The only math operation done has been addition.

  id        edep
   0     19.5614
   1      7.9963
   2      7.7008
   3      9.5499
   4     16.5149
   5     21.8865
   6     32.2263
   7     23.6153
   8     11.494
   9     14.8961
  10     15.5917
  11     21.4152
  12     56.0037
  13    118.934
  14    168.466
  15    141.325
  16     47.0861
  17     22.1281
  18     22.0285
  19     43.4527
  20    128.677
  21    564.025
  22   2682.56
  23   1771.41
  24     20.8436
  25     34.1419
  26     82.3713
  27     64.3421
  28    179.913
  29    736.526
  30   2575.55
  31   1801.2
  32     44.1443
  33     34.1494
  34     74.5495
  35     57.6589
  36    190.996
  37    800.327
  38   2474.05
  39   2004.17
  40     16.2134
  41     16.4878
  42     36.7195
  43     64.4959
  44     62.441
  45    572.719
  46   2877.4
  47   2064.99
  48     15.1358
  49     16.5025
  50     19.4073
  51     20.5819
  52     49.7383
  53    122.204
  54    181.315
  55    116.776
  56     11.8852
  57      7.7188
  58     10.2546
  59     13.6357
  60     32.2496
  61     17.1348
  62     10.8112
  63      7.409
  64     37.4155
  65     54.5701
  66     20.5662
  67     39.5384
  68     41.0519
  69     69.0527
  70     53.3279
  71     21.6515
  72     33.6719
  73     57.7619
  74    101.839
  75    175.069
  76    322.462
  77    714.867
  78    919.637
  79    297.114
  80     38.7337
  81     99.168
  82    221.745
  83    493.267
  84   2379.01
  85   6867.11
  86   7940.47
  87   3010.53
  88    109.986
  89    212.22
  90    287.175
  91    617.517
  92   2645.6
  93   7243.08
  94   7944.55
  95   3406.96
  96    149.213
  97    177.181
  98    292.404
  99    625.767
 100   2476.5
 101   7029.72
 102   8051.12
 103   3437.86
 104     50.8567
 105    210.265
 106    193.543
 107    761.913
 108   2604.39
 109   6934.29
 110   7887.2
 111   3373.12
 112     39.3467
 113    112.276
 114    134.14
 115    199.979
 116    459.006
 117    654.858
 118    634.119
 119    193.609
 120     15.7518
 121     19.5453
 122     50.7982
 123     77.5949
 124     37.6395
 125     27.1509
 126     17.648
 127     20.3159
 128     30.7116
 129     58.961
 130     90.1798
 131     92.6781
 132     97.5612
 133     90.0865
 134     69.1341
 135     32.3079
 136    131.344
 137    201.62
 138    541.711
 139    997.736
 140   1344.5
 141   1485.75
 142   1032.83
 143    404.444
 144    165.306
 145    395.318
 146   1271.75
 147   4296.26
 148   9657.52
 149  11366.8
 150   8351.77
 151   2658.45
 152    224.82
 153    556.985
 154   1856.64
 155   5292.21
 156  11084.4
 157  12800.4
 158   9594.46
 159   3393.23
 160    156.658
 161    570.384
 162   1595.73
 163   5069.01
 164  11164.3
 165  12609.6
 166   9658.24
 167   2963.96
 168    206.164
 169    594.685
 170   1543.94
 171   4639.26
 172  10522.4
 173  12482.3
 174   8925.78
 175   3317.72
 176    142.767
 177    243.181
 178    577.308
 179    905.484
 180   1474.38
 181   1471.38
 182    999.526
 183    449.782
 184     76.3387
 185     79.7525
 186    115.838
 187    172.261
 188    121.731
 189     50.8486
 190     49.1076
 191     86.7009
 192     91.7596
 193     76.3454
 194    150.009
 195    214.606
 196    215.318
 197    150.957
 198     65.17
 199     49.4723
 200    248.548
 201    582.705
 202   1210.48
 203   2389.7
 204   2043.27
 205   1450.66
 206    871.703
 207    290.962
 208    608.081
 209   1793.12
 210   5063.93
 211  11066.3
 212  13384.9
 213  12002.6
 214   5274.95
 215   1159.21
 216   1021.29
 217   2368.24
 218   7137.75
 219  13344.5
 220  16086.6
 221  13544.4
 222   6690.99
 223   1325.11
 224    934.627
 225   2843.93
 226   7257.97
 227  13432.3
 228  15481.2
 229  13587.9
 230   6261.02
 231   1047.47
 232    794.101
 233   2390.24
 234   6097
 235  11934.7
 236  14697.9
 237  12494.2
 238   5829.54
 239    993.074
 240    296.773
 241    916.814
 242   1693.56
 243   2058.3
 244   2184.83
 245   1840.2
 246    976.746
 247    240.981
 248     44.1005
 249     91.0002
 250     78.3824
 251    136.47
 252    164.915
 253    120.139
 254    122.763
 255     72.6501
 256     99.1718
 257    274.297
 258    308.242
 259    223.404
 260    285.35
 261    146.227
 262     42.0669
 263     38.5106
 264    562.952
 265   1406.89
 266   2209.63
 267   2562.52
 268   2180.33
 269   1146.92
 270    386.54
 271    116.451
 272   2526.77
 273   5967.43
 274  10747.4
 275  13601.5
 276  12445.8
 277   5784.26
 278   1592.86
 279    485.222
 280   3075.78
 281   7398.5
 282  12162.4
 283  15654.3
 284  14971.2
 285   7654.88
 286   2162.92
 287    567.82
 288   2854.28
 289   6836.46
 290  12439.3
 291  14882.3
 292  13164.4
 293   6765.03
 294   1819.83
 295    525.624
 296   2676.79
 297   6693.48
 298  11195
 299  13276.6
 300  11754.5
 301   6009.37
 302   1404.75
 303    539.16
 304    720.818
 305   1559.33
 306   2367.07
 307   2428.9
 308   2144.19
 309   1346.08
 310    539.587
 311    200.043
 312    137.867
 313    104.036
 314    164.839
 315    189.582
 316    193.371
 317    241.402
 318     99.1279
 319     54.1177
 320    210.329
 321    354.918
 322    358.494
 323    209.213
 324    268.003
 325    140.112
 326     54.4061
 327     28.8817
 328   1355.15
 329   2236.87
 330   2882.27
 331   1875.8
 332   1065.01
 333    623.218
 334    298.974
 335    115.293
 336   5693.13
 337   9308.08
 338  11465
 339   9816.8
 340   4545.44
 341   1608.64
 342    554.62
 343    220.669
 344   6868.89
 345  11688.5
 346  13447.1
 347  12344.7
 348   6974.07
 349   2007.28
 350    722.812
 351    254.924
 352   6637.4
 353  11607.2
 354  14031.8
 355  11951
 356   5957.78
 357   1940.2
 358    603.553
 359    246.454
 360   5436.97
 361   9310.36
 362  11074.8
 363   9866.72
 364   5387.47
 365   1647.57
 366    624.049
 367    283.8
 368   1201.38
 369   2101.23
 370   2377.27
 371   1876.09
 372   1187.62
 373    546.732
 374    339.151
 375    181.603
 376    194.852
 377    240.563
 378    194.985
 379    361.631
 380    220.874
 381    110.77
 382     52.1582
 383     44.9245
 384    240.285
 385    252.162
 386    261.993
 387    249.529
 388     80.0487
 389     55.0035
 390     69.9353
 391     95.5603
 392   1591.25
 393   2287.25
 394   1732.26
 395    961.365
 396    486.524
 397    226.056
 398    170.423
 399     85.9946
 400   7420.25
 401   9625.67
 402   7154.7
 403   3683.01
 404   1511.06
 405    557.616
 406    236.273
 407     87.7971
 408   9102.93
 409  10447.5
 410   8889.82
 411   4781.79
 412   2043.04
 413    811.112
 414    477.594
 415    182.993
 416   8691.16
 417  10584.8
 418   9337.91
 419   4908
 420   1940.6
 421    861.822
 422    286.609
 423    133.086
 424   7403.56
 425   8552.9
 426   7611.21
 427   3729.6
 428   1563.51
 429    649.485
 430    328.916
 431    101.635
 432   1606.23
 433   1922.79
 434   1600.26
 435   1124.51
 436    556.193
 437    307.23
 438    179.626
 439     96.847
 440    220.691
 441    358.022
 442    280.657
 443    270.078
 444    163.384
 445    104.146
 446     61.8613
 447     40.6497
 448    192.402
 449     93.2602
 450    154.054
 451    154.015
 452    119.234
 453     67.7229
 454     40.8659
 455     27.6592
 456   1848.78
 457   1419.46
 458    911.833
 459    577.636
 460    340.613
 461    188.118
 462     71.4321
 463     63.5307
 464   6820.35
 465   5609.57
 466   2506.56
 467   1186.35
 468    713.279
 469    185.522
 470    169.761
 471    105.586
 472   7819.07
 473   6905.66
 474   3320.21
 475   1443.45
 476    701.626
 477    327.786
 478    211.012
 479    112.632
 480   7668.49
 481   6813.1
 482   3732.61
 483   1180.54
 484    643.955
 485    490.43
 486    290.251
 487    140.931
 488   6551.59
 489   5157.66
 490   2428.2
 491    879.329
 492    544.388
 493    343.893
 494    198.295
 495     72.2045
 496   1758.72
 497   1211.16
 498    813.139
 499    491.25
 500    238.67
 501    206.539
 502    131.93
 503     56.1353
 504    251.127
 505    189.626
 506    129.192
 507    124.863
 508     82.7495
 509     54.4438
 510     58.9159
 511     50.6582
