This file was gnenerated on 2021-02-07 01:46:01.759641 by Grant Finneman. This contains the extracted data from the Gate simulations
The edep for each cube was summed up and printed to this file. The only math operation done has been addition.

  id       edep
   0     7.5965
   1    16.0984
   2    11.7308
   3    36.9783
   4    22.5471
   5    23.1623
   6    31.7878
   7    37.0068
   8    19.8546
   9    35.42
  10   330.458
  11   664.1
  12   749.088
  13   980.56
  14   779.133
  15   529.312
  16    50.3188
  17   136.563
  18   819.575
  19  1592.61
  20  1552.7
  21  1486.02
  22  1447.33
  23   894.419
  24    40.6768
  25   120.94
  26   744.823
  27  1453.72
  28  1497.97
  29  1822.21
  30  1753.25
  31  1238.39
  32    51.9763
  33    93.8322
  34   611.851
  35  1310.66
  36  1578.29
  37  1476.51
  38  1654.99
  39  1100.68
  40    29.9191
  41   134.097
  42   734.372
  43  1620.25
  44  1461.58
  45  1707.13
  46  1612.87
  47  1022.68
  48    25.1703
  49    52.9317
  50   340.427
  51   720.943
  52   825.327
  53   823.505
  54   601.553
  55   525.054
  56    11.2736
  57    55.8102
  58    32.5294
  59    26.5594
  60    42.0766
  61    17.6965
  62    34.9763
  63    15.7567
  64    18.3055
  65    34.0123
  66    73.3832
  67   118.341
  68   113.234
  69    99.4633
  70   111.485
  71    65.5085
  72    99.7676
  73   181.597
  74  1328.79
  75  2292.42
  76  2286.52
  77  2411.05
  78  2069.55
  79  1228.25
  80   212.592
  81   700.273
  82  3612.51
  83  4729.69
  84  4575.3
  85  5012.73
  86  4129.71
  87  1919.61
  88   136.436
  89   585.885
  90  3626.02
  91  4906.56
  92  4808.09
  93  5089.31
  94  4520.25
  95  2311.31
  96   202.647
  97   566.246
  98  3359.46
  99  4807.53
 100  4968.29
 101  5198.48
 102  4732.24
 103  2255.4
 104    84.6583
 105   512.367
 106  3415.72
 107  5123.49
 108  5369.62
 109  5057.3
 110  4563.56
 111  2299.34
 112    62.0808
 113   224.567
 114  1460.39
 115  2387.14
 116  2547.62
 117  2450.11
 118  2116.3
 119  1234.93
 120    23.1481
 121    39.1609
 122    75.807
 123    99.0986
 124    67.0537
 125    94.2498
 126    75.5595
 127    59.2055
 128    44.0218
 129   102.902
 130   155.579
 131   252.943
 132   178.177
 133   214.901
 134   219.798
 135    37.7114
 136   368.279
 137  1216.17
 138  2875.32
 139  3954.71
 140  3823.15
 141  4063.95
 142  3449.52
 143  1190.91
 144   403.354
 145  2413.31
 146  6194.72
 147  7585.67
 148  7926.35
 149  6957.12
 150  5992.44
 151  1957.72
 152   546.136
 153  2374.14
 154  6412.04
 155  7183.38
 156  7043.47
 157  7975.35
 158  6338.61
 159  2407.56
 160   496.264
 161  2213.89
 162  6205.9
 163  7426.31
 164  7220.81
 165  7117.1
 166  5947.3
 167  2333.92
 168   472.223
 169  2415.15
 170  6719.69
 171  8412
 172  7403.01
 173  7351.37
 174  5661.05
 175  2373.25
 176   299.264
 177  1060.57
 178  2933.71
 179  3577.95
 180  3468.36
 181  3498.82
 182  3100.55
 183  1211.17
 184    89.4644
 185   112.267
 186   111.968
 187   207.5
 188   213.568
 189   292.028
 190   233.316
 191    98.1594
 192   118.866
 193   229.225
 194   345.165
 195   315.057
 196   349.27
 197   373.827
 198   237.126
 199   140.604
 200   518.117
 201  2181.18
 202  3557.1
 203  4242.27
 204  4526.48
 205  4354.9
 206  3052.97
 207   978.754
 208  1088.12
 209  4092.39
 210  7456.38
 211  8175.39
 212  8635.15
 213  7917.16
 214  5463.17
 215  1566.23
 216  1330.99
 217  4236.05
 218  7251.95
 219  8241.52
 220  8538.26
 221  8290.51
 222  5696.59
 223  1805.57
 224  1178.75
 225  4479.89
 226  7329.29
 227  9044.13
 228  8727.48
 229  8765.73
 230  5880.64
 231  1866.48
 232  1235.36
 233  3929.64
 234  7621.97
 235  8674.64
 236  8120.02
 237  7719.49
 238  5655.58
 239  1721.26
 240   601.282
 241  2223.79
 242  4021.77
 243  4230.41
 244  4043.15
 245  3890.12
 246  2940.72
 247   877.638
 248   200.597
 249   236.361
 250   259.845
 251   500.756
 252   436.642
 253   254.162
 254   434.432
 255   151.214
 256   227.229
 257   356.254
 258   513.755
 259   406.85
 260   514.532
 261   502.662
 262   297.082
 263   159.816
 264   941.645
 265  3143.9
 266  4396.56
 267  4567.54
 268  4207.83
 269  3584.87
 270  2278.29
 271   749.087
 272  1802.51
 273  5656.63
 274  7856.35
 275  8100.25
 276  7971.82
 277  7130.13
 278  4245.19
 279  1154.82
 280  1830.81
 281  5344.32
 282  7441.12
 283  7733.68
 284  8037.73
 285  7430.75
 286  4218.38
 287  1475.24
 288  2005.34
 289  5610.91
 290  7689.33
 291  7902.31
 292  8122.45
 293  7159.27
 294  4429.84
 295  1277.37
 296  2214.04
 297  5354.19
 298  7566.63
 299  7451.29
 300  7706.52
 301  6954.19
 302  4262.51
 303  1350.16
 304  1384.43
 305  3084.52
 306  4363.06
 307  4395.73
 308  3945.01
 309  3220.11
 310  2106.86
 311   762.601
 312   265.826
 313   289.416
 314   568.645
 315   570.772
 316   443.995
 317   488
 318   172.244
 319   129.332
 320   332.35
 321   428.502
 322   659.889
 323   439.695
 324   402.217
 325   468.726
 326   246.949
 327    97.6807
 328  1545.21
 329  2924.46
 330  3914
 331  3938.13
 332  3528.89
 333  3235.09
 334  1438.47
 335   547.172
 336  2702.79
 337  5469.75
 338  6625.47
 339  6980.47
 340  6749.73
 341  5467.65
 342  3014.11
 343   998.485
 344  2747.43
 345  5958.92
 346  7249.93
 347  7290.9
 348  7123.03
 349  5629.14
 350  3218.97
 351  1169.46
 352  2939.5
 353  6175.27
 354  7817.06
 355  7765.83
 356  7748.6
 357  6337.42
 358  2958.46
 359  1129.37
 360  2505.09
 361  5377.98
 362  7036.97
 363  7134.33
 364  7190.17
 365  5624.34
 366  2398.22
 367   764.06
 368  1506.99
 369  2819.93
 370  3744.65
 371  3664.8
 372  3746.79
 373  2742.46
 374  1461.59
 375   492.755
 376   247.337
 377   433.206
 378   377.5
 379   498.872
 380   442.417
 381   355.069
 382   226.512
 383   171.429
 384   260.382
 385   335.651
 386   638.927
 387   604.459
 388   588.569
 389   349.543
 390   259.907
 391   134.878
 392  1502.9
 393  2788.88
 394  3029.08
 395  3557.11
 396  2904.68
 397  2319.81
 398  1043.86
 399   416.279
 400  2930.7
 401  4683.82
 402  5481.6
 403  5903.38
 404  5264.96
 405  3859.98
 406  1767.27
 407   725.775
 408  3172.26
 409  5537.52
 410  5594.56
 411  5964.37
 412  5422.64
 413  4153.17
 414  2017.15
 415   691.855
 416  3130.73
 417  5471.76
 418  5357.34
 419  6140.36
 420  5964.09
 421  4061.14
 422  1531.68
 423   602.786
 424  3235.79
 425  5499.19
 426  6532.28
 427  6129.02
 428  5552.39
 429  3775.14
 430  1823.86
 431   771.112
 432  1792.65
 433  2722.7
 434  3196.64
 435  3037.38
 436  2587.73
 437  1708.18
 438   924.965
 439   406.069
 440   401.24
 441   765.604
 442   481.842
 443   497.274
 444   325.593
 445   218.924
 446   186.677
 447   101.64
 448   397.759
 449   452.278
 450   606.617
 451   426.62
 452   369.372
 453   392.906
 454   233.006
 455    84.4962
 456  1364.82
 457  2261.95
 458  2519.47
 459  2246.41
 460  2113.02
 461  1670.27
 462   404.878
 463   244.68
 464  2874.68
 465  4441.67
 466  4475.58
 467  4407.71
 468  3815.32
 469  2017.46
 470  1017.1
 471   354.856
 472  2880.31
 473  4323.89
 474  4250.45
 475  4815.89
 476  3789.85
 477  2244.68
 478  1307.33
 479   570.157
 480  2957.31
 481  4759.34
 482  4260.48
 483  4487.81
 484  4179.76
 485  2307.48
 486  1055.41
 487   427.844
 488  3049.75
 489  4398.84
 490  4892.99
 491  5065.1
 492  4293.47
 493  2170.16
 494   918
 495   390.356
 496  1466.96
 497  2219.09
 498  2377.75
 499  2345.4
 500  1947.94
 501  1049.49
 502   671.539
 503   284.853
 504   322.632
 505   417.108
 506   596.526
 507   422.107
 508   207.765
 509   197.216
 510   257.426
 511   114.265
