This file was gnenerated on 2021-02-07 01:45:47.978570 by Grant Finneman. This contains the extracted data from the Gate simulations
The edep for each cube was summed up and printed to this file. The only math operation done has been addition.

  id       edep
   0    16.513
   1    10.6621
   2    23.3255
   3    21.6121
   4    15.752
   5    11.1876
   6    13.8658
   7     9.0507
   8   408.174
   9   933.339
  10   804.788
  11   328.916
  12   110.132
  13    49.3295
  14    40.385
  15    15.4672
  16   943.633
  17  1622.7
  18  1720.34
  19   678.361
  20   160.332
  21   117.633
  22    30.0501
  23    35.852
  24  1248.76
  25  1962.73
  26  1505.77
  27   508.231
  28    92.4985
  29    34.8605
  30    48.6875
  31    33.8461
  32   940.551
  33  1569.98
  34  1670.5
  35   564.147
  36    95.7189
  37    64.5714
  38    33.4773
  39    14.0389
  40   866.259
  41  1814.9
  42  1542.53
  43   468.977
  44    52.303
  45    34.9829
  46    29.7968
  47    16.4654
  48   484.847
  49   800.505
  50   795.037
  51   309.646
  52   103.638
  53    21.3585
  54    19.3247
  55    14.7064
  56     7.9399
  57    11.5222
  58    10.5127
  59    73.4506
  60    29.577
  61    23.1827
  62     7.821
  63     6.2551
  64    59.269
  65    88.2128
  66   102.166
  67   116.522
  68   121.047
  69    49.2448
  70    40.5553
  71    49.0717
  72   728.299
  73  1862.67
  74  2044.27
  75  1907.66
  76   977.464
  77   241.119
  78    99.4041
  79    22.3222
  80  1404.53
  81  3891.45
  82  4556.35
  83  3927.93
  84  1503.81
  85   291.07
  86   181.994
  87    51.8285
  88  2288.83
  89  4652.51
  90  5522.25
  91  4576.38
  92  2084.94
  93   423.254
  94   201.689
  95    91.3911
  96  1899.85
  97  4138.84
  98  5075.31
  99  4601.34
 100  2260.56
 101   454.745
 102   185.179
 103    51.8729
 104  1754.6
 105  3579.95
 106  4869.9
 107  4351.92
 108  1644.02
 109   375.158
 110   166.703
 111   100.179
 112   909.651
 113  2032.58
 114  2605.95
 115  1733.31
 116   732.183
 117   293.93
 118    99.2551
 119    43.3121
 120    52.5646
 121   114.398
 122   111.123
 123    83.1836
 124    99.4945
 125    57.4866
 126    46.2992
 127    18.5975
 128    72.9564
 129   100.527
 130   166.978
 131   151.72
 132   240.244
 133   166.05
 134   115.757
 135    75.6208
 136   923.853
 137  2305.52
 138  3047.44
 139  3394.43
 140  3254.02
 141  1747.64
 142   463.26
 143   179.586
 144  1769.37
 145  4484.09
 146  6545.91
 147  7022.01
 148  5964.76
 149  2869.6
 150   936.676
 151   247.065
 152  2188.66
 153  5473.84
 154  7515.66
 155  7457.91
 156  6400.69
 157  3589.71
 158  1018.7
 159   554.18
 160  1890.01
 161  5214.89
 162  6748.8
 163  7589.46
 164  6736.06
 165  3385.02
 166  1199.94
 167   382.314
 168  2049.86
 169  5349.19
 170  6569.37
 171  6981.06
 172  6587.96
 173  3277.29
 174  1174.82
 175   329.514
 176  1030.11
 177  2393.42
 178  3366.88
 179  3249.21
 180  3287.71
 181  1733.13
 182   578.855
 183   179.463
 184    46.2685
 185   115.092
 186   107.97
 187   191.939
 188   248.776
 189    96.1407
 190   105.931
 191    36.5313
 192    67.28
 193   125.192
 194   306.736
 195   322.629
 196   285.034
 197   348.175
 198   298.622
 199   136.246
 200   903.615
 201  2707.06
 202  3275.68
 203  3857.19
 204  3957.22
 205  3692.04
 206  2179
 207   726.044
 208  1874.51
 209  4848
 210  6452.55
 211  7967.8
 212  7854.19
 213  6610.96
 214  3706.14
 215  1511.98
 216  1748.46
 217  4943.77
 218  7782.87
 219  8703.57
 220  8857.97
 221  7634.68
 222  3966.16
 223  1470.5
 224  1543.45
 225  5279.44
 226  7518.31
 227  8895.3
 228  9021.36
 229  7080.04
 230  4064.67
 231  1424.84
 232  1811.28
 233  5333.99
 234  7057.4
 235  8053.7
 236  8727.1
 237  6929.5
 238  3795.22
 239   983.571
 240   949.235
 241  2965.07
 242  3840.37
 243  3660.96
 244  4216.16
 245  3411.3
 246  2239.85
 247   715.227
 248    93.6637
 249   202.971
 250   237.445
 251   267.976
 252   314.258
 253   359.129
 254   234.579
 255   118.043
 256    77.7745
 257   142.95
 258   338.863
 259   391.541
 260   382.788
 261   300.378
 262   374.428
 263   264.214
 264   298.479
 265  1492.25
 266  4051.19
 267  4316.84
 268  4118.26
 269  3704.95
 270  3639.04
 271  2180.08
 272   600.871
 273  3135.01
 274  6447.24
 275  7637.19
 276  8605.73
 277  8486.18
 278  6820.49
 279  3919.43
 280   658.657
 281  3174.14
 282  6827.46
 283  7644.24
 284  8700.5
 285  8035.51
 286  6912.65
 287  4210.95
 288   729.795
 289  2958.89
 290  6908.72
 291  8855.2
 292  8325.18
 293  8215.9
 294  6830.27
 295  3725.33
 296   582.422
 297  3236.71
 298  6860.75
 299  8445.41
 300  8457.34
 301  7781.16
 302  6768.2
 303  3985.17
 304   329.544
 305  1798.55
 306  3800.12
 307  4469.13
 308  4651.5
 309  4084.31
 310  3386.54
 311  2176.54
 312    44.9743
 313   207.766
 314   259.177
 315   281.818
 316   626.217
 317   672.057
 318   435.617
 319   289.859
 320    47.0391
 321   108.47
 322   285.663
 323   287.125
 324   292.022
 325   433.82
 326   486.14
 327   434.849
 328   162.987
 329   465.051
 330  2048.13
 331  3717.01
 332  4438.24
 333  3672.5
 334  3622.13
 335  2565.69
 336   230.492
 337   885.709
 338  3476.32
 339  6820.57
 340  7610.97
 341  6929.6
 342  6658.76
 343  5399.78
 344   228.385
 345   905.759
 346  3664.69
 347  7068.59
 348  7954.33
 349  7675.23
 350  6881.4
 351  5214.91
 352   370.763
 353   944.944
 354  3552.18
 355  7313.61
 356  8577.9
 357  8311.11
 358  6907.59
 359  5626.86
 360   364.343
 361   809.783
 362  3281.88
 363  6613.29
 364  8031.11
 365  7827.46
 366  6761.73
 367  5243.57
 368   256.494
 369   322.945
 370  1771.63
 371  3838.22
 372  4493.11
 373  4332.65
 374  3661.07
 375  2699.99
 376    43.7506
 377   205.06
 378   196.19
 379   411.322
 380   496.471
 381   520.769
 382   637.515
 383   495.125
 384    41.1704
 385    54.4544
 386   129.51
 387   315.717
 388   303.915
 389   440.981
 390   406.589
 391   428.712
 392    92.7905
 393   184.362
 394   593.383
 395  1545.74
 396  3147.69
 397  3718.49
 398  3204.77
 399  2853.37
 400   195.96
 401   348.816
 402  1141.86
 403  2821.18
 404  5913.55
 405  6717.54
 406  6087.13
 407  5330.43
 408   147.374
 409   475.08
 410  1053.43
 411  2900.99
 412  5696.67
 413  7305.33
 414  7365.53
 415  4974.19
 416   156.914
 417   382.295
 418  1172.13
 419  3080.34
 420  7008.03
 421  7977.61
 422  7180.12
 423  5634.97
 424   239.14
 425   317.849
 426  1046.98
 427  3059.25
 428  6054.72
 429  6942.01
 430  6634.29
 431  4992.79
 432    84.5074
 433   279.785
 434   647.364
 435  2029.91
 436  3715.88
 437  3777.84
 438  3515.86
 439  2698.16
 440    24.9344
 441    71.4034
 442   221.145
 443   325.522
 444   413.006
 445   540.847
 446   565.608
 447   288.261
 448    19.8531
 449    60.9895
 450    55.8769
 451   169.383
 452   338.352
 453   566.437
 454   491.43
 455   395.343
 456    52.1666
 457   134.461
 458   215.151
 459   561.386
 460  1094.32
 461  2552.32
 462  2511.75
 463  2153.23
 464   100.708
 465   233.503
 466   431.774
 467  1161.08
 468  2350.01
 469  4378.8
 470  4914.84
 471  4597.45
 472    96.9367
 473   258.828
 474   633.507
 475  1338.47
 476  2269.02
 477  4249.03
 478  5679.01
 479  4819.37
 480   112.371
 481   240.702
 482   551.666
 483   941.714
 484  2755.33
 485  4676.46
 486  6233.87
 487  5205.7
 488    91.7536
 489   135.762
 490   346.398
 491   858.929
 492  2012.43
 493  4558.91
 494  5604.84
 495  4627
 496    28.5794
 497   104.226
 498   281.25
 499   531.492
 500  1280.87
 501  2718.57
 502  2779.22
 503  2449.75
 504    25.4726
 505    51.6018
 506    98.3564
 507   195.626
 508   217.729
 509   333.354
 510   310.79
 511   263.965
