This file was gnenerated on 2021-02-07 01:42:31.965575 by Grant Finneman. This contains the extracted data from the Gate simulations
The edep for each cube was summed up and printed to this file. The only math operation done has been addition.

  id        edep
   0      2.0807
   1      4.2878
   2      5.5742
   3      4.4475
   4      2.6673
   5      3.0484
   6      4.6872
   7      1.3783
   8      5.8473
   9      4.1566
  10      9.1633
  11      6.4636
  12      3.1225
  13     11.3499
  14     13.2784
  15      7.7542
  16      4.9998
  17      7.1706
  18      8.4088
  19      8.1665
  20     13.8839
  21      9.4403
  22     10.3041
  23     24.5889
  24     11.9033
  25     27.1995
  26      6.5714
  27     16.3131
  28     23.5068
  29     15.1168
  30      9.7934
  31     53.5017
  32      6.5381
  33      5.8477
  34     11.148
  35     11.9568
  36     18.6299
  37     10.5885
  38     33.2306
  39     26.7315
  40      3.2533
  41      4.2777
  42      9.3978
  43     33.3199
  44     21.9924
  45     29.0821
  46     12.2949
  47     10.3884
  48      1.8182
  49     22.9987
  50      4.2244
  51      8.2579
  52     27.5631
  53     10.3683
  54     11.893
  55      3.5435
  56      1.576
  57      2.5565
  58      6.8359
  59      5.7681
  60     10.0226
  61     10.5193
  62      6.3075
  63      8.4408
  64      5.6025
  65      8.4832
  66     11.388
  67     20.1355
  68     11.3159
  69     10.1964
  70     21.5306
  71     10.5356
  72      7.8163
  73     10.5715
  74     17.8744
  75     15.1562
  76     15.3398
  77     15.252
  78     27.0987
  79     32.3831
  80     12.5918
  81     43.9679
  82     23.4899
  83     27.0571
  84     48.1536
  85     72.7791
  86     61.0767
  87     51.9778
  88     13.2801
  89     11.1169
  90     39.2693
  91    104.554
  92     41.9659
  93     31.9322
  94     37.1494
  95    103.548
  96     16.15
  97     20.2504
  98     25.1679
  99    123.058
 100     54.1555
 101     78.8233
 102     46.3434
 103     37.3796
 104     20.1402
 105     23.0186
 106     30.606
 107     65.7441
 108     43.6377
 109     59.6401
 110     42.862
 111     31.6768
 112      4.9302
 113     13.5853
 114     26.0972
 115     20.7822
 116     16.2611
 117     80.1364
 118     19.3454
 119     25.8925
 120      5.2202
 121     11.2531
 122      8.3245
 123     13.7081
 124     31.3003
 125     47.1126
 126     12.121
 127      5.2253
 128     11.528
 129      7.6341
 130     16.7196
 131     49.2388
 132     67.8281
 133     76.6891
 134     55.8573
 135     27.5313
 136    323.824
 137    669.719
 138    581.365
 139    427.645
 140    228.896
 141    205.177
 142    250.295
 143    155.839
 144    590.886
 145   1036.87
 146    709.711
 147    346.44
 148    398.86
 149    359.681
 150    404.252
 151    319.479
 152    620.495
 153    992.263
 154   1026.44
 155    711.046
 156    502.187
 157    618.008
 158    356.204
 159    258.677
 160    577.753
 161   1233.33
 162   1227.9
 163    669.436
 164    589.024
 165    583.529
 166    525.04
 167    325.451
 168    559.768
 169   1021.23
 170    942.214
 171    663.589
 172    347.852
 173    354.75
 174    349.889
 175    321.065
 176    398.229
 177    550.251
 178    326.978
 179    209.825
 180    234.172
 181    184.308
 182    147.893
 183    154.746
 184     20.4973
 185     11.8092
 186     20.1403
 187     18.7888
 188     35.281
 189     38.4481
 190     66.8261
 191     58.7699
 192     18.5971
 193     11.1295
 194     49.9661
 195    105.818
 196    211.445
 197    199.265
 198    167.215
 199    136.888
 200    752.246
 201   1814.81
 202   3240.64
 203   4108.3
 204   4201.32
 205   3306.18
 206   3124.23
 207   2075.85
 208   1609.02
 209   3961.99
 210   6350.05
 211   7677.68
 212   7871.36
 213   6098.85
 214   5481.22
 215   3710.28
 216   1551.82
 217   3987.66
 218   6165.38
 219   7526.37
 220   7883.76
 221   7491.58
 222   5819.9
 223   4158.1
 224   1376.45
 225   3696.64
 226   6304.31
 227   7523.25
 228   7731.01
 229   7298.64
 230   5344.27
 231   3652.96
 232   1478.93
 233   4163.55
 234   6460.81
 235   7786.99
 236   7776.11
 237   7637.22
 238   6047.92
 239   3332.75
 240    661.113
 241   2357.1
 242   3624.22
 243   4544.06
 244   4623.08
 245   3577.7
 246   2742.68
 247   1969.73
 248      7.6825
 249     34.0914
 250     87.9212
 251    179.35
 252    162.774
 253    300.696
 254    220.021
 255    251.483
 256     15.3736
 257     26.6926
 258    149.234
 259    138.747
 260    333.968
 261    290.276
 262    465.258
 263    429.469
 264    311.885
 265   1001.22
 266   2463.99
 267   3917.07
 268   5067.82
 269   6158.24
 270   6962.18
 271   6249.19
 272    472.014
 273   1845.46
 274   3925.32
 275   7169.47
 276   9678.88
 277  11256.6
 278  12252.6
 279  11128.8
 280    482.338
 281   2108.21
 282   4190.95
 283   6826.57
 284  10136.2
 285  12442.5
 286  13466.1
 287  12227.4
 288    495.93
 289   1890.03
 290   4371.06
 291   7103.19
 292  10166.5
 293  12351
 294  12577.4
 295  11665.2
 296    453.059
 297   2053.01
 298   4533.92
 299   7383.07
 300  10291.5
 301  12230.2
 302  12768
 303  11908.8
 304    226.762
 305    994.65
 306   2327.53
 307   4284.39
 308   5884.79
 309   6430.89
 310   6373.43
 311   6338.84
 312     13.9812
 313     27.7132
 314     87.5253
 315    208.247
 316    279.649
 317    347.93
 318    366.615
 319    382.724
 320      9.5616
 321     28.0919
 322     48.729
 323     65.3708
 324    171.485
 325    264.233
 326    291.473
 327    303.481
 328     30.2971
 329     44.1317
 330     79.609
 331    331.655
 332    692.519
 333   1710.15
 334   2607.39
 335   2820.21
 336     62.1475
 337    110.847
 338    284.068
 339    652.818
 340   1281.72
 341   3147.78
 342   5350.83
 343   6266.29
 344     36.9849
 345    134.65
 346    326.814
 347    544.324
 348   1566.68
 349   2966.08
 350   5462.91
 351   6241.14
 352     43.8165
 353     96.8499
 354    350.745
 355    547.652
 356   1336.78
 357   3203.14
 358   4765.37
 359   5603.94
 360     31.1921
 361     52.0618
 362    346.581
 363    545.665
 364   1443.61
 365   3072.75
 366   5074.33
 367   5848.56
 368     14.2593
 369     57.9719
 370    210.17
 371    263.849
 372    750.805
 373   1476.24
 374   2363.26
 375   3191.91
 376      9.9604
 377     28.1845
 378     50.3812
 379     54.9973
 380     78.6045
 381    237.995
 382    181.214
 383    257.035
 384     11.6171
 385     10.0419
 386     38.5697
 387     33.0872
 388     60.1517
 389     73.0627
 390     91.4082
 391    119.443
 392     19.1722
 393     11.6644
 394     20.0166
 395     74.2707
 396     84.1822
 397    123.572
 398    182.071
 399    374.761
 400     23.9427
 401     22.2057
 402     81.6339
 403     66.84
 404    108.4
 405    290.23
 406    410.042
 407    465.445
 408     18.7642
 409     27.8098
 410     73.3525
 411     99.8209
 412    168.585
 413    266.266
 414    517.891
 415    587.892
 416     16.6762
 417     22.3664
 418     32.1141
 419     76.9594
 420    138.203
 421    231.351
 422    445.635
 423    676.279
 424     18.9948
 425     68.3324
 426     70.6101
 427    105.519
 428    131.457
 429    264.08
 430    448.713
 431    535.701
 432      6.348
 433     25.1516
 434     54.5305
 435     35.2246
 436     89.0742
 437    146.881
 438    215.982
 439    400.296
 440      3.6063
 441      6.2371
 442      9.9636
 443     19.9569
 444     36.0803
 445     45.7767
 446     90.1642
 447    151.278
 448      1.9661
 449     16.1651
 450     15.3086
 451     10.6586
 452     12.2054
 453     23.6597
 454      8.471
 455     66.9137
 456      8.6172
 457      6.4966
 458      6.2534
 459     17.7123
 460     12.0242
 461     30.0579
 462     42.8941
 463     21.987
 464      5.0625
 465      8.095
 466     30.3274
 467     16.8345
 468     71.8337
 469     86.3594
 470     49.2853
 471     52.0658
 472     19.9901
 473     11.6747
 474     15.7396
 475     55.5328
 476     91.0103
 477     48.6569
 478     68.6242
 479     76.2523
 480     34.7937
 481     12.042
 482     19.8082
 483     49.2642
 484     26.6891
 485     29.5512
 486     69.7876
 487     80.5453
 488      9.5027
 489     18.1869
 490     17.3652
 491     30.6052
 492     53.1789
 493     42.4169
 494     68.3278
 495     62.9701
 496      9.9971
 497     12.3842
 498     13.8756
 499     10.4181
 500     59.9482
 501     24.1928
 502     67.5654
 503     51.8133
 504      7.1166
 505      6.6718
 506      9.5415
 507     14.4685
 508      8.1144
 509     23.2302
 510     31.8339
 511     42.0741
