This file was gnenerated on 2021-02-07 01:43:51.095054 by Grant Finneman. This contains the extracted data from the Gate simulations
The edep for each cube was summed up and printed to this file. The only math operation done has been addition.

  id        edep
   0     36.2821
   1     52.105
   2     94.6687
   3    129.976
   4    181.865
   5    327.268
   6    545.418
   7    391.443
   8     67.7439
   9    149.183
  10    269.327
  11    468.518
  12    791.023
  13   1786.87
  14   2847.88
  15   2853.07
  16    105.574
  17    215.098
  18    234.686
  19    618.796
  20   1354.72
  21   3231.45
  22   5150.81
  23   4815.23
  24     62.7174
  25    150.179
  26    362.537
  27    715.142
  28   1772.69
  29   3526.88
  30   5497.91
  31   5457.2
  32     68.2621
  33    168.352
  34    287.163
  35    523.941
  36   1923.61
  37   3547.17
  38   5394.06
  39   4939.19
  40     70.1283
  41    130.129
  42    220.58
  43    628.596
  44   1368.86
  45   3538.68
  46   5626.24
  47   4795.85
  48     52.3065
  49    170.929
  50    162.318
  51    359.355
  52    838.342
  53   2223.84
  54   3365.14
  55   2628.12
  56     24.1819
  57     64.334
  58     83.0823
  59     93.8739
  60    166.279
  61    415.741
  62    570.697
  63    547.315
  64     78.0665
  65    116.173
  66     99.5476
  67    267.124
  68    425.863
  69    574.541
  70    664.761
  71    439.631
  72    116.829
  73    191.103
  74    408.483
  75   1143.11
  76   2586.28
  77   3904.41
  78   3812.67
  79   2893.81
  80    113.355
  81    330.494
  82    792.036
  83   2099.37
  84   4845.23
  85   7110.3
  86   7447.75
  87   5696.35
  88    182.696
  89    294.984
  90    769.832
  91   2356.51
  92   5408.84
  93   8098.67
  94   7229.87
  95   5523.94
  96    140.265
  97    280.193
  98    860.398
  99   2064.35
 100   5203.53
 101   7642.16
 102   7165.5
 103   5428.43
 104    108.867
 105    258.101
 106    721.817
 107   2014.73
 108   4450.83
 109   7537.11
 110   7158.24
 111   5661.77
 112     95.063
 113    206.885
 114    596.432
 115   1217.21
 116   2890.74
 117   4147.42
 118   4064.36
 119   3348.18
 120     56.3305
 121    129.242
 122    160.575
 123    178.589
 124    411.298
 125    497.368
 126    474.647
 127    532.431
 128     42.9981
 129    117.377
 130    190.671
 131    517.337
 132    647.424
 133    747.613
 134    515.965
 135    384.4
 136    170.936
 137    367.609
 138   1363.3
 139   3369.89
 140   5040.87
 141   5175.7
 142   3642.17
 143   2531.7
 144    250.946
 145    617.507
 146   2522.68
 147   6189.16
 148   9602.53
 149   9153.81
 150   7278.72
 151   5271.92
 152    171.135
 153    841.532
 154   2455.93
 155   6117.39
 156   9589.46
 157  10127.4
 158   8592.29
 159   5421.95
 160    265.015
 161    565.57
 162   2430.22
 163   6564.7
 164   9836.59
 165   9351.26
 166   8471.67
 167   5813.6
 168    203.343
 169    665.117
 170   2009.78
 171   5820.31
 172   8259.38
 173   8702.27
 174   7519.67
 175   5087.61
 176    254.643
 177    407.253
 178   1138.88
 179   2730.09
 180   4370.15
 181   4472.72
 182   4295.98
 183   3257.21
 184     40.6388
 185     68.9356
 186    151.597
 187    374.696
 188    454.902
 189    531.946
 190    512.729
 191    454.792
 192     98.1674
 193    155.758
 194    330.017
 195    446.124
 196    579.121
 197    571.74
 198    318.298
 199    217.686
 200    269.566
 201   1185.57
 202   3362.48
 203   5212.44
 204   5153.01
 205   4616.06
 206   2608.74
 207   1259.37
 208    522.808
 209   2362.2
 210   7070.85
 211  10295.1
 212   9939.4
 213   8943.51
 214   6289.13
 215   2660.81
 216    357.861
 217   2189.68
 218   6324.53
 219   9820
 220  10524.5
 221   9616.74
 222   6661.23
 223   3016.17
 224    478.975
 225   2422.97
 226   7208.12
 227   9865.61
 228  10105.2
 229   9403.43
 230   6566.54
 231   3326.63
 232    580.872
 233   2157.22
 234   6395.24
 235   9106.35
 236   9336.93
 237   8298.93
 238   6227.33
 239   3055.38
 240    247.851
 241   1158.5
 242   3200.97
 243   5011.02
 244   5011.4
 245   4874.5
 246   3594.44
 247   1899.25
 248     61.1393
 249     94.9456
 250    223.459
 251    442.456
 252    340.289
 253    624.298
 254    384.906
 255    322.872
 256     59.5262
 257    185.483
 258    386.688
 259    499.573
 260    585.701
 261    379.932
 262    192.243
 263    219.207
 264    786.563
 265   2500.71
 266   4611.45
 267   5033.11
 268   4047.73
 269   2816.66
 270   1252.91
 271    373.396
 272   1390.39
 273   5448.29
 274   9305.83
 275  10646.6
 276   9585.41
 277   6031.48
 278   2847.75
 279    864.511
 280   1267.4
 281   5537.76
 282   8649.47
 283   9693.58
 284  10001.7
 285   7055.74
 286   3138.99
 287    863.395
 288   1608.12
 289   5981.52
 290   9349.27
 291   9604.66
 292   9719.71
 293   6993.71
 294   3160.09
 295   1201.2
 296   1603.94
 297   5853.96
 298   8705.96
 299   9410.21
 300   8433.76
 301   5867.59
 302   2746.52
 303   1040.76
 304    653.397
 305   2541.84
 306   4331.16
 307   5515.06
 308   4737.74
 309   3319.61
 310   1176.18
 311    451.943
 312    110.531
 313    163.995
 314    252.765
 315    308.391
 316    489.901
 317    327.009
 318    228.008
 319    111.35
 320     54.9187
 321     83.6063
 322    341.227
 323    323.195
 324    262.648
 325    154.997
 326    115.099
 327     55.3045
 328   1280.12
 329   3029.34
 330   4486.67
 331   4479.01
 332   2625.64
 333   1030.95
 334    326.691
 335    167.359
 336   2265.7
 337   5920.99
 338   7833.87
 339   8320.53
 340   6072.01
 341   2048.33
 342    723.809
 343    272.776
 344   2431.65
 345   6226.22
 346   8497.79
 347   8935.17
 348   6127.94
 349   2199.64
 350    845.474
 351    245.231
 352   2892.51
 353   5979.8
 354   8151.62
 355   9431.03
 356   6118.55
 357   2295.82
 358    944.101
 359    313.206
 360   2214.91
 361   5953.57
 362   8167.27
 363   8804.05
 364   5879.69
 365   1806.29
 366    577.456
 367    203.311
 368   1233.18
 369   3321.23
 370   4177.92
 371   4504.47
 372   3069.15
 373    968.302
 374    316.777
 375    150.941
 376     91.305
 377    196.98
 378    155.059
 379    220.25
 380    131.888
 381    116.671
 382     94.0467
 383     40.2008
 384     50.6475
 385     56.664
 386    146.635
 387    110.112
 388    116.474
 389     68.9634
 390     50.1926
 391     27.3847
 392   1137.04
 393   2905.2
 394   3328.1
 395   2221.83
 396    532.275
 397    270.512
 398     70.5111
 399     34.8426
 400   1918.44
 401   4762.65
 402   5856.44
 403   4006.33
 404   1015.73
 405    321.216
 406    132.446
 407     97.2443
 408   2243.18
 409   5396.61
 410   6632.66
 411   4089.86
 412   1139.35
 413    388.367
 414    216.57
 415     73.4025
 416   2316.17
 417   5475.82
 418   6662.15
 419   3950.17
 420   1191.1
 421    404.658
 422    260.045
 423     74.097
 424   2168.66
 425   4516.77
 426   5339.54
 427   3176.26
 428    773.915
 429    247.266
 430    188.464
 431     70.1237
 432   1163.8
 433   2764.4
 434   3143.41
 435   1892.56
 436    505.899
 437    161.418
 438     62.4596
 439     48.9325
 440     55.1827
 441     58.6463
 442    107.328
 443     67.3118
 444     38.8866
 445     43.8947
 446     28.0783
 447     16.0461
 448     22.4433
 449     10.3262
 450     15.7258
 451     25.2191
 452     20.907
 453     22.2357
 454     10.9278
 455     12.2125
 456    616.242
 457    980.856
 458    676.76
 459    215.779
 460     60.6609
 461     60.8239
 462     15.1551
 463     16.2058
 464   1152.25
 465   1914.33
 466   1278.84
 467    196.01
 468     68.2598
 469     41.4845
 470     20.9254
 471     18.8387
 472   1286.86
 473   2401.51
 474   1546.96
 475    312.424
 476    100.355
 477     69.4377
 478     48.4393
 479     14.4601
 480   1107.86
 481   2117.22
 482   1337.28
 483    359.169
 484    147.075
 485    125.031
 486     74.9336
 487     23.2041
 488   1094.54
 489   1904.68
 490   1010.66
 491    262.99
 492     64.2433
 493     39.0637
 494     51.9387
 495     26.1544
 496    526.034
 497    982.017
 498    514.527
 499    205.162
 500     39.5303
 501     31.4657
 502     44.2981
 503     34.117
 504     16.0032
 505     13.6666
 506     20.5999
 507     13.6267
 508     30.5085
 509     11.4523
 510     23.4047
 511      9.7795
