3021 4116 7096 12810 466 2375 6013 2238
7580 4726 755 1396 16441 6987 1186 4251
1682 9139 1519 5530 6422 4119 3156 6144
4809 2297 2055 7554 4950 6023 4873 2499
3472 8685 13564 6197 2120 4217 475 3463
3511 13276 9363 10909 9541 8765 4423 2236
8826 8237 805 11313 2082 1460 3910 2521
6077 1398 12153 6348 16388 3665 16644 534
744 2771 9088 25465 26050 16808 5527 7438
1604 8070 25839 66926 23076 25752 2564 7561
1234 2952 13063 60646 17766 26633 8741 7226
1241 2020 8527 52136 4912 29737 1628 1456
3002 14362 2318 61694 8088 33086 9014 4312
3213 3232 14452 76728 13402 17813 10747 3589
3535 2064 8538 43882 37621 2443 4793 4160
1592 4693 3544 21355 9184 1242 10221 6879
8022 3349 18061 55066 26283 40010 1128 1034
3611 192 13822 80913 30718 36824 4884 2460
11636 1388 16539 84762 17086 50799 1136 5368
3345 458 4461 85371 8424 57419 11827 272
783 3505 44754 46658 28814 31028 11043 3715
149 1170 14597 98933 33637 28342 4220 812
8536 7779 3432 55748 40823 12574 307 8194
377 8607 4771 27620 19803 1580 5499 6743
5894 14527 17920 54701 37779 972 34028 699
2996 3246 12217 86302 35065 55996 27707 2177
5793 11738 2521 113108 35430 27961 37368 5543
6728 5499 1558 122293 51667 2141 17903 19714
3261 5072 3107 107068 65965 15384 13264 15665
4301 12419 3506 116855 81838 74511 29082 187
2545 825 9411 60233 44178 32730 3627 15793
3824 4129 12277 30868 28301 3297 5820 2418
1161 19739 6514 40258 70293 19580 23560 6636
9297 14020 34105 34942 136972 2540 39363 5402
8649 20109 17740 66287 95072 1742 26523 3043
10536 25448 26532 73386 68959 10780 10273 11082
2436 18137 30656 100545 129859 4518 23623 10823
9679 5962 41258 30209 164759 6197 11720 257
13762 21188 32858 61829 125592 29839 5254 6530
5838 11360 502 14618 60595 2707 6716 8213
1061 4872 28011 19483 97044 11605 93 7712
8357 2298 29944 39731 92191 21292 3008 6356
2601 2935 50330 22123 108302 47271 1463 8311
5789 1959 60166 19213 99795 15901 1274 4055
3404 6275 20902 25311 64305 13995 3672 205
4340 2476 15105 50848 65825 11981 6960 7766
6832 4736 15597 60437 41380 6771 331 5477
3008 3548 7066 14921 39023 6245 1550 3189
5417 3145 21206 9357 41898 6761 6358 6451
1401 4764 39238 25442 75018 26867 3804 3288
7186 1610 28748 29643 73585 11771 9965 9110
2926 5756 14134 25985 64166 18652 6295 6312
9061 37 23962 2518 52364 6269 6489 4197
1623 1198 14137 28048 70986 20856 8338 8415
3082 1697 5772 22281 55001 10533 13426 2869
9378 3850 1204 2263 20463 15158 1958 4026
2668 7973 3695 1532 13803 1750 7356 3748
16160 2955 7071 11378 11289 469 8040 2549
13264 939 3552 2041 15545 3683 10933 7358
2806 3231 1945 6736 13278 6450 2823 1541
7342 2756 1599 5514 11419 5582 4111 11039
7335 6280 8351 11545 4971 11367 2078 2589
4588 5290 10219 3134 4975 654 1319 2110
466 5351 8996 1548 6433 5796 3019 2612
