#################################### 
# Matrix Size= (400,400,400)
# Resol      = (1,1,1000)
# VoxelSize  = (400,400,0.4)
# nbVal      = 1000
#################################### 
133.8356353
193.8123095
272.597365
360.1441857
464.9489471
525.0316178
604.7937951
684.4885605
761.1936345
853.1085017
935.3824556
1003.526728
1097.021127
1184.352466
1222.256184
1298.377943
1369.442568
1460.046511
1573.14677
1612.658756
1687.708596
1736.850094
1817.132994
1857.596632
1949.914923
2031.287941
2116.521105
2211.959265
2294.998289
2354.427724
2386.550743
2475.47571
2555.425315
2580.532612
2648.442681
2733.190084
2779.84385
2847.000084
2874.652206
3001.695029
3095.510409
3125.766773
3202.069923
3247.938986
3330.42996
3353.708981
3376.468081
3535.936873
3573.147053
3625.120386
3655.850119
3740.427992
3814.132876
3848.400818
3927.839715
4034.366781
4051.856178
4137.43529
4217.233652
4148.234956
4205.641889
4243.982721
4369.0057
4394.390733
4427.189973
4479.087789
4627.953055
4592.513158
4603.072837
4668.496432
4682.475207
4774.590904
4798.563711
4772.94632
4872.038098
4877.792354
4945.995251
4986.448827
5041.346944
5041.926589
5148.717287
5066.945929
5024.576012
5199.186026
5210.832584
5252.428388
5294.427316
5354.418423
5295.651439
5373.950802
5438.42727
5573.285056
5479.514913
5520.82428
5352.505132
5487.789509
5467.406226
5560.707035
5580.503447
5550.672416
5582.008945
5506.960595
5563.74071
5538.1151
5653.456237
5554.850426
5627.9973
5672.698601
5586.293001
5628.399599
5677.060426
5677.457766
5650.812345
5711.094733
5691.665673
5737.438758
5623.477267
5700.373489
5655.917399
5676.995277
5775.992576
5686.958962
5721.055406
5737.493406
5739.154218
5730.19669
5648.423879
5768.558009
5844.242701
5707.046932
5714.549556
5674.983768
5686.334787
5722.843461
5684.969763
5763.344469
5710.744134
5667.19251
5676.119178
5531.654139
5690.024099
5691.01078
5728.025953
5741.777595
5611.557751
5689.103928
5783.13701
5685.394535
5822.155396
5586.212152
5703.11318
5750.477023
5742.957645
5667.597558
5763.184053
5797.613613
5685.605108
5727.121882
5687.904907
5699.24328
5606.011403
5583.197067
5687.159775
5689.168862
5598.119016
5668.585632
5696.492495
5652.107732
5629.464847
5569.96467
5715.913684
5618.149915
5460.214153
5616.327923
5720.79001
5680.755851
5618.607948
5693.406077
5620.6818
5544.105441
5674.784309
5609.723887
5606.76217
5544.593898
5535.571026
5550.782449
5614.008412
5543.35066
5604.088987
5662.570232
5634.301225
5578.862099
5552.239136
5552.720203
5580.490776
5531.235354
5572.968049
5668.596205
5626.858778
5578.357866
5624.308318
5598.500042
5471.784446
5550.90336
5637.988002
5568.269311
5578.191504
5697.828109
5493.991993
5485.278007
5567.183804
5492.838109
5593.097557
5457.141305
5663.361176
5543.915395
5619.788454
5524.713848
5488.882573
5509.247733
5501.054645
5491.349185
5478.472961
5470.797602
5527.933047
5523.281347
5465.142172
5439.982177
5564.679636
5457.412364
5473.010824
5475.072656
5424.074058
5353.152097
5468.998487
5494.717839
5522.504269
5409.127014
5468.876462
5537.7946
5476.344833
5476.689394
5427.10156
5414.454732
5449.96879
5444.850561
5491.383016
5371.284032
5360.850929
5348.154414
5456.96916
5370.492176
5465.110676
5477.105922
5320.098316
5469.414906
5456.192338
5403.659547
5450.460147
5501.1198
5438.019451
5320.059687
5406.948603
5399.151098
5383.148268
5380.122581
5405.248507
5465.11657
5355.538204
5417.18655
5331.336307
5305.191669
5333.841336
5420.11494
5359.176759
5337.913599
5289.331103
5320.037292
5380.638145
5291.181941
5343.130149
5174.36501
5309.254364
5350.324268
5310.073497
5309.601436
5168.913821
5222.295951
5231.031488
5277.120459
5423.291572
5259.01835
5345.748258
5320.33181
5281.17638
5353.660322
5315.562261
5348.251288
5291.506213
5247.65473
5299.585207
5261.312298
5202.928711
5274.71393
5146.27531
5262.883098
5236.945573
5205.252319
5180.910802
5358.24572
5251.006259
5192.400506
5186.819029
5178.487596
5147.939642
5190.529874
5161.523609
5122.907416
5220.325307
5164.10015
5224.598207
5160.565843
5187.311869
5150.160651
5220.567676
5111.650487
5150.458358
5246.43936
5235.772916
5192.881422
5228.810569
5179.840698
5195.651518
5168.237336
5120.715445
5185.274985
5105.092017
5152.444894
5055.662295
5132.938241
5119.815034
5133.534219
5203.610947
5088.491866
5077.821086
5124.811954
5174.518369
5125.959424
5130.51414
5021.758882
5136.276405
5130.693441
5059.771413
5047.289969
5128.134676
5141.857863
5059.782843
5052.389686
5166.919719
5129.419507
5013.361896
5104.785285
5134.076901
5013.298086
5062.099978
5202.13795
5016.08744
5007.52106
5092.942611
5042.192387
5079.590278
5031.414637
4968.411
5034.849394
4965.480378
5015.239295
4902.189495
5042.268607
4895.382062
5001.820318
4953.913159
4951.169284
4967.187108
5035.585301
5110.929864
5081.805709
5049.585816
4993.850924
5098.709468
5067.213827
4967.221125
4984.432992
5021.069478
5004.335014
5038.376543
5022.8842
5061.203889
5024.595495
4985.259719
5074.336935
4998.325845
4967.590127
4984.736555
4993.37891
4872.642994
4959.900901
5002.427644
4931.136586
5031.947553
5054.845052
4980.57593
5002.23945
4928.141078
4982.2211
4946.272381
4992.199226
5006.656308
4917.268937
4942.503108
4917.480031
4924.407756
4886.73813
4921.273213
4925.666782
4803.756369
4997.459373
4838.192589
4882.616629
4927.12832
4955.359144
4919.537401
4816.525027
4860.997279
4869.203122
4771.356753
4952.302669
4916.386935
4896.355344
4907.025235
4895.510157
4957.280248
4889.388902
4816.930819
4879.177225
4974.223937
4909.701018
4881.029726
4820.080829
4866.625976
4804.671313
4925.438492
4728.466401
4864.678606
4844.373663
4803.216352
4697.07784
4907.678984
4903.920539
4855.735731
4881.057522
4931.648287
4830.22017
4822.791084
4772.083094
4776.03995
4859.268694
4824.859309
4859.643582
4830.129356
4768.091728
4896.777212
4836.07615
4865.360535
4843.880161
4820.798748
4788.982018
4709.698883
4713.635108
4716.224494
4659.584943
4769.269434
4743.321847
4690.699869
4754.722733
4702.54338
4737.389658
4804.162588
4684.39572
4841.76399
4840.957571
4689.980838
4778.225083
4700.393009
4748.913041
4668.087372
4678.102567
4730.368524
4596.074517
4583.761969
4637.116925
4677.175102
4616.813704
4698.604063
4734.871856
4628.611123
4627.510414
4662.821076
4679.386536
4624.916902
4656.283742
4618.906285
4712.224166
4610.196703
4729.914011
4703.529781
4657.246853
4664.975706
4613.47999
4658.715205
4577.824262
4524.606676
4569.345074
4561.17395
4604.777306
4545.813609
4605.485628
4661.85348
4641.145684
4601.822784
4639.40307
4623.853267
4539.370269
4556.888276
4605.088942
4514.741002
4522.776261
4556.106915
4512.238591
4598.810714
4594.185959
4536.374401
4592.536336
4524.072179
4480.379162
4583.764319
4491.598354
4587.917416
4565.260186
4603.04536
4524.346665
4482.878266
4489.788659
4554.596392
4533.496578
4489.172697
4457.669158
4453.812913
4452.417544
4480.035861
4400.200619
4501.578834
4520.148486
4503.878645
4518.728053
4452.467272
4521.879827
4537.786678
4491.993361
4432.895723
4460.157022
4496.936622
4487.546083
4456.27315
4438.451223
4457.042495
4473.213063
4432.814976
4562.252862
4533.209018
4594.763442
4483.410931
4494.523914
4501.4371
4507.564772
4467.669334
4578.904174
4447.609703
4437.502688
4421.49306
4434.493891
4384.565858
4348.809979
4356.264512
4361.95298
4397.365689
4429.424843
4513.938544
4403.754634
4396.840093
4400.697913
4466.834824
4380.788606
4517.014006
4315.295866
4275.675923
4440.256365
4344.046308
4495.630599
4485.983426
4355.523042
4260.95845
4278.384694
4320.513457
4367.219245
4384.48935
4441.288773
4392.271808
4453.08967
4317.123254
4378.167971
4418.327742
4415.327802
4304.533182
4400.330989
4381.665043
4299.68551
4463.224368
4392.892496
4373.592867
4358.981081
4368.86578
4329.157623
4242.372355
4301.683483
4396.891014
4388.701489
4367.817193
4358.91852
4391.29224
4325.456429
4332.206798
4293.933611
4259.195588
4253.446087
4215.071561
4322.647278
4352.624405
4327.173452
4307.205348
4294.098027
4225.750105
4353.842457
4266.112314
4291.227965
4244.885568
4316.775946
4364.005086
4323.248355
4265.162296
4301.445083
4217.98661
4161.374732
4234.129667
4214.773859
4328.233775
4370.13184
4264.664871
4259.917288
4287.53643
4200.569514
4233.337427
4189.330451
4247.393459
4126.625401
4231.432641
4256.437166
4190.374235
4200.193169
4125.712373
4139.058748
4220.247017
4146.595019
4143.789192
4178.172485
4146.007204
4201.151271
4140.628755
4190.879683
4166.581037
4186.780653
4157.631192
4154.418695
4195.214555
4143.485036
4102.531712
4176.975632
4088.914711
4205.217441
4094.399763
4136.797637
4109.415637
4167.351791
4104.903732
4176.017543
4135.749421
4195.697457
4118.740568
4147.725656
4130.689872
4156.732021
4178.76848
4126.596148
4068.370883
4147.423907
4126.057002
4101.755522
4129.236979
4071.764673
4147.286012
4117.243493
4081.539706
4144.226723
4143.220694
4078.325115
4108.939956
4032.462331
4045.497588
4058.648059
4154.181036
4063.980495
4092.291623
4023.629374
4016.0797
4049.867872
4041.972571
4117.185913
4048.638405
4005.234359
4105.529643
4021.382722
4072.640031
4068.190589
3996.427723
4150.715021
3991.510903
4019.272353
4149.974684
4016.618051
4052.905351
4009.02426
3991.65803
3979.834071
4077.846082
3996.901594
3982.942353
4031.206299
4001.910694
3899.605595
3949.620555
3994.494142
4014.049802
4071.885725
4051.188325
4036.847124
3958.763534
3944.623739
4056.430395
4030.266237
4023.043288
3985.658934
3946.663641
3923.803316
3977.48194
3946.394134
4028.325205
4033.05519
3927.629046
3923.141547
3992.537711
4071.395824
3991.819217
3899.482879
4006.808132
4035.441905
3969.565918
3932.713921
3889.076396
3845.14531
3899.094205
3843.908724
3945.118536
3897.192189
3930.117885
3862.874128
3945.893904
3820.214444
3939.947582
3859.953243
3937.886923
3881.590083
3807.445553
3883.294297
3838.129096
3933.350859
3829.624512
3850.148398
3844.701806
3850.209429
3872.91789
3896.319389
3834.355837
3881.006247
3857.980302
3807.849934
3843.060324
3918.76146
3847.753003
3768.233223
3902.173765
3800.270524
3764.531563
3871.779689
3767.295253
3799.777978
3842.645374
3727.594455
3808.029271
3801.166825
3825.493355
3799.140126
3792.206686
3856.573621
3811.618559
3777.128815
3792.377619
3809.18824
3772.914054
3778.159322
3906.13331
3795.41999
3730.41725
3780.695479
3804.478567
3754.514755
3801.456518
3746.400914
3664.105133
3720.140078
3769.96451
3742.906725
3659.922188
3776.183233
3705.523508
3736.767218
3788.186171
3713.111997
3792.755522
3718.46212
3765.002249
3698.981007
3799.635502
3711.802831
3727.411105
3749.001889
3687.006844
3652.303087
3627.997512
3631.227305
3676.279058
3685.683569
3740.72087
3724.422548
3648.317276
3692.606855
3691.942237
3712.499137
3650.268465
3731.582931
3681.751518
3672.786855
3664.62812
3675.264755
3621.062815
3580.94987
3644.577675
3662.507759
3630.728908
3617.388689
3626.796397
3648.462578
3616.236016
3627.820749
3683.109025
3696.708691
3575.703208
3612.220965
3637.209044
3566.855472
3667.142425
3614.291379
3560.745861
3585.433927
3588.788732
3656.127209
3603.776133
3631.421236
3573.044004
3586.202253
3573.164902
3558.217922
3604.252256
3610.828751
3525.45368
3583.20604
3542.93796
3587.79689
3441.134008
3600.588215
3592.853317
3570.071074
3564.791475
3595.858589
3575.09927
3536.781366
3563.729047
3488.818833
3537.630776
3486.774213
3496.47617
3536.044698
3493.917454
3501.557278
3471.727544
3483.241744
3578.047076
3576.636561
3498.76633
3513.036156
3462.778804
3553.799961
3549.440112
3504.464299
3504.716331
3544.790548
3485.540643
3485.328913
3497.814005
3451.813146
3425.668027
3496.140974
3527.170033
3480.321533
3482.775606
3483.736971
3465.652909
3501.29174
3544.037549
3454.041865
3498.785289
3471.123541
3462.375361
3417.042908
3452.928423
3441.013757
3479.087976
3428.08026
3454.958967
3460.547697
3418.957522
3413.93212
3416.457064
3370.579663
3455.490226
3441.03991
3447.622343
3456.23004
3378.339657
3385.778267
3391.087392
3358.355447
3388.160186
3365.136158
3366.108457
3371.614113
3337.010539
3320.721055
3320.441972
3321.464942
3310.793937
3295.315911
3253.436297
3277.288747
3286.992346
3295.131677
3273.208251
3196.052479
3234.450946
3120.598683
3051.026321
3008.776529
