This file was gnenerated on 2021-06-17 20:53:57.673685 by Grant Finneman. This contains the extracted data from the Gate simulations
The edep for each bar was summed up and printed to this file. The only math operation done has been addition.

  id      edep
   0    1.4919
   1    2.4586
   2    2.2655
   3    1.6007
   4    1.1459
   5    1.8358
   6    1.1658
   7    0.1316
   8    0.3286
   9    0.8926
  10    2.7872
  11    1.3384
  13   12.1557
  14    3.0985
  15   10.9105
  16   82.858
  17  211.09
  18  213.654
  19  244.414
  20  203.068
  21  177.198
  22   77.2642
  23   49.6829
  24  222.521
  25  248.284
  26  241.512
  27  117.227
  28  232.837
  29  249.831
  30  143.387
  31   60.4656
  32  199.103
  33  216.659
  34  264.274
  35  261.405
  36  345.345
  37  306.71
  38  266.792
  39   76.8703
  40  107.195
  41  174.549
  42  219.954
  43  196.001
  44  150.745
  45  111.481
  46   94.0094
  47   66.6278
  48   16.4835
  49    2.2984
  50    1.06
  51   15.0759
  52    1.5548
  53    1.5395
  54   21.0444
  55   22.6764
  57    0.9004
  58    0.9118
  59    0.4102
  60    6.6635
  61    1.0111
  62    1.7291
  63    0.9206
