This file was gnenerated on 2021-06-17 20:53:41.748600 by Grant Finneman. This contains the extracted data from the Gate simulations
The edep for each bar was summed up and printed to this file. The only math operation done has been addition.

  id      edep
   0    2.1315
   1    0.9896
   2    1.0306
   3    3.0901
   4    1.4794
   5    3.2036
   6    2.2161
   7    2.5022
   8    3.5802
   9   14.6685
  10   39.9345
  11   29.2288
  12    4.7905
  13   28.0731
  14    2.4713
  15    3.2781
  16  145.514
  17  219.177
  18  242.595
  19  157.88
  20  129.199
  21  171.183
  22   98.9995
  23   47.6988
  24  160.763
  25  204.541
  26  215.5
  27  270.796
  28  159.452
  29  189.948
  30  141.285
  31   71.5442
  32  147.433
  33  157.583
  34  238.699
  35  233.008
  36  243.674
  37  195.854
  38  133.66
  39   47.417
  40  199.058
  41  203.768
  42  159.558
  43  125.258
  44  204.392
  45  204.656
  46  163.372
  47   70.0566
  48   33.2178
  49    6.5766
  50    2.5888
  51    3.0243
  52   27.5013
  53   49.5523
  54    1.7574
  55    2.4327
  56    0.7636
  57    1.6473
  58    0.3486
  59    0.7832
  60    1.813
  61    1.239
  62    1.0993
  63    2.9261
