This file was gnenerated on 2021-06-21 16:21:42.593554 by Grant Finneman. This contains the extracted data from the Gate simulations
The edep for each bar was summed up and printed to this file. The only math operation done has been addition.

  id      edep
   0    1.8131
   1    1.7547
   2    2.0697
   3    0.8488
   4    1.0377
   5    0.983
   6    9.788
   7   15.954
   8   10.6207
   9    3.7885
  10   18.2291
  11   49.2935
  12   58.8544
  13   30.9184
  14   17.4753
  15   14.203
  16  145.972
  17  112.427
  18   88.724
  19  132.438
  20  181.716
  21  180.374
  22   88.4583
  23   58.8854
  24  213.464
  25  227.211
  26  223.389
  27  147.522
  28  165.188
  29  173.958
  30  137.272
  31   66.9484
  32  205.605
  33  314.707
  34  289.706
  35  263.631
  36  163.89
  37  175.397
  38  139.041
  39   79.207
  40  218.343
  41  264.699
  42  246.981
  43  219.277
  44  203.304
  45  175.955
  46  182.037
  47   98.2567
  48   63.1619
  49   71.7187
  50   96.9446
  51   55.9449
  52   19.3102
  53   26.5885
  54   34.7326
  55   12.8691
  56    0
  57    1.0193
  58    1.2359
  59    1.9723
  60    0.9879
  61    2.7174
  62    0.8269
  63    0.9747
