This file was gnenerated on 2021-06-21 16:21:03.735007 by Grant Finneman. This contains the extracted data from the Gate simulations
The edep for each bar was summed up and printed to this file. The only math operation done has been addition.

  id      edep
   0    0.3688
   1    0.8243
   2    0
   3    0.3726
   4    0.7465
   5    1.455
   6    0.3909
   7    0.7275
   8    0.9791
   9    2.1061
  10    2.7035
  11    2.3975
  12    2.0116
  13    2.6332
  14    0.7151
  15    1.265
  16   75.0667
  17   64.4129
  18   62.5078
  19  124.022
  20   53.1627
  21   22.8475
  22   52.727
  23    8.487
  24  316.119
  25  291.279
  26  374.147
  27  467.193
  28  283.773
  29  215.875
  30  196.618
  31  103.678
  32  319.767
  33  412.82
  34  303.573
  35  326.258
  36  373.524
  37  392.715
  38  258.853
  39  132.027
  40   45.9323
  41   31.4328
  42   14.9571
  43   57.8859
  44   51.6048
  45   27.3499
  46   50.6714
  47   16.3109
  48    2.1717
  49    1.6136
  50    0.6189
  51    0.9463
  52    2.5441
  53    1.8509
  54    2.404
  55    1.7604
  56    0.6264
  57    0
  58    1.619
  59    0
  60    0
  61    0.4277
  62    1.8811
  63    0.4896
