This file was gnenerated on 2021-06-17 20:54:14.539388 by Grant Finneman. This contains the extracted data from the Gate simulations
The edep for each bar was summed up and printed to this file. The only math operation done has been addition.

  id      edep
   0    0.224
   1    4.1249
   2    0.589
   3    0.4222
   4    0.5288
   5    0.2266
   6    0.5344
   7    1.9057
   8    3.4661
   9   11.5661
  10    9.3876
  11    0.783
  12    0.7412
  13    7.063
  14    2.9607
  15    4.4001
  16   88.2633
  17  156.983
  18  178.96
  19  191.575
  20   78.8198
  21   94.6679
  22   68.1196
  23   35.5256
  24  199.134
  25  198.151
  26  262.124
  27  301.782
  28  276.605
  29  249.298
  30  150.58
  31   63.98
  32  283.321
  33  247.07
  34  276.007
  35  307.155
  36  361.151
  37  272.801
  38  162.215
  39   96.6935
  40  199.782
  41  177.572
  42  140.685
  43  156.402
  44  154.291
  45  124.057
  46   85.1512
  47   41.6464
  48    2.701
  49    1.3964
  50    3.4662
  51    1.6956
  52    2.3067
  53    0.9868
  54    2.429
  55    2.282
  56    0.5142
  57    2.5545
  59    0.7175
  61    1.3576
