This file was gnenerated on 2021-06-17 20:53:34.469383 by Grant Finneman. This contains the extracted data from the Gate simulations
The edep for each bar was summed up and printed to this file. The only math operation done has been addition.

  id      edep
   0    0.2691
   1    0.5719
   2    0.2596
   4    0.067
   5    0.3834
   6    0.9478
   7    1.2534
   8    4.112
   9    0.228
  10    1.8673
  11    0.4436
  12    0.7329
  13    0.9077
  14    1.6684
  15    0.8536
  16    5.5474
  17   23.2108
  18    4.5994
  19    2.9457
  20    2.9855
  21    3.0751
  22    3.0644
  23    2.9712
  24  377.321
  25  375.146
  26  356.837
  27  469.002
  28  385.436
  29  418.387
  30  346.642
  31  170.759
  32  377.931
  33  276.826
  34  340.277
  35  504.073
  36  412.79
  37  346.921
  38  348.47
  39  181.745
  40    2.8808
  41    3.9039
  42    3.7322
  43    2.2445
  44    1.7867
  45    1.535
  46    0.1858
  47   20.1732
  48    0.4194
  49    2.3928
  50    1.4614
  51    2.0365
  52    0.7879
  53    2.594
  54    1.966
  55   19.2203
  56    1.7432
  57    1.0959
  58    2.6573
  59    1.3785
  61    1.0839
  62    0.6449
  63    0.8687
