This file was gnenerated on 2021-06-21 16:21:18.757623 by Grant Finneman. This contains the extracted data from the Gate simulations
The edep for each bar was summed up and printed to this file. The only math operation done has been addition.

  id      edep
   0    0.6916
   1    0.6424
   2    3.2419
   3    1.7109
   4    0
   5    2.2076
   6    1.3386
   7    1.9081
   8    2.3384
   9    4.0785
  10    2.4788
  11    1.0004
  12    0.6647
  13    0.9339
  14    0.9231
  15    0.8
  16   76.681
  17   41.0449
  18   95.4565
  19   79.6062
  20   59.1278
  21   83.1001
  22   86.2791
  23   14.6064
  24  540.24
  25  464.975
  26  302.658
  27  425.334
  28  431.431
  29  365.02
  30  294.685
  31  152.053
  32  311.249
  33  375.66
  34  356.967
  35  421.036
  36  373.458
  37  326.477
  38  286.73
  39  196.525
  40   17.3624
  41   10.6802
  42   19.82
  43   22.5685
  44    9.1671
  45   34.9285
  46   36.7027
  47   43.5607
  48    1.9506
  49    1.6847
  50    2.2131
  51    1.0855
  52    1.049
  53    1.3507
  54    1.3748
  55    0.2986
  56    0.3274
  57    0
  58    1.3185
  59    0.2959
  60    1.0394
  61    2.2258
  62    1.5421
  63    0.452
