This file was gnenerated on 2021-06-17 20:54:04.441918 by Grant Finneman. This contains the extracted data from the Gate simulations
The edep for each bar was summed up and printed to this file. The only math operation done has been addition.

  id      edep
   0    1.7285
   1    3.2852
   5    1.0406
   6    1.4652
   7    0.3512
   8    2.1574
   9    1.8836
  10    2.1468
  11    2.9137
  12    1.5146
  13    1.7252
  14    1.8052
  15    0.6477
  16   58.7342
  17   28.7116
  18   29.1358
  19   98.6986
  20   90.9794
  21   36.0044
  22   24.731
  23   28.3502
  24  345.575
  25  334.582
  26  428.208
  27  407.036
  28  437.346
  29  413.671
  30  237.958
  31  159.797
  32  190.396
  33  256.582
  34  350.705
  35  332.509
  36  348.722
  37  305.409
  38  224.052
  39  111.138
  40   67.1047
  41   94.254
  42   24.5234
  43   62.4471
  44   55.9699
  45   76.4144
  46   42.2564
  47   29.9648
  48    0.9616
  49    1.2561
  50    2.1124
  51    0.5339
  53    2.3904
  54    1.3953
  55    0.4599
  56    1.6386
  57    1.7908
  58    0.6065
  59    0.0848
  60    0.5256
  61    1.2695
  62    0.9288
  63    0.0863
