This file was gnenerated on 2021-06-21 16:21:58.937278 by Grant Finneman. This contains the extracted data from the Gate simulations
The edep for each bar was summed up and printed to this file. The only math operation done has been addition.

  id      edep
   0    2.8985
   1    2.6629
   2    0.5258
   3    2.1686
   4    2.3717
   5    2.1724
   6    2.5291
   7   29.6612
   8    6.1698
   9   24.6261
  10   43.5773
  11   40.4981
  12   46.1643
  13   35.3707
  14   16.2535
  15    5.4627
  16  109.674
  17   88.6806
  18  138.908
  19  138.174
  20  242.07
  21  243.138
  22  140.628
  23   69.2799
  24  216.492
  25  210.409
  26  206.428
  27  220.468
  28  197.691
  29  239.828
  30  223.335
  31  141.529
  32  281.491
  33  332.455
  34  213.714
  35  253.297
  36  276.925
  37  189.701
  38  213.826
  39   74.9142
  40  147.393
  41  129.263
  42   65.8119
  43  104.223
  44  110.413
  45  145.475
  46  100.228
  47   41.6472
  48    7.1559
  49    5.0026
  50    3.8944
  51   28.9379
  52   21.9191
  53   34.276
  54   11.6144
  55   11.0875
  56    7.1046
  57    4.3919
  58    0.7596
  59    0.9758
  60    1.3335
  61    1.0914
  62    0
  63    0.5001
