This file was gnenerated on 2021-06-17 20:54:35.861538 by Grant Finneman. This contains the extracted data from the Gate simulations
The edep for each bar was summed up and printed to this file. The only math operation done has been addition.

  id      edep
   1    2.1892
   2    1.7807
   3    0.5934
   5    1.4936
   6    1.2604
   8   13.574
   9    5.6864
  10   29.8919
  11   37.2629
  12    9.5638
  13    9.4277
  14   13.179
  15    6.4844
  16   47.0435
  17  117.445
  18  139.653
  19  148.234
  20  128.659
  21  148.173
  22   77.3708
  23   27.4951
  24  191.948
  25  296.444
  26  188.569
  27  170.725
  28  251.492
  29  226.669
  30  135.294
  31   69.2315
  32  228.572
  33  290.041
  34  318.211
  35  197.936
  36  124.699
  37  233.276
  38  125.866
  39  100.186
  40  180.81
  41  135.233
  42  179.964
  43  177.324
  44  159.834
  45  202.938
  46  112.698
  47   61.553
  48   10.6177
  49   65.7626
  50   15.5941
  51   45.9802
  52    9.304
  53    5.5006
  54    4.278
  55    1.796
  56    2.5184
  57    1.177
  58    1.5264
  59    0.369
  60    2.0097
  61    2.3932
  62    0.0799
  63    2.3634
