This file was gnenerated on 2021-06-21 16:20:30.582211 by Grant Finneman. This contains the extracted data from the Gate simulations
The edep for each bar was summed up and printed to this file. The only math operation done has been addition.

  id      edep
   0    2.4422
   1    2.3784
   2    0.4282
   3    0.2693
   4    0
   5    0.8172
   6    0.7963
   7    0
   8    0.961
   9    5.9297
  10    6.2735
  11    3.0438
  12    2.2707
  13    1.9602
  14    1.3805
  15    0.5567
  16    2.2896
  17    3.7151
  18    2.1735
  19    8.1546
  20   12.3114
  21    2.864
  22    1.4018
  23   30.7537
  24  411.971
  25  396.614
  26  357.668
  27  422.328
  28  391.372
  29  364.6
  30  310.152
  31  116.976
  32  287.128
  33  416.752
  34  413.307
  35  309.271
  36  293.311
  37  410.195
  38  317.329
  39  175.674
  40    1.8529
  41   12.1258
  42   20.4467
  43    2.9653
  44    5.6543
  45    6.1737
  46    3.4394
  47    1.7376
  48    3.6599
  49    0
  50    1.6538
  51    0.8715
  52    1.4602
  53    0.6232
  54    1.2073
  55    0.1473
  56    1.0994
  57    2.3043
  58    0.8533
  59    0.3716
  60    1.8615
  61    1.1491
  62    0.7916
  63    0
