This file was gnenerated on 2021-06-21 16:20:53.327877 by Grant Finneman. This contains the extracted data from the Gate simulations
The edep for each bar was summed up and printed to this file. The only math operation done has been addition.

  id      edep
   0    1.6339
   1    0.8475
   2    1.2581
   3    0.437
   4    0.8238
   5    0.9558
   6    0.6277
   7   17.3706
   8    1.5877
   9    1.7935
  10    4.2739
  11    4.533
  12    0.7671
  13    2.4343
  14    3.2312
  15    0
  16    3.9145
  17    6.7397
  18    8.4485
  19   27.6007
  20   51.4641
  21    2.6163
  22   16.3949
  23   29.4202
  24  204.888
  25  257.857
  26  328.582
  27  410.835
  28  562.443
  29  403.031
  30  376.13
  31  141.334
  32  384.365
  33  271.574
  34  271.206
  35  316.854
  36  364.502
  37  239.102
  38  239.896
  39  123.105
  40   11.607
  41    4.6028
  42    4.6196
  43    2.7839
  44   24.8543
  45    5.8136
  46    3.056
  47    2.1925
  48    1.6835
  49    2.5302
  50    1.7689
  51    1.7008
  52    3.8287
  53    2.8947
  54    0.8462
  55    0.4408
  56    0
  57    0.991
  58    0.8623
  59    1.4857
  60    1.0048
  61    0.2563
  62    0.023
  63    2.3327
