This file was gnenerated on 2021-06-17 20:58:21.158676 by Grant Finneman. This contains the extracted data from the Gate simulations
The edep for each bar was summed up and printed to this file. The only math operation done has been addition.

  id       edep
   0     1.628
   1     0.2789
   2     2.0817
   3     0.1615
   4     0.8561
   5     0.0148
   6     2.5674
   7     0.7353
   8    15.4476
  10     1.031
  11     6.7902
  12     8.0191
  13     0.4055
  14     1.0917
  15     0.6099
  16   139.051
  17   111.117
  18    62.8691
  19   118.643
  20   180.781
  21   118.33
  22    81.0247
  23     8.8484
  24  1110.51
  25  1167.99
  26  1234.27
  27  1112.16
  28  1154.87
  29   912.872
  30   686.692
  31   336.62
  32  1074.23
  33  1216.82
  34  1203.82
  35  1347.94
  36  1267.14
  37  1164.23
  38   779.222
  39   238.092
  40    64.4919
  41   116.848
  42   103.453
  43   108.741
  44   105.594
  45   117.652
  46    42.4092
  47     1.7592
  48     6.5951
  49     4.2412
  50    19.7759
  51     1.5624
  52     5.7008
  53    17.1664
  54    32.3431
  55     8.337
  56     9.6099
  57     0.6805
  58     0.858
  60     0.3091
  61     0.8033
