This file was gnenerated on 2021-06-17 20:57:15.364224 by Grant Finneman. This contains the extracted data from the Gate simulations
The edep for each bar was summed up and printed to this file. The only math operation done has been addition.

  id      edep
   0    0.4277
   1    1.3228
   2    0.9383
   3    1.8519
   4    0.6885
   5    1.055
   7    0.9576
   8   82.6697
   9  106.313
  10   80.5779
  11   88.7822
  12   61.7088
  13   49.0556
  14   17.4624
  15   15.3402
  16  368.216
  17  482.249
  18  546.17
  19  772.295
  20  644.149
  21  412.76
  22  215.264
  23   61.8673
  24  614.203
  25  563.455
  26  585.602
  27  819.644
  28  810.036
  29  569.979
  30  416.562
  31  196.339
  32  663.131
  33  720.862
  34  703.077
  35  773.635
  36  738.734
  37  578.749
  38  299.218
  39   97.1495
  40  530.608
  41  518.846
  42  649.754
  43  722.921
  44  699.578
  45  484.609
  46  236.568
  47   69.7665
  48   79.1327
  49  104.727
  50  208.122
  51   87.4683
  52   88.1669
  53   91.6338
  54   27.5104
  55   16.6138
  56   24.9354
  57   12.7411
  58    2.8243
  59    2.0228
  60   11.5512
  61    0.176
  62    0.176
  63    1.1743
