This file was gnenerated on 2021-06-17 20:58:53.726858 by Grant Finneman. This contains the extracted data from the Gate simulations
The edep for each bar was summed up and printed to this file. The only math operation done has been addition.

  id       edep
   0     0.423
   1     0.348
   2     0.6408
   3     1.6976
   4     0.1747
   5     1.1823
   6     0.9275
   7     0.6945
   8    11.3801
   9    14.9196
  10    30.6234
  11     6.8675
  12     1.6718
  13    16.3144
  14     1.9251
  15     4.6689
  16   323.651
  17   435.825
  18   392.555
  19   390.491
  20   380.33
  21   238.307
  22   132.427
  23    51.4467
  24   985.71
  25  1061.62
  26  1126.8
  27   999.321
  28  1043.11
  29   938.622
  30   568.029
  31   127.714
  32   864.002
  33  1066.03
  34   895.062
  35   939.203
  36   997.986
  37   967.317
  38   652.672
  39   225.005
  40   356.741
  41   229.634
  42   277.077
  43   207.784
  44   195.162
  45   171.785
  46   130.003
  47    78.3931
  48     9.2444
  49    25.4081
  50    36.5296
  51    27.233
  52     4.8685
  53     0.6334
  54     1.7254
  55     2.1523
  56     1.2857
  57     1.2192
  58     3.277
  59     2.168
  60     0.5803
  61     0.63
  62     2.3952
  63     1.199
