This file was gnenerated on 2021-06-17 20:56:25.987804 by Grant Finneman. This contains the extracted data from the Gate simulations
The edep for each bar was summed up and printed to this file. The only math operation done has been addition.

  id       edep
   0     9.9207
   4     0.2931
   5     1.7691
   8     0.2685
   9     0.9076
  10     1.1395
  11     2.227
  12     1.3092
  14     0.9255
  15    16.9608
  16    33.0493
  17    58.6887
  18   135.884
  19    42.0736
  20    79.1716
  21    18.9021
  22    25.4312
  23     0.4489
  24  1389.31
  25  1264.17
  26  1370.6
  27  1473.82
  28  1722.58
  29  1278.49
  30   846.882
  31   292.213
  32  1303.38
  33  1334.06
  34  1402.65
  35  1246.75
  36  1420.24
  37  1181.19
  38   658.615
  39   181.275
  40   101.091
  41    40.0147
  42    77.6763
  43    40.9693
  44    10.6898
  45    24.1668
  46    21.0789
  47     3.4064
  48     0.9409
  49     1.6372
  50     2.4222
  51     2.1845
  52     0.8455
  53     4.433
  54    12.3529
  55    40.442
  57     1.5877
  58     0.9528
  59     2.7507
  60     2.4789
  61     0.7919
  62     1.2949
  63     0.5994
