This file was gnenerated on 2021-06-17 20:55:27.347169 by Grant Finneman. This contains the extracted data from the Gate simulations
The edep for each bar was summed up and printed to this file. The only math operation done has been addition.

  id       edep
   0     0.4261
   2     0.0237
   3     0.7125
   4     0.9757
   5     0.666
   6     0.9855
   7     0.64
   8    33.453
   9    65.3166
  10    26.3491
  11    95.1565
  12    43.1909
  13    42.1142
  14    25.4599
  15     6.3641
  16   486.784
  17   662.266
  18   581.014
  19   579.832
  20   557.022
  21   483.628
  22   230.654
  23   109.577
  24   713.48
  25   778.713
  26   711.25
  27   871.835
  28  1009.12
  29   877.688
  30   543.011
  31   158.666
  32   699.979
  33   812.324
  34   752.613
  35   799.661
  36   822.248
  37   583.614
  38   361.309
  39   123.065
  40   615.226
  41   753.885
  42   537.533
  43   536.496
  44   742.546
  45   592.854
  46   346.812
  47   102.086
  48    38.9516
  49    39.4906
  50    61.7829
  51    98.2232
  52    57.4611
  53    61.6031
  54    20.0769
  55     0.9633
  56     0.6653
  57     0.1162
  58     1.1096
  59     0.019
  62     0.2769
  63     0.7282
