This file was gnenerated on 2021-06-17 20:58:12.445888 by Grant Finneman. This contains the extracted data from the Gate simulations
The edep for each bar was summed up and printed to this file. The only math operation done has been addition.

  id      edep
   1    0.6267
   2    0.3298
   3    0.4303
   4    0.1664
   5    0.3761
   6    1.2915
   7    0.0676
   8   46.3796
   9   99.0545
  10   95.2203
  11  129.442
  12   79.5068
  13   72.7429
  14   59.7941
  15   19.6007
  16  359.435
  17  427.972
  18  409.76
  19  478.682
  20  472.345
  21  351.762
  22  302.284
  23   97.5775
  24  782.639
  25  852.579
  26  796.639
  27  772.088
  28  711.198
  29  456.318
  30  305.759
  31  142.426
  32  504.44
  33  694.187
  34  880.946
  35  878.168
  36  943.446
  37  713.378
  38  397.754
  39  171.631
  40  416.619
  41  443.438
  42  502.649
  43  568.943
  44  514.158
  45  416.428
  46  324.62
  47  127.857
  48  122.535
  49   95.383
  50  103.06
  51   51.2746
  52   52.0606
  53   81.6321
  54   75.5986
  55   41.9448
  57    0.6691
  59    6.5394
  60    4.464
  61    2.5403
  62   20.0455
  63    8.206
