This file was gnenerated on 2021-06-17 20:58:54.048438 by Grant Finneman. This contains the extracted data from the Gate simulations
The edep for each bar was summed up and printed to this file. The only math operation done has been addition.

  id       edep
   0     1.5268
   1     1.3748
   2     0.2423
   3     0.2031
   4     0.9527
   5     1.5438
   6     1.3638
   7    20.0621
   9     1.4562
  10     7.7929
  11     6.3298
  12     0.546
  13     2.0651
  14     1.4772
  15     1.6295
  16    58.3435
  17   159.188
  18   226.379
  19   163.209
  20   101.84
  21    67.7271
  22    38.0684
  23    10.0284
  24  1076.44
  25  1071.01
  26  1200.34
  27  1302.02
  28  1316.03
  29  1051.94
  30   603.476
  31   196.658
  32  1485.83
  33  1402.74
  34  1470.68
  35  1261.87
  36  1261
  37   915.745
  38   571.692
  39   238.562
  40   128.005
  41   146.873
  42   194.822
  43   240.341
  44   174.971
  45   100.524
  46   134.625
  47    10.3085
  48     0.8645
  49     7.9422
  50     6.217
  51     5.2506
  52     0.934
  53     1.8076
  54     0.323
  56     0.4588
  57     1.0251
  58     0.588
  59     1.72
  60     2.0853
  61     0.8079
  62     0.7645
  63     0.8774
