This file was gnenerated on 2021-06-17 20:58:41.441658 by Grant Finneman. This contains the extracted data from the Gate simulations
The edep for each bar was summed up and printed to this file. The only math operation done has been addition.

  id      edep
   0    9.5014
   1   15.0219
   2   20.2494
   3   22.981
   4   19.1191
   5    9.8747
   6    1.1271
   7    0.5231
   8  138.155
   9  159.278
  10  184.801
  11  194.732
  12  158.48
  13  238.727
  14   82.4689
  15   21.4966
  16  381.621
  17  380.585
  18  403.018
  19  634.351
  20  524.763
  21  474.423
  22  281.862
  23   64.0442
  24  698.857
  25  625.463
  26  728.473
  27  758.745
  28  716.512
  29  506.608
  30  391.855
  31  103.918
  32  704.015
  33  616.66
  34  596.042
  35  607.898
  36  727.991
  37  609.056
  38  404.439
  39  136.511
  40  353.878
  41  443.049
  42  464.46
  43  413.242
  44  459.309
  45  366.524
  46  313.735
  47   52.238
  48  173.024
  49  198.145
  50  217.04
  51  196.931
  52  229.828
  53  294.903
  54  204.489
  55   43.9257
  56   35.7345
  57    5.1237
  58   31.2347
  59    6.4741
  61    0.5554
  62    0.4699
  63    0.5168
