This file was gnenerated on 2021-06-17 20:55:48.887056 by Grant Finneman. This contains the extracted data from the Gate simulations
The edep for each bar was summed up and printed to this file. The only math operation done has been addition.

  id      edep
   0    0.0772
   1    0.9639
   2    1.2893
   3    1.2379
   4    0.8202
   5    0.9997
   6    1.8425
   7    0.2358
   8  124.303
   9   88.157
  10   30.3906
  11   34.888
  12   41.2852
  13   31.5474
  14   15.5862
  15   29.4829
  16  545.897
  17  724.683
  18  557.806
  19  466.959
  20  439.088
  21  437.513
  22  305.377
  23  126.643
  24  692.615
  25  853.878
  26  822.438
  27  641.459
  28  556.181
  29  452.679
  30  262.388
  31   99.6512
  32  711.864
  33  682.286
  34  612.058
  35  774.208
  36  644.269
  37  575.622
  38  372.632
  39  131.992
  40  598.434
  41  672.562
  42  577.165
  43  665.326
  44  611.281
  45  532.483
  46  368.447
  47  117.916
  48   96.1159
  49  188.931
  50  131.901
  51   73.8879
  52  150.128
  53   32.858
  54    5.6072
  55    2.222
  56    4.9236
  58    0.9574
  59    9.9319
  60    0.4604
  61    1.7743
  62    0.5809
