This file was gnenerated on 2021-06-17 20:59:03.549726 by Grant Finneman. This contains the extracted data from the Gate simulations
The edep for each bar was summed up and printed to this file. The only math operation done has been addition.

  id      edep
   2    0.3341
   4    0.2266
   5    0.5602
   7    0.8477
   8   79.8566
   9   68.0529
  10   46.1609
  11   47.2842
  12   30.7971
  13   40.0567
  14   48.7969
  15   14.3411
  16  375.654
  17  401.855
  18  484.02
  19  540.208
  20  453.13
  21  202.342
  22  214.451
  23   79.9351
  24  915.097
  25  765.867
  26  855.712
  27  797.302
  28  744.527
  29  738.93
  30  477.118
  31  177.321
  32  844.424
  33  844.515
  34  847.108
  35  764.352
  36  766.178
  37  753.545
  38  503.608
  39  156.181
  40  491.035
  41  514.525
  42  433.474
  43  345.281
  44  476.118
  45  302.219
  46  153.854
  47   27.0057
  48   84.925
  49  111.791
  50   97.6462
  51  102.72
  52   64.9598
  53   23.8858
  54   17.8232
  55   12.2289
  56    0.0701
  58    0.9529
  59    0.9247
  60    4.3874
  61    1.6028
  63    5.9786
