This file was gnenerated on 2021-06-17 20:58:36.896158 by Grant Finneman. This contains the extracted data from the Gate simulations
The edep for each bar was summed up and printed to this file. The only math operation done has been addition.

  id      edep
   0    1.0252
   1    2.0738
   2    2.865
   3    0.8429
   4    0.4902
   5    2.7741
   6    0.8129
   7    0.1261
   8   80.1937
   9  108.813
  10   44.3941
  11   57.3978
  12   70.855
  13   55.1402
  14   10.5802
  15   16.0268
  16  456.887
  17  576.823
  18  719.149
  19  693.837
  20  646.806
  21  488.91
  22  352.793
  23  153.673
  24  845.085
  25  822.245
  26  842.599
  27  796.903
  28  790.762
  29  621.419
  30  465.27
  31  199.985
  32  692.712
  33  776.798
  34  906.435
  35  748.808
  36  762.365
  37  661.415
  38  417.008
  39  157.469
  40  420.685
  41  517.064
  42  398.463
  43  428.85
  44  380.02
  45  521.451
  46  344.569
  47  113.037
  48   64.4476
  49   44.5762
  50   88.9483
  51   96.273
  52   62.0589
  53   58.6003
  54   40.7501
  55    1.659
  56    0.778
  57    1.1023
  58    1.3718
  59    0.506
  61    2.0177
  62    0.7459
  63    0.4743
