This file was gnenerated on 2021-06-21 16:22:45.959347 by Grant Finneman. This contains the extracted data from the Gate simulations
The edep for each bar was summed up and printed to this file. The only math operation done has been addition.

  id       edep
   0     1.7081
   1     0.1658
   2     2.2699
   3     0.9814
   4     0
   5     0.0946
   6     0
   7     0.8139
   8     1.857
   9     5.4103
  10     1.9228
  11     0.7312
  12    49.5811
  13    68.9225
  14    16.1839
  15     4.6304
  16   267.864
  17   336.025
  18   386.333
  19   361.945
  20   351.852
  21   244.914
  22   151.754
  23    74.257
  24   866.506
  25  1017.64
  26  1330.55
  27  1172.42
  28  1032.51
  29   800.265
  30   624.387
  31   246.863
  32   819.798
  33   872.72
  34  1073.81
  35  1139.93
  36  1156.47
  37  1171.13
  38   657.102
  39   217.589
  40   207.124
  41   285.073
  42   283.198
  43   328.426
  44   362.356
  45   250.476
  46   187.715
  47    25.9879
  48     2.0902
  49     3.4377
  50     1.7825
  51    22.7971
  52    39.0096
  53     9.8877
  54     4.6019
  55     6.2154
  56     0.073
  57     0.3926
  58     2.708
  59     0.8391
  60     0.2165
  61     4.2802
  62     2.3032
  63     0
