This file was gnenerated on 2021-06-21 16:24:13.539093 by Grant Finneman. This contains the extracted data from the Gate simulations
The edep for each bar was summed up and printed to this file. The only math operation done has been addition.

  id      edep
   0    0.7016
   1    1.7195
   2    0.3468
   3    1.5509
   4   17.528
   5    8.7966
   6    0.9883
   7    0
   8   97.5792
   9   55.4751
  10   46.6927
  11   59.309
  12   93.4996
  13   69.2067
  14   43.357
  15    0.1157
  16  460.799
  17  455.876
  18  545.53
  19  621.183
  20  639.692
  21  456.994
  22  325.275
  23  156.901
  24  533.295
  25  613.793
  26  663.611
  27  946.689
  28  742.72
  29  577.858
  30  370.405
  31  120.534
  32  584.027
  33  753.686
  34  681.226
  35  783.539
  36  601.435
  37  450.806
  38  344.856
  39  136.179
  40  488.782
  41  648.513
  42  633.911
  43  595.252
  44  546.801
  45  581.172
  46  398.201
  47  144.452
  48  142.638
  49  157.755
  50   96.4228
  51  113.245
  52   80.685
  53  108.537
  54   54.2053
  55    3.742
  56    1.2268
  57    0.989
  58   23.7543
  59    1.02
  60    2.5227
  61    0.5045
  62    0
  63    0
