This file was gnenerated on 2021-06-21 16:23:13.261239 by Grant Finneman. This contains the extracted data from the Gate simulations
The edep for each bar was summed up and printed to this file. The only math operation done has been addition.

  id      edep
   0    0
   1    0
   2    0
   3    1.2164
   4   16.6325
   5    1.3971
   6    0.2825
   7   13.6436
   8   54.3427
   9   34.9227
  10   79.9585
  11   56.8536
  12   87.2837
  13   31.8711
  14    9.8312
  15   12.8858
  16  496.367
  17  488.181
  18  465.303
  19  512.835
  20  696.743
  21  490.772
  22  227.838
  23   80.4649
  24  735.857
  25  815.009
  26  807.542
  27  703.309
  28  647.227
  29  513.885
  30  420.058
  31   84.3995
  32  778.783
  33  849.902
  34  622.085
  35  800.127
  36  710.55
  37  687.801
  38  363.931
  39   95.5612
  40  677.621
  41  685.463
  42  670.733
  43  583.928
  44  547.438
  45  502.805
  46  315.544
  47  129.822
  48   23.8674
  49   26.4556
  50   89.9235
  51   50.1487
  52   64.4433
  53   66.4671
  54   34.3268
  55   37.1143
  56    1.5991
  57    0.0639
  58    0.6671
  59    2.8756
  60    2.5924
  61    0.974
  62    0
  63    0.3133
