This file was gnenerated on 2021-06-17 20:57:26.833620 by Grant Finneman. This contains the extracted data from the Gate simulations
The edep for each bar was summed up and printed to this file. The only math operation done has been addition.

  id       edep
   1     0.3739
   2     0.1766
   4    25.2738
   5    13.1912
   6     1.9765
   7     0.7603
   9     1.4533
  10     6.9849
  11     5.289
  12     0.5607
  13     4.0221
  14     0.0164
  15     0.7572
  16    64.5454
  17    58.6159
  18   163.208
  19   151.286
  20    85.7328
  21    96.6707
  22    54.7271
  23     2.6235
  24  1266.33
  25  1367.17
  26  1296.67
  27  1344.78
  28  1209.79
  29  1164.57
  30   764.563
  31   278.832
  32  1191.17
  33  1343.95
  34  1130.26
  35  1420.34
  36  1134.33
  37   903.178
  38   570.908
  39   306.356
  40    72.226
  41   195.631
  42    94.3979
  43   123.483
  44   139.355
  45    87.4551
  46    48.3792
  47    22.4972
  48     1.8525
  49     2.5765
  50     0.8359
  51     0.6036
  52     2.0709
  53     0.1724
  54     1.2894
  55     0.5796
  56     1.8653
  58     1.153
  59     0.7002
  60     1.3222
  61     0.2333
  62     0.7069
