This file was gnenerated on 2021-06-17 20:56:20.618040 by Grant Finneman. This contains the extracted data from the Gate simulations
The edep for each bar was summed up and printed to this file. The only math operation done has been addition.

  id      edep
   1    0.3772
   2    2.19
   3    0.7771
   4    1.3664
   5    0.0039
   6    0.3423
   7    1.8492
   8  131.348
   9  111.613
  10  122.114
  11   93.687
  12   48.4355
  13   96.3328
  14   63.6232
  15   58.5659
  16  342.607
  17  398.849
  18  721.983
  19  724.27
  20  548.755
  21  418.941
  22  229.054
  23   90.6818
  24  694.467
  25  714.005
  26  742.357
  27  782.772
  28  766.508
  29  709.693
  30  402.825
  31  139.321
  32  745.598
  33  733.406
  34  671.525
  35  638.326
  36  785.019
  37  591.869
  38  372.769
  39  136.664
  40  496.555
  41  528.125
  42  780.337
  43  621.194
  44  455.177
  45  365.159
  46  277.063
  47   65.0154
  48   52.39
  49   80.9439
  50   79.5519
  51  116.651
  52   87.1362
  53   82.2681
  54   36.0503
  55   10.0814
  56    2.1576
  57    4.3893
  58    1.2241
  59    0.6099
  61    0.0829
  63    0.9047
