This file was gnenerated on 2021-06-17 21:01:55.786564 by Grant Finneman. This contains the extracted data from the Gate simulations
The edep for each bar was summed up and printed to this file. The only math operation done has been addition.

  id       edep
   0     0.2895
   2     0.512
   5     0.7257
   6     1.0523
   8    11.7808
   9     0.1764
  10    15.8801
  11    13.117
  12    21.2362
  13    15.894
  15     1.2526
  16   275.936
  17   287.875
  18   274.67
  19   194.755
  20   172.485
  21    74.9336
  22    51.8541
  23    14.1719
  24  1234.97
  25  1372.7
  26  1429.36
  27  1231.94
  28   980.603
  29   763.345
  30   447.318
  31   150.275
  32  1262.99
  33  1526.82
  34  1405.36
  35  1295.55
  36  1152.17
  37   811.367
  38   500.844
  39   210.18
  40   547.421
  41   423.067
  42   374.984
  43   303.951
  44   222.61
  45    92.3205
  46    52.3472
  47    24.8958
  48    17.1627
  49    34.3813
  50    35.242
  51    10.2834
  52     1.7923
  57    18.6875
  58     0.5922
  60     1.4269
  61     0.8982
  62     0.763
  63     0.6855
