This file was gnenerated on 2021-06-17 21:00:51.281691 by Grant Finneman. This contains the extracted data from the Gate simulations
The edep for each bar was summed up and printed to this file. The only math operation done has been addition.

  id       edep
   3     1.3141
   4     1.0044
   7    24.385
   9     1.7553
  11    27.9491
  12    21.2469
  13     1.0357
  14     2.157
  15     1.021
  16   142.169
  17   109.276
  18   158.384
  19   138.362
  20    87.6337
  21    72.355
  22    30.7674
  23    13.9391
  24  1332.79
  25  1408.4
  26  1444.08
  27  1213.91
  28  1092.52
  29   876.3
  30   551.947
  31   185.834
  32  1340.71
  33  1503.14
  34  1500.24
  35  1549.85
  36  1266.67
  37   883.201
  38   478.055
  39   194.297
  40   192.992
  41   215.903
  42   188.238
  43   196.458
  44    85.5263
  45    27.738
  46    29.2988
  47    29.2924
  48     1.9036
  49    21.5308
  50     9.1535
  51    14.1121
  52    17.6396
  53     0.8275
  54     1.821
  55     0.2668
  56     1.9809
  59     1.2227
  61     0.6097
  62     0.1288
