This file was gnenerated on 2021-06-21 16:30:24.594780 by Grant Finneman. This contains the extracted data from the Gate simulations
The edep for each bar was summed up and printed to this file. The only math operation done has been addition.

  id       edep
   0     1.6924
   1     6.1694
   2     4.3897
   3     0
   4     0.8651
   5     1.167
   6     0
   7     0.3541
   8    79.3314
   9    95.1882
  10    94.8997
  11    93.8104
  12   137.583
  13    48.4584
  14     1.4763
  15     0.7414
  16   703.704
  17   562.267
  18   629.461
  19   600.361
  20   426.115
  21   323.653
  22   133.112
  23    47.0523
  24   984.021
  25  1008.44
  26  1097.68
  27   871.262
  28   777.343
  29   576.536
  30   371.051
  31   117.977
  32   682.694
  33   781.311
  34   797.351
  35  1024.68
  36   760.717
  37   726.967
  38   427.116
  39   203.311
  40   565.146
  41   571.651
  42   640.756
  43   614.291
  44   447.916
  45   384.738
  46   274.77
  47    51.3223
  48   114.694
  49   119.6
  50    96.2965
  51   108.246
  52    95.4327
  53    17.8619
  54     3.2727
  55     8.4863
  56     9.9834
  57     9.9009
  58     4.6938
  59     0.5622
  60     1.2328
  61     2.6621
  62     0.8555
  63     0
