This file was gnenerated on 2021-06-21 16:27:58.813717 by Grant Finneman. This contains the extracted data from the Gate simulations
The edep for each bar was summed up and printed to this file. The only math operation done has been addition.

  id       edep
   0     1.5947
   1     1.2498
   2     0
   3     0.7469
   4     0.8012
   5     0.7855
   6     0.958
   7     0.4379
   8    23.3727
   9    17.1041
  10    15.4362
  11    32.2216
  12     4.7039
  13     0.2439
  14     1.6253
  15     0
  16   244.745
  17   254.271
  18   256.033
  19   267.27
  20   192.614
  21    31.5681
  22    38.6244
  23    29.5898
  24  1588.99
  25  1508.19
  26  1471.51
  27  1547.82
  28  1243.62
  29   859.489
  30   597.282
  31   211.447
  32  1237.18
  33  1498.58
  34  1414.99
  35  1389.98
  36  1361.93
  37  1006.16
  38   678.733
  39   268.901
  40   164.061
  41   189.227
  42   190.879
  43   214.683
  44   162.276
  45    65.5295
  46    18.9588
  47    10.5511
  48     0.9687
  49     0
  50    43.4067
  51    35.9709
  52    40.5514
  53    11.4203
  54     8.6143
  55     5.0245
  56     0.7871
  57     0
  58     0.0235
  59     0.3214
  60    13.4037
  61     0
  62     0.0678
  63     0
