This file was gnenerated on 2021-06-21 16:27:16.904646 by Grant Finneman. This contains the extracted data from the Gate simulations
The edep for each bar was summed up and printed to this file. The only math operation done has been addition.

  id       edep
   0     1.1965
   1     0.8666
   2     1.7577
   3     0
   4     0.7824
   5     0.3144
   6     0
   7     0.4717
   8     0.3738
   9     1.9904
  10    24.7719
  11    25.9722
  12     4.3469
  13     0.7039
  14     0.3785
  15     0.1871
  16   165.159
  17   268.665
  18   226.006
  19   169.514
  20   122.199
  21    24.4672
  22    22.9389
  23     5.7765
  24  1669.2
  25  1676.61
  26  1734.49
  27  1431.52
  28  1429.38
  29   951.11
  30   680.205
  31   191.167
  32  1420.61
  33  1529.43
  34  1702.51
  35  1414.77
  36  1197.2
  37   856.537
  38   566.686
  39   184.748
  40   247.457
  41   254.599
  42   201.249
  43    79.8223
  44    97.0444
  45    55.3297
  46    39.9793
  47     0.3549
  48     1.4692
  49     0.0349
  50    20.6779
  51     0
  52    28.0186
  53    18.2101
  54     0
  55     1.7408
  56     1.0131
  57     0.8744
  58     2.6065
  59     0.1156
  60     0
  61     0
  62     0
  63     0.614
