This file was gnenerated on 2021-06-17 21:01:36.126281 by Grant Finneman. This contains the extracted data from the Gate simulations
The edep for each bar was summed up and printed to this file. The only math operation done has been addition.

  id       edep
   0    19.5918
   1    21.6355
   2    17.7495
   4    23.0305
   5     6.3889
   6     2.8551
   7     2.2611
   8    69.4877
   9   122.949
  10    90.3739
  11    87.0112
  12   107.39
  13    62.9332
  14    24.9974
  15     2.8662
  16   544.189
  17   647.912
  18   646.373
  19   645.75
  20   450.624
  21   375.009
  22   199.079
  23    78.8819
  24  1030.66
  25  1083.29
  26   974.662
  27   893.271
  28   760.692
  29   707.737
  30   311.021
  31   105.034
  32   871.41
  33  1142.08
  34  1050.58
  35  1068.41
  36   795.935
  37   624.762
  38   375.62
  39   119.883
  40   544.152
  41   538.04
  42   531.225
  43   521.169
  44   427.46
  45   376.471
  46   147.363
  47    65.8321
  48    84.3181
  49    96.3943
  50    45.267
  51    62.7762
  52    15.1117
  53    61.1052
  54     3.0057
  55     1.1298
  56    27.6689
  57     0.5562
  58     0.0713
  59     0.9164
  60     0.9164
  61     0.59
  62     1.8069
  63     0.0645
