This file was gnenerated on 2021-06-21 16:31:29.074930 by Grant Finneman. This contains the extracted data from the Gate simulations
The edep for each bar was summed up and printed to this file. The only math operation done has been addition.

  id       edep
   0     0.4192
   1     0
   2     1.3215
   3     0.3148
   4    10.402
   5     0.5556
   6     1.6905
   7     0
   8    89.9053
   9    86.3674
  10    31.4408
  11     2.4624
  12    76.8232
  13    53.2063
  14    19.6579
  15     0.8388
  16   484.339
  17   536.521
  18   590.369
  19   608.844
  20   577.43
  21   302.358
  22   227.086
  23    85.3257
  24  1098.87
  25  1203.2
  26  1174.29
  27  1115.71
  28   925.487
  29   682.15
  30   380.413
  31   176.175
  32  1028.96
  33  1026.69
  34  1327.22
  35  1234.82
  36   909.02
  37   652.192
  38   403.497
  39   145.853
  40   608.499
  41   534.744
  42   519.236
  43   534.852
  44   464.922
  45   252.674
  46   154.802
  47    59.7194
  48   128.608
  49    73.1541
  50    59.9999
  51    56.9119
  52    69.6254
  53    16.7983
  54     3.4636
  55     3.808
  56    36.941
  57    33.2811
  58     0
  59     0.7258
  60     0.1855
  61     0
  62     0.0597
  63     0.0597
