This file was gnenerated on 2021-06-21 16:30:20.284197 by Grant Finneman. This contains the extracted data from the Gate simulations
The edep for each bar was summed up and printed to this file. The only math operation done has been addition.

  id       edep
   0     1.2658
   1     0.8836
   2     0.4069
   3     0
   4     1.3668
   5     6.1228
   6     0.621
   7     1.1616
   8    27.3821
   9    25.2253
  10    11.2215
  11    82.3167
  12    14.9527
  13    10.2698
  14     0.7905
  15     0
  16   360.987
  17   496.219
  18   501.062
  19   349.204
  20   310.403
  21   146.235
  22    70.5923
  23    35.1363
  24  1361.54
  25  1684.19
  26  1494.17
  27  1329.33
  28  1211.22
  29   806.815
  30   396.816
  31   188.764
  32  1276.5
  33  1441.42
  34  1588.05
  35  1296.4
  36  1198.51
  37   774.842
  38   593.634
  39   259.813
  40   407.451
  41   463.046
  42   417.912
  43   379.034
  44   331.908
  45   143.149
  46    62.4358
  47    13.6442
  48    23.8075
  49    24.7139
  50    36.3834
  51     7.1296
  52    38.5146
  53     2.48
  54     4.2779
  55     1.3606
  56     0.6487
  57     1.1971
  58     0.052
  59     0
  60     2.2336
  61     0.3194
  62     0.4608
  63     1.9802
