This file was gnenerated on 2021-06-17 21:02:40.323128 by Grant Finneman. This contains the extracted data from the Gate simulations
The edep for each bar was summed up and printed to this file. The only math operation done has been addition.

  id       edep
   0    32.0896
   1    41.1014
   2     0.93
   4     1.1336
   5     9.6082
   6    13.056
   8   124.874
   9   154.604
  10   120.577
  11   138.732
  12    62.3428
  13    38.3733
  14    45.8939
  15     1.0423
  16   634.971
  17   723.198
  18   672.054
  19   629.83
  20   453.541
  21   251.582
  22   181.404
  23    59.3251
  24   983.583
  25  1246.09
  26  1180.05
  27   953.578
  28   914.031
  29   824.026
  30   483.507
  31   192.385
  32  1155.28
  33  1287.15
  34  1179.04
  35   837.804
  36   909.747
  37   865.331
  38   397.469
  39   146.563
  40   495.643
  41   533.463
  42   524.379
  43   542.41
  44   541.57
  45   482.117
  46   221.588
  47    86.4941
  48   194.57
  49   146.656
  50   240.622
  51   141.955
  52    61.3442
  53    96.6293
  54    13.7861
  55    10.1831
  56     2.1018
  59     0.5063
  60     0.472
  62     2.3847
  63     1.4202
