This file was gnenerated on 2021-06-17 21:03:32.103898 by Grant Finneman. This contains the extracted data from the Gate simulations
The edep for each bar was summed up and printed to this file. The only math operation done has been addition.

  id       edep
   0     1.4663
   2    43.1851
   3    66.1487
   4    10.6472
   5     1.5271
   6     1.1357
   7     0.6341
   8   206.288
   9   110.36
  10   110.262
  11   140.36
  12    61.4378
  13    73.944
  14    28.6323
  15    20.3942
  16   661.664
  17   720.264
  18   729.188
  19   683.612
  20   579.207
  21   475.452
  22   277.228
  23    98.1758
  24   867.422
  25   976.389
  26   945.915
  27   734.743
  28   617.176
  29   511.291
  30   272.636
  31    85.4184
  32   915.714
  33   957.612
  34  1044.2
  35   938.575
  36   785.952
  37   545.817
  38   473.591
  39   140.098
  40   628.593
  41   815.528
  42   824.112
  43   689.919
  44   546.403
  45   437.354
  46   289.492
  47    91.5805
  48   131.676
  49   182.241
  50   175.105
  51   193.282
  52   114.409
  53   128.005
  54    37.0398
  55    13.3777
  56     0.6848
  57    35.188
  58    18.054
  59    23.2404
  60     0.3414
  63     0.2825
