This file was gnenerated on 2021-06-21 16:27:09.853146 by Grant Finneman. This contains the extracted data from the Gate simulations
The edep for each bar was summed up and printed to this file. The only math operation done has been addition.

  id       edep
   0     1.2211
   1     0.226
   2    33.9638
   3     1.621
   4     2.7819
   5     1.6348
   6     0.547
   7     0.9938
   8    66.4545
   9    69.3297
  10   163.086
  11   121.286
  12    42.875
  13     8.3338
  14     1.6941
  15     0.3666
  16   605.272
  17   620.089
  18   576.837
  19   694.163
  20   636.804
  21   440.077
  22   238.597
  23    85.1037
  24   917.033
  25  1047.38
  26   931.072
  27   891.862
  28   872.63
  29   608.867
  30   326.556
  31   113.551
  32   827.977
  33   957.758
  34  1092.62
  35   888.3
  36   618.994
  37   501.99
  38   271.376
  39   110.573
  40   581.533
  41   655.485
  42   687.185
  43   525.17
  44   521.595
  45   380.357
  46   280.995
  47    77.5293
  48   150.984
  49    76.7334
  50    50.0293
  51    37.2353
  52    82.3284
  53    66.9355
  54    20.2005
  55     6.9982
  56    24.9426
  57     4.8648
  58    22.6944
  59     2.0163
  60    21.8396
  61     2.2943
  62     0
  63     0
