This file was gnenerated on 2021-06-17 21:03:28.381528 by Grant Finneman. This contains the extracted data from the Gate simulations
The edep for each bar was summed up and printed to this file. The only math operation done has been addition.

  id       edep
   0     1.0957
   4     0.4988
   5     0.059
   6     1.4724
   7     1.3625
   8    24.0001
   9    21.7074
  10    33.4341
  11    93.6203
  12    12.3324
  13    34.3089
  14     7.4911
  15     2.3314
  16   443.348
  17   360.33
  18   532.973
  19   455.782
  20   325.853
  21   165.964
  22   113.121
  23    54.749
  24  1091.84
  25  1340.76
  26  1258.59
  27  1193.59
  28   907.46
  29   614.047
  30   284.07
  31   111.801
  32  1045.32
  33  1368.54
  34  1222.82
  35  1079.16
  36   954.673
  37   735.319
  38   492.265
  39   172.484
  40   417.364
  41   497.659
  42   410.624
  43   495.939
  44   421.675
  45   331.239
  46   150.581
  47    44.3084
  48    47.3146
  49    28.6298
  50    72.1178
  51    27.9277
  52    71.0293
  53    11.4912
  54     0.0104
  55     0.7988
  56     0.1521
  57     2.4638
  58     1.6754
  59     0.7311
  62     0.5105
