This file was gnenerated on 2021-06-21 16:27:50.995195 by Grant Finneman. This contains the extracted data from the Gate simulations
The edep for each bar was summed up and printed to this file. The only math operation done has been addition.

  id       edep
   0     2.6796
   1     0
   2     0
   3     1.578
   4     1.471
   5     0
   6     0
   7     0.9689
   8     2.1482
   9     1.0846
  10     0.6834
  11     0.7755
  12     1.0492
  13     2.9608
  14     0
  15     0.8189
  16   135.136
  17   153.795
  18   192.775
  19   217.551
  20   107.722
  21    57.4569
  22     2.6463
  23     2.7239
  24  1336.79
  25  1529.09
  26  1295.87
  27  1351.38
  28  1229
  29  1085.72
  30   525.569
  31   161.111
  32  1164.58
  33  1479.79
  34  1547.96
  35  1404.03
  36  1043.01
  37   905.523
  38   558.656
  39   221.364
  40   142.222
  41   349.305
  42   283.379
  43   181.452
  44   117.476
  45   111.666
  46    38.172
  47     7.3614
  48     8.4152
  49     2.8428
  50    16.2251
  51    29.8238
  52    14.04
  53     0.52
  54     8.6102
  55    14.9865
  56     0
  57     0
  58     1.4446
  59     0
  60     1.8375
  61     0.7115
  62     0.5778
  63     0
