This file was gnenerated on 2021-06-17 21:00:00.510721 by Grant Finneman. This contains the extracted data from the Gate simulations
The edep for each bar was summed up and printed to this file. The only math operation done has been addition.

  id       edep
   0     2.5151
   1     0.2454
   2     1.0327
   5     1.4929
   6     0.8699
   7     1.0445
   8    49.7131
   9    27.1418
  10    57.888
  11    95.1107
  12     5.4745
  13     4.3568
  14    29.6212
  15    42.5296
  16   518.882
  17   511.475
  18   550.702
  19   771.028
  20   473.388
  21   351.445
  22   166.502
  23   116.334
  24  1026.44
  25   925.95
  26  1141.68
  27  1075.31
  28   816.348
  29   735.992
  30   395.721
  31   155.316
  32  1448.66
  33  1441.41
  34  1333.44
  35   950.575
  36   730.62
  37   613.142
  38   319.594
  39   131.093
  40   529.815
  41   761.499
  42   778.508
  43   684.472
  44   424.018
  45   409.081
  46   271.44
  47    80.3773
  48    98.2008
  49   104.587
  50    61.1141
  51    39.4675
  52    36.638
  53     0.683
  54     2.3797
  55     6.9914
  56     0.7205
  57     0.5574
  58     1.414
  59     0.6099
  63     0.2156
