This file was gnenerated on 2021-06-21 16:27:05.309956 by Grant Finneman. This contains the extracted data from the Gate simulations
The edep for each bar was summed up and printed to this file. The only math operation done has been addition.

  id       edep
   0     1.4042
   1     0.2346
   2     0
   3    20.8523
   4    21.5742
   5    22.4133
   6     0.0924
   7     0.0924
   8    74.79
   9    85.8865
  10    66.0171
  11    38.2335
  12    77.5472
  13    40.6551
  14     9.3282
  15     0.3226
  16   480.351
  17   531.721
  18   579.072
  19   487.351
  20   397.291
  21   438.118
  22   320.122
  23   168.701
  24   798.032
  25   993.332
  26  1135.33
  27   872.894
  28   905.688
  29   570.614
  30   333.935
  31   124.686
  32   977.01
  33   956.967
  34  1008.21
  35  1024.08
  36   855.25
  37   722.315
  38   441.036
  39   133.216
  40   585.822
  41   836.046
  42   765.973
  43   701.257
  44   613.758
  45   399.557
  46   227.669
  47    96.1885
  48    96.0598
  49   176.399
  50   153.293
  51    98.799
  52    53.4819
  53    23.9905
  54    10.5001
  55     2.9434
  56     1.4133
  57     2.1085
  58     0
  59     0.7362
  60     3.7377
  61     6.3908
  62     3.7227
  63    10.4676
