This file was gnenerated on 2021-06-21 16:27:36.608083 by Grant Finneman. This contains the extracted data from the Gate simulations
The edep for each bar was summed up and printed to this file. The only math operation done has been addition.

  id       edep
   0    11.3848
   1     2.7764
   2     8.6162
   3    35.201
   4    11.498
   5     1.2256
   6     0.9204
   7     1.8287
   8    97.0598
   9   171.023
  10   102.182
  11   128.163
  12   116.284
  13   176.766
  14    58.0096
  15    16.5882
  16   640.628
  17   546.867
  18   611.141
  19   692.787
  20   512.601
  21   352.033
  22   261.311
  23    89.8454
  24   954.568
  25   932.84
  26  1003.52
  27   926.982
  28   825.23
  29   678.317
  30   494.852
  31   234.756
  32   941.255
  33   906.453
  34   970.461
  35  1001.11
  36   884.427
  37   702.854
  38   365.457
  39   135.635
  40   580.938
  41   623.356
  42   644.829
  43   650.913
  44   547.022
  45   412.028
  46   315.275
  47    73.4944
  48    90.308
  49   104.162
  50    21.5312
  51    69.6119
  52    86.0317
  53    57.6831
  54    40.3055
  55     0.1879
  56     0.6398
  57     0
  58    11.7557
  59     0.6554
  60     0.8844
  61     1.4376
  62     0.9233
  63     0.5088
