This file was gnenerated on 2021-06-17 21:06:20.368727 by Grant Finneman. This contains the extracted data from the Gate simulations
The edep for each bar was summed up and printed to this file. The only math operation done has been addition.

  id      edep
   0   72.3666
   1   93.9586
   2  131.685
   3   28.1223
   4   79.2427
   5   36.1411
   6   19.2756
   7   17.3867
   8  300.212
   9  286.835
  10  388.607
  11  206.819
  12  201.052
  13  184.081
  14  125.673
  15   45.0916
  16  693.202
  17  777.207
  18  631.867
  19  474.892
  20  448.542
  21  257.555
  22  130.584
  23   43.65
  24  613.907
  25  573.428
  26  638.9
  27  630.798
  28  466.311
  29  292.963
  30  211.451
  31   62.9233
  32  646.864
  33  736.911
  34  593.66
  35  570.164
  36  446.657
  37  266.791
  38  193.232
  39   58.1642
  40  636.562
  41  635.843
  42  768.432
  43  639.038
  44  385.121
  45  263.931
  46  119.317
  47   37.5406
  48  309.578
  49  314.102
  50  360.015
  51  307.07
  52  165.395
  53  139.124
  54   75.8171
  55   33.2036
  56   11.5682
  57    3.8008
  58   31.8025
  59   71.9654
  60   58.7701
  61    1.792
  62    2.452
  63    1.6975
