This file was gnenerated on 2021-06-17 21:07:41.555911 by Grant Finneman. This contains the extracted data from the Gate simulations
The edep for each bar was summed up and printed to this file. The only math operation done has been addition.

  id       edep
   0    12.0542
   1    29.072
   2     0.5029
   4     0.6084
   5     1.3673
   6     3.3719
   7     3.7484
   8   130.755
   9   176.373
  10   131.109
  11    35.8275
  12    37.4938
  13    10.7958
  14    17.2547
  15     9.3375
  16   617.697
  17   703.208
  18   696.272
  19   494.121
  20   350.384
  21   274.806
  22   165.081
  23   147.423
  24  1114.61
  25  1246.65
  26  1191.89
  27   952.398
  28   829.715
  29   620.769
  30   400.624
  31   178.912
  32  1096.29
  33  1038.76
  34  1044.49
  35   945.51
  36   883.884
  37   616.805
  38   438.254
  39   176.072
  40   570.312
  41   564.042
  42   525.65
  43   435.768
  44   382.297
  45   270.408
  46   129.736
  47    36.837
  48   109.08
  49    76.7644
  50   115.672
  51    37.3837
  52    50.3927
  53    33.8933
  54    30.1847
  55     8.8417
  56     2.0293
  57    42.1436
  58    13.9109
  62     0.3343
  63     0.8132
