This file was gnenerated on 2021-06-21 16:34:25.559907 by Grant Finneman. This contains the extracted data from the Gate simulations
The edep for each bar was summed up and printed to this file. The only math operation done has been addition.

  id       edep
   0     1.634
   1     2.1528
   2     0
   3     0.9006
   4     0.263
   5     0.2365
   6     0
   7     0.9846
   8    24.7866
   9     4.8032
  10     7.1779
  11     1.5719
  12     0.6901
  13     1.7124
  14     0
  15    43.127
  16   267.578
  17   170.037
  18   207.408
  19   141.35
  20    99.5716
  21    38.4344
  22    28.2387
  23     0.9217
  24  1612.41
  25  1793.62
  26  1698.57
  27  1609.68
  28  1444.6
  29   986.084
  30   630.601
  31   273.171
  32  1330.38
  33  1482.83
  34  1449
  35  1140.8
  36  1050.07
  37   718.87
  38   486.331
  39   193.924
  40   281.419
  41   310.16
  42   184.477
  43   147.705
  44    70.1155
  45    50.6805
  46    19.0344
  47    20.5525
  48    25.1461
  49    64.0732
  50    28.0347
  51    41.059
  52     0.9477
  53     1.14
  54     1.9597
  55     2.5207
  56     0.3525
  57     0
  58     2.7604
  59     0.7455
  60     0.7346
  61     0
  62     0
  63     0
