This file was gnenerated on 2021-06-21 16:34:57.902789 by Grant Finneman. This contains the extracted data from the Gate simulations
The edep for each bar was summed up and printed to this file. The only math operation done has been addition.

  id       edep
   0     6.1011
   1    23.7995
   2    30.6951
   3    30.773
   4     4.76
   5     0.8772
   6     0.7456
   7     0.2385
   8   124.102
   9   111.071
  10    90.9806
  11   165.849
  12    85.0148
  13    57.925
  14    15.9701
  15     0.2905
  16   592.185
  17   621.531
  18   845.695
  19   753.224
  20   601.25
  21   449.4
  22   249.436
  23   119.152
  24   770.187
  25   695.024
  26   973.57
  27   816.018
  28   739
  29   552.604
  30   340.215
  31   139.87
  32   912.394
  33  1057.8
  34  1064.29
  35   845.558
  36   572.388
  37   482.916
  38   368.467
  39   146.538
  40   648.195
  41   679.092
  42   654.338
  43   550.315
  44   443.17
  45   269.096
  46   226.128
  47    72.3138
  48    64.343
  49    94.9883
  50   114.447
  51   121.718
  52    38.9234
  53    44.6288
  54    15.7155
  55    11.8047
  56     3.7992
  57    11.8926
  58    39.4112
  59     0
  60     0.6125
  61     0.9288
  62     0.3403
  63     0.0094
