This file was gnenerated on 2021-06-17 21:09:21.694001 by Grant Finneman. This contains the extracted data from the Gate simulations
The edep for each bar was summed up and printed to this file. The only math operation done has been addition.

  id      edep
   0   31.6161
   1   66.4131
   2   27.6673
   3   19.4999
   4    6.1448
   5   36.7887
   6   34.5803
   7    0.2502
   8  343.043
   9  269.754
  10  243.452
  11  146.583
  12  116.887
  13   53.8124
  14   56.3066
  15    4.5517
  16  499.142
  17  534.137
  18  623.162
  19  453.182
  20  341.854
  21  289.503
  22  213.301
  23   63.8306
  24  793.7
  25  838.713
  26  985.053
  27  735.918
  28  532.526
  29  396.504
  30  253.889
  31  105.324
  32  868.078
  33  855.911
  34  689.611
  35  707.376
  36  581.831
  37  474.785
  38  238.933
  39   78.144
  40  598.727
  41  756.294
  42  644.094
  43  534.704
  44  319.49
  45  140.589
  46  135.187
  47   53.4049
  48  383.621
  49  390.552
  50  329.715
  51  250.007
  52  167.735
  53   82.5215
  54   46.654
  55   26.4281
  56   99.4725
  57   95.6694
  58   43.8073
  59   22.1168
  60    7.1353
  61    0.8029
  62    0.6068
  63    0.6068
