This file was gnenerated on 2021-06-21 16:35:13.181337 by Grant Finneman. This contains the extracted data from the Gate simulations
The edep for each bar was summed up and printed to this file. The only math operation done has been addition.

  id       edep
   0    11.2052
   1     0.0895
   2    18.9437
   3    15.6446
   4    21.8348
   5    14.4712
   6     1.2545
   7     0
   8   169.093
   9   118.746
  10   180.949
  11   166.728
  12   108.568
  13    65.755
  14    32.2129
  15    10.6839
  16   548.897
  17   639.134
  18   677.78
  19   578.849
  20   426.253
  21   335.267
  22   154.144
  23    76.2312
  24  1189.36
  25  1099.15
  26   871.706
  27   856.454
  28   732.142
  29   541.342
  30   295.483
  31   101.044
  32  1176.99
  33  1241.06
  34  1048.48
  35  1008.53
  36   886.937
  37   548.908
  38   355.044
  39    98.0929
  40   740.951
  41   747.388
  42   711.965
  43   598.234
  44   384.46
  45   261.186
  46   148.878
  47    47.2461
  48   195.086
  49   156.977
  50   140.564
  51   130.114
  52    59.483
  53    39.3276
  54    47.1305
  55    11.4751
  56     0.2553
  57    22.9292
  58    26.7588
  59    13.3039
  60     1.2609
  61     0.7213
  62     1.1277
  63     0
