This file was gnenerated on 2021-06-17 21:08:27.667462 by Grant Finneman. This contains the extracted data from the Gate simulations
The edep for each bar was summed up and printed to this file. The only math operation done has been addition.

  id       edep
   0    19.902
   1     0.3173
   2    12.262
   3    46.3657
   4    52.0458
   5     1.0838
   6     0.5915
   7     0.9618
   8   154.849
   9   230.246
  10   109.053
  11   110.648
  12   132.004
  13    97.4675
  14    24.6719
  15     1.091
  16   804.158
  17   813.533
  18   720.983
  19   613.043
  20   460.186
  21   343.601
  22   287.759
  23   125.875
  24  1027.7
  25  1084.83
  26   887.804
  27   710.776
  28   591.178
  29   453.697
  30   180.955
  31    54.2032
  32   925.892
  33   730.913
  34   900.501
  35   700.285
  36   511.071
  37   458.269
  38   233.728
  39    80.6893
  40   653.206
  41   609.393
  42   590.863
  43   603.649
  44   424.41
  45   408.386
  46   229.229
  47    66.2335
  48   240.135
  49   220.061
  50   193.594
  51   198.484
  52   108.502
  53    47.5406
  54    25.031
  55     7.8547
  56     0.5357
  57    53.286
  58    82.1352
  59    32.9599
  60     5.7926
  61     0.57
  63     0.8971
