This file was gnenerated on 2021-06-21 16:35:09.647970 by Grant Finneman. This contains the extracted data from the Gate simulations
The edep for each bar was summed up and printed to this file. The only math operation done has been addition.

  id       edep
   0     0
   1     2.1131
   2     0.8838
   3     0.439
   4     0.5017
   5     0
   6     0.733
   7     1.2227
   8   147.943
   9    76.5259
  10   102.048
  11    71.1973
  12    21.0394
  13     9.5638
  14     3.8488
  15     9.0774
  16   796.974
  17   613.997
  18   469.221
  19   453.279
  20   273.325
  21   227.535
  22   148.303
  23    51.7948
  24  1096.78
  25  1093.74
  26   935.156
  27   758.294
  28   586.412
  29   458.433
  30   240.453
  31    98.9796
  32  1217.06
  33  1306.87
  34  1106.07
  35   850.417
  36   731.212
  37   509.598
  38   283.683
  39   105.062
  40   645.776
  41   553.15
  42   411.703
  43   469.378
  44   389.219
  45   157.102
  46   153.393
  47    54.1962
  48   125.792
  49   136.987
  50    63.2717
  51    37.7087
  52    47.8834
  53    38.5747
  54    22.0719
  55     9.4815
  56     8.0195
  57    15.3062
  58    30.7743
  59     5.4483
  60    12.6153
  61     0.1426
  62     0.8793
  63     0.8382
