This file was gnenerated on 2021-06-22 01:40:02.669621 by Grant Finneman. This contains the extracted data from the Gate simulations
The edep for each bar was summed up and printed to this file. The only math operation done has been addition.

  id         edep
   0      8.87921
   1     34.3348
   2     23.2729
   3     14.2714
   4     11.7902
   5      4.60159
   6     17.3669
   7      5.4054
   8    290.04
   9    340.872
  10    188.641
  11    227.501
  12    106.912
  13     79.5153
  14     33.5446
  15     21.1506
  16   2755.85
  17   2770.59
  18   1994.23
  19   1519.71
  20    941.524
  21    460.504
  22    159.114
  23     30.9248
  24  15277.1
  25  15703.9
  26  14411.6
  27  12060
  28  10005.1
  29   7548.48
  30   4526.27
  31   1740.21
  32  15634.9
  33  15556.8
  34  14640.4
  35  12194
  36  10054.1
  37   7636.93
  38   4461.44
  39   1775.11
  40   2423.14
  41   2564.11
  42   1575.52
  43   1511.33
  44   1045.17
  45    563.337
  46    175.984
  47     93.7446
  48    275.616
  49    422.802
  50    326.281
  51    167.711
  52    105.799
  53     23.1277
  54      4.20021
  55      3.33362
  56     12.4406
  57     45.7592
  58     12.7235
  59     31.7636
  60      5.76469
  61     15.3652
  62      4.38359
  63     15.7828
