This file was gnenerated on 2021-06-21 16:34:24.843857 by Grant Finneman. This contains the extracted data from the Gate simulations
The edep for each bar was summed up and printed to this file. The only math operation done has been addition.

  id       edep
   0     2.6398
   1    13.4554
   2     7.095
   3     0.6019
   4     0
   5     0.6544
   6     1.9305
   7     0.3733
   8    50.0625
   9    54.8729
  10    57.5957
  11    35.5342
  12    22.4304
  13     7.6608
  14     0.5536
  15     0.0417
  16   657.683
  17   625.679
  18   515.92
  19   402.99
  20   391.53
  21   269.369
  22   120.225
  23    66.0008
  24  1105.64
  25  1197.54
  26  1210.85
  27  1055.58
  28   928.305
  29   583.362
  30   400.345
  31   185.89
  32   992.294
  33  1264.64
  34  1113.95
  35   876.943
  36   716.369
  37   614.906
  38   367.602
  39   120.064
  40   676.867
  41   650.016
  42   639.778
  43   481.502
  44   342.328
  45   189.763
  46   169.709
  47    60.893
  48    75.9767
  49   111.731
  50    79.3059
  51    81.389
  52    20.5548
  53     9.9251
  54    23.8214
  55     0.8125
  56    13.7248
  57    55.9677
  58    19.9244
  59     0
  60     6.1687
  61     0.5911
  62     1.6499
  63     0.0404
