This file was gnenerated on 2021-06-17 21:08:14.492907 by Grant Finneman. This contains the extracted data from the Gate simulations
The edep for each bar was summed up and printed to this file. The only math operation done has been addition.

  id       edep
   0     1.6725
   2     5.3981
   3    16.8181
   4     0.7121
   5    28.2795
   6    31.5112
   7     7.9794
   8    85.4338
   9   163.041
  10   162.076
  11   130.88
  12    69.8504
  13    65.2985
  14    60.6709
  15     6.5352
  16   551.342
  17   618.779
  18   567.101
  19   626.993
  20   484.537
  21   270.723
  22   145.664
  23    62.332
  24   805.871
  25  1061.92
  26   941.318
  27   856.222
  28   653.867
  29   440.738
  30   298.013
  31    88.5739
  32  1110.35
  33  1079.71
  34   951.217
  35  1039.6
  36   844.867
  37   651.486
  38   461.66
  39   166.296
  40   765.313
  41   614.541
  42   557.884
  43   443.902
  44   422.938
  45   318.252
  46   211.103
  47    66.8454
  48   152.592
  49   183.035
  50   119.172
  51   149.743
  52   135.733
  53    83.7189
  54    17.9715
  55     3.8612
  56    41.83
  57    82.2288
  58    23.1361
  59     8.714
  60     1.4447
  61     0.2465
  62     0.0116
