This file was gnenerated on 2021-06-21 16:32:41.613333 by Grant Finneman. This contains the extracted data from the Gate simulations
The edep for each bar was summed up and printed to this file. The only math operation done has been addition.

  id       edep
   0     3.5546
   1    15.2413
   2     0.8853
   3     0.6918
   4     0.3826
   5     0.3801
   6     0.5252
   7     0.8048
   8   136.869
   9   217.347
  10   102.348
  11    91.8441
  12    21.5905
  13     2.4491
  14     0
  15     0.8756
  16   669.721
  17   806.526
  18   663.303
  19   590.944
  20   420.474
  21   265.195
  22   171.838
  23    81.9286
  24   786.062
  25   876.768
  26   984.121
  27   836.356
  28   692.03
  29   490.509
  30   293.245
  31   105.085
  32  1056.45
  33  1197.37
  34  1005.57
  35   912.347
  36   642.524
  37   377.907
  38   226.226
  39    59.0917
  40   676.281
  41   717.617
  42   609.315
  43   648.367
  44   439.83
  45   349.976
  46   285.898
  47   114.186
  48    69.2054
  49   121.161
  50   100.732
  51    84.0946
  52    26.878
  53    16.3066
  54    51.086
  55     1.6388
  56     6.7624
  57    21.5386
  58     2.4684
  59     2.0319
  60     0.8566
  61     0
  62     0.3768
  63     0.9237
