This file was gnenerated on 2021-06-17 21:05:57.767851 by Grant Finneman. This contains the extracted data from the Gate simulations
The edep for each bar was summed up and printed to this file. The only math operation done has been addition.

  id       edep
   0     0.921
   1     0.6491
   2     1.9372
   3     1.2306
   6     0.5535
   7     0.0546
   8    51.8887
   9    28.2272
  10     5.5163
  11    19.0742
  12    44.7017
  13    13.5252
  14     1.2381
  15     0.8004
  16   268.658
  17   229.086
  18   127.849
  19   118.395
  20   131.541
  21   135.989
  22    33.3959
  23     9.8561
  24  1782.3
  25  1662.3
  26  1752.81
  27  1479.33
  28  1084.6
  29   869.162
  30   506.982
  31   204.418
  32  1567.33
  33  1594.57
  34  1498.19
  35  1125.71
  36   889.668
  37   711.621
  38   495.221
  39   155.919
  40   268.854
  41   229.367
  42   156.912
  43   205.2
  44   182.988
  45    59.6803
  46    17.1897
  47     6.6114
  48    54.4214
  49    43.5842
  50    51.8484
  51    18.7038
  52    52.6848
  53     4.2389
  54     2.6832
  55     1.3416
  56     0.8577
  57     0.0519
  58     0.7863
  59     0.3012
  60     0.0886
  61     0.571
  62     0.0519
