This file was gnenerated on 2021-06-21 16:35:56.063107 by Grant Finneman. This contains the extracted data from the Gate simulations
The edep for each bar was summed up and printed to this file. The only math operation done has been addition.

  id      edep
   0   65.3226
   1   35.5498
   2    3.4728
   3   42.7729
   4   23.4554
   5    0.0309
   6    1.2941
   7    1.9964
   8  229.496
   9  263.419
  10  194.791
  11  196.963
  12  185.625
  13  130.091
  14   71.5297
  15   46.7176
  16  656.458
  17  646.877
  18  589.603
  19  430.807
  20  483.097
  21  359.562
  22  329.501
  23  121.382
  24  718.925
  25  735.932
  26  545.249
  27  586.137
  28  423.978
  29  353.922
  30  253.818
  31   72.992
  32  835.677
  33  886.729
  34  679.153
  35  755.41
  36  538.427
  37  359.854
  38  285.018
  39  119.766
  40  760.26
  41  817.714
  42  684.668
  43  577.954
  44  376.079
  45  365.514
  46  202.187
  47  108.584
  48  220.869
  49  317.348
  50  302.736
  51  221.178
  52  117.999
  53  123.331
  54   39.9194
  55   46.7843
  56   23.585
  57   48.1973
  58   48.3488
  59   41.1648
  60   14.068
  61    8.8631
  62    0.9287
  63    0
