This file was gnenerated on 2021-06-17 21:14:24.340939 by Grant Finneman. This contains the extracted data from the Gate simulations
The edep for each bar was summed up and printed to this file. The only math operation done has been addition.

  id       edep
   2     0.6505
   3     1.157
   4     1.3858
   5     0.3354
   7     2.0082
   8    31.285
   9    68.9803
  10    12.1596
  11     8.2833
  13     0.4626
  16   244.914
  17   266.833
  18   189.774
  19   122.358
  20    68.8746
  21    32.8781
  22    10.2225
  23     1.8206
  24  1411.05
  25  1561.92
  26  1564.55
  27  1215.21
  28   803.229
  29   636.781
  30   404.118
  31   214.07
  32  1660.06
  33  1445.45
  34  1348.36
  35  1308.91
  36   977.51
  37   680.12
  38   460.173
  39   253.387
  40   226.867
  41   245.379
  42   289.426
  43   122.602
  44    64.3425
  45    21.1796
  46    36.1594
  47    18.0259
  48    44.4492
  49    43.3971
  50    39.4516
  51    40.2089
  52    11.3933
  53     1.3396
  54     0.6426
  56     0.2428
  57     0.2436
  58     0.7767
  59     0.8214
  60     0.9653
