This file was gnenerated on 2021-06-17 21:11:20.769321 by Grant Finneman. This contains the extracted data from the Gate simulations
The edep for each bar was summed up and printed to this file. The only math operation done has been addition.

  id      edep
   0   91.2656
   1   73.6647
   2   13.0105
   3    3.2952
   4    7.1032
   5   19.6381
   6    1.6828
   7    0.316
   8  194.683
   9  227.214
  10  148.947
  11  105.452
  12  114.119
  13   66.1279
  14   11.5062
  15   24.1221
  16  812.482
  17  671.865
  18  562.35
  19  499.802
  20  462.995
  21  263.584
  22  179.815
  23   71.9917
  24  858.43
  25  810.405
  26  775.431
  27  585.837
  28  426.087
  29  294.649
  30  217.067
  31   99.8938
  32  735.821
  33  681.451
  34  650.491
  35  588.091
  36  347.267
  37  335.164
  38  180.687
  39   33.2885
  40  621.48
  41  656.807
  42  566.282
  43  523.742
  44  416.423
  45  311.94
  46  195.127
  47  103.814
  48  315.267
  49  222.744
  50  216.606
  51  259.129
  52  146.197
  53  112.484
  54   70.299
  55   13.7441
  56   48.4775
  57   80.8875
  58   33.5197
  59   38.6168
  60    2.2512
  61    0.0783
  62    0.011
