This file was gnenerated on 2021-06-17 21:12:46.397000 by Grant Finneman. This contains the extracted data from the Gate simulations
The edep for each bar was summed up and printed to this file. The only math operation done has been addition.

  id       edep
   0    36.4198
   1    42.1388
   2     9.8799
   3     4.7911
   4    14.6092
   8    91.4973
   9   122.973
  10    68.7897
  11    30.7693
  12    25.4518
  13    19.5733
  14     0.1263
  15     0.0711
  16   505.111
  17   534.348
  18   353.833
  19   257.469
  20   234.398
  21   238.934
  22   162.388
  23    52.0907
  24  1134.86
  25  1160.84
  26   994.223
  27   826.354
  28   566.719
  29   475.008
  30   340.437
  31   123.523
  32  1156.09
  33  1179.31
  34   947.819
  35   788.004
  36   762.123
  37   607.618
  38   355.475
  39   149.159
  40   683.659
  41   641.065
  42   545.529
  43   449.392
  44   320.802
  45   274.256
  46   220.925
  47    98.7215
  48   238.928
  49   152.361
  50    58.7056
  51    62.1526
  52    25.5964
  53     7.5493
  54     1.3396
  55     8.1162
  56    50.4099
  57    37.2261
  58    16.7243
  59     0.503
  60     0.5234
  62     0.6299
  63     1.6721
