This file was gnenerated on 2021-06-21 16:37:01.378766 by Grant Finneman. This contains the extracted data from the Gate simulations
The edep for each bar was summed up and printed to this file. The only math operation done has been addition.

  id       edep
   0     0
   1     0
   2     0
   3     0
   4     0.3019
   5     0
   6     0.7498
   7     0.8639
   8    30.1631
   9     4.72
  10    35.2232
  11    26.1152
  12     0.074
  13     0.4482
  14     2.0805
  15     0.3725
  16   293.267
  17   384.704
  18   276.054
  19   205.653
  20   219.329
  21   113.757
  22    36.6178
  23     7.2776
  24  1442.26
  25  1268.34
  26  1078.34
  27   909.005
  28   635.564
  29   511.412
  30   387.283
  31   157.937
  32  1373.84
  33  1244.12
  34  1252.06
  35  1011.2
  36   912.113
  37   790.567
  38   388.376
  39   161.846
  40   272.897
  41   311.519
  42   263.416
  43   126.058
  44   128.015
  45    80.7792
  46    32.9069
  47     3.4525
  48    46.5975
  49    74.3842
  50    33.9042
  51    21.701
  52    32.166
  53    13.0194
  54     0.6171
  55     0.8819
  56     0.7326
  57     1.4823
  58     0.272
  59     0.6859
  60     0
  61     0
  62     0
  63     0
