This file was gnenerated on 2021-06-17 21:10:15.613287 by Grant Finneman. This contains the extracted data from the Gate simulations
The edep for each bar was summed up and printed to this file. The only math operation done has been addition.

  id       edep
   0     1.5744
   1     5.9136
   2     6.8992
   3     0.1368
   5     0.6882
   6     0.0158
   8    23.9127
   9    37.2591
  10    31.6211
  11     7.8987
  12    16.8076
  13    39.5288
  14    29.5517
  15     0.0633
  16   195.562
  17   186.131
  18   150.531
  19   231.788
  20    45.7501
  21    52.8667
  22     8.4948
  23     5.7312
  24  1549.12
  25  1515.33
  26  1417.84
  27  1168.29
  28  1093.1
  29   682.666
  30   387.376
  31   201.31
  32  1695.43
  33  1599.26
  34  1484.82
  35  1295.37
  36  1043.76
  37   706.161
  38   431.371
  39   119.438
  40   218.038
  41   269.363
  42   218.75
  43   100.538
  44   130.626
  45    89.2012
  46    30.8149
  47    12.9236
  48    47.0359
  49    27.0361
  50    32.7998
  51     4.4522
  52     7.8541
  53    10.5176
  55     0.1759
  56    26.0503
  57     7.2727
  58     1.4431
  59     1.0376
  61     1.4122
  63     0.8356
