This file was gnenerated on 2021-06-17 21:11:46.017711 by Grant Finneman. This contains the extracted data from the Gate simulations
The edep for each bar was summed up and printed to this file. The only math operation done has been addition.

  id       edep
   0     0.8947
   2     0.1282
   3     2.9589
   4     5.8965
   5     1.0951
   6     0.0983
   7     0.3956
   8    97.1709
   9    41.5681
  10    33.0818
  11    37.1889
  12     0.2328
  13    14.4043
  14    10.4336
  15    12.3895
  16   480.382
  17   456.47
  18   398.017
  19   314.426
  20   235.088
  21   259.609
  22   266.267
  23    54.9962
  24  1217.49
  25  1125.28
  26  1088.6
  27   929.517
  28   693.316
  29   529.4
  30   396.437
  31   174.452
  32  1416.86
  33  1205.69
  34   978.296
  35   845.185
  36   829.84
  37   546.29
  38   292.798
  39   127.938
  40   483.138
  41   485.886
  42   495.776
  43   326.831
  44   303.633
  45   251.476
  46   125.518
  47    54.1267
  48   113.529
  49   129.29
  50    94.0703
  51    81.1752
  52    27.8055
  53    17.1286
  54     4.696
  55    13.543
  56     0.4265
  57    11.092
  58    29.9877
  59    18.2891
  60     2.1864
  61     1.6651
  62    31.2365
  63     5.1768
