This file was gnenerated on 2021-06-21 16:39:44.314501 by Grant Finneman. This contains the extracted data from the Gate simulations
The edep for each bar was summed up and printed to this file. The only math operation done has been addition.

  id       edep
   0    29.7879
   1    13.8337
   2    13.4641
   3    37.3285
   4     3.461
   5     1.1165
   6     1.1326
   7     2.3736
   8   189.123
   9   268.819
  10   154.77
  11   131.364
  12    93.2913
  13    56.7482
  14    19.8917
  15    15.893
  16   632.239
  17   644.536
  18   488.854
  19   473.081
  20   397.316
  21   285.057
  22   189.335
  23    54.1563
  24   877.344
  25  1044.2
  26  1138.96
  27   994.912
  28   659.152
  29   458.489
  30   233.517
  31   143.743
  32   863.405
  33   941.416
  34   797.64
  35   704.882
  36   509.528
  37   393.441
  38   225.887
  39    79.4446
  40   593.641
  41   648.053
  42   506.179
  43   468.209
  44   409.064
  45   237.552
  46   169.451
  47    68.6356
  48   130.243
  49   190.649
  50   152.316
  51   147.249
  52    98.1832
  53    51.7732
  54    59.2196
  55    31.6131
  56    21.3076
  57    34.6598
  58    63.8668
  59    44.1986
  60     1.2182
  61     0
  62     1.1836
  63     0.4027
