This file was gnenerated on 2021-06-21 16:38:53.078813 by Grant Finneman. This contains the extracted data from the Gate simulations
The edep for each bar was summed up and printed to this file. The only math operation done has been addition.

  id       edep
   0     9.7677
   1    18.9595
   2     4.0572
   3     0
   4     0.2848
   5     0
   6     0.4007
   7     1.2506
   8    51.6141
   9    64.2755
  10    49.5254
  11    53.7097
  12    48.4729
  13    21.1175
  14    14.2781
  15     4.0296
  16   520.815
  17   465.416
  18   455.847
  19   365.717
  20   330.326
  21   227.665
  22   118.25
  23    82.5459
  24  1226.41
  25  1225.52
  26  1242.51
  27  1083.91
  28   925.631
  29   635.651
  30   393.684
  31   145.183
  32  1327.3
  33  1319.49
  34  1074.28
  35   906.184
  36   807.465
  37   738.443
  38   395.527
  39   169.814
  40   497.681
  41   460.462
  42   467.97
  43   415.984
  44   326.283
  45   229.62
  46   121.251
  47    62.0879
  48    64.3777
  49    69.8866
  50    69.7298
  51    58.285
  52    13.0539
  53    34.6425
  54    14.572
  55     0.4308
  56    17.7779
  57     0.2337
  58     0
  59     0.0615
  60     1.3148
  61     0
  62     0
  63     4.259
