This file was gnenerated on 2021-06-21 16:37:30.148883 by Grant Finneman. This contains the extracted data from the Gate simulations
The edep for each bar was summed up and printed to this file. The only math operation done has been addition.

  id       edep
   0     2.4443
   1     0
   2     0
   3     0.1174
   4     0
   5     0
   6     0
   7     1.8944
   8    26.5034
   9    62.313
  10    24.0206
  11     2.4226
  12    28.5172
  13     0.9537
  14     2.2826
  15     0.9444
  16   123.098
  17   198.985
  18   206.893
  19   131.389
  20   126.01
  21    28.9708
  22     0.1785
  23     0.5044
  24  1571.47
  25  1444.01
  26  1492.11
  27  1276.68
  28  1058.59
  29   851.213
  30   456.806
  31   190.113
  32  1703.08
  33  1724.68
  34  1502.97
  35  1300.64
  36   871.283
  37   730.594
  38   425.075
  39   176.778
  40   276.629
  41   208.487
  42    62.7012
  43    60.5473
  44    57.7761
  45    77.5138
  46    28.4975
  47     0
  48    28.2777
  49    11.371
  50    18.7779
  51    23.1862
  52    20.7009
  53     3.5004
  54     7.3033
  55    12.8499
  56     2.5698
  57     2.5091
  58     0.8954
  59     1.8853
  60     1.8428
  61     0.3634
  62     1.3993
  63     0
