This file was gnenerated on 2021-06-17 21:12:07.966999 by Grant Finneman. This contains the extracted data from the Gate simulations
The edep for each bar was summed up and printed to this file. The only math operation done has been addition.

  id       edep
   0     4.1292
   1    17.1591
   2    33.714
   3     5.8776
   4     0.8409
   5     0.6256
   6     0.5289
   7     1.6672
   8     7.7271
   9    39.0947
  10    43.597
  11     4.898
  12    13.6749
  13    13.6255
  14    22.2183
  15     0.8659
  16   432.649
  17   405.614
  18   330.803
  19   248.803
  20   152.076
  21   155.34
  22    69.7213
  23    41.9682
  24  1188.47
  25  1231.34
  26  1201.78
  27   984.818
  28   889.154
  29   601.885
  30   351.77
  31   136.878
  32  1227.91
  33  1246.48
  34  1110.04
  35   833.636
  36   791.343
  37   566.494
  38   378.421
  39   115.913
  40   555.387
  41   485.912
  42   242.077
  43   247.33
  44   229.859
  45   186.928
  46   107.715
  47    56.3726
  48    50.1361
  49    86.6972
  50    75.2994
  51    55.2514
  52    19.5706
  53     1.4198
  54     0.3596
  55     0.983
  56     2.5765
  57    17.175
  58     5.0233
  60     0.0079
