This file was gnenerated on 2021-06-17 21:14:20.239266 by Grant Finneman. This contains the extracted data from the Gate simulations
The edep for each bar was summed up and printed to this file. The only math operation done has been addition.

  id      edep
   0   54.7377
   1  129.793
   2   57.2135
   3    7.2033
   4   54.0946
   5    7.2897
   6    2.4588
   7    0.7509
   8  286.357
   9  289.391
  10  249.449
  11  246.728
  12  168.351
  13  195.322
  14  166.5
  15   63.0142
  16  529.598
  17  575.551
  18  591.51
  19  462.002
  20  384.965
  21  276.18
  22  204.714
  23   75.4589
  24  705.756
  25  754.733
  26  731.483
  27  524.763
  28  445.936
  29  256.532
  30  216.468
  31  100.692
  32  682.798
  33  600.773
  34  483.95
  35  510.826
  36  442.346
  37  369.321
  38  181.421
  39   97.2793
  40  594.267
  41  702.354
  42  556.18
  43  499.627
  44  372.108
  45  296.876
  46  163.28
  47   26.4183
  48  350.106
  49  318.455
  50  334.779
  51  266.963
  52  228.94
  53  115.784
  54   75.8716
  55   45.659
  56   56.2605
  57   15.5063
  58   24.4308
  59    8.8594
  60    7.5236
  61   16.188
  62    0.0053
