This file was gnenerated on 2021-06-09 10:34:21.509886 by Grant Finneman. This contains the extracted data from the Gate simulations
The edep for each bar was summed up and printed to this file. The only math operation done has been addition.

  id       edep
   0    563.482
   1   3907.83
   2   6597.93
   3   7656.72
   4   7630.31
   5   6731.86
   6   4032.19
   7    438.837
   8   1758.86
   9  11483.5
  10  20474
  11  23445.9
  12  22453.1
  13  20807.1
  14  12851
  15   2111.05
  16   4466.77
  17  19319.1
  18  30802
  19  35416.6
  20  34642.7
  21  33074.8
  22  20298.1
  23   4410.31
  24   6784.56
  25  22925.3
  26  36318.8
  27  40378.2
  28  39392.6
  29  36480.5
  30  22589.2
  31   6504.92
  32   8169.13
  33  24327.3
  34  35931.4
  35  40973
  36  39246.8
  37  34752.3
  38  21859.3
  39   7692.37
  40   7758.6
  41  21043.1
  42  30534.4
  43  34975.7
  44  35282.7
  45  31376.2
  46  20734.6
  47   7960.02
  48   7384.21
  49  17601.7
  50  25641.7
  51  29638
  52  28640.9
  53  25953.3
  54  17206.9
  55   7063.06
  56   6355.62
  57  13745.2
  58  20259.6
  59  22429.7
  60  22275.6
  61  18828.7
  62  13463.7
  63   6274.12
