This file was gnenerated on 2021-06-22 18:03:20.993346 by Grant Finneman. This contains the extracted data from the Gate simulations
The edep for each bar was summed up and printed to this file. The only math operation done has been addition.

  id       edep
   0    0
   1    1.38104
   2    0.19079
   3    1.35832
   4    2.45037
   5    2.09051
   6    0.11276
   7   20.8092
   8    2.81291
   9    0.52013
  10    2.75334
  11    0.93458
  12    2.26551
  13    2.39712
  14    1.29955
  15    2.13844
  16    3.20217
  17    1.70984
  18    0.08133
  19    2.20667
  20    4.04606
  21    2.19348
  22    3.15031
  23    0.4356
  24    1.09487
  25    2.824
  26    2.83526
  27    4.43001
  28    3.18176
  29    2.22911
  30    1.77551
  31    3.80152
  32    2.48295
  33    2.47435
  34    0.18976
  35    0.88633
  36    2.56517
  37    1.87278
  38    3.40877
  39    3.20262
  40    1.67842
  41    2.18536
  42    2.66478
  43    2.57495
  44    0.71315
  45    1.40535
  46    2.40588
  47    6.48258
  48    2.50408
  49    0.92957
  50    4.27502
  51    2.2299
  52    1.60563
  53    1.27923
  54    0.98405
  55    0
  56    7.86297
  57    0
  58    0.89812
  59    0.81565
  60    0
  61    3.76112
  62    0.05111
  63    0.56023
  64    1.01212
  65    2.81644
  66    1.13427
  67    1.21977
  68   13.3281
  69    2.38929
  70    1.56254
  71    2.49442
  72    2.28828
  73    4.25506
  74    5.52835
  75    2.51859
  76    5.14257
  77    4.937
  78    9.47143
  79    4.14992
  80   13.1894
  81    3.56983
  82    5.78106
  83   15.8403
  84    5.99071
  85    6.36702
  86   18.6992
  87   31.8401
  88    1.57568
  89    9.49924
  90    6.36534
  91    5.03279
  92    5.24463
  93    4.30701
  94    9.32087
  95   16.1843
  96    3.89065
  97    4.82554
  98    5.5894
  99    4.21106
 100    3.87497
 101    3.29534
 102    5.89007
 103   26.5765
 104    4.57631
 105    9.29388
 106    7.35904
 107    2.81648
 108    7.82522
 109    6.78022
 110    2.73071
 111    9.24949
 112    2.78723
 113    4.25385
 114    0.53279
 115    6.54959
 116    0.33542
 117    1.37144
 118    1.49904
 119    1.69841
 120    1.40582
 121    0.68025
 122    2.03106
 123    2.76106
 124    2.64484
 125    1.04207
 126    2.99515
 127    0.79036
 128    3.51827
 129    4.74101
 130    3.7735
 131    5.87085
 132    4.47081
 133    3.37146
 134    3.83564
 135    0.3516
 136   42.8363
 137   65.8999
 138   17.8931
 139   29.477
 140   70.4458
 141   38.5883
 142   36.8699
 143   43.9261
 144  172.254
 145  200.573
 146  237.205
 147  254.494
 148  206.218
 149  212.486
 150  257.536
 151  221.529
 152   61.7377
 153   58.1964
 154   90.087
 155  148.86
 156  100.758
 157  106.062
 158   83.0513
 159   69.602
 160   20.1971
 161   11.3174
 162   42.025
 163   10.2017
 164   14.2673
 165   13.3431
 166    9.24712
 167    4.52086
 168   11.7174
 169    7.55955
 170    5.93325
 171    9.38786
 172    8.17089
 173    5.37504
 174    4.35729
 175    2.36424
 176    3.42079
 177    4.27487
 178    5.32022
 179    3.01984
 180    0.91724
 181    1.99055
 182    3.13811
 183   34.686
 184    2.91004
 185    0.42229
 186    1.68625
 187    0.80611
 188    1.73649
 189    1.61806
 190    2.60261
 191    1.67653
 192    2.51739
 193    3.16047
 194    5.92619
 195    2.67192
 196    3.18914
 197    2.95701
 198    2.31097
 199   21.6756
 200   96.8518
 201   49.8683
 202   84.7939
 203  123.552
 204  104.312
 205   81.2658
 206   45.5651
 207   70.2323
 208  219.419
 209  272.967
 210  300.555
 211  274.137
 212  344.185
 213  375.665
 214  296.713
 215  256.703
 216  264.067
 217  316.76
 218  366.094
 219  403.42
 220  290.208
 221  308.059
 222  326.978
 223  313.757
 224  195.188
 225  197.836
 226  246.267
 227  189.61
 228  219.628
 229  179.782
 230  180.773
 231  164.797
 232   49.7249
 233   54.223
 234   72.0515
 235   78.91
 236   38.2455
 237   41.6128
 238   34.731
 239   40.5596
 240    5.63582
 241    7.30506
 242    4.04073
 243   10.5318
 244    2.75882
 245    2.17737
 246    5.33485
 247    7.25414
 248    6.46577
 249    4.51517
 250    2.23269
 251    2.91782
 252    4.55702
 253    1.73469
 254    0
 255    1.12126
 256    4.58295
 257    5.30448
 258    0.19535
 259    2.4878
 260    2.82159
 261    1.49503
 262    2.21252
 263    1.51598
 264    9.88701
 265    6.89623
 266    2.73274
 267   27.2513
 268    5.63099
 269    5.91179
 270    3.01299
 271    3.29301
 272   69.3333
 273   57.6592
 274   66.2214
 275   29.5677
 276   90.3731
 277   50.7767
 278   43.8514
 279   43.6648
 280  201.758
 281  271.161
 282  226.999
 283  172.134
 284  199.069
 285  167.495
 286  179.828
 287  162.863
 288  275.638
 289  295.927
 290  283.69
 291  383.027
 292  300.283
 293  340.001
 294  344.821
 295  269.658
 296  260.824
 297  263.295
 298  272.352
 299  276.902
 300  238.862
 301  328.189
 302  318.579
 303  261.442
 304   56.84
 305   54.6786
 306   56.8239
 307   75.7172
 308  131.073
 309  105.272
 310   64.4272
 311   76.0213
 312    2.85901
 313    4.89448
 314    3.08955
 315    2.35551
 316    5.42312
 317    4.42577
 318    4.10423
 319    0.79861
 320    4.54613
 321    0.98005
 322    3.93742
 323    1.58944
 324    1.13664
 325    1.81465
 326    0.74503
 327    2.68507
 328    4.8152
 329    4.12472
 330    4.13144
 331    4.16669
 332    3.31134
 333    4.78527
 334    0.88562
 335    2.03949
 336    7.89454
 337    5.30047
 338    3.44915
 339    6.87695
 340    7.07122
 341    4.41249
 342   26.8833
 343   27.6253
 344   12.6159
 345   34.0569
 346    8.51572
 347   32.9127
 348   12.0876
 349    8.84802
 350   11.1618
 351    5.89083
 352   65.2227
 353   75.7799
 354   78.2605
 355  113.918
 356   88.9925
 357   92.4309
 358   80.3055
 359   79.9652
 360  242.763
 361  201.261
 362  169.667
 363  133.12
 364  236.289
 365  210.319
 366  197.854
 367  174.496
 368   47.6066
 369   21.857
 370   22.0955
 371   19.8796
 372   37.961
 373   51.4737
 374   36.6692
 375   32.4006
 376    2.90886
 377    6.62579
 378    2.64093
 379    2.47282
 380    2.71595
 381    6.63116
 382    2.74692
 383    4.30444
 384    4.2806
 385    0.52266
 386    2.59273
 387    0.62357
 388    0.65706
 389    2.39607
 390    3.0574
 391    0.78131
 392    0.56361
 393    0.78842
 394    3.71643
 395    4.39806
 396    2.52042
 397    3.50599
 398    2.04895
 399    2.25408
 400    5.34061
 401    5.27512
 402    3.49588
 403    4.70155
 404    1.27291
 405    3.65764
 406    1.85267
 407    5.38303
 408    5.53496
 409    2.12212
 410    5.73613
 411    3.15865
 412    3.80274
 413    2.22889
 414   19.6663
 415   31.8256
 416    4.83878
 417    2.6669
 418    2.80794
 419    4.20685
 420    2.11884
 421    7.97483
 422    3.28558
 423   17.7737
 424   16.6079
 425    7.37276
 426    5.79081
 427    8.06477
 428    1.66389
 429    6.1315
 430    4.24454
 431   15.2879
 432    9.5452
 433    2.42149
 434    1.02354
 435    2.91262
 436    0.93829
 437    5.44137
 438    3.85066
 439    4.12477
 440    3.71537
 441    1.7333
 442    3.02676
 443    2.64416
 444    2.79713
 445    1.19975
 446    1.62707
 447    1.90777
 448    1.54457
 449    1.33447
 450    0
 451    1.82302
 452    1.52967
 453    0.11599
 454    0
 455    8.49182
 456    0
 457    3.02385
 458    2.8917
 459    2.10549
 460    2.02516
 461    1.34386
 462    2.0809
 463    3.41675
 464    1.55642
 465    3.4872
 466    1.00783
 467    1.66523
 468    2.81354
 469    2.58868
 470    3.10297
 471    0.52979
 472    1.48351
 473    1.11491
 474    2.30432
 475    4.51105
 476    2.05873
 477    2.02243
 478    4.27718
 479    2.33873
 480    5.0242
 481    2.64549
 482    0.58957
 483    2.4269
 484    2.97487
 485    3.76953
 486    3.63926
 487    6.68028
 488    1.88296
 489    1.15835
 490    1.20811
 491    0.82003
 492    2.83499
 493    2.98242
 494    1.33887
 495    5.33104
 496    3.1085
 497    3.89786
 498    0.57932
 499    1.355
 500    2.85086
 501    1.92508
 502    2.10237
 503    3.3681
 504    0.5809
 505    0.55417
 506    3.13666
 507    2.60859
 508    1.65546
 509    0.84005
 510    4.70691
 511    0
