This file was gnenerated on 2021-06-22 18:04:58.099821 by Grant Finneman. This contains the extracted data from the Gate simulations
The edep for each bar was summed up and printed to this file. The only math operation done has been addition.

  id       edep
   0    0.62324
   1    1.48393
   2    0.23173
   3    2.54364
   4    3.34235
   5    4.96908
   6    1.48935
   7    4.2612
   8    0.88709
   9    2.94388
  10    0.97164
  11    0.55298
  12    1.45373
  13    3.44857
  14    0.32558
  15    2.64901
  16    3.05382
  17    2.16202
  18    2.05915
  19    0.90425
  20    1.39911
  21    2.13686
  22    0.46382
  23    0.01164
  24    2.54344
  25    4.01585
  26    4.85943
  27    3.14592
  28    3.65431
  29    1.65995
  30    2.62189
  31    2.91616
  32    2.74247
  33    4.40001
  34    4.21261
  35    1.94404
  36    2.49946
  37    2.22716
  38    3.56228
  39   34.4646
  40    2.23402
  41    2.30974
  42    3.32108
  43    1.32251
  44    2.66219
  45    1.15348
  46    3.84047
  47    1.06513
  48    2.33966
  49    1.1576
  50    3.61851
  51    3.20323
  52    2.35219
  53    0.01423
  54    0.67475
  55    1.47813
  56    2.39386
  57    2.40361
  58    0.92517
  59    0.4174
  60    0.89757
  61    0.44103
  62    1.04313
  63    1.00419
  64    0
  65    2.88735
  66    1.91372
  67    1.0609
  68    2.17429
  69    0.97344
  70    0.79491
  71    0.73481
  72    1.56412
  73    2.83073
  74    2.89383
  75    1.31792
  76    3.06907
  77    3.02716
  78    1.7334
  79   19.9347
  80    7.64299
  81    3.00655
  82    8.03423
  83    1.52543
  84    4.71556
  85    3.5628
  86    6.51249
  87   13.5238
  88    6.51195
  89    4.07714
  90    7.60638
  91    8.95126
  92    7.03494
  93    6.60592
  94    9.81631
  95   22.3106
  96    7.31763
  97    3.51917
  98   32.3446
  99   15.8384
 100    4.40032
 101    8.79442
 102   14.1401
 103   23.646
 104    2.923
 105    5.62607
 106    4.36558
 107    4.65275
 108    5.54528
 109    5.64127
 110    3.88559
 111    6.78945
 112    0.69086
 113    2.53449
 114    3.28255
 115    1.47476
 116    1.61015
 117    2.81016
 118    1.51631
 119    5.70486
 120    2.32528
 121    1.7928
 122    1.16364
 123    1.00796
 124    2.55297
 125    2.49324
 126    1.9047
 127    0
 128    2.4265
 129    5.25023
 130    1.83445
 131    3.76982
 132    0.52063
 133    1.42245
 134    0.72814
 135    1.83938
 136    7.7423
 137    6.77924
 138    8.06579
 139    3.19941
 140    7.59361
 141    4.83917
 142    4.32509
 143   14.4586
 144   63.6768
 145   66.7638
 146  130.86
 147  112.094
 148   69.2229
 149   98.7574
 150  139.561
 151  132.759
 152  210.701
 153  152.852
 154  179.932
 155  130.834
 156  202.222
 157  213.389
 158  180.616
 159  157.816
 160  175.599
 161  133.703
 162   96.5098
 163  131.705
 164  121.649
 165  134.952
 166  152.456
 167  138.757
 168  110.971
 169   87.063
 170   72.8215
 171   59.4435
 172   52.4947
 173   60.3008
 174   80.7926
 175   88.9594
 176    5.46026
 177    5.5008
 178    6.0193
 179    6.01522
 180    4.85728
 181    1.94964
 182    4.85409
 183   13.9055
 184    1.90195
 185    1.37534
 186    1.55553
 187    0
 188    1.0812
 189    2.07638
 190    2.23162
 191   11.4237
 192    0.79013
 193    3.17678
 194    4.76354
 195    5.46739
 196    1.58895
 197    1.51985
 198    0.80141
 199    2.67708
 200    4.52495
 201   19.0417
 202    8.35404
 203    7.7056
 204    6.95347
 205    1.62131
 206    4.30582
 207    5.78438
 208  119.146
 209  142.654
 210  130.237
 211  130.937
 212  143.755
 213  141.221
 214  144.005
 215  102.782
 216  268.975
 217  287.362
 218  235.691
 219  201.681
 220  210.531
 221  238.015
 222  234.003
 223  255.367
 224  220.892
 225  241.131
 226  257.465
 227  272.504
 228  236.109
 229  200.19
 230  210.657
 231  203.09
 232   93.653
 233  118.172
 234   89.6404
 235   94.8301
 236   86.4581
 237   88.2606
 238  107.825
 239  118.883
 240    3.57393
 241    4.76444
 242    5.88153
 243    2.06346
 244   14.4125
 245    5.66865
 246    4.19712
 247   67.9203
 248    2.2365
 249    1.08561
 250    3.40786
 251    1.38243
 252    1.426
 253    3.5706
 254    1.12844
 255   24.6817
 256    3.75256
 257    3.48988
 258    2.71675
 259    4.10061
 260    4.89074
 261    0.96113
 262    3.9278
 263    3.15879
 264    3.78988
 265    5.3666
 266    6.41122
 267    7.37311
 268   27.348
 269   15.7138
 270    5.92513
 271   12.6704
 272   88.5216
 273   85.3237
 274  152.189
 275  156.017
 276  137.045
 277  153.467
 278   98.3788
 279   87.413
 280  253.347
 281  326.718
 282  324.505
 283  221.209
 284  288.321
 285  236.287
 286  242.065
 287  300.042
 288  208.187
 289  245.12
 290  258.954
 291  234.336
 292  278.875
 293  284.271
 294  284.357
 295  226.147
 296  148.221
 297  128.339
 298  136.617
 299  152.113
 300  136.88
 301  149.861
 302  104.962
 303   88.5082
 304    5.55423
 305    6.28954
 306    4.8989
 307   10.8694
 308    6.02977
 309    6.84993
 310    9.29699
 311   10.3596
 312    1.78267
 313    4.07188
 314    5.07842
 315    2.28065
 316    2.77349
 317    5.07678
 318    2.83866
 319    2.27846
 320    2.65842
 321    1.33488
 322    2.38484
 323    1.51231
 324    2.26942
 325    5.39599
 326    2.2659
 327    5.37829
 328    6.33522
 329    8.54397
 330    4.69452
 331    1.05579
 332    5.86315
 333    4.49454
 334    2.05135
 335   12.0207
 336  104.418
 337  132.115
 338  100.88
 339   77.9176
 340   85.7469
 341  110.726
 342  111.97
 343   73.3108
 344  140.474
 345  194.734
 346  259.611
 347  160.333
 348  170.39
 349  231.211
 350  192.208
 351  229.189
 352  181.653
 353  189.708
 354  168.837
 355  150.555
 356  135.002
 357  174.895
 358  165.683
 359  133.177
 360   55.6142
 361   79.5
 362  115.971
 363   80.8884
 364   97.1781
 365   84.7061
 366  101.27
 367  110.434
 368    5.95452
 369    5.61776
 370    6.90901
 371    3.83995
 372    5.7816
 373    4.16362
 374   23.3339
 375   20.3299
 376    0.84106
 377    2.7424
 378    1.18353
 379    0.53824
 380    3.94821
 381    4.05104
 382    1.73043
 383    0.99268
 384    1.68195
 385    1.62956
 386    0.53384
 387    1.3426
 388    3.31701
 389    2.09385
 390    1.26141
 391    0.94159
 392    3.07001
 393    2.92365
 394    7.49131
 395    3.46484
 396    4.60577
 397    3.19944
 398    2.53663
 399    1.52999
 400   11.4275
 401    3.52588
 402    2.04279
 403    5.97212
 404    1.75225
 405    3.30114
 406    1.98493
 407    5.58078
 408   10.7306
 409    6.12048
 410   17.6178
 411   12.0494
 412    5.87786
 413    3.64181
 414    6.99284
 415    5.94885
 416    9.4372
 417    5.16772
 418   12.4764
 419    5.78542
 420    5.97581
 421    5.65463
 422    3.58026
 423    2.44846
 424    5.193
 425    9.36442
 426   11.0035
 427    3.09345
 428   10.1593
 429    3.95995
 430    5.10927
 431    6.95609
 432    5.76013
 433    3.82488
 434    6.36377
 435    5.01162
 436    2.72261
 437    3.59862
 438    3.32293
 439    1.86584
 440    0.14713
 441    3.9715
 442    5.31858
 443    4.17625
 444    3.03508
 445    0
 446    1.50761
 447    1.11431
 448    0.7624
 449    1.10511
 450    0.11285
 451    0.69802
 452    1.2829
 453    1.10358
 454    0.74575
 455    2.69644
 456    1.23996
 457    1.73471
 458    1.92031
 459    1.50252
 460    2.67424
 461    1.08634
 462    2.99861
 463    3.59055
 464    1.76385
 465    3.59568
 466    5.87421
 467    1.60287
 468    2.38218
 469    2.53757
 470    1.53416
 471    0.67425
 472    3.07283
 473    2.94034
 474    2.24828
 475    1.91227
 476    8.9194
 477    1.83567
 478    1.76442
 479    0.97961
 480    5.21743
 481    4.99377
 482    5.45356
 483    2.05002
 484    6.15334
 485    1.75205
 486    0
 487    2.89524
 488    4.4519
 489    3.34514
 490    1.74457
 491    2.79136
 492    3.12997
 493    6.93497
 494    1.9541
 495   24.7665
 496    3.11744
 497    2.26062
 498    3.21429
 499    3.27362
 500    2.94639
 501    2.81561
 502    3.95095
 503    1.62778
 504    0.41105
 505    1.72215
 506    1.00831
 507    1.6569
 508    1.44058
 509    0.86194
 510    0.31743
 511    3.80964
