This file was gnenerated on 2021-06-22 18:02:32.027966 by Grant Finneman. This contains the extracted data from the Gate simulations
The edep for each bar was summed up and printed to this file. The only math operation done has been addition.

  id       edep
   0    1.56187
   1    4.29412
   2    0.81652
   3    0.5698
   4    0.00166
   5    1.11142
   6    0.18369
   7    0.11244
   8    0.9297
   9    0
  10    3.65131
  11    0.56661
  12    2.03853
  13    0.96421
  14    0.80291
  15   20.3144
  16    1.77137
  17    3.84545
  18    1.30335
  19    2.01577
  20    8.30363
  21    1.84944
  22    0.31485
  23   11.7435
  24    1.5414
  25    1.53632
  26    3.47821
  27    0.75724
  28    3.0012
  29    5.13005
  30    1.16244
  31   13.6461
  32    1.53024
  33    0
  34    1.86213
  35    1.44933
  36    2.00512
  37    3.41569
  38    4.06093
  39    0.32327
  40    0.86241
  41    4.1479
  42    0.88382
  43    3.27065
  44    1.26611
  45    1.12632
  46    1.77677
  47    2.04743
  48    0.9476
  49    2.31729
  50    4.40735
  51    1.13472
  52    2.47758
  53    2.26194
  54    1.03164
  55    2.73157
  56    0.74592
  57    0.90856
  58    0.50626
  59    0.51277
  60    1.94273
  61    0.14242
  62    1.50904
  63    0.47081
  64    0.77208
  65    1.67089
  66    4.6563
  67    1.03789
  68    2.45535
  69    1.97549
  70    2.26513
  71    2.16114
  72    3.50637
  73    6.60214
  74    4.11702
  75    4.30695
  76    3.37177
  77    1.43879
  78    2.06859
  79   11.3829
  80    3.342
  81    4.62013
  82    2.08479
  83    5.75744
  84    4.12518
  85    6.87997
  86    3.68638
  87    3.57325
  88    4.04943
  89    2.53058
  90    4.84543
  91    5.34795
  92    2.53429
  93    4.99197
  94    5.15521
  95    1.90626
  96    2.55784
  97    4.39867
  98    5.26385
  99    2.5436
 100    3.39292
 101    5.70164
 102    2.6221
 103    3.76685
 104    2.82404
 105    2.10752
 106    2.7686
 107    6.63451
 108    5.12896
 109    5.19988
 110    3.24829
 111    2.41846
 112    2.80392
 113    5.41186
 114    4.48376
 115    2.88742
 116    2.95547
 117    4.15458
 118    1.40211
 119    2.16125
 120    0.81652
 121    0.76203
 122    3.07375
 123    1.80261
 124    1.1866
 125    2.49644
 126    2.97678
 127    1.50629
 128    1.62265
 129    2.87582
 130    2.57408
 131    1.63356
 132    0
 133    2.26923
 134    0.71469
 135    1.74306
 136    5.82338
 137    4.04682
 138    8.01865
 139    4.50664
 140    3.6828
 141    5.61419
 142    2.7913
 143    6.94257
 144    3.64946
 145    3.92712
 146    8.01929
 147    7.33478
 148    7.52405
 149    5.38026
 150    5.95783
 151    2.11139
 152    9.47423
 153    8.72489
 154    7.3022
 155    8.57708
 156    7.38308
 157    6.7138
 158   41.7954
 159   42.8578
 160   16.5539
 161   11.5393
 162   56.6484
 163   22.8974
 164   35.6077
 165   21.2202
 166   11.0457
 167   39.8465
 168    7.02807
 169   30.1158
 170   48.3624
 171   25.4878
 172   27.6498
 173   17.6366
 174    9.86089
 175    8.03682
 176    3.02974
 177    8.182
 178    4.29376
 179    1.8873
 180    2.33644
 181    5.06347
 182    5.43363
 183    2.4933
 184    1.97358
 185    3.39644
 186    1.85216
 187    2.25108
 188    6.18555
 189    2.84749
 190    3.74195
 191    6.02866
 192    5.10353
 193    6.3853
 194    6.22847
 195    2.15041
 196    5.17387
 197    1.69255
 198    2.87896
 199    1.51788
 200    4.63872
 201    4.2902
 202    8.10839
 203   16.0505
 204   10.8191
 205    4.93022
 206    1.57575
 207    5.14297
 208  141.019
 209  156.861
 210  108.58
 211   98.6086
 212  129.911
 213  102.432
 214   99.8741
 215   69.5069
 216  253.801
 217  291.58
 218  250.68
 219  337.074
 220  283.627
 221  330.773
 222  331.251
 223  260.391
 224  443.645
 225  530.329
 226  505.903
 227  406.272
 228  505.913
 229  540.398
 230  503.449
 231  434.97
 232  426.299
 233  393.218
 234  474.952
 235  385.4
 236  357.672
 237  408.423
 238  371.963
 239  302.645
 240    4.60243
 241   24.9877
 242    6.47974
 243   11.1209
 244    9.5224
 245    6.61055
 246    5.13543
 247   24.9674
 248    1.77677
 249    2.63035
 250    2.1394
 251    2.77871
 252    3.44311
 253    4.72839
 254    2.76468
 255   17.6274
 256    5.73945
 257    3.29589
 258    1.51666
 259    2.44223
 260    2.74906
 261    2.2765
 262    1.95871
 263    7.16975
 264    5.51111
 265   13.8346
 266   10.5804
 267   22.4034
 268    5.98671
 269   46.1174
 270   23.892
 271   12.3906
 272  437.668
 273  408.037
 274  369.594
 275  357.38
 276  383.362
 277  473.204
 278  409.249
 279  410.159
 280  367.137
 281  421.704
 282  432.83
 283  373.291
 284  447.896
 285  534.047
 286  457.185
 287  410.162
 288  239.504
 289  318.819
 290  304.808
 291  291.776
 292  302.959
 293  288.83
 294  286.821
 295  317.184
 296  120.67
 297  112.189
 298  114.252
 299   67.054
 300  107.291
 301  116.988
 302   78.8012
 303   75.5985
 304    4.88173
 305   20.0814
 306   21.7247
 307    7.72726
 308    6.4513
 309   31.9626
 310    8.32697
 311   17.8513
 312    5.14832
 313    0.74672
 314    3.20517
 315    4.33103
 316    7.60007
 317    4.52722
 318    5.18122
 319    2.59063
 320    1.39718
 321    3.02694
 322    4.43197
 323    7.10011
 324    1.56836
 325    5.12584
 326    1.87704
 327   17.1759
 328    4.93112
 329    3.43864
 330    3.401
 331    7.75121
 332    4.79339
 333    4.22264
 334    5.50698
 335   28.4038
 336   24.4144
 337    9.32593
 338    7.25648
 339   60.6854
 340   19.8062
 341   46.5092
 342   31.2865
 343   22.2831
 344   11.3826
 345   13.3818
 346   15.2368
 347   16.5168
 348   16.8721
 349   10.9311
 350    5.60078
 351    9.05607
 352   10.7777
 353    6.37943
 354   11.1937
 355   12.6662
 356   10.8574
 357   11.7588
 358    8.4819
 359    8.10224
 360    6.4109
 361    9.51226
 362    6.99217
 363   10.299
 364    6.3834
 365    9.75501
 366    4.4631
 367    4.21217
 368    6.37021
 369    4.25592
 370    6.43328
 371    5.3225
 372    5.64109
 373    6.83608
 374    3.89168
 375   28.5019
 376    4.0424
 377    2.90527
 378    3.22226
 379    4.81821
 380    4.32436
 381    1.44852
 382    2.35954
 383    2.38145
 384    1.98285
 385    3.02256
 386    3.87449
 387    2.49165
 388    2.17799
 389    2.05747
 390    2.6459
 391   15.7535
 392    1.85825
 393    1.8003
 394    2.06553
 395    2.20239
 396    3.84204
 397    0.94774
 398    3.46745
 399   24.618
 400    6.81333
 401    2.28627
 402    3.28648
 403    8.53623
 404    5.07017
 405    2.04648
 406    2.58343
 407   19.8542
 408    3.94085
 409    5.61725
 410    5.05798
 411    5.0698
 412    4.24336
 413    1.85609
 414    4.23701
 415   23.5111
 416    4.37697
 417    4.9867
 418    4.17558
 419    4.68513
 420    1.38143
 421    2.91049
 422    3.12948
 423    4.46914
 424    3.71828
 425    2.71338
 426    1.97156
 427    4.68532
 428    0.60878
 429    4.29239
 430    1.14317
 431    0.25016
 432    3.29844
 433    3.16015
 434    3.0872
 435    2.58554
 436    5.15097
 437    1.79162
 438    2.84309
 439    3.76761
 440    0.31154
 441    4.15738
 442    3.20243
 443    0.20311
 444    3.19798
 445    2.66003
 446    2.60646
 447    0.66012
 448    0
 449    1.67481
 450    1.05623
 451    0.09221
 452    2.42585
 453    1.27532
 454    1.79679
 455   16.0558
 456    2.1115
 457    1.86956
 458    0.63897
 459    1.25911
 460    0.99012
 461    2.8562
 462    1.23058
 463    9.00849
 464    0
 465    1.33339
 466    4.53326
 467    1.94115
 468    1.00179
 469    1.59113
 470    1.93752
 471   21.7847
 472    0.93779
 473    3.56926
 474    1.38787
 475    1.99259
 476    0.90541
 477    3.71693
 478    3.79093
 479    7.86274
 480    2.27006
 481    3.62388
 482    4.15927
 483    1.73725
 484    0.86446
 485    4.92634
 486    2.76269
 487   15.4128
 488    2.927
 489    2.11415
 490    4.43903
 491    3.12445
 492    0.34099
 493    1.75381
 494    1.58294
 495    2.97966
 496    1.25349
 497    1.29544
 498    1.00551
 499    0.96231
 500    0.11581
 501    2.62606
 502    3.99202
 503    2.21485
 504    0.9444
 505    1.05291
 506    0.35802
 507    1.18652
 508    0.88108
 509    3.20223
 510    0.03483
 511    1.12517
