This file was gnenerated on 2021-06-22 18:02:06.767847 by Grant Finneman. This contains the extracted data from the Gate simulations
The edep for each bar was summed up and printed to this file. The only math operation done has been addition.

  id       edep
   0    0.29346
   1    1.92549
   2    0
   3    0.42407
   4    0.77448
   5    0.21965
   6    0.85029
   7    0
   8    1.47103
   9    0.71788
  10    2.5595
  11    0.47779
  12    2.87686
  13    1.47862
  14    1.53041
  15    0.46645
  16    2.34304
  17    1.75124
  18    2.46338
  19    2.14279
  20    1.32402
  21    3.16061
  22    2.53162
  23    1.25392
  24    2.97104
  25    3.29157
  26    0.65214
  27    2.055
  28    1.11873
  29    1.18982
  30    1.2896
  31   12.5617
  32    4.08788
  33    3.12096
  34    1.65782
  35    0.51269
  36    2.83816
  37    0.68158
  38    3.53747
  39    2.26303
  40    1.83403
  41    4.95531
  42    4.24821
  43    2.80036
  44    1.1096
  45    2.62787
  46    1.7327
  47    0.88592
  48    2.51112
  49    2.60563
  50    2.60833
  51    2.71047
  52    1.20384
  53    0.08066
  54    1.76683
  55    7.87579
  56    1.68564
  57    3.34633
  58    3.03062
  59    1.39
  60    1.42801
  61    0.17783
  62    0.86302
  63    0.76496
  64    2.10585
  65    3.21924
  66    0.8605
  67    0.02829
  68    0.23296
  69    2.03189
  70    0
  71   11.5798
  72    1.13112
  73    1.73569
  74    1.496
  75    0.97085
  76    1.70166
  77    1.65296
  78    2.10332
  79    0.50828
  80    5.5735
  81    4.01251
  82    6.07548
  83    5.72911
  84    2.71939
  85    5.05131
  86    1.73605
  87   18.2892
  88    7.09112
  89    3.91592
  90    2.76399
  91    9.22193
  92    3.94064
  93    4.34344
  94    3.21045
  95   12.4435
  96    6.19851
  97    8.84531
  98    7.51875
  99    7.41636
 100    4.23994
 101    3.18562
 102    1.87148
 103   27.5963
 104    4.39595
 105    1.12291
 106    4.58682
 107    3.25631
 108    4.62609
 109    4.90318
 110    3.88576
 111    5.16774
 112    1.45174
 113    3.44989
 114    3.42684
 115    4.18792
 116    1.02017
 117    1.16559
 118    0
 119    8.49012
 120    3.54373
 121    4.29212
 122    2.09668
 123    2.83639
 124    1.2706
 125    1.12781
 126    1.48118
 127    0
 128    1.69983
 129    4.45403
 130    2.64844
 131    0.61213
 132    2.40267
 133    2.25532
 134    2.21999
 135    2.64036
 136    4.91384
 137    8.13852
 138    4.87346
 139    4.11291
 140    4.60529
 141    4.53814
 142    1.66722
 143    1.99474
 144    6.62103
 145   11.0852
 146    8.1098
 147    8.04701
 148    9.92473
 149    4.97017
 150    8.29523
 151   21.5382
 152   21.0181
 153   36.2468
 154   53.8896
 155   27.3542
 156   62.8338
 157   32.1641
 158   24.2834
 159   29.4905
 160   53.3989
 161   48.641
 162   63.7548
 163   63.6767
 164   74.0472
 165   45.1742
 166   35.5326
 167   44.9633
 168   12.4323
 169   10.186
 170   10.1696
 171   10.1741
 172   10.9822
 173   12.6695
 174    3.34598
 175    6.00441
 176    6.79884
 177    6.63971
 178    2.92414
 179    6.04781
 180    3.74719
 181    5.31724
 182    3.42443
 183    3.77542
 184    0.72953
 185    5.30319
 186    1.80007
 187    2.89709
 188    2.11009
 189   16.8779
 190    2.88196
 191    3.52624
 192    0.83455
 193    1.98009
 194    2.4901
 195    0.59669
 196    1.91525
 197    2.7541
 198    3.31488
 199    2.6901
 200    4.39404
 201    8.08982
 202    4.5763
 203    4.32068
 204    3.91373
 205    2.6635
 206    1.95871
 207   14.7336
 208    9.48655
 209   15.8618
 210   10.9847
 211    9.25581
 212   13.7479
 213    9.50787
 214    6.61106
 215   20.5894
 216  304.351
 217  398.118
 218  317.471
 219  301.857
 220  365.766
 221  449.353
 222  395.075
 223  326.816
 224  737.908
 225  775.335
 226  684.771
 227  839.744
 228  908.898
 229  760.128
 230  789.722
 231  743.701
 232   12.42
 233   39.009
 234   15.9762
 235   22.9971
 236   40.9391
 237   18.0442
 238   12.8014
 239   48.5161
 240    2.43947
 241    8.97862
 242    5.04303
 243    5.2146
 244    5.66912
 245    7.33486
 246    4.56509
 247   46.0868
 248    1.36584
 249    2.15163
 250    2.93805
 251    2.49047
 252    0.23972
 253    4.80098
 254    1.7651
 255    1.40487
 256    1.41601
 257    2.79471
 258    1.88009
 259    2.51264
 260    3.14916
 261    1.40353
 262    2.19343
 263    1.33847
 264    3.81701
 265    6.58083
 266    2.61081
 267    6.30783
 268    1.97928
 269    6.13053
 270    4.98
 271   15.4186
 272   14.4329
 273   39.3103
 274   41.5778
 275   16.6439
 276   10.8771
 277   13.0087
 278   19.7559
 279   18.7869
 280  731.725
 281  716.116
 282  807.27
 283  834.693
 284  783.363
 285  841.588
 286  892.492
 287  770.341
 288  406.828
 289  432.745
 290  376.12
 291  369.999
 292  394.411
 293  357.239
 294  409.984
 295  387.842
 296   11.6139
 297   12.0981
 298   11.7137
 299   13.6058
 300   13.1199
 301    8.42843
 302    8.11224
 303   27.7636
 304    3.60213
 305    4.26494
 306    9.73147
 307    9.6839
 308    5.31699
 309    5.62671
 310    3.33482
 311    3.45468
 312    0.96303
 313    2.8347
 314    3.26466
 315    3.90189
 316    1.5993
 317    5.76266
 318    1.48756
 319    1.65755
 320    1.79998
 321    2.27658
 322    1.18043
 323    2.00697
 324    1.5966
 325    1.0294
 326    0.83957
 327    2.73779
 328    5.21238
 329    8.2539
 330    3.90151
 331    3.19916
 332    6.86514
 333    3.72362
 334    3.78188
 335   23.4069
 336   12.3755
 337   13.702
 338   12.217
 339   10.0585
 340    5.26067
 341   10.1882
 342    7.89107
 343   26.713
 344   77.2614
 345   63.8847
 346   36.9758
 347   84.6614
 348   77.3639
 349   97.1008
 350   81.4968
 351   68.4718
 352   19.0184
 353   33.2863
 354   24.9787
 355   25.5284
 356   17.7187
 357   53.9272
 358   38.2289
 359   47.7915
 360    5.69846
 361    7.52264
 362    9.43692
 363    7.3621
 364    5.54495
 365   10.7618
 366    1.69868
 367   26.1655
 368    1.32776
 369    4.96128
 370    5.69068
 371    3.52682
 372    3.90696
 373    3.7146
 374    1.6239
 375    7.73209
 376    1.565
 377    2.61674
 378    4.34728
 379    2.84516
 380   16.3924
 381    0.49265
 382    4.17493
 383   27.5689
 384    1.7643
 385    0
 386    1.22073
 387    1.67184
 388    2.51648
 389    1.78252
 390    0.72107
 391    1.69899
 392    4.3627
 393    5.84934
 394    2.4887
 395    3.745
 396    5.05874
 397    1.86262
 398    2.99295
 399    1.25127
 400    8.71438
 401    9.43133
 402    6.20691
 403    5.75493
 404    5.31816
 405    6.74056
 406    9.12054
 407   43.3258
 408    9.28727
 409    9.52354
 410    8.17869
 411    6.2388
 412    4.00478
 413   10.7658
 414    1.86173
 415   36.2458
 416    5.83155
 417    3.82206
 418    5.28799
 419    9.99347
 420    8.51608
 421    6.91662
 422    3.03918
 423   16.8164
 424    3.82659
 425    2.32894
 426    5.77501
 427    3.77597
 428    5.9808
 429    3.4776
 430    2.22436
 431   13.4753
 432    2.37283
 433    3.70781
 434    2.54752
 435    3.83064
 436    3.51265
 437    2.16087
 438    2.16411
 439   19.1483
 440    3.75049
 441    3.44153
 442    3.67719
 443    0.50722
 444    0.7755
 445    1.77032
 446    1.09149
 447   20.92
 448    1.39534
 449    3.83337
 450    2.06059
 451    3.45071
 452    3.58872
 453    2.0388
 454    1.29568
 455    0.95781
 456    1.38388
 457    5.15208
 458    4.93156
 459    4.05112
 460    0.67944
 461    2.3567
 462    0.40577
 463    0.59229
 464    2.61742
 465    2.95451
 466    2.28656
 467    5.14108
 468    2.64213
 469    3.42895
 470    6.87844
 471    0.59471
 472    1.40478
 473    1.31106
 474    0.72438
 475    4.94362
 476    3.90838
 477    4.92642
 478    2.41937
 479    1.97706
 480    1.63914
 481    2.07406
 482    1.36343
 483    3.12628
 484    3.43281
 485    5.32092
 486    3.90948
 487    1.41295
 488    2.0214
 489    2.48553
 490    2.32976
 491    0.20695
 492    1.02587
 493    1.51107
 494    3.15379
 495    1.85455
 496    2.88042
 497    0.52974
 498    2.97727
 499    2.3995
 500    2.10818
 501    2.00998
 502    0.48892
 503   13.2233
 504    2.32246
 505    2.08259
 506    3.08381
 507    0.50722
 508    0.61949
 509    1.4036
 510    0
 511    2.76727
