This file was gnenerated on 2021-06-22 18:03:58.923963 by Grant Finneman. This contains the extracted data from the Gate simulations
The edep for each bar was summed up and printed to this file. The only math operation done has been addition.

  id       edep
   0    2.19364
   1    1.98268
   2    0.34931
   3    0.36706
   4    0.68792
   5    0.63928
   6    0.77326
   7    0.63889
   8    4.28317
   9    1.38116
  10    3.72441
  11    3.48987
  12    3.49239
  13    0.89272
  14    1.75298
  15   22.0978
  16    3.0391
  17    3.13254
  18    4.03346
  19    7.10583
  20    4.20483
  21    2.3769
  22    2.38329
  23    6.97826
  24    1.66604
  25    0.74481
  26    3.69741
  27    1.90653
  28    1.64082
  29    3.0047
  30    1.49536
  31    1.93775
  32    3.09368
  33    2.71204
  34    4.47532
  35    2.3615
  36    1.63386
  37    4.76581
  38    4.16849
  39   10.4407
  40    1.87502
  41    1.67038
  42    2.06264
  43    3.74619
  44    3.32332
  45    0.9387
  46    0.6233
  47   10.7083
  48    1.55873
  49    0.31034
  50    0.93154
  51    2.61588
  52    0.75569
  53    0.8601
  54    0.53905
  55    0
  56    0.49906
  57    0.94923
  58    1.5297
  59    0.93214
  60    0.67782
  61    1.2177
  62    2.26835
  63    0
  64    0.79506
  65    4.5899
  66    0.06611
  67    1.64416
  68    1.37405
  69    4.09025
  70    2.75072
  71    1.70335
  72    2.81103
  73    3.74098
  74    7.07285
  75    4.57308
  76    5.34458
  77    3.90102
  78    5.00723
  79    3.38219
  80   31.6106
  81   40.4596
  82   49.5518
  83   25.8394
  84   58.0704
  85   51.0734
  86   33.6033
  87   27.4735
  88   14.9471
  89   63.8475
  90   40.1843
  91   42.0339
  92   22.3503
  93   38.7161
  94   33.699
  95   15.6742
  96    1.66622
  97    7.73588
  98    5.44533
  99    5.40223
 100    5.72419
 101    2.54525
 102    3.66811
 103    4.3655
 104    3.30342
 105    1.78129
 106    6.84604
 107    5.21234
 108    0.90916
 109    2.17463
 110    3.03624
 111    3.31981
 112    2.88224
 113    2.08492
 114    2.85697
 115    2.27788
 116    2.45564
 117    2.78808
 118    1.97203
 119   22.3908
 120    2.16675
 121    0.7721
 122    3.96638
 123    1.99854
 124    2.71411
 125    1.84456
 126    0.48516
 127    0.65115
 128    3.85351
 129    2.74963
 130    3.58048
 131    2.6662
 132    5.83537
 133    1.2914
 134    2.65111
 135    3.90292
 136   41.7887
 137   55.1906
 138   33.1729
 139   42.36
 140   53.8048
 141   26.4376
 142   30.6446
 143   28.1061
 144  126.346
 145  189.667
 146  190.113
 147  162.187
 148  184.614
 149  204.04
 150  164.535
 151  188.126
 152  254.074
 153  248.921
 154  197.048
 155  202.2
 156  283.189
 157  262.577
 158  206.17
 159  195.783
 160   40.98
 161   34.7504
 162   18.6867
 163   52.3297
 164   47.7818
 165   14.7583
 166   22.4226
 167   41.599
 168   19.9139
 169    6.12006
 170    3.85963
 171    3.26981
 172    6.17419
 173    7.29295
 174    6.14664
 175    5.7168
 176    3.13575
 177    1.6975
 178    2.3751
 179    6.70323
 180    1.77109
 181    1.84453
 182    1.28549
 183    9.52935
 184    2.4292
 185    1.18663
 186    2.44703
 187    3.784
 188    3.26923
 189    3.7098
 190    3.43767
 191    1.75357
 192    4.44108
 193    2.80721
 194    1.27208
 195    2.95502
 196    2.54447
 197    2.25197
 198    3.04679
 199    1.68409
 200   36.3097
 201   34.6842
 202   30.121
 203   16.2192
 204   46.2902
 205   30.8527
 206   24.5694
 207   37.4528
 208  166.353
 209  134.523
 210  154.886
 211  173.907
 212  220.67
 213  278.219
 214  200.353
 215  217.476
 216  235.28
 217  199.66
 218  251.26
 219  278.409
 220  265.531
 221  246.381
 222  281.23
 223  239.344
 224  179.205
 225  272.756
 226  269.978
 227  141.217
 228  189.932
 229  141.087
 230  121.847
 231  162.891
 232   37.2094
 233   57.352
 234   28.3371
 235   25.8737
 236   63.4465
 237   38.5596
 238   36.1896
 239   32.7347
 240    3.86449
 241   14.0515
 242    4.50073
 243    2.10299
 244    5.44164
 245    3.15197
 246    1.53785
 247    4.2268
 248    3.1289
 249    1.5775
 250    2.23747
 251    2.59755
 252    3.54479
 253    2.85769
 254    0.34915
 255    1.12909
 256    1.69632
 257    2.38824
 258    3.4571
 259    4.35568
 260    1.69017
 261    3.22339
 262    0.24713
 263    2.01693
 264    5.27084
 265    7.36691
 266    7.6829
 267    6.72852
 268    4.87429
 269    6.30555
 270    3.90384
 271   28.6418
 272   30.4616
 273   69.4409
 274   19.6777
 275   43.4137
 276   40.9023
 277   31.3425
 278   22.4282
 279   35.7964
 280  190.725
 281  146.118
 282  141.825
 283  202.738
 284  213.091
 285  200.509
 286  152.626
 287  173.454
 288  206.693
 289  250.321
 290  236.157
 291  233.473
 292  233.77
 293  247.398
 294  195.519
 295  232.971
 296  192.95
 297  181.398
 298  233.842
 299  213.534
 300  243.643
 301  259.984
 302  172.984
 303  164.493
 304   32.8774
 305   30.291
 306   37.3176
 307   20.7384
 308   20.7064
 309   42.2772
 310   28.8685
 311   43.6382
 312    1.68178
 313    0
 314    4.51915
 315    1.43624
 316    5.10731
 317    1.30709
 318    1.94863
 319    7.88076
 320    1.41232
 321    2.48882
 322    4.62254
 323    4.37031
 324    2.97694
 325    1.78779
 326    1.39321
 327    1.63092
 328    5.70601
 329    4.60723
 330    3.83786
 331    4.60958
 332    2.02371
 333    1.81725
 334    0.75487
 335    3.18134
 336    4.98547
 337    6.10357
 338    3.70159
 339    7.31811
 340   10.1656
 341    4.0675
 342    8.26353
 343   29.1952
 344   34.6579
 345   33.2676
 346   59.1492
 347   25.8548
 348   20.9813
 349   28.1816
 350   64.024
 351   20.4119
 352  205.992
 353  197.577
 354  229.616
 355  214.162
 356  216.238
 357  202.401
 358  211.592
 359  187.693
 360  163.054
 361  186.684
 362  219.306
 363  195.303
 364  183.443
 365  154.941
 366  174.925
 367  174.716
 368   72.5017
 369   40.0572
 370   26.2221
 371   34.3306
 372   44.329
 373   46.5181
 374   58.1426
 375   29.9581
 376    4.49231
 377    0.68561
 378    0.3263
 379    3.7168
 380    3.12379
 381    1.64593
 382    2.61954
 383    8.66025
 384    2.51157
 385    2.61163
 386    1.88399
 387    0.80873
 388    0.88813
 389    0.65995
 390    0.99108
 391   27.2211
 392    2.68908
 393    3.46704
 394    2.18075
 395    2.9019
 396    3.347
 397    1.37439
 398    0.76412
 399    2.90827
 400    1.33672
 401    5.07107
 402    2.56267
 403    3.18224
 404    4.89854
 405    1.69558
 406    2.35985
 407   11.5168
 408    4.68424
 409    2.41358
 410    7.08197
 411    7.5787
 412   13.6875
 413    4.92485
 414    3.28089
 415    4.26346
 416   46.9096
 417   22.5897
 418   25.3444
 419   27.3702
 420   31.9396
 421   38.8457
 422   52.4747
 423   46.5943
 424   59.3464
 425   41.6034
 426   55.572
 427   45.4163
 428   37.2382
 429   49.3712
 430   28.6196
 431   47.3881
 432   22.8281
 433    8.05869
 434    3.59896
 435    6.46356
 436    9.06902
 437    4.35936
 438    4.77414
 439    4.12723
 440    2.00108
 441    2.06928
 442    7.36277
 443    1.66375
 444    1.92926
 445    1.70305
 446    2.06202
 447    1.43975
 448    1.13417
 449    0
 450    1.59446
 451    0.47346
 452    2.31618
 453    1.31612
 454    2.81996
 455    0
 456    1.96887
 457    3.58844
 458    3.06242
 459    1.14837
 460    0.65644
 461    2.50343
 462    0
 463    0.62018
 464    4.56998
 465    1.538
 466    2.20967
 467    3.09081
 468    2.05016
 469    2.2519
 470    1.37635
 471    0.81596
 472    8.78293
 473    3.19551
 474    3.81652
 475    4.42078
 476    5.97442
 477    0.79547
 478    2.67955
 479    2.17305
 480    2.86538
 481    2.35917
 482    2.52967
 483    1.61061
 484    1.07424
 485    2.87381
 486    2.38572
 487   24.9123
 488    3.59919
 489    3.01434
 490    4.87644
 491    3.68122
 492    2.59536
 493    4.15693
 494    2.72002
 495    1.08657
 496    0.52398
 497    1.30361
 498    2.9103
 499    2.27621
 500    1.25095
 501    1.8062
 502    2.18682
 503    0
 504    2.91251
 505    3.90573
 506    2.28179
 507    1.87867
 508    1.62359
 509    4.49914
 510    1.70463
 511    1.27248
