This file was gnenerated on 2021-06-22 18:02:23.031466 by Grant Finneman. This contains the extracted data from the Gate simulations
The edep for each bar was summed up and printed to this file. The only math operation done has been addition.

  id       edep
   0    1.41596
   1    0.35935
   2    0.39027
   3    0
   4    1.11021
   5    0
   6    1.19925
   7    0.93461
   8    0.37381
   9    1.1921
  10    8.89793
  11    0.61764
  12    4.0714
  13    1.28231
  14    1.8517
  15    0.47748
  16    0.98051
  17    2.97664
  18    0.65352
  19    1.53826
  20    4.1278
  21    0
  22    2.06705
  23   39.3594
  24    4.08502
  25    2.206
  26    2.6891
  27    1.51209
  28    4.69734
  29    0.29014
  30    2.50278
  31   15.8493
  32    2.67206
  33    5.56555
  34    2.0013
  35    2.12929
  36    1.49194
  37    3.0404
  38    2.05571
  39    4.1406
  40    5.13292
  41    3.99513
  42    2.03097
  43    2.7489
  44    2.85747
  45    2.04779
  46    1.80634
  47    1.30525
  48    0.86028
  49    0.36295
  50    1.26025
  51    0.26338
  52    1.56984
  53    3.57926
  54    2.57102
  55    1.66225
  56    0
  57    0.98897
  58    2.45753
  59    0.40932
  60    1.0744
  61    0.30917
  62    1.23894
  63    0.94392
  64    0.93219
  65    2.08818
  66    0.74979
  67    0.56734
  68    1.75751
  69    0.74403
  70    4.72202
  71    3.3479
  72    0.09897
  73    2.04947
  74    4.00293
  75    2.80514
  76    2.82933
  77    2.47808
  78    2.47312
  79    2.35283
  80    1.94727
  81    2.75987
  82    3.26789
  83    3.87967
  84    1.25474
  85    3.81661
  86    2.13426
  87    0.57882
  88    5.18281
  89    4.80459
  90    5.55423
  91    5.31749
  92   20.7545
  93    5.18653
  94    4.77542
  95   16.8844
  96    7.15702
  97    4.93962
  98   10.3319
  99    7.79179
 100   22.84
 101    4.67339
 102   20.9027
 103    6.99803
 104    9.6513
 105    3.3409
 106    3.43271
 107    6.14182
 108    1.00301
 109    5.10686
 110    5.37122
 111    5.26607
 112    2.75827
 113    1.27879
 114    3.46647
 115    0.43142
 116    3.19051
 117    4.83102
 118    3.3371
 119    0.17748
 120    1.59909
 121    1.63414
 122    0.91113
 123    1.0928
 124    1.82927
 125    2.23589
 126    1.98323
 127   18.992
 128    6.03772
 129    2.37755
 130    3.07691
 131    1.12929
 132    1.3685
 133    0
 134    0.34347
 135   20.0381
 136    4.09005
 137    2.72685
 138    4.02823
 139    1.57463
 140    2.7154
 141    2.47327
 142    2.08869
 143    3.52077
 144   23.1047
 145    4.80851
 146    8.57373
 147    4.25412
 148    5.54763
 149    5.18549
 150    8.64869
 151    7.97983
 152   23.422
 153   20.1147
 154   39.0862
 155   22.6008
 156   85.6222
 157   53.9559
 158   31.1752
 159   11.354
 160  203.078
 161  290.604
 162  256.896
 163  280.794
 164  331.542
 165  332.698
 166  330.018
 167  326.25
 168   35.072
 169   29.7173
 170   56.1377
 171   53.0905
 172   27.3479
 173   37.0171
 174   18.4049
 175   69.3266
 176    3.00993
 177    4.87696
 178    8.74827
 179    4.05836
 180    3.13809
 181    2.02582
 182    2.35293
 183   27.6569
 184    0.42717
 185    3.93845
 186    2.07633
 187    3.3316
 188    3.73591
 189    1.31711
 190    1.8908
 191   11.7025
 192    0.15166
 193    2.69262
 194    1.84593
 195    1.62283
 196    1.63013
 197    2.02687
 198    2.17263
 199   38.0853
 200    2.29246
 201    3.88194
 202    5.67103
 203    3.16469
 204    4.24927
 205    3.19151
 206    5.38195
 207   32.0962
 208    6.36584
 209   11.5024
 210   11.7859
 211   10.1733
 212   10.0292
 213    8.54025
 214   10.5581
 215    4.85543
 216  274.877
 217  283.828
 218  247.232
 219  260.105
 220  264.784
 221  262.017
 222  253.796
 223  266.296
 224  613.84
 225  621.062
 226  741.78
 227  698.565
 228  590.217
 229  721.799
 230  737.508
 231  637.778
 232   49.2843
 233   17.1783
 234   95.3131
 235   56.6987
 236   39.3322
 237   57.831
 238   80.1345
 239   41.1914
 240    1.62818
 241    5.39148
 242    8.08007
 243    6.48359
 244    4.2005
 245    5.19174
 246    6.32812
 247   31.0666
 248    4.59514
 249    2.29822
 250    0.78288
 251    5.38581
 252    3.03051
 253    2.05251
 254    0.43748
 255   12.678
 256    3.85151
 257    0.40369
 258    1.6472
 259    3.12407
 260    4.73209
 261    1.50726
 262    2.49888
 263    2.02797
 264    4.56498
 265    5.59652
 266    9.95933
 267    7.28549
 268    8.40968
 269    2.38995
 270    4.30342
 271    4.01439
 272   41.0883
 273   48.7787
 274   56.6538
 275   43.8645
 276  104.063
 277   68.4031
 278   47.9702
 279   37.7215
 280  654.434
 281  670.218
 282  668.742
 283  747.844
 284  713.483
 285  719.106
 286  608.219
 287  529.405
 288  262.142
 289  282.859
 290  308.441
 291  215.122
 292  243.098
 293  332.208
 294  242.747
 295  304.621
 296   17.8732
 297   11.4295
 298   13.2655
 299   10.5167
 300    6.44045
 301    8.74153
 302    7.93872
 303   26.699
 304    4.85142
 305    3.2094
 306    4.4479
 307    5.64606
 308    3.21209
 309    3.87743
 310    4.32564
 311    5.06153
 312    4.4259
 313    1.17592
 314    2.35131
 315    1.9509
 316    2.07967
 317    3.36309
 318    2.68745
 319    9.26331
 320    2.34171
 321    5.21644
 322    4.4605
 323    3.0336
 324    1.89857
 325    3.90224
 326    0
 327   11.0963
 328    6.85048
 329    4.5321
 330    2.62186
 331    5.99036
 332    2.25188
 333    5.89897
 334    5.75429
 335   13.4323
 336   28.379
 337   18.4073
 338   21.2765
 339   61.4016
 340   32.6689
 341   16.6907
 342   28.9716
 343   20.6334
 344  267.193
 345  256.15
 346  289.977
 347  326.209
 348  310.904
 349  320.811
 350  259.867
 351  219.004
 352   54.2179
 353   51.7165
 354   22.4916
 355   14.1708
 356   29.5231
 357   34.4752
 358   10.8983
 359   10.1434
 360    7.66705
 361    3.58274
 362    5.51474
 363    5.47324
 364    2.81545
 365    3.59547
 366    3.17114
 367    5.48451
 368    7.72488
 369    4.73546
 370    2.15841
 371    2.00733
 372    3.99805
 373    1.15723
 374    0.96288
 375    0.84946
 376    2.74638
 377    2.70306
 378    4.37799
 379    2.13053
 380    1.787
 381    3.50699
 382    0.67843
 383   19.3534
 384    1.94666
 385    2.30332
 386    3.18339
 387    1.64711
 388    0.43672
 389    0.73819
 390    3.26546
 391    1.93507
 392    2.42716
 393    1.42234
 394    0.33072
 395    5.38868
 396    2.42998
 397    2.56268
 398    3.1061
 399    2.89083
 400    4.20577
 401    2.09365
 402    4.71972
 403    6.10565
 404    2.05643
 405    6.35163
 406    3.38895
 407    6.4564
 408    3.35875
 409    6.77099
 410    2.98517
 411    4.27707
 412   13.9195
 413    4.41504
 414    4.89146
 415    3.32893
 416    3.35703
 417    7.85428
 418    5.03485
 419    5.33819
 420    5.73381
 421    4.54962
 422    6.28166
 423    5.95452
 424    3.70842
 425    0.80105
 426    5.09939
 427    2.11538
 428    4.29067
 429    1.87799
 430    1.82077
 431   22.5301
 432    1.05106
 433    2.75872
 434    6.13508
 435    1.11563
 436    4.39552
 437    4.87595
 438    2.87905
 439    1.56042
 440    1.24049
 441    1.39758
 442    0.31093
 443    2.64833
 444    2.36388
 445    4.99251
 446    2.72537
 447    0.1212
 448    1.65594
 449    0.49584
 450    0.83096
 451    1.54978
 452    1.24399
 453    2.12973
 454    0.92032
 455    2.54617
 456    1.12154
 457    1.01444
 458    1.13178
 459    1.59124
 460    0.39022
 461    1.76534
 462    2.13668
 463    0.75977
 464    3.49776
 465    1.19206
 466    3.04518
 467    2.70763
 468    4.33055
 469    2.04448
 470    1.85623
 471    3.38286
 472    3.8757
 473    4.89232
 474    4.94727
 475    5.70642
 476    1.9917
 477    1.23985
 478    2.26559
 479    9.73012
 480    1.80653
 481    2.10842
 482    1.66998
 483    2.27792
 484    2.42809
 485    2.57369
 486    4.06064
 487    3.46088
 488    1.5257
 489    3.11623
 490    2.52763
 491    1.52191
 492    4.82884
 493    0.41309
 494    1.81735
 495    1.19243
 496    0.16377
 497    0.14172
 498    2.50968
 499    1.84627
 500    0.38034
 501    3.59146
 502    0.23543
 503    1.31223
 504    0.86368
 505    1.35911
 506    1.90951
 507    3.61509
 508    0.59826
 509    0.85941
 510    3.0184
 511    1.6478
