This file was gnenerated on 2021-06-22 18:03:58.482191 by Grant Finneman. This contains the extracted data from the Gate simulations
The edep for each bar was summed up and printed to this file. The only math operation done has been addition.

  id       edep
   0    0.78466
   1    0.31403
   2    1.72886
   3    2.95363
   4    1.72676
   5    0.58133
   6    0.14421
   7   16.294
   8    1.40778
   9    1.60264
  10    1.99964
  11    5.29611
  12    0.88263
  13    1.80012
  14    1.03901
  15    1.69315
  16    2.18676
  17    2.14431
  18    3.72099
  19    1.71332
  20    6.76772
  21    2.52143
  22    2.60962
  23    1.94398
  24    4.77183
  25    6.09703
  26    4.89306
  27    4.86174
  28    6.80771
  29    2.02306
  30    3.53369
  31    1.9176
  32    3.03942
  33    5.34761
  34    3.79685
  35    3.92977
  36    5.79002
  37    3.78319
  38    1.92165
  39    4.8886
  40    4.07047
  41    0.9105
  42    5.43142
  43    2.61006
  44    3.80423
  45    2.7633
  46    2.58652
  47   12.3542
  48    4.09675
  49    5.65694
  50    2.71471
  51    2.00705
  52    2.60741
  53    0.68421
  54    1.18985
  55    0
  56    1.54657
  57    0.97358
  58    0
  59    2.32693
  60    1.24863
  61    0
  62    0.96717
  63    0.80683
  64    2.16267
  65    2.46006
  66    0.83248
  67    1.38817
  68    0.97006
  69    2.29374
  70    0.52493
  71    1.65631
  72    4.11168
  73    3.1238
  74    0.97567
  75    3.33287
  76    4.87919
  77    4.95366
  78    2.26551
  79   22.2032
  80   27.8675
  81   14.3146
  82    9.74433
  83    6.66731
  84    8.44051
  85   12.419
  86   38.481
  87    4.34853
  88  128.526
  89   91.6049
  90  164.449
  91  151.647
  92  199.439
  93  136.143
  94  128.167
  95  138.696
  96   98.7266
  97   85.5165
  98  138.209
  99  121.214
 100   94.994
 101  120.609
 102  108.468
 103  159.644
 104   11.7994
 105    8.44773
 106    4.65178
 107   22.9967
 108    9.67036
 109   13.8839
 110    9.33089
 111   18.9124
 112    0
 113    3.1199
 114    3.47241
 115    4.59081
 116    5.0339
 117    0.66961
 118    2.11149
 119    1.78635
 120    0.30213
 121    1.90871
 122    1.1805
 123    2.3056
 124    1.41458
 125    2.26262
 126    3.38203
 127    1.48776
 128    0
 129    1.17733
 130    4.06991
 131    4.07553
 132    3.40351
 133    1.74491
 134    0
 135    2.57971
 136    5.45404
 137    3.31121
 138    5.87976
 139    3.52385
 140    3.94456
 141    5.73834
 142    3.36284
 143    3.34511
 144   25.636
 145   13.2765
 146    8.81856
 147   52.8243
 148   47.6635
 149   30.124
 150   15.5792
 151   25.8704
 152  203.105
 153  223.82
 154  189.758
 155  253.274
 156  232.086
 157  259.197
 158  191.079
 159  202.517
 160  233.414
 161  226.793
 162  202.76
 163  282.275
 164  216.794
 165  223.298
 166  254.415
 167  210.139
 168   17.3633
 169   12.0885
 170   31.406
 171   18.1129
 172   42.3919
 173   32.0953
 174   11.0387
 175   33.2422
 176    2.5825
 177    3.19515
 178    3.67429
 179    6.73067
 180    4.33984
 181    4.57578
 182    3.19412
 183    6.67334
 184    0.90163
 185    5.14483
 186    2.88998
 187    1.09322
 188    1.46168
 189    3.49345
 190    1.42398
 191    2.86493
 192    2.16511
 193    2.05515
 194    4.39372
 195    1.75384
 196    2.26113
 197    1.27616
 198    0
 199   17.31
 200    5.10107
 201    2.1743
 202    3.84688
 203    3.55653
 204    2.76911
 205    5.19964
 206    5.54435
 207    3.10874
 208   37.7936
 209   25.3471
 210   12.8877
 211    8.32088
 212    8.48658
 213   30.0361
 214    5.19566
 215   14.736
 216  207.781
 217  249.697
 218  216.893
 219  233.756
 220  218.372
 221  261.712
 222  238.002
 223  190.334
 224  232.27
 225  191.047
 226  320.744
 227  343.875
 228  209.706
 229  237.633
 230  250.788
 231  237.493
 232   10.6182
 233   34.8067
 234   39.4742
 235   32.6459
 236   10.0586
 237   13.8831
 238   22.8899
 239   42.9805
 240    2.3859
 241    2.70134
 242    3.89412
 243    2.7099
 244    3.85662
 245    4.31146
 246    1.51043
 247   20.2251
 248    2.07095
 249    4.40104
 250    3.28149
 251    0
 252    2.86405
 253    3.00214
 254    2.49219
 255    1.31862
 256    2.88655
 257    1.7957
 258   21.4996
 259    3.4265
 260    2.85261
 261    3.50537
 262    1.37268
 263    7.98119
 264    3.57582
 265    3.84482
 266    3.70015
 267    3.9065
 268    4.16607
 269    4.39088
 270    2.57839
 271   17.0495
 272   44.6381
 273   31.8243
 274   14.157
 275   11.4717
 276   11.918
 277   19.6229
 278   24.0477
 279   16.1177
 280  266.351
 281  295.64
 282  300.308
 283  232.543
 284  247.723
 285  226.404
 286  254.073
 287  226.087
 288  172.439
 289  171.521
 290  240.728
 291  216.838
 292  208.719
 293  313.036
 294  232.309
 295  196.426
 296    5.7176
 297   33.8452
 298   27.36
 299   12.5519
 300    8.27105
 301    9.8656
 302   11.9079
 303   29.817
 304    6.25374
 305    5.28888
 306    7.38517
 307    5.0683
 308    7.00534
 309    3.6676
 310    4.52167
 311   19.71
 312    5.50764
 313    1.73327
 314    3.58763
 315    4.60129
 316    1.14785
 317    0.72859
 318    1.35222
 319   19.2444
 320    2.06539
 321    0.93585
 322    3.25091
 323    0.22787
 324    5.52441
 325    1.17514
 326    4.91109
 327    1.10424
 328    3.0183
 329    4.75247
 330    2.71216
 331    2.99588
 332    1.16462
 333    3.09128
 334    6.18268
 335    2.2466
 336   11.0232
 337   14.8283
 338   34.7809
 339   25.1347
 340    8.55889
 341    6.84345
 342    6.58034
 343    7.3434
 344  191.532
 345  167.934
 346  165.776
 347  313.55
 348  368.967
 349  224.155
 350  187.206
 351  196.437
 352  153.498
 353  187.625
 354  220.984
 355  224.514
 356  232.803
 357  261.506
 358  241.557
 359  218.42
 360    8.88998
 361   16.293
 362   36.1122
 363    8.21129
 364   37.836
 365   45.2858
 366   34.4921
 367   18.0111
 368    0.92494
 369    5.5711
 370    5.29405
 371    4.8294
 372    8.60359
 373    3.31988
 374    5.04918
 375    5.63991
 376    2.50306
 377    2.32772
 378    3.85971
 379    0.52421
 380    1.94487
 381    2.52607
 382    1.07118
 383    0.08532
 384    1.16382
 385    0.86685
 386    0.81107
 387    1.29007
 388    2.704
 389    1.52856
 390    3.15725
 391    6.99605
 392    2.08685
 393    2.57549
 394    6.62827
 395    2.98519
 396    3.04473
 397    0.68964
 398    1.214
 399    3.57527
 400    8.91994
 401    3.26274
 402    5.86191
 403    8.89923
 404    7.66776
 405    6.34043
 406    4.31458
 407    2.74904
 408   65.8232
 409   97.9591
 410  104.847
 411  105.748
 412  163.431
 413  138.772
 414  140.168
 415  140.293
 416   84.79
 417   70.4217
 418  105.179
 419  115.754
 420  102.298
 421   96.4858
 422  102.203
 423  133.424
 424    9.23342
 425   24.2583
 426   22.8487
 427    6.42084
 428    4.42308
 429    9.61367
 430    8.55649
 431    6.99446
 432    1.65834
 433    0.60863
 434    1.90922
 435    3.10258
 436    0.58839
 437    1.42742
 438    5.12691
 439   19.6683
 440    1.68633
 441    1.72601
 442    1.12258
 443    1.50435
 444    1.90617
 445    0.37953
 446    1.401
 447    1.5896
 448    0.91613
 449    1.47001
 450    0
 451    0.48157
 452    0.98525
 453    0.45235
 454    0.47236
 455    0.49925
 456    2.5267
 457    2.08083
 458    2.61634
 459    1.29258
 460    2.52368
 461    1.12782
 462    2.70366
 463    3.78788
 464    4.45866
 465    3.06402
 466    3.60048
 467    1.33184
 468    2.74221
 469    3.29705
 470    1.81064
 471    2.9209
 472    4.69179
 473    3.4819
 474    5.07241
 475    5.56509
 476    3.32469
 477    5.02883
 478    6.46984
 479    5.60511
 480    6.09444
 481    3.35041
 482    2.45395
 483    7.71963
 484    8.61625
 485    5.54665
 486    1.19146
 487    2.23009
 488    5.06939
 489    2.1192
 490    6.95627
 491    2.0296
 492    1.40505
 493    4.44669
 494    1.01334
 495   20.8524
 496    2.23572
 497    5.12049
 498    1.84087
 499    4.196
 500    3.60762
 501    5.77799
 502    0
 503   24.9839
 504    0.6364
 505    0.67246
 506    0.8888
 507    0
 508    0
 509    0
 510    0.63101
 511    0.66512
