This file was gnenerated on 2021-06-22 18:05:25.188989 by Grant Finneman. This contains the extracted data from the Gate simulations
The edep for each bar was summed up and printed to this file. The only math operation done has been addition.

  id       edep
   0    0.68738
   1    1.25059
   2    1.36884
   3    1.71197
   4    2.81136
   5    0
   6    1.03254
   7    0
   8    1.92291
   9    1.55401
  10    3.63077
  11    1.56998
  12    1.14303
  13    2.90269
  14    0.40194
  15    0.8316
  16    2.42692
  17    1.47348
  18    1.65984
  19    1.70209
  20    1.608
  21    0.56716
  22    1.18396
  23    0.88508
  24    1.92266
  25    1.16179
  26    3.55723
  27    0.80306
  28    2.08038
  29    1.40121
  30    3.58534
  31    1.27296
  32    4.1027
  33    4.56338
  34    3.31895
  35    4.63629
  36    1.14373
  37    3.01012
  38    0.90318
  39    2.79538
  40    1.1042
  41    4.15724
  42    2.93209
  43    1.24859
  44    2.71257
  45    1.88483
  46    1.61766
  47    1.24504
  48    0.95568
  49    1.64122
  50    0.36437
  51    2.87881
  52    0
  53    1.90524
  54    2.52788
  55    0
  56    0.55963
  57    1.57756
  58    1.71264
  59    0.24716
  60    1.69807
  61    0.99024
  62    0
  63   19.2375
  64    2.30144
  65    3.29948
  66    2.02725
  67    1.89122
  68    1.11127
  69    1.25682
  70    0.01414
  71    2.41023
  72    3.93147
  73    6.69215
  74    2.28654
  75    2.35196
  76    5.0665
  77    5.6028
  78    3.04974
  79    8.88884
  80    3.8164
  81    4.15739
  82    4.62234
  83    5.39295
  84    7.2684
  85    2.12166
  86    4.37554
  87    3.1356
  88    4.43582
  89    5.28578
  90    3.94715
  91    6.28504
  92    7.64026
  93    4.3651
  94    1.90388
  95    3.80221
  96    3.84763
  97    5.96897
  98    6.27963
  99    7.43175
 100    5.08543
 101    3.39632
 102    2.82318
 103    3.04755
 104    4.59762
 105    3.4246
 106   10.7781
 107    5.14272
 108    2.68921
 109    6.81256
 110   20.0287
 111   12.0138
 112    2.5336
 113    5.8767
 114    3.59089
 115    5.16413
 116    4.44224
 117    2.21419
 118    3.76041
 119    1.63927
 120    2.08207
 121    4.1365
 122    1.74708
 123    1.60792
 124    2.14053
 125    1.88113
 126    1.21008
 127   23.7591
 128    7.7887
 129    1.64442
 130    3.3511
 131    3.06218
 132    3.65721
 133    2.24681
 134    1.8077
 135    1.75079
 136    2.70922
 137    2.2988
 138    3.85479
 139    2.9187
 140    6.30007
 141    4.39989
 142    1.37186
 143   10.6367
 144    8.09593
 145    9.46544
 146   10.9695
 147    8.36561
 148    8.27428
 149    5.57416
 150    3.51295
 151   33.3926
 152    6.11356
 153   15.4101
 154   19.0339
 155   16.1473
 156   24.5634
 157   15.9922
 158   10.5988
 159   44.4912
 160   88.6555
 161   42.7932
 162   59.046
 163   69.9881
 164   76.1893
 165   57.1726
 166   51.6551
 167   51.4611
 168   40.4634
 169   59.2621
 170   69.1075
 171   84.0398
 172   50.8362
 173   43.8289
 174   47.976
 175  118.703
 176    7.36514
 177    7.57393
 178    6.38871
 179    4.6744
 180    7.29457
 181    4.60187
 182    4.31929
 183    2.31711
 184    2.97526
 185    4.71057
 186    0.78946
 187    3.15381
 188    2.3759
 189    3.02272
 190    5.66506
 191    1.26672
 192    2.60433
 193    3.23803
 194    2.50399
 195    3.75259
 196    4.58042
 197    2.89945
 198    0.90359
 199    1.18369
 200    6.50861
 201    2.7381
 202    8.93017
 203    8.35341
 204    9.09748
 205   19.8814
 206   12.3652
 207   13.7206
 208  190.266
 209  150.631
 210  203.43
 211  241.724
 212  226.612
 213  197.941
 214  198.933
 215  225.717
 216  202.199
 217  266.677
 218  301.875
 219  272.192
 220  276.757
 221  283.108
 222  323.744
 223  286.45
 224  365.42
 225  318.503
 226  332.886
 227  352.942
 228  283.341
 229  290.898
 230  309.98
 231  262.457
 232  186.806
 233  225.001
 234  234.631
 235  255.447
 236  206.06
 237  230.889
 238  187.344
 239  241.036
 240   21.4003
 241    3.65992
 242    2.61609
 243    7.13275
 244    7.7359
 245    7.34075
 246    7.13329
 247   35.9132
 248    1.8306
 249    1.32781
 250    4.31651
 251    2.29152
 252    3.37074
 253    1.86927
 254    5.23928
 255   22.8914
 256    2.50519
 257    3.01366
 258    1.78898
 259    3.10409
 260    2.55483
 261    2.09931
 262    4.89653
 263    2.92634
 264    9.08599
 265    7.67449
 266    6.08653
 267    9.31775
 268    4.26057
 269    7.8202
 270    7.77455
 271   15.1155
 272  196.852
 273  239.493
 274  268.706
 275  236.676
 276  223.54
 277  294.013
 278  207.729
 279  180.558
 280  307.396
 281  280.426
 282  347.472
 283  299.406
 284  335.426
 285  330.96
 286  365.23
 287  279.346
 288  289.793
 289  259.033
 290  323.676
 291  317.296
 292  301.792
 293  267.981
 294  349.737
 295  266.264
 296  118.718
 297  131.239
 298  216.055
 299  159.787
 300  193.324
 301  117.555
 302  155.741
 303  166.66
 304   19.071
 305    8.24004
 306   22.2487
 307    3.79374
 308    8.87192
 309    4.65188
 310   17.2965
 311   20.3906
 312    4.33042
 313    1.58456
 314    4.30532
 315    4.12739
 316    1.84164
 317    0.93762
 318    2.01298
 319    0.98548
 320    3.30776
 321    4.60755
 322    6.15327
 323    5.22801
 324    3.79006
 325    1.63114
 326    2.15635
 327    2.16236
 328    3.71002
 329    4.45591
 330    3.65773
 331    3.41309
 332    5.33687
 333    4.6386
 334    5.74372
 335    5.56639
 336   38.6365
 337   40.0148
 338   87.9485
 339   74.0211
 340   53.182
 341   52.6338
 342   51.1244
 343   67.0863
 344   63.5635
 345   88.8172
 346   57.1069
 347   78.3463
 348   62.3093
 349   69.4561
 350   51.1447
 351   90.4236
 352   27.6829
 353   34.3191
 354   17.821
 355   26.9407
 356   19.9936
 357   10.0034
 358   30.331
 359   54.7607
 360    4.89167
 361    5.68768
 362    4.67006
 363    7.82318
 364    5.69583
 365    7.3936
 366    2.08385
 367   28.109
 368    3.91686
 369    3.05889
 370    5.21546
 371    3.28161
 372    4.05707
 373    3.52981
 374    4.92209
 375    3.67659
 376    1.47662
 377    2.50491
 378    0.54575
 379    3.35811
 380    0.87779
 381    2.70531
 382    2.84349
 383    0.88928
 384    0.85028
 385    2.38796
 386    1.70867
 387    2.74442
 388    0
 389    3.62433
 390    1.22571
 391    1.4249
 392    0.75284
 393    7.34266
 394    2.08094
 395    4.33957
 396    3.66876
 397    1.49587
 398    2.24244
 399    8.84724
 400    6.20524
 401    0.87819
 402    3.09516
 403    7.00442
 404    5.09589
 405    6.69136
 406    3.96024
 407    3.24714
 408    7.05683
 409    8.06384
 410    8.08869
 411    7.25384
 412    9.14041
 413    6.70408
 414    5.61273
 415   13.9571
 416    3.74346
 417    2.73616
 418    6.0277
 419    2.5964
 420    8.17443
 421    4.49702
 422    2.92103
 423    1.5321
 424    3.91079
 425    5.15578
 426    3.24945
 427    1.98132
 428    6.62906
 429    1.28662
 430    4.60667
 431    1.40866
 432    2.38639
 433    1.81698
 434    1.08321
 435    2.22669
 436    5.84491
 437    1.58669
 438    3.76738
 439    2.68513
 440    0.57682
 441    0.5123
 442    2.51746
 443    3.55609
 444    2.96393
 445    3.46473
 446    5.05639
 447    0.71528
 448    2.52189
 449    0.6607
 450    0.67381
 451    1.06968
 452    5.35999
 453    1.61531
 454    0.10775
 455    1.43723
 456    2.1819
 457    3.15318
 458    3.67769
 459    2.2199
 460    1.35387
 461    5.81885
 462    2.5577
 463    0.32515
 464    5.04019
 465    1.40721
 466    1.58859
 467    2.88818
 468    2.39294
 469    2.86361
 470    2.95459
 471   12.8321
 472    1.84672
 473    5.56608
 474    2.00416
 475    3.0242
 476    1.02447
 477    4.78922
 478    1.44461
 479    9.56437
 480    2.39644
 481    4.60814
 482    0.65269
 483    3.27965
 484    2.88556
 485    2.23648
 486    0.79308
 487    1.71831
 488    1.61083
 489    0.85425
 490    1.95283
 491    2.34981
 492    2.57187
 493    0.74565
 494    0.98685
 495    3.28112
 496    2.04155
 497    2.45552
 498    1.68185
 499    2.925
 500    2.1548
 501    0.23853
 502    1.40151
 503    2.47441
 504    0.94786
 505    1.5422
 506    0.57756
 507    1.40049
 508    0.84204
 509    0.19857
 510    2.31221
 511    0.79644
