This file was gnenerated on 2021-06-22 18:06:08.611515 by Grant Finneman. This contains the extracted data from the Gate simulations
The edep for each bar was summed up and printed to this file. The only math operation done has been addition.

  id       edep
   0    0.48889
   1    2.58817
   2    1.68291
   3    2.70766
   4    1.56428
   5    0.52284
   6   11.0396
   7    1.41285
   8    0.75545
   9    0.82098
  10    4.18462
  11    1.25084
  12    1.84578
  13    1.11461
  14    0.64372
  15    2.48378
  16    0.77556
  17    3.10231
  18    0.01099
  19    7.11334
  20    0.5952
  21    1.05813
  22    1.34794
  23    1.11148
  24    2.2289
  25    1.08686
  26    4.18458
  27    1.31433
  28    1.68287
  29    2.15589
  30    6.42823
  31    0.9919
  32    1.38771
  33    1.63977
  34    2.84734
  35    0.25994
  36    2.34957
  37    4.9093
  38    0.10885
  39    2.73076
  40    4.48768
  41    2.6569
  42    3.82943
  43    5.39614
  44    3.71582
  45    1.93225
  46    1.55224
  47    1.22726
  48    0.42139
  49    2.78147
  50    1.69387
  51    1.42231
  52    1.9892
  53    4.05043
  54    5.40334
  55    3.56357
  56    0.82941
  57    0.28628
  58    0.22651
  59    0.83486
  60    1.75081
  61    1.30475
  62    2.02887
  63    3.87433
  64    1.66294
  65    0.88364
  66    3.54562
  67    1.67744
  68    2.843
  69    1.19742
  70    0.52229
  71    2.45662
  72    5.5609
  73    2.61504
  74    5.47262
  75    2.33561
  76    1.47801
  77    3.92236
  78    4.21543
  79    1.62664
  80    2.20915
  81    8.59412
  82    4.48514
  83   10.4259
  84    4.79029
  85    6.37612
  86    1.88433
  87    1.5267
  88    5.08955
  89   12.2885
  90    7.03107
  91    5.70379
  92    6.01356
  93   52.0814
  94    1.73338
  95   17.5166
  96    6.77755
  97    4.72281
  98    6.14775
  99    1.86757
 100    5.30725
 101    2.64934
 102    4.16031
 103    2.12758
 104    1.3128
 105    2.39893
 106    2.10058
 107    6.21125
 108    2.4381
 109    4.55679
 110    4.08399
 111    6.58219
 112    4.34728
 113    5.25637
 114    4.75169
 115    2.32922
 116    2.87806
 117    1.60391
 118    2.99259
 119    4.31737
 120    2.44706
 121    2.91311
 122    1.89311
 123    3.72877
 124    1.63106
 125    0.26847
 126    2.86491
 127    0
 128    3.72933
 129    3.09987
 130    1.0144
 131    4.49269
 132    1.51493
 133    1.51364
 134    3.63585
 135    2.70651
 136    5.00638
 137    7.68965
 138   15.6243
 139    5.56504
 140    6.03002
 141    5.42649
 142    3.96904
 143    2.34893
 144   74.421
 145   85.4925
 146   88.6154
 147   85.7541
 148  129.126
 149  124.818
 150  157.554
 151  162.488
 152  161.201
 153  160.923
 154  212.918
 155  149.457
 156  132.892
 157  170.588
 158  193.156
 159  135.75
 160   91.7018
 161  102.475
 162  154.203
 163  103.069
 164  122.727
 165   97.1036
 166  115.177
 167   97.6719
 168   36.9123
 169   74.2643
 170   47.1525
 171   59.2922
 172   29.0467
 173   21.2571
 174   49.0024
 175  103.117
 176    2.52595
 177   10.3498
 178    4.41842
 179    3.65754
 180    5.18673
 181    5.53887
 182   18.2961
 183   18.5944
 184    1.81495
 185    0.99692
 186    2.14918
 187    2.91432
 188    2.60214
 189    2.90294
 190    2.81788
 191    4.25887
 192    3.20537
 193    2.89058
 194    1.8398
 195    4.99521
 196    1.95626
 197    3.40463
 198    1.29115
 199   26.913
 200    5.1143
 201   34.5886
 202   51.4193
 203   28.6927
 204   24.5284
 205    6.3254
 206    7.27787
 207    6.35781
 208  146.893
 209  204.56
 210  137.717
 211  188.523
 212  247.745
 213  266.08
 214  195.19
 215  175.976
 216  167.389
 217  191.759
 218  170.869
 219  221.451
 220  251.495
 221  212.179
 222  179.668
 223  178.013
 224  165.897
 225  188.451
 226  203.039
 227  238.921
 228  249.94
 229  212.369
 230  184.321
 231  218.773
 232  202.681
 233  177.503
 234  162.373
 235  178.242
 236  185.149
 237  201.565
 238  191.061
 239  172.354
 240   55.0402
 241   40.9769
 242   30.7856
 243   42.1191
 244   61.2936
 245   68.3695
 246   58.218
 247   74.1852
 248    3.188
 249    2.05766
 250    8.39258
 251    3.28332
 252    2.34387
 253    4.32867
 254    3.13412
 255    1.60846
 256    4.77507
 257    1.36371
 258    3.02333
 259    5.5024
 260    4.28113
 261    1.31609
 262    3.49014
 263    3.46238
 264   60.2579
 265   43.1617
 266   63.4196
 267   33.6806
 268   32.219
 269   27.7892
 270   27.8114
 271   53.0794
 272  172.597
 273  222.283
 274  185.594
 275  226.448
 276  187.75
 277  196.751
 278  193.912
 279  197.356
 280  220.834
 281  197.919
 282  140.497
 283  142.177
 284  161.896
 285  198.387
 286  201.253
 287  208.031
 288  131.464
 289  226.077
 290  265.659
 291  270.708
 292  296.873
 293  280.994
 294  249.33
 295  222.178
 296  143.254
 297  171.789
 298  158.284
 299  175.163
 300  223.607
 301  184.002
 302  184.484
 303  150.896
 304    9.41287
 305   36.6477
 306   19.4962
 307   11.6609
 308   17.5507
 309   14.6709
 310    8.72873
 311   16.5269
 312    2.5139
 313    3.69535
 314    4.02903
 315    4.33276
 316    3.61252
 317    7.34984
 318    2.83178
 319   17.0831
 320    3.50586
 321    2.08806
 322    2.90791
 323    2.52103
 324    2.84327
 325    1.8438
 326    1.01337
 327    0.76375
 328    4.24501
 329    3.91598
 330    7.15348
 331   31.5828
 332   16.9109
 333   13.2608
 334    5.3921
 335    5.17641
 336   61.6302
 337   49.8803
 338   39.5429
 339   92.0061
 340   55.5709
 341   43.2427
 342   23.284
 343   36.0401
 344  138.601
 345  133.749
 346   83.2416
 347   77.7673
 348   73.0316
 349   98.6531
 350   83.5881
 351   90.9318
 352  127.967
 353  115.123
 354  106.673
 355  119.38
 356  161.465
 357  171.695
 358  167.76
 359  123.578
 360  104.297
 361   91.5378
 362  118.332
 363  110.927
 364  128.702
 365  136.975
 366  123.063
 367  119.706
 368    2.72038
 369    4.18238
 370    1.93247
 371    6.18873
 372    6.31715
 373   10.1933
 374    5.20052
 375    5.96605
 376    1.98309
 377    3.66085
 378    3.86541
 379    1.39229
 380    4.91907
 381    3.03849
 382    4.64002
 383    7.91056
 384    1.31212
 385    2.56344
 386    3.57488
 387    1.68216
 388    2.68938
 389    1.02684
 390    0.68863
 391    4.98887
 392    2.45941
 393    1.88178
 394    5.33119
 395    2.96647
 396    3.96573
 397    2.52523
 398    4.17337
 399    2.28792
 400    5.42908
 401    5.57892
 402    4.9532
 403    4.39215
 404    4.4321
 405    3.2893
 406    3.9363
 407    0.77188
 408    3.72177
 409    4.24595
 410    4.03169
 411    3.28865
 412    5.16878
 413    3.41501
 414    2.17733
 415    2.69335
 416   17.9266
 417    4.95357
 418    5.28786
 419    7.50359
 420    7.19185
 421    5.08059
 422    3.43957
 423    2.87242
 424    5.39266
 425   24.5059
 426   35.0057
 427    6.67118
 428    7.67627
 429    5.61465
 430    4.71733
 431   65.7367
 432    2.78155
 433    5.54351
 434    2.53089
 435    6.9091
 436    4.89063
 437    1.48332
 438    3.55065
 439    2.36229
 440    3.24029
 441    0.94579
 442    0.59177
 443    0.73736
 444    1.97869
 445    1.39414
 446    0
 447    3.69097
 448    3.92295
 449    3.60188
 450    2.14616
 451    1.88953
 452    0.97666
 453    1.70276
 454    1.89061
 455    0
 456    1.93803
 457    3.31583
 458    1.03469
 459    0.26623
 460    3.25568
 461    1.04479
 462    2.80554
 463    0
 464    2.84777
 465    3.19895
 466    1.38882
 467    2.45491
 468    2.24419
 469    1.28321
 470    3.02668
 471    1.93129
 472    4.37252
 473    2.481
 474    7.01336
 475    2.5294
 476    2.66973
 477    2.93288
 478    4.39753
 479    0
 480    2.41756
 481    3.04217
 482    3.77884
 483    5.71019
 484    3.80592
 485    3.32816
 486    1.90799
 487    0.93277
 488    3.04945
 489    2.1539
 490    0.31724
 491    6.69944
 492    2.90198
 493    1.55793
 494    2.76512
 495    2.90831
 496    0.9793
 497    2.58721
 498    0.59192
 499    3.225
 500    3.28921
 501    1.59842
 502    1.4077
 503    7.35453
 504    0.24932
 505    1.24228
 506    1.61399
 507    4.43603
 508    0.13989
 509    0.99918
 510    1.19319
 511    1.11974
