This file was gnenerated on 2021-06-22 18:04:33.096714 by Grant Finneman. This contains the extracted data from the Gate simulations
The edep for each bar was summed up and printed to this file. The only math operation done has been addition.

  id       edep
   0    1.46167
   1    2.43785
   2    1.99318
   3    2.98568
   4    2.02609
   5    0.9879
   6    0.30309
   7    1.95952
   8    3.25095
   9    2.46466
  10    4.29557
  11    1.12123
  12    2.95095
  13    2.27498
  14    1.17164
  15    1.58403
  16    2.88996
  17    0.94699
  18    4.57122
  19    5.6357
  20    2.93107
  21    2.11919
  22    2.44883
  23   10.9166
  24    3.91664
  25   17.2532
  26    9.10283
  27    2.48565
  28    3.97958
  29    3.75458
  30    3.74706
  31    0.77756
  32    6.3853
  33    7.01404
  34    3.7943
  35    6.0939
  36   12.3859
  37    2.07406
  38    2.47154
  39    3.53562
  40    4.33619
  41    0.90761
  42    1.78461
  43    0.46538
  44    2.07438
  45    3.04515
  46    1.77368
  47   29.3896
  48    2.012
  49    1.46
  50    1.58955
  51    1.54077
  52    0.52741
  53    1.88523
  54    0.34281
  55    0
  56    3.13288
  57    1.8162
  58    2.79489
  59    1.14654
  60    1.68494
  61    0.57238
  62    0.66176
  63    1.41144
  64    1.91224
  65    3.92031
  66    1.55092
  67    4.56907
  68    2.14333
  69    1.13955
  70    2.14333
  71    2.19672
  72    1.14891
  73    2.31921
  74    4.88195
  75   14.9827
  76    1.06771
  77    2.36267
  78   23.1787
  79   27.2764
  80   14.9588
  81   22.7944
  82   62.3575
  83   35.329
  84   28.2352
  85   33.6357
  86   53.386
  87   46.4597
  88  118.892
  89  104.79
  90  103.968
  91  117.14
  92  124.33
  93  141.098
  94   78.1129
  95  104.451
  96   16.4339
  97   22.3663
  98   23.0745
  99   40.2003
 100   21.8556
 101   33.0348
 102   28.5416
 103   26.9561
 104    0.46739
 105    5.3325
 106    3.55698
 107    2.88919
 108    5.07062
 109   11.5608
 110    2.67489
 111    3.47838
 112    1.7739
 113    5.2513
 114    3.31611
 115    2.68025
 116    2.14257
 117    1.56806
 118    2.26297
 119   20.0971
 120    0.75187
 121    0.77933
 122    0.38092
 123    1.93936
 124    1.64274
 125    3.02446
 126    1.35393
 127   28.6594
 128    3.82711
 129    2.77912
 130    2.12721
 131    4.48118
 132    6.18527
 133    1.4399
 134    3.11975
 135    3.039
 136   30.4335
 137   17.4668
 138   40.2116
 139   36.665
 140   18.3482
 141   26.4376
 142   38.9655
 143   25.1435
 144  143.115
 145  150.337
 146  166.696
 147  197.324
 148  169.32
 149  187.81
 150  134.779
 151  171.269
 152  220.451
 153  181.236
 154  132.909
 155  157.223
 156  163.294
 157  214.128
 158  183.809
 159  168.8
 160  103.475
 161   91.7724
 162  117.157
 163  107.69
 164  131.591
 165  111.917
 166   82.4092
 167   73.0751
 168    5.37966
 169   11.2554
 170    5.30611
 171    9.04357
 172    5.40687
 173    5.86637
 174    4.19338
 175    5.58053
 176    2.74435
 177    5.08813
 178    1.37711
 179    1.25336
 180    6.15556
 181    3.87195
 182    5.1615
 183    6.53188
 184    1.94812
 185    1.46043
 186    3.75445
 187    2.20938
 188    2.58488
 189    2.46175
 190    3.25987
 191    0.97476
 192    3.73928
 193    4.00196
 194    0.87258
 195    5.25058
 196    4.56353
 197    0.29661
 198    1.49751
 199    2.49366
 200   10.4006
 201    7.17749
 202   30.2388
 203    6.45935
 204    5.27206
 205    7.1936
 206   19.723
 207    6.04743
 208  123.374
 209  111.774
 210  180.609
 211  163.037
 212  181.225
 213  149.39
 214  167.539
 215  179.312
 216  166.485
 217  199.385
 218  201.148
 219  201.212
 220  200.057
 221  202.47
 222  248.519
 223  177.871
 224  151.602
 225  199.202
 226  190.101
 227  224.436
 228  264.376
 229  242.442
 230  246.834
 231  194.831
 232   24.097
 233   39.4912
 234   66.9452
 235   46.9535
 236   73.2752
 237   36.9893
 238   41.1633
 239   30.2785
 240    4.74966
 241    6.41844
 242    4.99138
 243    5.60336
 244    5.00257
 245    3.86593
 246    4.31207
 247    3.53723
 248    1.80847
 249    2.63743
 250    1.46133
 251    2.9723
 252    5.33691
 253    0.91989
 254    1.84325
 255    1.34879
 256    3.57614
 257    3.23159
 258    2.35682
 259    2.70906
 260    2.39667
 261    3.57831
 262    5.27213
 263   25.6214
 264    7.41612
 265    5.43773
 266    4.4271
 267    2.66328
 268   11.6953
 269    5.36005
 270    4.47572
 271   10.7076
 272   28.1475
 273   40.1496
 274   37.6878
 275   27.7545
 276   56.2108
 277   70.9755
 278   28.4155
 279   47.8967
 280  194.569
 281  197.346
 282  212.009
 283  186.753
 284  217.443
 285  210.53
 286  166.465
 287  161.647
 288  201.066
 289  185.968
 290  136.181
 291  185.981
 292  239.099
 293  257.427
 294  221.828
 295  149.158
 296  101.831
 297  203.006
 298  170.5
 299  197.955
 300  195.124
 301  219.202
 302  147.662
 303  127.657
 304   25.1206
 305    6.66983
 306    6.04975
 307    7.76555
 308   17.9493
 309    2.09831
 310    5.21641
 311    3.16298
 312    1.97125
 313    1.90003
 314    2.5362
 315    3.90203
 316    5.06108
 317    5.94122
 318    2.13638
 319   11.9813
 320    3.90571
 321    3.26573
 322    2.50127
 323    0.7932
 324    2.06504
 325    2.02444
 326    0
 327    2.60414
 328    1.73963
 329    2.89495
 330    6.09251
 331    5.16253
 332    3.24076
 333    4.79612
 334    4.75896
 335    6.56217
 336    7.97179
 337    8.55951
 338   25.9972
 339    5.16235
 340    7.97671
 341    6.1371
 342    7.69523
 343   49.1532
 344  147.617
 345  111.326
 346  100.934
 347  133.654
 348  225.648
 349  169.443
 350  105.14
 351   86.7856
 352  187.147
 353  191.612
 354  207.9
 355  236.805
 356  206.884
 357  217.07
 358  243.433
 359  193.09
 360  158.169
 361  191.086
 362  254.05
 363  233.314
 364  153.372
 365  154.312
 366  162.428
 367  178.207
 368   30.5857
 369   25.6094
 370   25.7005
 371   25.1211
 372   33.8429
 373   17.1704
 374   21.1315
 375   23.0855
 376    3.50663
 377    3.91208
 378    2.60535
 379    2.81186
 380    2.19935
 381    3.0802
 382    5.69342
 383    1.01517
 384    1.23587
 385    1.72354
 386    1.14832
 387    1.89236
 388    1.87124
 389    1.04849
 390    0.71077
 391   12.6919
 392    2.45843
 393    2.19363
 394    2.60578
 395    2.18666
 396    1.50288
 397    1.03446
 398    1.62716
 399    3.92689
 400    4.37707
 401    2.99708
 402    2.66335
 403    3.45512
 404    3.29853
 405    3.10766
 406    1.9826
 407    1.19039
 408   32.3087
 409   30.5363
 410   28.2501
 411   25.8564
 412   26.7426
 413   18.8344
 414   16.1592
 415   13.3859
 416   62.9781
 417   91.6591
 418  111.281
 419  135.073
 420  182.15
 421  104.545
 422   98.5883
 423   88.6398
 424   17.651
 425   16.9889
 426   16.3254
 427   18.3555
 428   51.0807
 429   22.4873
 430   23.362
 431   19.4147
 432    1.32361
 433    5.51599
 434    1.73079
 435    6.26926
 436    3.97643
 437    4.09516
 438    4.48557
 439    1.30817
 440    5.29253
 441    2.27659
 442    2.05668
 443    0.61906
 444    3.26599
 445    3.03552
 446    0.6919
 447    1.82918
 448    0.05813
 449    0.62973
 450    1.11945
 451    3.11338
 452    0
 453    0.41239
 454    0.18576
 455    2.17852
 456    5.94084
 457    2.35321
 458    0.93116
 459    4.09238
 460    1.47859
 461    1.10974
 462    0.79277
 463   32.3768
 464    1.64457
 465    4.98374
 466    0.41283
 467    0.60499
 468    3.2627
 469    0.40491
 470    2.21346
 471   21.7679
 472    3.14362
 473    3.41281
 474    5.95636
 475    6.07775
 476    1.39979
 477    5.32078
 478    2.97533
 479    2.20872
 480    1.33659
 481    1.59271
 482    5.08953
 483    7.57367
 484    4.03249
 485    1.69361
 486    2.44584
 487    0.7842
 488    3.9679
 489    2.5217
 490    5.03605
 491    7.13502
 492    4.36694
 493    4.00886
 494    2.6179
 495    2.34524
 496    3.41643
 497    4.08566
 498    3.10095
 499    3.67754
 500    2.26633
 501    2.37568
 502    1.26858
 503    1.89749
 504    1.1971
 505    4.41438
 506    0.67359
 507    1.84146
 508    2.41201
 509    1.25441
 510    2.67403
 511    3.25191
