This file was gnenerated on 2021-06-22 18:07:03.010311 by Grant Finneman. This contains the extracted data from the Gate simulations
The edep for each bar was summed up and printed to this file. The only math operation done has been addition.

  id       edep
   0    0.47145
   1    0
   2    1.64658
   3    0.95573
   4    1.0825
   5    0.35722
   6    0.12271
   7    0
   8    3.13013
   9    2.89092
  10    1.7738
  11    1.69647
  12    1.36596
  13    2.49466
  14    1.27398
  15    4.31471
  16    1.59062
  17    4.08557
  18    4.20604
  19    1.38202
  20    4.68047
  21    0.9047
  22    1.24757
  23    3.48767
  24    2.83644
  25    2.41786
  26    6.27268
  27    3.06518
  28    2.46636
  29    2.58275
  30   20.1101
  31   19.3892
  32   12.8126
  33    6.7657
  34   10.4655
  35   12.7875
  36   32.1736
  37   11.3878
  38    7.84024
  39    4.89929
  40    8.2468
  41    3.36481
  42   22.0051
  43    5.07821
  44    4.15308
  45    7.63374
  46    5.54385
  47    1.87843
  48    1.18089
  49    0.69995
  50    0.93186
  51    1.9909
  52    1.8345
  53    1.37358
  54    1.62048
  55    2.37231
  56    1.74599
  57    2.14771
  58    2.11077
  59    2.57252
  60    2.76842
  61    2.51291
  62    1.28747
  63    2.7345
  64    0.71078
  65    0.69778
  66    1.15118
  67    3.22106
  68    3.35226
  69    1.07877
  70    3.1566
  71    1.25596
  72    5.02718
  73    2.93358
  74    2.09451
  75    3.64345
  76    1.56405
  77    2.00037
  78    2.42277
  79    2.1904
  80    5.72783
  81   16.5585
  82    8.35411
  83    6.82466
  84    5.57269
  85    3.67952
  86    3.84466
  87    3.54779
  88   31.5361
  89   81.3673
  90   66.0797
  91   42.5396
  92   30.7445
  93   29.7425
  94   91.769
  95   82.8185
  96   66.8561
  97   76.135
  98  121.424
  99   93.2022
 100   98.074
 101  102.468
 102   72.977
 103   90.2449
 104   63.3632
 105   54.9509
 106   65.8382
 107   83.6714
 108   38.0059
 109   37.6893
 110   51.2702
 111   60.2328
 112    3.78945
 113    6.71686
 114    2.5833
 115    4.16487
 116    0.77466
 117    3.39892
 118    4.11123
 119    3.3919
 120    1.95585
 121    2.52224
 122    1.78117
 123    1.60937
 124    4.15587
 125    1.46444
 126    1.46991
 127    2.27453
 128    1.76501
 129    3.00248
 130    2.10472
 131   13.2058
 132    3.70102
 133    2.23279
 134    3.74714
 135    2.52788
 136   24.2709
 137   26.7037
 138   24.6984
 139   59.5099
 140   20.6259
 141   12.588
 142   18.1501
 143   20.6034
 144   74.8493
 145   64.3193
 146   64.8812
 147   64.6583
 148   48.5138
 149   50.0001
 150   70.8062
 151   93.9025
 152   91.9105
 153   85.0674
 154  108.806
 155  161.357
 156  136.715
 157  116.794
 158   93.4437
 159  130.843
 160  165.905
 161   98.6719
 162   81.7501
 163   73.4567
 164   99.9092
 165  113.153
 166  126.189
 167  105.007
 168   75.9193
 169   72.3893
 170   58.6375
 171   95.7293
 172  165.084
 173  120.636
 174   97.1142
 175   89.8492
 176   13.2866
 177    8.75239
 178   10.2861
 179   11.2094
 180   13.6534
 181   12.5155
 182   32.0439
 183   24.443
 184    2.62711
 185    6.42547
 186    0.72497
 187    2.75439
 188    2.49047
 189    2.1864
 190    4.51387
 191    1.4211
 192   10.2113
 193    7.68992
 194    4.67729
 195    8.44577
 196   16.3857
 197   10.0755
 198    8.85635
 199   15.8615
 200   89.3272
 201   73.86
 202   80.0463
 203   97.3167
 204  118.748
 205   95.8668
 206  117.356
 207  107.068
 208  113.064
 209  107.805
 210  119.104
 211   89.9052
 212  115.763
 213  104.61
 214  110.284
 215  105.417
 216   93.3223
 217  122.63
 218  133.052
 219  108.393
 220  102.029
 221  109.761
 222   99.0862
 223  124.857
 224   92.3414
 225  132.082
 226  108.837
 227   72.829
 228  110.326
 229  137.787
 230  108.451
 231  125.554
 232   82.2004
 233   76.3246
 234  102.05
 235  142.803
 236  121.338
 237  114.843
 238  116.513
 239  167.002
 240   46.5681
 241   58.411
 242   68.8625
 243   36.5026
 244   61.5777
 245   86.5348
 246   80.588
 247   66.8429
 248    5.86093
 249    5.5009
 250    4.50122
 251    4.19721
 252    3.0516
 253   21.2516
 254   12.5073
 255    4.87983
 256    3.20634
 257    4.13596
 258    2.6516
 259    4.25989
 260    5.51679
 261    1.48933
 262    2.40346
 263    1.29592
 264   42.6041
 265   79.572
 266   67.3623
 267   42.8303
 268   54.6967
 269   42.6056
 270   57.5498
 271   65.6217
 272   76.9557
 273   68.6017
 274  132.035
 275  148.066
 276  140.058
 277  136.54
 278  103.694
 279  113.885
 280   97.9776
 281   89.1161
 282  112.571
 283   98.9776
 284   93.298
 285  135.035
 286  115.189
 287  129.179
 288  114.492
 289  145.868
 290   84.3061
 291  138.5
 292  115.115
 293  108.741
 294   89.3872
 295  149.403
 296   66.1327
 297   78.5759
 298  105.63
 299  140.55
 300  125.402
 301  136.172
 302  140.489
 303  113.68
 304   80.0219
 305   93.1015
 306   80.5319
 307  102.727
 308   83.575
 309  136.653
 310  112.658
 311   70.8687
 312   46.2593
 313   18.5123
 314   30.8243
 315   27.6506
 316   43.8982
 317   23.6969
 318   24.2681
 319   15.0077
 320    3.47698
 321    2.93035
 322    4.30977
 323    2.91205
 324    2.32065
 325    2.06956
 326    1.86344
 327    0.41323
 328    8.10939
 329   30.3965
 330   14.2513
 331   11.5347
 332    6.74198
 333    7.20123
 334   10.6928
 335   29.8333
 336   90.1801
 337   88.715
 338   64.2415
 339   62.2713
 340  107.188
 341  109.071
 342   94.2248
 343  121.766
 344  106.786
 345  118.645
 346  137.975
 347  122.694
 348  141.778
 349  135.161
 350  105.251
 351   95.2713
 352  133.732
 353  105.195
 354  120.287
 355  133.93
 356   88.5022
 357  104.306
 358  124.075
 359   88.9465
 360   65.2944
 361   66.2245
 362   94.8386
 363   83.4019
 364   69.6252
 365   84.8827
 366   96.4722
 367   71.9419
 368   35.5868
 369   69.5648
 370   18.9371
 371   20.6785
 372   17.4358
 373   34.2391
 374   54.77
 375   28.1699
 376    3.7065
 377    1.92751
 378    6.46909
 379    2.10489
 380    2.61592
 381    4.47763
 382    0.87245
 383    7.66921
 384    2.77682
 385    2.69414
 386    1.99063
 387    4.64551
 388    1.19711
 389    0.26592
 390    2.28277
 391    3.93727
 392    3.16284
 393    3.12627
 394    2.59966
 395    6.17597
 396    3.09711
 397    2.68968
 398    5.70733
 399    2.40151
 400   57.114
 401   66.4948
 402   46.9951
 403   36.8966
 404   32.366
 405   32.1929
 406   45.9747
 407   46.5423
 408   80.7235
 409   72.4042
 410   78.8398
 411   74.5946
 412   71.0518
 413   72.6152
 414   63.4938
 415   88.7412
 416   36.8508
 417   37.6269
 418   24.9949
 419   32.9146
 420   31.687
 421   56.7561
 422   59.2469
 423   52.0434
 424    2.15051
 425    7.61148
 426    5.45008
 427    3.41747
 428    5.77861
 429    3.44085
 430    3.73894
 431   24.424
 432    3.37066
 433    2.5496
 434    2.7073
 435    2.45928
 436    4.51195
 437    5.48467
 438    1.70576
 439   11.2443
 440    3.73479
 441    3.31808
 442    1.54864
 443    1.27124
 444    0.4756
 445    4.6247
 446    3.03784
 447    4.52448
 448    0.35412
 449    0.78087
 450    2.60148
 451    3.21524
 452    0
 453    1.65473
 454    0.66326
 455    2.04416
 456    2.14724
 457    3.21513
 458    1.73065
 459    4.74199
 460    1.84574
 461    2.70426
 462    2.27422
 463    1.39944
 464    3.60927
 465    2.09071
 466   28.6448
 467    8.8998
 468    5.41489
 469    1.64437
 470   10.9401
 471    4.51104
 472    4.44859
 473    3.75035
 474   16.7251
 475    9.66189
 476    6.44624
 477    6.35498
 478    4.61527
 479   22.4368
 480    1.74043
 481    2.63396
 482    3.45124
 483    7.09838
 484    4.68086
 485    3.89255
 486    0.34314
 487    2.80741
 488    1.14338
 489    1.47483
 490    2.99522
 491    2.33477
 492    3.19148
 493    0.89277
 494    4.8328
 495    2.30878
 496    0.62107
 497    1.83679
 498    3.27542
 499    0.67241
 500    0.8485
 501    0.58271
 502    1.18442
 503    2.44556
 504    4.77583
 505    2.74754
 506    0.29819
 507    0
 508    1.22549
 509    0
 510    0.64167
 511    0
