This file was gnenerated on 2021-06-22 18:06:36.301881 by Grant Finneman. This contains the extracted data from the Gate simulations
The edep for each bar was summed up and printed to this file. The only math operation done has been addition.

  id       edep
   0    2.59894
   1    0
   2    0.50765
   3    0
   4    0
   5    2.1201
   6    1.07116
   7    0.48369
   8    2.67847
   9    0
  10    3.32709
  11    0.59519
  12    0
  13    1.36642
  14    1.73023
  15    6.16182
  16    3.03696
  17    3.06696
  18    3.87405
  19    5.04356
  20    2.12467
  21    2.01416
  22    4.58863
  23    1.29275
  24    3.18219
  25    5.03063
  26    5.51453
  27    3.87088
  28    4.37056
  29    1.71843
  30    3.51275
  31    7.6995
  32    2.5353
  33    3.36044
  34    4.15249
  35    5.23227
  36    4.86742
  37    5.54944
  38    2.56979
  39    2.36527
  40    3.47905
  41    5.58819
  42    3.7314
  43    3.9101
  44    2.58096
  45    2.90223
  46    3.24224
  47   14.2096
  48    1.64112
  49    2.71952
  50    2.78743
  51    1.7203
  52    1.93167
  53    1.37377
  54    2.8602
  55    0.93616
  56    1.02341
  57    1.07404
  58    2.42712
  59    1.83215
  60    0.72639
  61    0.69322
  62    2.97241
  63    2.66911
  64    2.69117
  65    0
  66    2.43974
  67    3.18133
  68    2.27614
  69    0.80786
  70    2.63543
  71    1.99609
  72    0.84039
  73    2.71042
  74    3.65486
  75    5.90592
  76    2.62718
  77    2.39025
  78    1.8809
  79    3.11198
  80    2.00251
  81    4.49194
  82    4.25371
  83    7.92483
  84    3.77484
  85    3.82593
  86    1.25529
  87   13.2087
  88    8.04553
  89    2.67777
  90   15.4938
  91   31.0485
  92   15.3667
  93   17.1854
  94   37.1478
  95    7.92023
  96   70.6159
  97   69.079
  98   67.6483
  99   70.053
 100   98.5086
 101   89.4344
 102   62.4732
 103   93.7439
 104   30.9767
 105   17.7751
 106    6.78589
 107    7.26616
 108   29.7247
 109    8.16583
 110    6.50309
 111   23.8932
 112    1.76886
 113    3.86329
 114    5.32265
 115    3.90421
 116    2.97535
 117    3.73698
 118    2.1692
 119    1.20522
 120    1.45106
 121    1.94301
 122    1.04937
 123    1.75763
 124    0.84169
 125    2.6002
 126    2.40943
 127    0.39505
 128    1.59862
 129    0.20834
 130    2.12761
 131    1.88714
 132    0.61988
 133    2.91714
 134    0.50851
 135    1.36515
 136    4.12284
 137    0.32374
 138    3.87649
 139    3.31891
 140    4.95279
 141    2.02996
 142    4.16695
 143    0.82335
 144    3.59446
 145    7.47875
 146    8.44895
 147    6.70313
 148    4.74829
 149    3.75912
 150    7.44684
 151    1.42933
 152  101.474
 153   94.7024
 154   91.3115
 155   54.6843
 156  109.884
 157  128.477
 158   84.4828
 159  107.482
 160  217.184
 161  289.564
 162  207.05
 163  253.974
 164  235.728
 165  224.703
 166  234.808
 167  296.511
 168  179.034
 169  187.239
 170  189.753
 171  192.116
 172  176.134
 173  138.033
 174  126.617
 175  164.59
 176    4.30697
 177   13.8667
 178   29.8035
 179   12.0412
 180    2.68213
 181    5.32565
 182    6.43942
 183   43.257
 184    3.12556
 185    2.6024
 186    2.99841
 187    6.5205
 188    3.82901
 189    3.40545
 190    2.81624
 191    1.08957
 192    0.71279
 193    3.71001
 194    3.73814
 195    2.16992
 196    3.16992
 197    2.9685
 198    1.5344
 199    1.01971
 200    1.62521
 201    5.88175
 202    6.69998
 203    2.25344
 204    3.46803
 205    5.22946
 206    2.11723
 207   18.7164
 208   11.3868
 209   13.4477
 210   11.9587
 211   84.3783
 212   59.4276
 213   56.2029
 214   15.2127
 215   22.5914
 216  202.595
 217  239.722
 218  235.53
 219  234.676
 220  207.578
 221  259.368
 222  180.82
 223  216.228
 224  235.796
 225  288.564
 226  269.055
 227  264.438
 228  242.937
 229  276.534
 230  246.332
 231  231.853
 232  114.231
 233  114.306
 234  108.119
 235  129.844
 236  133.676
 237  167.346
 238  139.748
 239   95.7842
 240    6.75885
 241    7.39983
 242   23.2817
 243    9.17612
 244    6.26222
 245   18.6627
 246   35.617
 247   15.5957
 248    5.81171
 249    3.36551
 250    2.72349
 251    2.04559
 252    4.15018
 253    2.17614
 254    1.47035
 255    2.44687
 256    1.38124
 257    4.33277
 258    4.47857
 259    4.89792
 260    2.27773
 261    2.57819
 262    3.36287
 263    1.90937
 264    5.99523
 265    4.11894
 266    2.76461
 267    4.78551
 268    6.357
 269    3.47455
 270    3.02814
 271   25.2996
 272   85.8641
 273   86.7543
 274  124.907
 275  149.394
 276  125.148
 277  132.55
 278  144.92
 279  103.656
 280  217.905
 281  244.83
 282  305.07
 283  227.067
 284  245.803
 285  285.966
 286  229.148
 287  257.977
 288  217.546
 289  268.546
 290  245.47
 291  219.487
 292  258.619
 293  183.731
 294  217.872
 295  245.738
 296   38.4503
 297   20.5329
 298   34.3583
 299   10.6483
 300   32.5724
 301   20.1721
 302   12.4989
 303   15.5455
 304    5.78201
 305    6.2425
 306    7.9295
 307    3.60714
 308    6.52808
 309    7.91321
 310    7.58107
 311   22.4963
 312    3.63182
 313    2.40463
 314    1.73722
 315    1.6484
 316    2.54165
 317    2.17286
 318    3.30731
 319   24.8769
 320    4.87363
 321    6.77286
 322    2.57278
 323    2.47912
 324    2.12994
 325    4.49565
 326    4.22949
 327    2.43556
 328    9.92257
 329    6.84608
 330    6.59242
 331    7.60407
 332    9.71891
 333   28.7944
 334   17.1475
 335   15.4413
 336  111.499
 337  155.109
 338  170.232
 339  208.535
 340  164.041
 341  169.265
 342  185.427
 343  162.961
 344  185.069
 345  194.851
 346  197.187
 347  219.478
 348  217.947
 349  326.267
 350  287.319
 351  275.052
 352  107.275
 353  177.171
 354  167.008
 355   85.625
 356   78.2796
 357   88.3828
 358   75.1043
 359   91.7501
 360    5.26574
 361    4.17113
 362    8.90582
 363    7.25036
 364    8.97892
 365    5.70641
 366    6.73849
 367   17.1162
 368    4.12381
 369    1.88692
 370    6.56127
 371    2.67631
 372    4.40162
 373    4.147
 374    5.24872
 375   20.1405
 376    1.89845
 377    2.83651
 378    2.67286
 379    0.37695
 380    1.54348
 381    2.41612
 382    1.5102
 383    9.96196
 384    0.56371
 385    2.14933
 386    2.60041
 387    2.76226
 388    1.61643
 389    1.47281
 390    0.23253
 391    0.01155
 392    2.17307
 393    0.92402
 394    3.47364
 395    4.39335
 396    4.34127
 397    2.62495
 398    1.04665
 399   23.5262
 400    5.32299
 401    8.92737
 402    6.64245
 403    6.50902
 404    7.79545
 405   10.3224
 406   13.5585
 407    1.50581
 408   89.3632
 409   69.3902
 410   52.9236
 411   87.1715
 412   66.6738
 413   90.2192
 414   41.3948
 415   67.795
 416   10.2963
 417    7.54849
 418    3.80518
 419    6.82254
 420    8.73332
 421    5.15378
 422   23.5975
 423    5.32008
 424    3.12347
 425    2.61882
 426    6.20251
 427    5.23998
 428    2.33777
 429    5.41068
 430    3.58563
 431    3.76754
 432   12.0345
 433    3.54241
 434    1.13646
 435    1.72966
 436    3.21127
 437    1.31948
 438    0.59795
 439    1.81523
 440    0.13891
 441    2.72605
 442    1.43096
 443    2.24308
 444    1.04366
 445    0.4833
 446    2.10287
 447   20.1848
 448    1.58369
 449    1.41696
 450    3.39328
 451    0.88814
 452    1.98248
 453    0.29718
 454    1.4897
 455    2.04215
 456    3.14027
 457    1.991
 458    2.63915
 459    2.62634
 460    3.7039
 461    2.65759
 462    2.9751
 463    2.0095
 464    1.53971
 465    4.38536
 466    5.50942
 467    3.04732
 468    2.90631
 469    3.0736
 470    4.16503
 471    0.71954
 472    2.51448
 473    3.38272
 474    5.21671
 475    1.28628
 476    3.41438
 477    3.74218
 478    4.83652
 479    2.79134
 480    6.19737
 481    3.97134
 482    3.61173
 483    4.61965
 484    3.33932
 485    1.34607
 486    2.68261
 487    2.19382
 488    1.69422
 489    0.83557
 490    1.27189
 491    2.31179
 492    1.9271
 493    2.34211
 494    0.92853
 495    7.01517
 496    1.90922
 497    1.0453
 498    2.00135
 499    1.64823
 500    1.81685
 501    3.61519
 502    0.30796
 503    2.18038
 504    0
 505    1.24401
 506    0.13328
 507    0.39789
 508    0.75557
 509    2.26224
 510    1.09146
 511    0.83087
