This file was gnenerated on 2021-06-22 18:03:14.973704 by Grant Finneman. This contains the extracted data from the Gate simulations
The edep for each bar was summed up and printed to this file. The only math operation done has been addition.

  id       edep
   0   24.0915
   1    0.99884
   2    2.3809
   3    1.50842
   4    1.62612
   5    2.05835
   6    1.02817
   7    2.09732
   8    2.74898
   9    0.6307
  10    4.82384
  11    2.01338
  12    1.44415
  13    1.68702
  14    3.46148
  15    2.29439
  16    1.29367
  17    2.56259
  18    1.86319
  19    3.87603
  20    3.59614
  21    3.05294
  22    1.86702
  23    2.13068
  24    3.38012
  25    4.9774
  26    2.23564
  27    4.5193
  28    3.72648
  29    1.65455
  30    4.18601
  31    1.86003
  32    3.35943
  33    3.71914
  34    5.48033
  35    5.34818
  36    3.15256
  37    7.05151
  38    4.85253
  39   12.5113
  40    4.26896
  41    2.23067
  42    2.78054
  43    0.85195
  44    1.73538
  45    4.3597
  46    1.75931
  47   13.9782
  48    1.86334
  49    0
  50    1.87979
  51    2.36077
  52    1.80355
  53    2.48134
  54    0.53591
  55   13.7696
  56    1.21934
  57    0
  58    1.34925
  59    3.33039
  60    1.91453
  61    1.75493
  62    1.33572
  63    0.70764
  64    1.18259
  65    4.01218
  66    1.68665
  67    0.27015
  68    2.83413
  69    1.54512
  70    0.2018
  71    0.58985
  72    4.09179
  73    3.44041
  74    3.01148
  75    1.28547
  76    1.55282
  77    3.95399
  78    5.3126
  79    1.89121
  80    4.63451
  81    5.01255
  82    4.71142
  83    4.25033
  84    3.6758
  85    6.09647
  86    5.36088
  87    4.54393
  88   20.5858
  89    7.2321
  90   15.7967
  91   57.8063
  92   48.2306
  93   23.4679
  94    9.37228
  95   28.893
  96    9.47493
  97    7.84365
  98   12.3445
  99   50.4361
 100   10.9359
 101   15.8221
 102    8.91314
 103   12.6694
 104    1.88924
 105    2.45479
 106    3.91834
 107    3.10688
 108    2.11873
 109    4.09867
 110    4.0127
 111    6.66454
 112    2.72443
 113    3.5929
 114    3.21341
 115    2.52258
 116    3.80314
 117    0.92658
 118    1.63609
 119    1.47646
 120    1.71845
 121    1.16563
 122    0.76833
 123    0.26414
 124    0
 125    3.64129
 126    1.19627
 127    0.53909
 128    1.64375
 129    2.90521
 130    2.28154
 131    1.61647
 132    4.98679
 133    2.22543
 134    0.79782
 135    1.68946
 136    5.61912
 137    5.99453
 138    2.77687
 139    8.21964
 140    8.69525
 141    6.89686
 142    4.60194
 143    9.21857
 144   73.0315
 145   59.5582
 146   49.5166
 147   43.8176
 148   49.7061
 149   40.6665
 150   55.6296
 151   76.7954
 152  260.041
 153  358.919
 154  455.844
 155  410.082
 156  386.117
 157  372.077
 158  311.065
 159  377.218
 160   99.7268
 161  146.506
 162  111.778
 163  126.828
 164  145.052
 165  182.107
 166  169.156
 167  205.903
 168    5.96755
 169    5.39482
 170    1.79042
 171    4.81592
 172    5.27218
 173    5.22488
 174    9.6658
 175   36.419
 176    2.75296
 177    5.58718
 178    3.39878
 179    2.63374
 180    5.08037
 181    1.83286
 182   16.6333
 183   41.5482
 184    3.12292
 185    0.99197
 186    1.14071
 187    0.95789
 188    0.11208
 189    0.53499
 190    2.47059
 191   14.2803
 192    1.93144
 193    2.02598
 194    2.70781
 195    1.01083
 196    3.47165
 197    1.79149
 198    2.84465
 199   19.8847
 200    5.39603
 201    4.67884
 202    2.11247
 203    5.55591
 204    4.5484
 205    4.14835
 206    3.9155
 207    5.96512
 208   10.8152
 209   25.0712
 210   30.8162
 211   28.8641
 212   27.597
 213   25.3044
 214    8.65547
 215    7.27315
 216  339.597
 217  432.109
 218  294.279
 219  340.646
 220  414.32
 221  420.073
 222  368.256
 223  376.794
 224  214.388
 225  241.037
 226  212.087
 227  235.553
 228  218.527
 229  247.588
 230  263.224
 231  311.064
 232   10.005
 233   11.6012
 234    7.22971
 235   16.419
 236   11.4157
 237    8.01752
 238    6.22802
 239    9.96412
 240    4.12913
 241    4.64889
 242    4.76832
 243    5.39638
 244    4.26761
 245    7.36534
 246    2.32884
 247    4.34256
 248    2.13801
 249    3.14994
 250    2.19431
 251    4.27067
 252    3.92057
 253    3.68888
 254    2.24522
 255    2.72703
 256    2.71497
 257    2.86123
 258    2.27633
 259    2.23009
 260    1.68768
 261    0.652
 262    0.86544
 263    3.19546
 264    3.92956
 265    5.19661
 266    4.82689
 267    4.85301
 268    3.74432
 269    4.4272
 270    3.61919
 271    3.45804
 272   12.7812
 273    9.87451
 274   12.78
 275   15.3279
 276   10.2492
 277   14.7275
 278   30.0076
 279    4.24542
 280  270.195
 281  337.737
 282  266.191
 283  253.837
 284  215.315
 285  272.532
 286  287.053
 287  296.677
 288  321.975
 289  388.723
 290  378.674
 291  379.384
 292  337.203
 293  374.424
 294  376.595
 295  328.128
 296   24.7917
 297   12.3774
 298   14.8095
 299   25.6186
 300   32.8102
 301   21.2904
 302   18.2361
 303   52.3171
 304    3.48014
 305    4.9405
 306    2.46508
 307    4.76494
 308    7.88902
 309    5.07607
 310    2.92688
 311   10.1446
 312    1.30331
 313    2.57578
 314    6.55003
 315    2.434
 316    2.36575
 317    2.43474
 318    3.4099
 319    0
 320    4.22898
 321    0.48149
 322    4.40022
 323    3.03661
 324    0.78261
 325    0.39858
 326    4.80307
 327    0
 328    3.17077
 329    4.57504
 330    3.60526
 331    2.41547
 332    3.61505
 333    7.31076
 334    5.61509
 335    3.25642
 336    6.92611
 337   11.7272
 338    4.87721
 339    5.17055
 340    5.19963
 341    9.23577
 342   16.0504
 343    5.01026
 344  177.974
 345  198.661
 346  172.988
 347  144.808
 348  151.441
 349  163.901
 350  132.519
 351  186.259
 352  326.106
 353  326.266
 354  297.639
 355  338.722
 356  470.988
 357  333.746
 358  361.814
 359  370.961
 360   39.0436
 361   44.9333
 362   84.374
 363   46.3912
 364   71.1646
 365   53.7465
 366   42.4066
 367   46.4166
 368    5.14752
 369    4.33681
 370    7.0901
 371    6.70498
 372   18.1587
 373    4.3653
 374    0.03108
 375    2.28756
 376    1.0325
 377    2.79616
 378    2.43219
 379    0.36271
 380    3.53466
 381    4.21971
 382    2.09719
 383    2.26354
 384    2.37909
 385    2.46085
 386    0.46102
 387    3.13018
 388    1.65012
 389    1.83971
 390    0.70548
 391    2.3075
 392    1.28458
 393    2.1281
 394    2.37843
 395    2.35349
 396    5.73623
 397    2.21216
 398    3.72362
 399    3.73774
 400    2.74884
 401    3.94208
 402    7.80431
 403    0.68432
 404    4.08452
 405    5.04598
 406    2.22466
 407    3.64918
 408   30.5142
 409   33.1578
 410   19.2004
 411   14.9634
 412   32.8772
 413   15.2424
 414   14.4423
 415   28.0353
 416   17.088
 417   10.6328
 418   14.1343
 419   33.5574
 420   25.7733
 421   37.482
 422   51.7165
 423   21.731
 424    7.76089
 425    9.3425
 426    5.26448
 427    4.43179
 428    7.57206
 429    8.42567
 430    7.5561
 431   21.704
 432    1.98379
 433    4.14383
 434    4.31493
 435    1.46077
 436    3.14624
 437    0.23439
 438    3.9777
 439    4.39599
 440    1.88418
 441    1.44805
 442    2.03404
 443    1.89364
 444    2.0713
 445    4.39738
 446    1.20127
 447    1.28632
 448    3.34915
 449    1.04852
 450    1.69171
 451    1.36932
 452    0.46499
 453    0.29227
 454    0
 455    0.17166
 456    1.54788
 457    0.78602
 458    2.80837
 459    3.13199
 460    2.91929
 461    3.296
 462    0.99322
 463    1.20671
 464    2.5859
 465    0.88463
 466    2.88255
 467    0.90942
 468    0.11622
 469    1.43515
 470    1.91012
 471    3.07074
 472    4.31623
 473    5.12263
 474    4.52523
 475    2.02444
 476    5.81733
 477    0.68364
 478    3.33895
 479   13.3529
 480    3.22778
 481    3.35657
 482    4.36566
 483    3.19568
 484    4.8372
 485    8.0934
 486    4.13815
 487    2.15632
 488    2.1252
 489    1.58655
 490    2.49531
 491    2.33088
 492    4.43701
 493    2.23627
 494    2.51193
 495    1.84194
 496    5.14934
 497    2.35376
 498    3.74683
 499    2.58438
 500    3.7875
 501    2.51072
 502    1.13079
 503    0.4459
 504    2.80814
 505    0.79875
 506    1.68586
 507    0
 508    2.17556
 509    3.52697
 510    1.9687
 511    0.67124
