This file was gnenerated on 2021-06-22 18:03:06.044619 by Grant Finneman. This contains the extracted data from the Gate simulations
The edep for each bar was summed up and printed to this file. The only math operation done has been addition.

  id           edep
   0    0.91843
   1    1.41206
   2    0.16542
   3    0.74851
   4    1.12562
   5    2.75937
   6    0.37839
   7    0.25211
   8    0.87357
   9    0.63731
  10    2.73374
  11    3.07861
  12    1.51024
  13    1.43056
  14    0.31357
  15    0.33095
  16    0.8029
  17    2.39744
  18    1.02427
  19    2.23568
  20    3.89956
  21    1.897
  22    0.6271
  23    1.37147
  24    2.03197
  25    3.18956
  26    2.2697
  27    6.0012
  28    1.27571
  29    2.55835
  30    2.69121
  31    1.03902
  32    3.28279
  33    2.02376
  34    7.35135
  35    2.22996
  36    2.45859
  37    4.81228
  38    2.78792
  39    3.52123
  40    1.71473
  41    2.85252
  42    2.20711
  43    2.43103
  44    0.40257
  45    2.13668
  46    4.05423
  47    4.48211
  48    1.20888
  49    1.58728
  50    1.12164
  51    0.08565
  52    1.96906
  53    2.13356
  54    0
  55    3.9079
  56    0.37042
  57    0.99241
  58    0.46854
  59    0.91122
  60    0.37747
  61    1.35906
  62    1.44429
  63    6.22348
  64    2.52055
  65    2.72094
  66    3.42586
  67    0.80464
  68    3.13802
  69    2.22235
  70    2.07715
  71    1.27441
  72    4.65253
  73    2.96312
  74    2.78426
  75    0.50053
  76    2.74438
  77    2.8807
  78    6.12084
  79    9.40821
  80    8.55787
  81    7.498
  82    4.08287
  83    4.48209
  84    8.52127
  85    6.24561
  86    2.73959
  87    8.25639
  88    3.54472
  89    7.1357
  90    6.97894
  91    5.19165
  92   25.957
  93    4.25721
  94    5.38895
  95    8.69633
  96    2.49984
  97    8.87103
  98    3.03174
  99    5.04476
 100    7.00793
 101    6.37469
 102    5.05263
 103   10.9349
 104    2.63342
 105    5.40149
 106    2.92446
 107    2.68368
 108    8.01314
 109    5.04976
 110    2.3236
 111    2.35502
 112    3.38477
 113    0.55424
 114    1.77798
 115    3.40937
 116    0.96282
 117    1.45721
 118    3.54749
 119   22.8774
 120    0.67623
 121    1.20005
 122    1.92726
 123    0.70649
 124    0.6198
 125    2.53764
 126    1.47049
 127    0
 128    3.31755
 129    3.02107
 130    1.59828
 131    3.79079
 132    2.61613
 133    1.86117
 134    3.13439
 135    4.9866
 136    6.53325
 137    4.86208
 138    7.20773
 139    5.85616
 140    7.62907
 141    4.63037
 142    2.44386
 143    4.78379
 144   15.855
 145   18.4409
 146   20.4563
 147   53.9073
 148   74.9846
 149   10.1146
 150   19.263
 151   25.9409
 152   71.706
 153  137.995
 154   97.3195
 155   76.4903
 156  216.856
 157   94.5641
 158  134.339
 159  102.374
 160   12.7276
 161   11.7489
 162   13.18
 163   11.9231
 164   18.2719
 165    9.30408
 166    7.98066
 167   25.873
 168    8.23513
 169    2.66919
 170    9.76998
 171   10.1068
 172    8.84054
 173    4.56612
 174    8.28866
 175   21.1706
 176    2.62881
 177    4.18124
 178    8.89803
 179    6.13886
 180    4.9228
 181    4.06134
 182    3.19019
 183   19.5073
 184    3.5713
 185    1.85837
 186    2.05777
 187    2.75983
 188    3.36813
 189    1.56594
 190    0.95953
 191    3.55648
 192    3.8041
 193    0.6681
 194    3.18229
 195    2.02122
 196    3.70015
 197    2.26698
 198    3.27605
 199    2.19376
 200    5.0201
 201   13.1506
 202    7.86463
 203    1.97166
 204   12.8801
 205    6.17928
 206    6.79065
 207    5.58931
 208  240.082
 209  224.088
 210  233.617
 211  307.34
 212  353.807
 213  280.509
 214  222.861
 215  197.896
 216  472.228
 217  526.523
 218  580.434
 219  475.402
 220  502.259
 221  504.502
 222  472.848
 223  506.734
 224  231.71
 225  256.873
 226  303.939
 227  317.174
 228  386.006
 229  315.264
 230  340.619
 231  306.142
 232   59.7517
 233   45.1214
 234  131.72
 235   79.5677
 236   38.5186
 237   43.1856
 238   39.7106
 239   61.6721
 240    3.98832
 241    7.82715
 242    6.22724
 243    5.41993
 244    6.53113
 245    4.4914
 246    9.49204
 247    3.50204
 248    7.17435
 249    0.71033
 250    2.28519
 251    1.13442
 252    2.96822
 253    3.90049
 254    1.72996
 255    1.7678
 256    6.15154
 257    2.82022
 258    3.23869
 259    3.91801
 260    3.75632
 261    1.28931
 262    7.85549
 263   42.3275
 264    3.4005
 265    7.48408
 266    5.86457
 267    8.17592
 268    3.37149
 269    3.91809
 270    3.14348
 271    7.84933
 272   61.0208
 273   48.5204
 274   48.6903
 275   45.9371
 276   37.7775
 277   69.4034
 278   44.7214
 279   58.3428
 280  249.673
 281  324.19
 282  348.05
 283  314.632
 284  316.685
 285  358.751
 286  286.936
 287  258.214
 288  420.666
 289  659.863
 290  653.677
 291  542.127
 292  571.496
 293  533.629
 294  597.267
 295  492.123
 296  180.46
 297  202.421
 298  317.781
 299  256.803
 300  229.584
 301  218.891
 302  196.885
 303  241.398
 304    9.04643
 305    2.11923
 306    5.84329
 307    7.7692
 308    3.43112
 309    8.2061
 310    3.46752
 311    7.47547
 312    1.67731
 313    1.99322
 314    3.98862
 315    5.29575
 316    1.02222
 317    6.92409
 318    1.94749
 319   11.295
 320    1.46639
 321    2.95134
 322    0.67475
 323    2.75987
 324    1.7241
 325    0.00984
 326    1.14581
 327   21.9271
 328    1.91262
 329    1.66529
 330    3.19304
 331    2.60529
 332    5.67959
 333    3.02097
 334    6.13177
 335    1.5994
 336    7.5639
 337   12.3211
 338    3.71054
 339    7.11177
 340    6.0875
 341    8.0165
 342    6.05423
 343   18.3553
 344   15.9065
 345   12.8668
 346   17.9642
 347   10.5327
 348    8.16437
 349   14.2686
 350    7.60233
 351    5.09922
 352   87.0291
 353  138.056
 354  167.459
 355  170.026
 356  111.739
 357   99.546
 358   86.4764
 359   92.0673
 360   14.6972
 361   30.2564
 362   28.8511
 363   12.4317
 364   42.1034
 365   30.9613
 366   18.9618
 367   20.5004
 368    0.90165
 369    6.95388
 370    6.67294
 371    4.52885
 372    6.02193
 373    7.88539
 374    3.71793
 375    3.9901
 376    0.12433
 377    2.77719
 378    4.02629
 379    4.95785
 380    4.84391
 381    2.49668
 382    3.37751
 383    0.75784
 384    0.11714
 385    4.85057
 386    1.40612
 387    1.14632
 388    2.49273
 389    5.72089
 390    1.18255
 391    2.11866
 392    1.4627
 393    6.28757
 394    3.72868
 395    2.17446
 396    1.34734
 397    0.06867
 398    2.62992
 399    0.9744
 400    5.45966
 401    4.04213
 402    2.72009
 403    3.58605
 404    5.3742
 405    2.66823
 406    3.02543
 407    2.84795
 408    1.24715
 409    2.249
 410    9.41947
 411    5.73914
 412    8.51884
 413    3.91059
 414    2.91885
 415   17.1627
 416    6.2805
 417    4.96918
 418    5.30235
 419    5.07823
 420    7.22725
 421    9.51566
 422    5.064
 423    1.48315
 424    4.08727
 425    2.87831
 426    7.31427
 427    5.72739
 428    4.64668
 429    5.06839
 430    5.02062
 431   21.9249
 432    3.33579
 433    2.69436
 434    1.31673
 435    1.1604
 436    4.9686
 437    2.00356
 438    4.21538
 439   23.3229
 440    2.88579
 441    1.22015
 442    0.33393
 443    0.39839
 444    2.20688
 445    0.96448
 446    2.49747
 447    2.11926
 448    0.31956
 449    2.2292
 450    0.99528
 451    0.89699
 452    1.72961
 453    0
 454    1.23356
 455    0.43767
 456    0.53235
 457    4.55398
 458    1.58859
 459    1.23622
 460    0
 461    2.38201
 462    1.6689
 463    1.95198
 464    1.57777
 465    4.02557
 466    1.00842
 467    5.63285
 468    4.82974
 469    0.72996
 470    2.6336
 471   21.9393
 472    2.98509
 473    2.6417
 474    1.82628
 475    4.51871
 476    3.15849
 477    1.90373
 478    2.08184
 479   11.1521
 480    1.08946
 481    3.85566
 482    0.78237
 483    5.46457
 484    4.64738
 485    0.9159
 486    1.02443
 487    8.50976
 488    1.82732
 489    2.38206
 490    1.51498
 491    2.94339
 492    0.78687
 493    2.48555
 494    3.18735
 495   23.0043
 496    1.20862
 497    2.13216
 498    0.4577
 499    4.4117
 500    2.76831
 501    0
 502    1.13448
 503   28.7663
 504    0.51605
 505    0.98597
 506    0.92972
 507    0
 508    1.80183
 509    0.35582
 510    0.000430001
 511    1.6859
