This file was gnenerated on 2021-06-22 18:07:18.001998 by Grant Finneman. This contains the extracted data from the Gate simulations
The edep for each bar was summed up and printed to this file. The only math operation done has been addition.

  id       edep
   0    0
   1    1.26996
   2    1.11393
   3    2.91842
   4    0.99912
   5    3.47655
   6    2.59795
   7    1.6197
   8    1.61177
   9    0.89385
  10    1.21561
  11    2.93455
  12    0.89459
  13    1.47045
  14    3.39649
  15    1.90786
  16    1.67476
  17    2.7045
  18    2.07028
  19    2.75165
  20    3.99972
  21    1.30383
  22    0.98348
  23    1.35714
  24   24.3401
  25    2.27262
  26    4.2927
  27    4.62253
  28    5.60198
  29    3.11014
  30    2.51268
  31    2.68814
  32    3.77496
  33    3.73523
  34    6.70404
  35    4.51942
  36    2.61059
  37    5.84651
  38    5.29745
  39   29.5941
  40    0.83106
  41    3.84649
  42    4.11529
  43    3.80451
  44    4.75438
  45    4.48603
  46    6.99104
  47    0.07146
  48    2.72894
  49    1.66811
  50    0.43368
  51    0.76672
  52    1.87987
  53    1.23893
  54    0.43314
  55    2.83775
  56    2.10628
  57    4.00026
  58    2.05468
  59    2.57894
  60    1.33872
  61    2.14718
  62    0.5857
  63    1.26119
  64    2.45513
  65    1.6413
  66    1.42223
  67    0.99634
  68    0.73551
  69    1.50597
  70    2.02772
  71   13.9403
  72    5.56378
  73    1.34553
  74    1.71392
  75    2.88086
  76    1.81205
  77    1.77048
  78    1.72843
  79   18.8969
  80    1.70124
  81    6.22047
  82    2.61537
  83    9.17053
  84    2.3351
  85    2.02931
  86    3.49908
  87    6.34954
  88   12.6409
  89    3.54056
  90    8.0948
  91   13.5205
  92   10.8107
  93   34.3091
  94    6.00108
  95    5.07455
  96  178.862
  97  153.022
  98  154.738
  99  209.974
 100  206.603
 101  163.182
 102  145.185
 103  187.524
 104   18.2851
 105   28.1991
 106   20.3608
 107   11.1529
 108   17.4984
 109   16.8532
 110   18.4384
 111   34.077
 112    3.18073
 113    2.11086
 114    0.27348
 115    1.97688
 116    3.42356
 117    1.48547
 118    3.46404
 119   26.8977
 120    0.49765
 121    0.87496
 122    0.56387
 123    1.84383
 124    2.90068
 125    1.87892
 126    1.90823
 127    0.47394
 128    2.84903
 129    4.30905
 130    3.47647
 131    2.6116
 132    2.1901
 133    1.47881
 134    1.41855
 135    1.03362
 136    1.18183
 137    4.97655
 138    1.34199
 139    2.46996
 140    3.53274
 141    4.18189
 142    1.63411
 143    3.26492
 144    8.65606
 145    4.79486
 146    4.09588
 147    6.71233
 148    4.68438
 149    7.63913
 150   10.8256
 151    5.83782
 152   56.4428
 153  117.953
 154   64.6004
 155  114.318
 156  114.449
 157  102.906
 158   67.8095
 159   42.239
 160  384.313
 161  364.96
 162  363.454
 163  516.795
 164  388.907
 165  360.38
 166  394.208
 167  382.793
 168    9.82381
 169   10.5914
 170   11.9446
 171   48.7936
 172   19.7494
 173   27.0881
 174   23.1957
 175   25.1159
 176    1.14859
 177    5.07278
 178    6.4234
 179    4.42904
 180    5.12765
 181    1.59991
 182    7.10668
 183    5.22642
 184    1.72917
 185    3.76019
 186    1.836
 187    1.18053
 188    2.25259
 189    2.00215
 190    2.88663
 191    0.93467
 192    1.29068
 193    1.39372
 194    3.38925
 195    0.80528
 196    1.98741
 197    0.35637
 198    3.80608
 199    1.82184
 200    0.57482
 201    5.32565
 202    4.32239
 203    1.55429
 204    5.65927
 205    2.91029
 206    4.69197
 207   23.5397
 208    8.53974
 209    6.84074
 210    6.19993
 211    7.97493
 212    8.31853
 213    9.19859
 214    3.92519
 215    8.22503
 216  155.916
 217  180.382
 218  187.476
 219  231.117
 220  255.234
 221  228.017
 222  170.828
 223  193.171
 224  198.695
 225  205.11
 226  369.6
 227  386.385
 228  340.403
 229  282.594
 230  277.05
 231  273.312
 232    5.37125
 233   10.7699
 234    9.21749
 235    9.60571
 236   13.5847
 237   11.3347
 238    8.93118
 239   18.808
 240    2.81949
 241    4.06089
 242    4.21825
 243    3.58656
 244    2.62645
 245    3.67222
 246    6.12667
 247    5.4918
 248    2.55393
 249    2.14874
 250    0.37412
 251    2.93943
 252    1.12187
 253    3.68647
 254    2.21069
 255    8.20626
 256    1.42277
 257    3.46142
 258    3.47722
 259    1.10378
 260    2.90557
 261    1.96134
 262    1.71855
 263    2.31861
 264    7.22501
 265    9.93668
 266    4.51011
 267    3.79817
 268    4.91708
 269    7.10826
 270    5.21407
 271   16.3474
 272    9.4501
 273    3.04623
 274   21.8271
 275   12.222
 276    7.52861
 277   11.5343
 278    7.13374
 279   12.5882
 280  229.142
 281  295.779
 282  299.243
 283  344.443
 284  346.728
 285  355.989
 286  309.963
 287  263.929
 288  191.604
 289  195.758
 290  167.885
 291  187.64
 292  190.566
 293  244.231
 294  163.824
 295  184.961
 296    7.84972
 297   11.8921
 298    5.86084
 299    8.22566
 300   10.9231
 301    9.0823
 302    7.11686
 303   35.2514
 304    2.67758
 305    5.57907
 306    2.32918
 307    5.65061
 308    2.8885
 309    6.26843
 310    2.535
 311   24.954
 312    2.7587
 313    1.05759
 314    0.96336
 315    3.87718
 316    0.75524
 317    1.01297
 318    2.03425
 319    2.12939
 320    3.91186
 321    4.81886
 322    4.16323
 323    2.45864
 324    3.347
 325    0.18475
 326    4.14092
 327   15.4818
 328    6.95899
 329    5.89422
 330    5.06831
 331    6.78764
 332    3.97267
 333    4.16203
 334    5.63008
 335    1.08436
 336   15.5935
 337   12.5158
 338   25.2676
 339   16.0123
 340   67.7247
 341   40.8385
 342   12.8468
 343   27.5172
 344  329.44
 345  344.372
 346  370.873
 347  357.465
 348  425.912
 349  448.093
 350  396.608
 351  373.894
 352   69.5751
 353   51.7187
 354   70.8018
 355   51.763
 356   70.9016
 357   65.4739
 358   77.9787
 359   86.3328
 360    8.0337
 361    7.06899
 362    8.42185
 363    7.70531
 364    3.83811
 365    1.53194
 366    5.23562
 367   17.3639
 368    2.52559
 369    3.74468
 370    1.8239
 371    3.44961
 372    2.32478
 373    4.03046
 374    3.58045
 375    6.88
 376    2.30579
 377    0
 378    0.42689
 379    1.16329
 380    4.73909
 381    1.38459
 382    1.58971
 383    2.59989
 384    2.91067
 385    1.04702
 386    1.43614
 387    4.21601
 388    2.32489
 389    1.04451
 390    1.17127
 391   17.3599
 392    5.263
 393    5.99462
 394    1.80945
 395    4.5128
 396    0.66632
 397    4.46882
 398    1.44225
 399   16.769
 400   23.6168
 401    8.14887
 402   17.745
 403   15.7289
 404   15.3638
 405   25.809
 406   26.613
 407   35.0702
 408  165.529
 409  185.037
 410  164.502
 411  200.018
 412  191.995
 413  180.27
 414  164.373
 415  171.232
 416   24.002
 417   12.3437
 418    8.77549
 419    9.98743
 420    8.16727
 421   10.1053
 422    6.26466
 423   16.1506
 424    0.74512
 425    5.30053
 426    5.32765
 427    5.6479
 428    6.21831
 429    5.37949
 430    4.18959
 431    0.92181
 432    2.46621
 433    0.43941
 434    2.09248
 435    5.4621
 436    2.58311
 437    3.07813
 438    3.02845
 439    1.66784
 440    0.11243
 441    1.74989
 442    0.47568
 443    0.17261
 444    1.62277
 445    0.65461
 446    0.64939
 447    0
 448    1.35777
 449    0.6208
 450    1.32754
 451    0.72415
 452    0.23081
 453    0
 454    1.82036
 455    0
 456    3.3813
 457    2.04368
 458    1.78446
 459    0.77755
 460    0
 461    2.87888
 462    1.04691
 463    2.16435
 464    0.97962
 465    1.9643
 466    1.63591
 467    2.75205
 468    0.50431
 469    2.90147
 470    4.49294
 471   21.1698
 472    4.97575
 473    3.25664
 474    4.33439
 475    3.48237
 476    4.55336
 477    3.90796
 478    6.54665
 479    4.36454
 480    3.04466
 481    1.4565
 482    2.44856
 483    0.46924
 484    4.92492
 485    2.5881
 486    2.73976
 487    4.12561
 488    4.70826
 489    2.60351
 490    3.33448
 491    4.66051
 492    1.51722
 493    2.51092
 494    1.57115
 495    4.90245
 496    2.5547
 497    0.9487
 498    2.72377
 499    0.4798
 500    0.77862
 501    2.018
 502    2.62288
 503    0.92489
 504    0
 505    1.04475
 506    2.10927
 507    2.81319
 508    2.79483
 509    0.87245
 510    1.40111
 511    0
