This file was gnenerated on 2021-06-22 18:03:31.708387 by Grant Finneman. This contains the extracted data from the Gate simulations
The edep for each bar was summed up and printed to this file. The only math operation done has been addition.

  id       edep
   0    0.59234
   1    1.28827
   2    1.41061
   3    1.56658
   4    1.6187
   5    0
   6    0.0608
   7    1.16304
   8    1.96796
   9    2.0721
  10    0.5529
  11    2.39839
  12    0.13317
  13    1.72618
  14    0.32438
  15    0.8236
  16    0.87808
  17    0.47284
  18    1.98401
  19    2.06701
  20    1.27873
  21    1.90504
  22    2.67826
  23    2.97466
  24    3.27269
  25    3.86353
  26    2.87367
  27    2.07704
  28    3.04624
  29    1.86925
  30    1.08668
  31    3.55849
  32    1.89259
  33    0.18241
  34    4.98355
  35    4.693
  36    0.39425
  37    2.74747
  38    4.77215
  39   10.675
  40    2.39225
  41    1.72601
  42    2.94346
  43    3.07373
  44    1.14137
  45    3.22137
  46    5.4571
  47   10.8707
  48    0.18086
  49    1.66726
  50    2.05659
  51    1.21949
  52    1.2823
  53    0.78631
  54    0.87676
  55    0.15718
  56    2.54328
  57    0.98248
  58    2.6222
  59    1.85449
  60    0.58863
  61    1.48057
  62    0.62165
  63    0
  64    0.92397
  65    1.38231
  66    1.60469
  67    0.97995
  68    2.90504
  69    3.16439
  70    1.8557
  71    2.45201
  72    3.88458
  73    3.4423
  74    6.83562
  75    1.14947
  76    4.36669
  77    4.17872
  78    1.0132
  79    2.18428
  80    4.01906
  81    6.34148
  82    3.9928
  83    2.7222
  84    5.84344
  85    2.69184
  86    3.0811
  87    3.9599
  88    2.95412
  89    2.97365
  90    4.2899
  91    4.97683
  92    4.81987
  93    7.03423
  94    1.99587
  95    4.55811
  96    5.72435
  97    2.66309
  98    2.08674
  99    6.3059
 100    7.1789
 101    7.82534
 102    7.57911
 103   24.4449
 104    4.31377
 105    4.39956
 106    4.9441
 107    4.5299
 108    4.19294
 109    4.29158
 110    4.81902
 111    1.62299
 112    1.59437
 113    2.5186
 114    4.1162
 115    2.77567
 116    0.68837
 117    6.03526
 118    2.32687
 119    1.36345
 120    1.6652
 121    4.63992
 122    2.58151
 123    3.08283
 124    1.05457
 125    3.28005
 126    2.72061
 127    1.58706
 128    1.25065
 129    1.28332
 130    0.77805
 131    1.35565
 132    3.22375
 133    2.07019
 134    1.64119
 135    2.22229
 136    3.32391
 137    3.92602
 138    6.807
 139    2.69954
 140    3.1148
 141    2.68675
 142    5.51646
 143    4.31872
 144    4.36957
 145   13.1035
 146    9.71825
 147   13.1007
 148    5.71066
 149    5.13191
 150    9.11807
 151    5.41129
 152   19.0327
 153   49.6716
 154   12.9781
 155   13.0572
 156   16.051
 157   24.3508
 158   10.6412
 159    8.19242
 160   56.417
 161   85.9824
 162   89.9577
 163   48.1858
 164   48.1875
 165   43.9376
 166   25.8436
 167   21.5183
 168    9.54378
 169   12.8484
 170    5.90168
 171    6.31753
 172    8.68341
 173   10.2593
 174    7.83632
 175   45.1917
 176    0.61576
 177    3.98607
 178    5.40442
 179    3.83909
 180    5.5329
 181    3.57928
 182    4.83941
 183    3.54699
 184    1.59765
 185    1.54707
 186    3.85207
 187    2.11922
 188    2.12018
 189    3.54402
 190    2.67827
 191    1.40596
 192    2.42
 193    3.57116
 194    4.69838
 195    4.29625
 196    3.00164
 197    0.91075
 198    1.57487
 199    2.62999
 200    5.85699
 201    3.73882
 202    4.64091
 203    8.09996
 204    6.39693
 205    4.81569
 206    1.37739
 207   17.21
 208   38.3166
 209   60.0562
 210   66.635
 211   61.1222
 212   33.943
 213   49.5963
 214   63.4702
 215   51.0965
 216  390.031
 217  401.349
 218  457.786
 219  533.125
 220  453.377
 221  549.149
 222  513.386
 223  505.065
 224  539.529
 225  531.649
 226  592.676
 227  643.105
 228  655.09
 229  666.621
 230  636.737
 231  592.218
 232   84.6899
 233   44.6314
 234   47.0058
 235   43.0857
 236   46.1532
 237   16.1636
 238   61.0892
 239   69.6117
 240    6.14438
 241    5.61483
 242    2.87425
 243    4.01955
 244    7.21637
 245    6.1696
 246    2.76769
 247    0.89749
 248    2.21704
 249    2.48223
 250    3.18991
 251    2.38778
 252    3.49936
 253    2.4829
 254    3.22333
 255    2.5666
 256    1.60204
 257    2.06636
 258    2.25598
 259    2.40043
 260    1.88382
 261    0.88282
 262    4.97695
 263    1.83203
 264    7.95773
 265    5.03354
 266    7.92807
 267   10.9123
 268    5.18786
 269    5.52673
 270    4.00625
 271    3.36599
 272   35.2218
 273   38.0246
 274   35.2479
 275   48.8621
 276   27.282
 277   77.7011
 278   22.5064
 279   31.5527
 280  537.616
 281  591.334
 282  670.279
 283  664.316
 284  638.325
 285  648.637
 286  623.183
 287  632.395
 288  421.668
 289  459.12
 290  420.394
 291  485.66
 292  574.631
 293  484.21
 294  411.253
 295  349.959
 296   88.9412
 297   47.5152
 298   49.5235
 299   52.2124
 300   42.2579
 301   40.5451
 302   42.614
 303   27.7561
 304    6.62175
 305    4.2598
 306    5.86389
 307   10.6701
 308    8.71894
 309    7.7324
 310    5.19302
 311   13.9523
 312    4.07662
 313    2.93976
 314    7.08068
 315    4.46551
 316    1.91399
 317    2.80387
 318    1.93448
 319    0
 320    2.59886
 321    1.07608
 322    0.75008
 323    0.44899
 324    2.71106
 325    1.7179
 326    0.99138
 327    2.95498
 328    5.08737
 329    4.38898
 330    4.99789
 331   10.0845
 332    5.84692
 333    3.77044
 334    4.93238
 335    0.50248
 336    9.34648
 337   11.8237
 338   11.5303
 339    7.25
 340   12.5225
 341    2.03868
 342    7.90956
 343    7.85585
 344   52.837
 345   48.2881
 346   61.4336
 347   55.7535
 348   88.9924
 349   36.3608
 350   50.5161
 351   52.5766
 352   33.1433
 353   23.5171
 354   23.4154
 355   50.1352
 356   22.0613
 357   15.0911
 358    8.49367
 359   28.4939
 360    9.36263
 361    4.4578
 362    7.07702
 363    6.14396
 364    9.81501
 365    7.92669
 366    2.98162
 367    2.37506
 368    0.58321
 369    2.97851
 370    7.60311
 371    4.28518
 372    1.06063
 373    2.87076
 374    2.7301
 375   16.9854
 376    2.8601
 377    0.74334
 378    1.79945
 379    6.73237
 380    1.98549
 381    0.27682
 382    2.16453
 383    8.52151
 384    0.4426
 385    1.0256
 386    3.03365
 387    1.35409
 388    1.41859
 389    1.76205
 390    2.57775
 391    4.72074
 392    0.36647
 393    3.08141
 394    1.90627
 395    4.82359
 396    3.942
 397    2.97264
 398    3.12003
 399    2.30378
 400    4.79384
 401    6.4515
 402    1.95891
 403    5.44555
 404    1.95794
 405    2.54635
 406    6.89496
 407   19.4096
 408    6.06469
 409    6.20852
 410    4.72829
 411    7.73512
 412    7.25264
 413    3.37377
 414    5.49601
 415   27.2429
 416    7.58328
 417    4.77734
 418    3.75459
 419    4.12837
 420    5.13976
 421    3.97954
 422    3.27306
 423   12.5749
 424    3.23849
 425    6.00568
 426    2.08284
 427    1.90238
 428    3.46997
 429    2.53044
 430    5.2676
 431    0.90174
 432    0.51781
 433    0.9679
 434    2.48598
 435    2.83285
 436    0.82802
 437    3.64949
 438    2.24056
 439   35.6456
 440    3.21973
 441    0.51319
 442    1.5294
 443    1.78305
 444    2.48108
 445    1.40774
 446    1.9746
 447    0.59359
 448    1.52268
 449    1.53537
 450    0.63058
 451    2.14095
 452    0.54898
 453    1.36605
 454    0
 455    0.20032
 456    0.52089
 457    2.97028
 458    2.74606
 459    2.24933
 460    1.15941
 461    2.35113
 462    2.7812
 463    4.46891
 464    1.08341
 465    0.5193
 466    3.54274
 467    2.2637
 468    1.50482
 469    3.12645
 470   23.723
 471    1.41446
 472    2.74051
 473    2.3645
 474    0.67736
 475    2.97697
 476    2.1459
 477    5.37599
 478    2.97478
 479    1.92718
 480    4.268
 481    2.81711
 482    4.53869
 483    2.30407
 484    3.54993
 485    1.79041
 486    1.43459
 487   14.8603
 488    1.57722
 489    0.79104
 490    2.00449
 491    1.24435
 492    0.73785
 493    2.96473
 494    4.09949
 495   42.55
 496    2.43863
 497    0.49526
 498    1.70873
 499    4.43225
 500    1.94659
 501    1.56405
 502    0.87957
 503    1.37938
 504    2.54072
 505    1.30722
 506    1.73091
 507    1.70416
 508    1.83963
 509    0.273
 510    0.15254
 511    0.14059
