This file was gnenerated on 2021-06-22 18:03:39.472463 by Grant Finneman. This contains the extracted data from the Gate simulations
The edep for each bar was summed up and printed to this file. The only math operation done has been addition.

  id       edep
   0    0.57245
   1    0.88999
   2    1.05487
   3    1.29229
   4    0.50027
   5    0
   6    1.56833
   7    1.53699
   8    0.46627
   9    2.0818
  10    2.91936
  11    0.70771
  12    4.08099
  13    1.96787
  14    0.77429
  15    2.02381
  16    3.02511
  17    2.01902
  18    2.92161
  19    2.93532
  20    4.62256
  21    3.54056
  22    1.36883
  23   23.9516
  24    0.33555
  25    2.00928
  26    2.80142
  27    4.79209
  28    1.67203
  29    0.65162
  30    2.13081
  31    2.98496
  32    0.61413
  33    3.69542
  34    1.5463
  35    5.31044
  36    5.03806
  37    3.9525
  38    0.72364
  39   13.8959
  40    2.56724
  41    1.30321
  42    3.13493
  43    2.86525
  44    2.1727
  45    2.50003
  46    3.68793
  47   29.1417
  48    1.42629
  49    0.66617
  50    1.29216
  51    5.36127
  52    1.72597
  53    0
  54    0
  55   14.374
  56    0.31314
  57    1.04302
  58    1.82371
  59    1.61739
  60    1.39178
  61    1.01517
  62    0
  63    0
  64    0
  65    1.48505
  66    3.00657
  67    0.90012
  68    0.8906
  69    1.08523
  70    1.60326
  71    0.16816
  72    4.96486
  73    3.01011
  74    5.14457
  75    6.64204
  76    0.32323
  77    0.90947
  78    2.19435
  79    2.16771
  80    4.02916
  81    8.83356
  82    3.78646
  83    5.02823
  84    6.60966
  85    3.66182
  86    2.2794
  87   16.0436
  88    1.8238
  89    4.86868
  90    9.48681
  91    6.52457
  92    4.29932
  93    5.51336
  94    2.80121
  95    3.97645
  96    2.12146
  97    4.40804
  98    8.53718
  99    5.90981
 100    2.15046
 101    2.60123
 102    7.85235
 103    4.6866
 104    3.8214
 105    5.91655
 106    3.79159
 107    8.16901
 108    5.20844
 109    2.03956
 110    3.38017
 111    4.90693
 112    1.75857
 113    3.89904
 114    3.761
 115    1.43421
 116    4.01472
 117    3.92527
 118    2.01046
 119    6.21805
 120    0.72362
 121    0
 122    2.93315
 123    4.17932
 124    2.32967
 125    2.23151
 126    0.74935
 127    9.92693
 128    2.35319
 129    1.83298
 130    3.31634
 131    2.78037
 132    0.86191
 133    0.02961
 134    3.52282
 135    0.90369
 136    4.09584
 137    4.10194
 138    4.32793
 139    5.06184
 140    3.45907
 141    2.62044
 142    1.49158
 143    9.27009
 144    9.62053
 145    8.54808
 146   15.7356
 147   14.3289
 148    6.56451
 149   10.7765
 150    7.92953
 151   19.2168
 152   31.7486
 153   25.4358
 154   33.5517
 155   31.5562
 156   25.3223
 157   10.5153
 158   10.1686
 159   35.7867
 160   19.327
 161   35.3256
 162   28.9124
 163   18.8741
 164   13.5291
 165   10.3202
 166   44.6145
 167   64.6525
 168    2.91125
 169    5.60374
 170   33.0466
 171   23.3254
 172   25.3953
 173   26.9914
 174    5.25711
 175    7.20827
 176   29.2669
 177    4.13294
 178    3.10044
 179    6.81757
 180    8.70684
 181    4.1491
 182    4.71167
 183    2.68265
 184    3.85816
 185    2.73425
 186    1.6149
 187    2.24748
 188    0.31437
 189    1.86439
 190    1.27052
 191   12.7129
 192    1.31505
 193    4.82382
 194    0.85203
 195    1.5341
 196    3.84473
 197    5.15639
 198    3.44594
 199    1.54224
 200    7.02568
 201    4.28761
 202    4.42432
 203    5.91842
 204    6.59446
 205    4.56326
 206    6.85583
 207    5.59238
 208  101.777
 209  124.476
 210  164.442
 211  150.864
 212  118.158
 213  105.517
 214  118.876
 215  117.083
 216  483.404
 217  492.756
 218  566.487
 219  545.391
 220  560.207
 221  445.34
 222  422.546
 223  458.708
 224  524.429
 225  553.392
 226  441.77
 227  496.376
 228  630.812
 229  568.124
 230  514.42
 231  420.664
 232  104.52
 233  111.534
 234  131.924
 235  184.432
 236  198.768
 237  146.064
 238  140.124
 239  120.719
 240    6.21368
 241    5.13934
 242    9.22234
 243    6.02169
 244    5.35224
 245    8.3795
 246    6.05007
 247   12.085
 248    4.98506
 249    1.1699
 250    2.77951
 251    2.28549
 252    5.03525
 253    4.63408
 254    1.04396
 255   10.0156
 256    2.00533
 257    2.69555
 258    5.50679
 259    3.47585
 260    3.17762
 261    1.29227
 262    1.43126
 263    1.23827
 264    5.06868
 265    6.30583
 266    4.50021
 267    6.26524
 268    7.10421
 269    7.86468
 270    2.27673
 271    5.43659
 272  120.311
 273  138.398
 274  174.083
 275  170.164
 276  149.846
 277  128.53
 278  149.28
 279  129.89
 280  387.891
 281  378.398
 282  580.158
 283  501.187
 284  556.24
 285  573.037
 286  453.148
 287  482.201
 288  398.85
 289  409.052
 290  368.188
 291  414.542
 292  477.998
 293  451.587
 294  414.995
 295  372.991
 296  103.898
 297   92.1688
 298  133.329
 299  154.185
 300  147.376
 301  133.32
 302   89.2585
 303  108.764
 304    6.50447
 305    6.3926
 306    4.92096
 307    6.3184
 308    2.63005
 309    3.18362
 310    4.66256
 311    2.257
 312    3.24019
 313    1.07537
 314    3.46788
 315    2.77852
 316    3.13994
 317    3.56573
 318    0.37656
 319    3.61261
 320    0.69188
 321    4.81931
 322    0.83367
 323    2.1368
 324    1.97004
 325    1.31497
 326    0.2635
 327    1.48856
 328    6.49727
 329    2.09926
 330    5.19912
 331    2.96714
 332    1.351
 333    4.99576
 334    4.17541
 335    2.12087
 336   23.4066
 337   44.9298
 338    7.38438
 339   34.8342
 340   13.5992
 341    9.17827
 342   24.1301
 343   24.1274
 344   35.2095
 345   22.8044
 346   93.2863
 347   76.5504
 348   26.8356
 349   20.1167
 350   32.378
 351   17.1624
 352   19.1463
 353   41.8318
 354   16.0204
 355   46.1432
 356   22.243
 357   47.3014
 358   33.8354
 359   14.3146
 360    7.91244
 361   10.1842
 362   27.2655
 363   10.5955
 364    9.24392
 365    9.13269
 366   10.8797
 367   11.1826
 368    5.09508
 369    3.56568
 370    5.58026
 371    5.34791
 372    7.09834
 373    7.31209
 374    5.87388
 375    6.72274
 376    3.33834
 377    3.88443
 378    2.22769
 379    0.99707
 380    4.98814
 381    1.44619
 382    1.94725
 383    2.07801
 384    4.81341
 385    2.83692
 386    2.56711
 387    0.38965
 388    2.20705
 389    2.60031
 390    2.40597
 391    0.48398
 392    3.55222
 393    2.05113
 394    0.89292
 395    2.40305
 396    1.18222
 397    2.75699
 398    1.29492
 399    1.85099
 400    1.47552
 401    4.02575
 402    6.74433
 403    5.81742
 404    4.8432
 405    3.04845
 406    3.58149
 407    4.75952
 408    5.23059
 409    1.56438
 410    4.39602
 411    6.33716
 412    6.00394
 413    5.27206
 414    6.58542
 415    5.12603
 416    8.05216
 417    7.01125
 418    3.79447
 419    4.63468
 420    5.49181
 421    5.0764
 422    4.88015
 423    6.52021
 424    5.3584
 425    6.17177
 426    7.53382
 427    7.14987
 428    4.04586
 429    2.23583
 430    1.67276
 431    6.18926
 432    2.82829
 433    2.16923
 434    3.1059
 435    2.46709
 436    1.63011
 437    3.3482
 438    1.20426
 439    1.47024
 440    2.72365
 441    0.24381
 442    1.39468
 443    1.0451
 444    1.2097
 445    0.55215
 446    1.9059
 447    9.93684
 448    0
 449    1.38867
 450    0
 451    0.48596
 452    1.51221
 453    2.33525
 454    0.91077
 455    0.20792
 456    1.34228
 457    3.71648
 458    0
 459    3.29465
 460    1.9639
 461    1.78891
 462    0.34886
 463    2.44584
 464    0.61322
 465    3.85614
 466    1.44916
 467    2.04777
 468    4.85305
 469    3.16471
 470    3.8038
 471   21.0567
 472    0.26593
 473    3.86219
 474    2.11807
 475    2.86637
 476    1.11375
 477    2.10319
 478    1.81466
 479    2.97371
 480    4.6482
 481    0.52346
 482    2.12937
 483    2.12347
 484    3.07833
 485    3.77238
 486    1.49216
 487    0.97779
 488    3.56569
 489    1.87151
 490    3.03537
 491    1.31607
 492    2.65524
 493    4.31916
 494    2.28059
 495    1.29617
 496    0
 497    0.80426
 498    0.40136
 499    1.07973
 500    2.52442
 501    0.14292
 502    0.9291
 503    1.14254
 504    1.75497
 505    0.80686
 506    0.89682
 507    1.5282
 508    0
 509    1.56432
 510    0.64636
 511    0.76627
