This file was gnenerated on 2021-06-22 18:02:40.435146 by Grant Finneman. This contains the extracted data from the Gate simulations
The edep for each bar was summed up and printed to this file. The only math operation done has been addition.

  id       edep
   0    2.52922
   1    1.06443
   2    1.66112
   3    2.76604
   4    0.69604
   5    1.75867
   6    1.62459
   7    1.86308
   8    3.24661
   9    1.05472
  10    3.60205
  11    4.73527
  12    0.71345
  13    0
  14    0.70111
  15    1.3567
  16    3.23955
  17    4.73712
  18    3.27865
  19    3.16781
  20    1.80144
  21    2.16086
  22    1.19368
  23   10.4942
  24    3.10498
  25    2.60652
  26    1.06672
  27    6.09321
  28    3.46024
  29    1.35123
  30    3.91132
  31   14.8558
  32    5.46496
  33    2.71526
  34    3.97785
  35    2.88937
  36    1.99344
  37    2.83707
  38    3.83511
  39    3.45946
  40    1.50524
  41    2.66348
  42    3.51286
  43    1.73526
  44    4.23804
  45    1.57029
  46    1.80445
  47    0.81794
  48    1.50762
  49    1.25851
  50    2.11574
  51    0.6656
  52    1.59896
  53    1.3479
  54    2.34905
  55   18.2555
  56    3.02144
  57    0.68995
  58    4.33405
  59    2.31311
  60    1.07452
  61    0.39698
  62    0
  63    0.96056
  64    1.33849
  65    3.78535
  66    3.33685
  67    0.21258
  68    0.83548
  69    1.52138
  70    0.96469
  71    5.56799
  72    2.96351
  73    3.44511
  74    3.85992
  75    1.27155
  76    0.76634
  77    3.53836
  78    4.51756
  79    0.69527
  80    2.7458
  81    4.10704
  82    6.11175
  83    6.47345
  84    2.76674
  85    5.6191
  86    0.42368
  87    3.24965
  88  109.818
  89  110.27
  90   69.648
  91   53.0117
  92   80.7279
  93  114.207
  94   69.6561
  95   64.0481
  96   79.7613
  97   75.9866
  98   45.4873
  99   74.8701
 100   67.814
 101  132.57
 102  112.52
 103  114.109
 104    2.50517
 105    3.6599
 106    5.84794
 107    3.8331
 108    6.9927
 109    5.26133
 110    5.92075
 111   25.6128
 112    2.4009
 113    2.72122
 114    1.27122
 115    2.34702
 116    0.79769
 117    4.19977
 118    6.13721
 119    4.31148
 120    1.59309
 121    0.59116
 122    0.83199
 123    1.23986
 124    0.65978
 125    3.60819
 126    3.01402
 127    3.61183
 128    1.01742
 129    1.89205
 130    2.7312
 131    0.82977
 132    1.70546
 133    2.4053
 134    0
 135    7.03929
 136    4.02049
 137    1.75238
 138    3.43682
 139    7.27284
 140    3.22206
 141    2.81658
 142    3.51064
 143   20.019
 144   11.836
 145    2.84427
 146    7.24494
 147    7.9422
 148   11.5062
 149   16.8468
 150    6.14471
 151   33.1385
 152  205.536
 153  291.289
 154  292.523
 155  301.505
 156  213.138
 157  242.162
 158  234.141
 159  198.224
 160  205.425
 161  214.916
 162  243.446
 163  283.244
 164  320.898
 165  410.378
 166  320.966
 167  301.41
 168    4.47171
 169    8.32864
 170    7.91051
 171    8.79867
 172    7.18897
 173    9.59074
 174    9.28054
 175   11.0682
 176    2.92918
 177    4.19673
 178    2.47512
 179    3.6734
 180    2.34273
 181    1.53329
 182    4.04607
 183    2.37238
 184    2.44993
 185    2.8386
 186    3.14261
 187    2.77649
 188    0.99152
 189    2.13606
 190    1.50141
 191    2.15206
 192    1.13163
 193    5.57707
 194    0.79575
 195    4.14869
 196    2.03899
 197    2.01324
 198    0.30233
 199   17.9019
 200    5.24978
 201    4.72501
 202    3.64751
 203    9.10871
 204    2.71854
 205    4.58475
 206    2.33435
 207    3.56865
 208   10.5756
 209   10.3152
 210    9.1429
 211   11.9205
 212    5.30981
 213    9.16487
 214   11.3702
 215    1.81617
 216  274.481
 217  304.768
 218  285.337
 219  274.485
 220  319.428
 221  280.991
 222  219.097
 223  208.983
 224  251.153
 225  318.182
 226  306.658
 227  268.24
 228  307.775
 229  278.019
 230  228.358
 231  242.62
 232    9.70306
 233   11.045
 234    6.91536
 235   10.8249
 236    9.81841
 237   26.5638
 238    4.48887
 239   56.9729
 240    5.29334
 241    4.78893
 242    3.6761
 243    3.2225
 244    4.73534
 245    2.29078
 246    2.68376
 247    5.50384
 248    1.91326
 249    0.48042
 250    3.37512
 251    5.05129
 252    1.19037
 253    3.16689
 254    2.70914
 255    2.15
 256    3.11536
 257    2.18419
 258    2.52395
 259    2.96854
 260    2.33131
 261    2.12447
 262    0.59112
 263   54.2818
 264    4.69719
 265    6.92535
 266    4.80495
 267    4.07525
 268    4.3992
 269    4.46148
 270    4.10825
 271    6.99011
 272   17.7385
 273    8.88269
 274    4.78794
 275    8.60481
 276    4.68148
 277    7.22606
 278    7.0523
 279   14.0955
 280  192.5
 281  240.137
 282  196.678
 283  309.332
 284  268.243
 285  233.446
 286  198.547
 287  193.132
 288  229.973
 289  229.415
 290  248.136
 291  356.501
 292  314.886
 293  316.153
 294  285.327
 295  263.767
 296    8.5314
 297    7.46786
 298    8.15928
 299   11.4332
 300   10.6339
 301    6.91152
 302    2.79864
 303    4.76878
 304    2.35762
 305    3.26092
 306    4.77783
 307    3.93396
 308    4.64136
 309    6.23619
 310    3.28062
 311    1.39092
 312    1.84424
 313    2.1893
 314    3.09217
 315    3.64062
 316    1.78796
 317    0.72779
 318    4.28498
 319    0
 320    0.61116
 321    3.18365
 322    3.25445
 323    0.67897
 324    2.87631
 325    2.31626
 326    2.85766
 327   20.7077
 328    3.28477
 329    4.45924
 330    3.83584
 331    3.36221
 332    2.79869
 333    2.8576
 334    5.18805
 335   21.5994
 336    8.65565
 337   19.5034
 338   10.7239
 339    7.60514
 340    7.89043
 341    9.35074
 342    6.55376
 343   47.1542
 344  222.579
 345  214.424
 346  279.149
 347  280.054
 348  318.287
 349  213.883
 350  257.009
 351  213.45
 352  305.171
 353  282.146
 354  238.876
 355  278.638
 356  253.951
 357  289.233
 358  227.881
 359  231.65
 360    6.12748
 361    6.10984
 362    8.93033
 363   11.068
 364   22.1871
 365    7.01618
 366    7.57127
 367   23.1649
 368    3.02659
 369    3.55012
 370    4.15044
 371   10.5565
 372    1.30645
 373    4.80616
 374    1.82246
 375    3.05942
 376    3.42837
 377    0.69937
 378    1.48509
 379    2.41025
 380    1.83427
 381    1.73785
 382    0
 383    0.51943
 384    1.50421
 385    0.63857
 386    3.48272
 387    2.09172
 388    2.33709
 389    4.04846
 390    2.07334
 391    0
 392    3.08959
 393    2.26936
 394    2.21418
 395    0.54718
 396    1.66957
 397    6.70319
 398    0.82712
 399    0.56104
 400    8.90353
 401    4.77845
 402    5.57165
 403    5.04647
 404    6.87786
 405    5.17659
 406    3.50856
 407    0.9162
 408   57.9119
 409   72.2219
 410  117.964
 411  158.058
 412  106.308
 413   59.2109
 414   61.0632
 415   52.1016
 416  112.28
 417   50.2622
 418   72.5323
 419   95.9045
 420   66.0185
 421  118.7
 422   78.8157
 423   57.2765
 424    3.02754
 425    5.13854
 426    4.01643
 427    6.88254
 428    6.44589
 429    1.02597
 430    2.39482
 431    3.78475
 432    2.93482
 433    6.17391
 434    1.95644
 435    2.66467
 436    2.16721
 437    2.98107
 438    2.64425
 439   22.4612
 440    1.33529
 441    1.9034
 442    1.43168
 443    2.68785
 444    0
 445    1.31203
 446    2.48194
 447    1.66717
 448    0.63837
 449    1.13395
 450    2.22812
 451    0.5232
 452    1.69826
 453    0.5182
 454    1.43789
 455   17.7084
 456    2.3948
 457    2.74954
 458    1.3414
 459    1.70348
 460    1.42735
 461    3.44313
 462    1.18569
 463    0.19045
 464    3.898
 465    3.06469
 466    2.5212
 467    2.24575
 468    4.75807
 469    3.6818
 470    2.78713
 471    2.71145
 472    3.9693
 473    2.39596
 474    2.48707
 475    1.85687
 476    2.43521
 477    3.20037
 478    2.57896
 479    4.43744
 480    6.69417
 481    3.61906
 482    4.50753
 483    3.45442
 484    4.09355
 485    3.65326
 486    7.26228
 487   29.3892
 488    0.79555
 489    5.82839
 490    3.63436
 491    2.19309
 492    5.13958
 493    1.60863
 494    1.79754
 495    1.43571
 496    2.138
 497    2.12791
 498    2.95163
 499    0.72771
 500    2.33538
 501    2.09322
 502    1.54706
 503    1.01416
 504    2.81532
 505    2.513
 506    0
 507    0.3222
 508    0.9529
 509    0.66343
 510    0.96066
 511    0.86544
