This file was gnenerated on 2021-06-22 18:06:34.185726 by Grant Finneman. This contains the extracted data from the Gate simulations
The edep for each bar was summed up and printed to this file. The only math operation done has been addition.

  id       edep
   0    1.5651
   1    1.87482
   2    0.40586
   3    3.25442
   4    0.58247
   5    3.73093
   6    0.13762
   7   16.0022
   8    2.40424
   9    2.28119
  10    1.64348
  11    2.42811
  12    2.40443
  13    3.16659
  14    4.5937
  15    3.33439
  16    0.33209
  17    2.87222
  18    1.43183
  19    3.30558
  20    2.21054
  21    1.90612
  22    1.2044
  23    1.0983
  24    2.43852
  25    4.41797
  26    3.38093
  27    3.96837
  28    1.95452
  29    2.1407
  30    2.32147
  31   19.0004
  32    1.2299
  33    1.21729
  34    3.17154
  35    4.43579
  36    2.02874
  37    3.67167
  38    2.67503
  39    2.89127
  40    1.08464
  41    2.44793
  42    2.7027
  43    2.41246
  44    5.29943
  45    2.12676
  46    4.55449
  47    0.93472
  48    4.93862
  49    1.98504
  50    1.65424
  51    2.31516
  52    1.78579
  53    1.49484
  54    2.5242
  55    1.26253
  56    0.32306
  57    2.54979
  58    1.26242
  59    2.3534
  60    0.44317
  61    2.18498
  62    0.8556
  63   13.1168
  64    4.35756
  65    0.59775
  66    1.47015
  67    4.6008
  68    2.10888
  69    0.9711
  70    1.16344
  71   26.3655
  72    3.35774
  73    4.29117
  74    3.69852
  75    0.5269
  76    3.03163
  77    2.11198
  78    2.27907
  79    4.2558
  80    0.64542
  81    3.89682
  82    2.41894
  83    2.83662
  84    6.90521
  85    2.93773
  86    2.73534
  87    0.55709
  88    5.50078
  89    5.45652
  90   10.3131
  91    3.23532
  92    3.86765
  93    3.10538
  94    1.5981
  95   22.9058
  96    3.59163
  97    7.00199
  98    2.77435
  99    8.56586
 100    4.31644
 101    7.04977
 102   11.0239
 103    7.41678
 104    2.12488
 105    1.58189
 106    4.44993
 107    9.69568
 108    5.30733
 109    5.50461
 110    6.73989
 111   16.5439
 112    2.25738
 113    3.25989
 114    4.95768
 115    4.37154
 116    2.4054
 117    2.39692
 118    3.7789
 119   24.9454
 120    0.62883
 121    2.55033
 122    3.49954
 123    0.65824
 124    1.53138
 125    2.51326
 126    0.45577
 127    0
 128    0.66252
 129    4.05365
 130    0.23208
 131    1.9711
 132    2.40336
 133    4.09756
 134    4.33683
 135   24.1448
 136    2.44948
 137    4.82626
 138    5.268
 139    2.98843
 140    1.71655
 141    2.65989
 142    3.17299
 143   12.3127
 144    8.58403
 145   10.2092
 146    6.19831
 147    4.40848
 148    7.30461
 149    8.85351
 150    5.47407
 151   23.1613
 152   11.0044
 153   12.8367
 154   45.8207
 155    7.04331
 156   23.8224
 157    7.59805
 158   42.9868
 159   62.1001
 160   60.1066
 161   68.0058
 162  109.379
 163   73.141
 164  124.009
 165   78.7377
 166   89.3826
 167   97.2529
 168  151.541
 169  132.059
 170  170.011
 171  164.101
 172  220.945
 173  157.152
 174  157.374
 175  174.799
 176   14.9446
 177   48.6162
 178   11.0759
 179   28.4978
 180   44.8398
 181   11.8391
 182    8.27713
 183   22.0277
 184    1.21116
 185    3.89329
 186    7.40146
 187    4.53217
 188    3.7257
 189    1.66979
 190    3.17502
 191    5.15936
 192    4.03123
 193    3.98723
 194    4.38277
 195    3.31662
 196    1.34899
 197    2.73448
 198    1.60665
 199   18.927
 200    5.46049
 201    6.68067
 202    6.01782
 203    5.4755
 204   12.4459
 205    1.54606
 206    3.18771
 207   32.2184
 208   20.9653
 209   45.9216
 210   51.1862
 211   52.3242
 212   53.0038
 213   40.2017
 214   42.2609
 215   46.2206
 216  217.592
 217  169.319
 218  161.477
 219  172.824
 220  246.793
 221  241.624
 222  232.581
 223  194.537
 224  296.213
 225  313.656
 226  276.335
 227  304.94
 228  388.874
 229  407.702
 230  344.079
 231  330.601
 232  382.218
 233  278.434
 234  289.548
 235  351.826
 236  306.847
 237  354.652
 238  280.304
 239  323.371
 240   81.1519
 241   40.8776
 242   55.4063
 243   44.5579
 244   44.9166
 245   50.4249
 246   36.3856
 247   58.139
 248    4.85051
 249    3.26764
 250    2.07913
 251    3.08325
 252    4.92125
 253    3.26968
 254    1.99256
 255    1.81154
 256    1.42978
 257    1.86416
 258    3.68726
 259    5.73822
 260    1.72871
 261    4.28096
 262    0.74273
 263    1.00045
 264   57.8476
 265   53.1241
 266   68.9919
 267   35.0682
 268   46.1301
 269   82.7946
 270   35.6762
 271   39.5754
 272  282.924
 273  411.589
 274  309.155
 275  342.317
 276  359.216
 277  361.739
 278  280.168
 279  238.008
 280  300.369
 281  374.376
 282  347.069
 283  401.853
 284  362.214
 285  346.792
 286  343.809
 287  287.29
 288  200.055
 289  181.295
 290  224.851
 291  200.165
 292  173.47
 293  227.989
 294  203.37
 295  255.914
 296   26.6909
 297   45.1274
 298   31.4183
 299   56.423
 300   38.5296
 301   43.7751
 302   44.9025
 303   24.0302
 304    7.12678
 305    3.3899
 306    5.97814
 307    7.61502
 308    6.32281
 309   15.3005
 310    3.13366
 311   18.6043
 312    2.05523
 313    4.52597
 314    1.10502
 315    2.28893
 316    3.87118
 317    2.59452
 318    2.42865
 319    4.10345
 320    0.89518
 321    1.71558
 322    3.18
 323    5.90504
 324    2.83786
 325    4.08822
 326    4.21429
 327   14.2089
 328    7.06435
 329    7.05383
 330    8.60645
 331    6.39557
 332    7.71557
 333    4.37365
 334    0.66748
 335   13.9282
 336  181.455
 337  227.53
 338  158.25
 339  169.946
 340  197.54
 341  153.613
 342  147.261
 343  148.498
 344   83.7484
 345   75.3941
 346   80.1816
 347   54.0587
 348   46.2437
 349   88.5157
 350   74.5882
 351   56.0432
 352   15.9351
 353    7.75629
 354   22.4393
 355   12.9129
 356    8.37109
 357   17.494
 358    7.65327
 359   12.4848
 360    7.1935
 361    7.95448
 362    6.41733
 363    4.76182
 364    5.06105
 365    6.0923
 366    6.14227
 367    6.17054
 368    2.90262
 369    5.33635
 370    4.7381
 371    3.98385
 372    2.21879
 373    2.91968
 374    4.49952
 375   10.4057
 376    0.89863
 377    3.55769
 378    2.89353
 379    0.07699
 380    1.70016
 381    3.23178
 382    1.04906
 383    2.02369
 384    2.76058
 385    2.10533
 386    3.33933
 387    0.97391
 388    1.37325
 389    2.85463
 390    2.12384
 391    3.32872
 392    3.61267
 393    3.90144
 394    4.37534
 395    2.75985
 396    2.75171
 397    3.93009
 398    1.74386
 399    1.2312
 400    7.79365
 401    5.40805
 402    9.52759
 403   15.4869
 404    7.1316
 405    4.20579
 406    7.77759
 407    4.5898
 408    7.98436
 409    5.43924
 410    5.324
 411    6.79293
 412    5.97617
 413    2.90822
 414    5.07328
 415    3.84969
 416    4.08492
 417    2.41614
 418    3.78305
 419    1.34286
 420    4.68262
 421    3.81298
 422    4.66488
 423    6.57291
 424    3.07639
 425    3.33154
 426    2.72103
 427    4.37473
 428    1.3858
 429    2.95909
 430    3.91912
 431    2.85485
 432    2.9775
 433    2.73192
 434    2.26458
 435    1.56652
 436    7.43945
 437    3.20093
 438    1.47842
 439    1.34408
 440    0.29919
 441    0
 442    2.79258
 443    0
 444    3.13622
 445    0.57792
 446    0.8021
 447   15.8084
 448    4.41904
 449    1.66445
 450    1.37174
 451    0.11503
 452    1.19274
 453    1.85099
 454    1.40687
 455    3.25202
 456    1.91408
 457    2.95832
 458    0.22866
 459    0.91742
 460    0.82189
 461    1.04867
 462    2.11618
 463    2.26656
 464    2.53507
 465    1.80017
 466    2.60878
 467    0.36894
 468    3.06966
 469    2.70458
 470    1.67687
 471    1.43922
 472    4.25605
 473    3.38358
 474    4.14335
 475    3.98538
 476    2.31529
 477    2.08632
 478    1.75058
 479    6.38759
 480    1.91381
 481    0.91844
 482    3.03063
 483    1.24499
 484    1.00766
 485    0.4785
 486    3.06871
 487   15.3405
 488    0.72981
 489    2.72854
 490    0.49843
 491    0.39549
 492    2.59684
 493    1.54428
 494    1.27034
 495    0.91861
 496    0.70968
 497    0.0153
 498    0.45356
 499    0.43628
 500    1.84606
 501    3.16018
 502    1.6031
 503    1.66104
 504    0.97653
 505    0
 506    1.11013
 507    1.43755
 508    0.99002
 509    2.29866
 510    1.75779
 511    0.52485
