This file was gnenerated on 2021-06-22 18:03:22.884190 by Grant Finneman. This contains the extracted data from the Gate simulations
The edep for each bar was summed up and printed to this file. The only math operation done has been addition.

  id       edep
   0    2.1785
   1    0.43998
   2    1.51543
   3    1.36852
   4    3.32883
   5    0.07609
   6    2.14078
   7    0.05493
   8    1.33731
   9    2.72875
  10    1.78842
  11    3.55879
  12    1.72266
  13    2.2978
  14    2.709
  15    0.83204
  16    1.47846
  17    1.43786
  18    2.80697
  19    2.32218
  20    1.21702
  21    6.1592
  22    2.92664
  23    2.2112
  24    2.60794
  25    4.67635
  26    4.02266
  27    4.36432
  28    1.36861
  29    3.6
  30    1.13552
  31    7.32382
  32    2.82592
  33    4.83919
  34    2.62264
  35    1.20045
  36    4.40005
  37    2.66491
  38    3.38568
  39   21.1972
  40    1.62561
  41    4.14553
  42    2.97162
  43    2.77095
  44    1.98445
  45    3.19531
  46    2.6964
  47   28.4134
  48    0.45759
  49    2.06314
  50    2.7924
  51    0.07741
  52    1.59704
  53    0.53765
  54    3.13646
  55    1.11441
  56    0.64232
  57    0.83274
  58    0.48471
  59    2.35205
  60    0
  61    0.27
  62    0.78266
  63    0
  64    3.44651
  65    4.19062
  66    3.56633
  67    1.33907
  68    1.57151
  69    2.61171
  70    0.33536
  71    0.88877
  72    6.63144
  73    5.81912
  74    5.13104
  75    3.3466
  76    5.68259
  77    2.89856
  78    3.80348
  79   14.1555
  80   11.2783
  81    5.35847
  82    5.34205
  83    9.1782
  84   16.0192
  85   43.8445
  86    2.11196
  87    9.28232
  88    3.86817
  89    3.01987
  90    6.06884
  91    2.1568
  92    5.22113
  93    3.36053
  94    3.71201
  95    0.93741
  96    3.34069
  97    3.60595
  98    9.21407
  99    3.22725
 100    4.35547
 101    6.14974
 102    3.61421
 103    4.97759
 104    4.73633
 105    6.34346
 106    6.25028
 107    6.08257
 108    2.55228
 109    1.78739
 110    2.64136
 111    4.50482
 112    2.82521
 113    5.62127
 114    4.02782
 115    3.42935
 116    3.40837
 117    2.32355
 118    1.38246
 119    9.04593
 120    0.97054
 121    3.87109
 122    3.58229
 123    2.24613
 124    0.74178
 125    1.89396
 126    0.9198
 127   13.9583
 128    1.83663
 129    2.28073
 130    3.26845
 131    3.26052
 132    4.39887
 133    5.52755
 134    1.92395
 135    3.21894
 136   37.6796
 137   30.8676
 138   59.8292
 139   52.8817
 140   43.9582
 141   19.1494
 142   29.1797
 143   35.9436
 144  219.016
 145  177.942
 146  188.516
 147  246.748
 148  214.947
 149  210.972
 150  172.101
 151  213.601
 152   33.9495
 153  101.159
 154   80.8764
 155   96.6645
 156   75.4748
 157   87.5908
 158   59.0462
 159   71.5523
 160    8.02977
 161    8.89576
 162   24.8357
 163   24.8512
 164    7.46618
 165   14.8307
 166    7.71851
 167   29.8925
 168    5.80742
 169    3.66642
 170    8.62621
 171    6.85669
 172    4.44955
 173    3.49219
 174    5.43999
 175    6.18481
 176    3.29703
 177    4.31504
 178    4.71025
 179    5.46769
 180    5.22084
 181    5.77054
 182    3.36992
 183    5.72863
 184    0.62979
 185    3.67933
 186    3.97215
 187    1.65599
 188    2.08604
 189    3.6195
 190    1.98253
 191   16.3407
 192    0.58179
 193    6.01435
 194    4.26785
 195    5.7762
 196    2.83054
 197    4.65224
 198    6.54962
 199    2.13598
 200   96.4725
 201   66.0656
 202   88.1836
 203   84.8731
 204   64.7388
 205   69.5485
 206   73.275
 207   65.0248
 208  271.77
 209  318.861
 210  337.199
 211  335.616
 212  401.138
 213  308.502
 214  254.632
 215  248.611
 216  253.847
 217  341.262
 218  306.109
 219  255.357
 220  315.693
 221  347.833
 222  285.098
 223  272.975
 224  149.835
 225  173.409
 226  148.642
 227  154.36
 228  187.714
 229  229.234
 230  212.291
 231  227.569
 232   34.7561
 233   27.1018
 234   34.9745
 235   31.0166
 236   55.5134
 237   43.5403
 238   27.1041
 239   31.6917
 240   18.7293
 241   27.8689
 242    5.4945
 243    6.98192
 244    3.7859
 245   30.263
 246   32.5858
 247   28.7657
 248    2.96956
 249    3.18864
 250    3.67701
 251    6.30011
 252    3.14913
 253    2.85621
 254    1.4279
 255    1.60164
 256    2.55699
 257    2.80001
 258    0.64823
 259    3.50719
 260    1.35317
 261    1.83302
 262    2.65551
 263    3.36059
 264    6.35775
 265    3.90976
 266    7.62204
 267    9.30234
 268    4.62055
 269    5.86604
 270    5.01191
 271   18.2439
 272   36.5214
 273   38.8172
 274   35.4847
 275   26.7602
 276   63.5021
 277   45.4919
 278   22.4874
 279   28.217
 280  183.067
 281  159.09
 282  185.667
 283  180.247
 284  140.711
 285  185.725
 286  153.241
 287  177.258
 288  219.31
 289  271.086
 290  313.742
 291  339.564
 292  316.12
 293  292.843
 294  313.654
 295  297.797
 296  327.152
 297  251.287
 298  242.854
 299  300.68
 300  375.555
 301  322.505
 302  245.257
 303  275.677
 304  116.406
 305  106.392
 306   94.3079
 307   81.0035
 308  155.071
 309  120.203
 310   92.4693
 311   53.7887
 312    6.84027
 313    4.23879
 314    3.2472
 315   17.8194
 316   10.0723
 317    4.23754
 318    1.24
 319    6.10284
 320    2.01825
 321    3.58848
 322    2.88109
 323    3.04907
 324    1.22128
 325    2.67265
 326    1.34146
 327    1.3701
 328    4.40744
 329    3.2195
 330    2.45056
 331    4.67232
 332    5.11144
 333    4.2856
 334    2.62656
 335    4.02003
 336    6.44003
 337    3.829
 338    8.1631
 339    6.89698
 340    4.05494
 341    8.29664
 342    2.32228
 343    4.02721
 344   10.4772
 345    7.77085
 346   15.0403
 347    9.0295
 348   25.5204
 349   12.4942
 350   20.6497
 351   49.4962
 352   36.0525
 353   48.946
 354   41.3326
 355   78.9802
 356  123.99
 357  138.474
 358   45.7553
 359   93.2948
 360  146.466
 361  140.652
 362  186.591
 363  219.44
 364  212.917
 365  218.971
 366  151.374
 367  188.238
 368   27.0287
 369   20.9552
 370   71.2502
 371   70.9228
 372   39.5102
 373   17.916
 374   22.446
 375   25.6201
 376    3.23047
 377    3.15179
 378    1.97675
 379    3.08037
 380    4.45195
 381    1.64223
 382    4.20622
 383   20.672
 384    0.50504
 385    1.95095
 386    4.01845
 387    3.53699
 388    1.89285
 389    2.36055
 390    2.06678
 391    5.53615
 392    1.0218
 393    0.17527
 394    1.8311
 395    0.42216
 396    4.33774
 397    1.76814
 398    1.90166
 399    1.01345
 400    3.8375
 401    1.88893
 402    2.42406
 403    2.63057
 404    1.69345
 405    2.01318
 406    4.95221
 407    2.3904
 408    5.08122
 409    4.90673
 410    6.98883
 411    3.77848
 412    5.24073
 413    4.24038
 414   21.1774
 415   30.9807
 416    3.22263
 417    5.00943
 418    6.96031
 419    8.44638
 420    4.79147
 421    3.35564
 422    4.26698
 423   18.2415
 424    2.87578
 425    4.25524
 426    6.0079
 427    3.33895
 428   26.0396
 429    7.06877
 430   12.1357
 431    8.26521
 432    5.60035
 433    2.63773
 434    4.65711
 435    4.15019
 436    5.39087
 437    3.40864
 438    4.17503
 439   27.8013
 440    2.83748
 441    3.27512
 442    2.72341
 443    3.0783
 444    2.12445
 445    1.70045
 446    1.66337
 447    7.72743
 448    0.4559
 449    0.73061
 450    0.33984
 451    0.49382
 452    1.75116
 453    0
 454    0
 455    1.99872
 456    0
 457    1.09361
 458    0
 459    2.56555
 460    1.6343
 461    1.15924
 462    0.91955
 463    2.47765
 464    1.51338
 465    1.72005
 466    3.22447
 467    2.29985
 468    1.95176
 469    1.30098
 470    2.27863
 471    2.23698
 472    1.24646
 473    1.75733
 474    2.2374
 475    2.92912
 476    0.82228
 477    6.23017
 478    1.59899
 479    7.10583
 480    6.3927
 481    3.38081
 482    2.12487
 483    1.73588
 484    4.38347
 485    1.77923
 486    1.01654
 487    2.98121
 488    1.31862
 489    2.19229
 490    2.65887
 491    3.31974
 492    4.72379
 493    7.4775
 494    1.96899
 495   29.0778
 496    1.80861
 497    3.42861
 498    0.62599
 499    1.97156
 500    1.62376
 501    0.74178
 502    2.34319
 503    3.32284
 504    1.53465
 505    1.45521
 506    4.62631
 507    1.13832
 508    0.37983
 509    1.71262
 510    2.48199
 511    0.68674
