This file was gnenerated on 2021-06-22 18:02:59.281763 by Grant Finneman. This contains the extracted data from the Gate simulations
The edep for each bar was summed up and printed to this file. The only math operation done has been addition.

  id       edep
   0    1.85938
   1    3.27682
   2    2.44189
   3    1.32737
   4    3.64352
   5    0.55153
   6    1.41216
   7    0.91127
   8    1.57888
   9    3.27795
  10    3.66505
  11    1.68397
  12    2.17188
  13    0.54337
  14    0.31029
  15   50.3695
  16    1.66707
  17    5.89692
  18    4.02458
  19    1.72901
  20    1.73529
  21    1.61712
  22    0.24002
  23    1.46891
  24    2.81514
  25    2.52042
  26    1.80695
  27    3.11712
  28    4.48948
  29    3.8283
  30    3.60717
  31   13.0071
  32    2.3997
  33    3.67252
  34    2.1008
  35    1.96419
  36    2.71253
  37    4.78994
  38    1.8602
  39    0.78309
  40    2.37057
  41    2.05012
  42    2.47907
  43    2.25466
  44    4.2779
  45    0.81149
  46    0.82665
  47    0.01581
  48    0
  49    0.57408
  50    1.49133
  51    0.70625
  52    0.8204
  53    2.45406
  54    1.40477
  55    2.51965
  56    0.49923
  57    1.41077
  58    0.40081
  59    0
  60    2.00958
  61    0
  62    0.03841
  63    1.06646
  64    2.84307
  65    1.00238
  66    2.17373
  67    2.53402
  68    2.75465
  69    3.39175
  70    1.20877
  71   15.6644
  72    0.8302
  73    1.74978
  74    4.43152
  75    0.78101
  76    1.39818
  77    1.01007
  78    3.08648
  79    0.98538
  80    4.603
  81    1.76187
  82    7.39126
  83    1.28366
  84    4.02404
  85    4.05773
  86    1.54785
  87    4.96304
  88    5.63538
  89    3.71783
  90    5.59599
  91    4.67332
  92    4.62454
  93    5.82373
  94    4.38696
  95    3.9226
  96    2.55591
  97    6.35145
  98    5.39042
  99    3.95989
 100    6.98435
 101    5.81879
 102    2.50828
 103   31.9174
 104    2.11551
 105    2.86185
 106    2.61999
 107    7.84919
 108    3.63705
 109    5.89068
 110    1.65144
 111    1.67333
 112    1.48922
 113    0.64957
 114    8.08731
 115    2.8454
 116    2.71466
 117    5.31633
 118    3.33882
 119    0.13786
 120    1.89572
 121    2.18569
 122    0.53127
 123    3.01586
 124    2.68697
 125    1.47393
 126    0.88906
 127   13.1831
 128    2.26803
 129    0.40062
 130    3.77371
 131    5.06309
 132    2.79999
 133    2.08821
 134    3.00109
 135    1.51704
 136    3.36949
 137    4.92103
 138    4.63812
 139    3.24652
 140    1.77448
 141    5.13721
 142    2.68062
 143   22.1923
 144    8.56439
 145    8.80655
 146    9.39134
 147    8.35197
 148    8.55614
 149    7.0632
 150    4.01776
 151   26.1188
 152   11.024
 153   39.641
 154   14.2186
 155   49.147
 156    9.12048
 157   36.9886
 158   36.9571
 159   28.2324
 160   38.2556
 161   44.6945
 162   21.6945
 163   15.4066
 164   10.8741
 165   12.0994
 166    7.27024
 167    9.72406
 168    2.96433
 169    6.10744
 170    8.3669
 171    9.9054
 172   11.999
 173   12.0403
 174    4.30755
 175    6.44646
 176    3.13844
 177    3.27867
 178    3.44094
 179    2.90882
 180    3.70837
 181    3.5536
 182    0.91188
 183   27.3643
 184    2.55019
 185    4.40998
 186    2.0522
 187    4.2087
 188    1.30616
 189    2.3133
 190    3.22661
 191   10.9244
 192    3.52739
 193    0.8403
 194    4.00926
 195    2.76364
 196    7.30575
 197    1.379
 198    3.31313
 199    0.80773
 200    3.90632
 201    8.69679
 202    8.35366
 203    5.7705
 204    6.66559
 205    3.68322
 206    3.36484
 207    8.39411
 208   25.2863
 209   18.4738
 210   36.7605
 211   56.7594
 212   61.3768
 213   30.5019
 214   33.2573
 215   23.0754
 216  564.158
 217  664.46
 218  591.274
 219  602.635
 220  668.726
 221  646.458
 222  708.324
 223  646.906
 224  444.19
 225  527.933
 226  559.805
 227  519.807
 228  532.981
 229  565.312
 230  500.508
 231  494.42
 232   34.774
 233   40.8434
 234   58.3368
 235   62.2024
 236   51.8157
 237   32.871
 238   43.59
 239   37.1818
 240    3.42782
 241    4.50982
 242    3.93538
 243    9.96537
 244    6.20885
 245    6.27059
 246    3.69114
 247   42.4502
 248    3.12527
 249    1.86349
 250    3.7238
 251    1.97017
 252    1.84848
 253    1.29372
 254    1.68834
 255    0.18636
 256    1.47221
 257    3.72906
 258    3.63311
 259    2.59891
 260    2.49371
 261    3.41931
 262    1.54551
 263    1.46224
 264    7.4274
 265    5.01594
 266    6.6646
 267    8.38782
 268    5.62966
 269    3.73869
 270    2.50623
 271    8.747
 272   43.3079
 273   64.2588
 274   46.4965
 275  119.368
 276   91.1748
 277  109.999
 278   70.9425
 279   61.3873
 280  527.91
 281  500.758
 282  556.773
 283  456.784
 284  493.246
 285  525.613
 286  495.631
 287  490.778
 288  611.179
 289  572.675
 290  614.43
 291  674.58
 292  694.883
 293  660.39
 294  638.02
 295  509.232
 296   28.5694
 297   29.7316
 298   68.6886
 299   71.3261
 300   41.3457
 301   25.3006
 302   40.9636
 303   26.4946
 304    6.01733
 305    5.3998
 306    5.39085
 307    5.79616
 308    5.34263
 309    4.08719
 310    8.11853
 311   11.3475
 312    4.97607
 313    2.2536
 314    3.32997
 315    4.39277
 316    2.88922
 317    1.37023
 318    0.42654
 319    1.75008
 320    3.92926
 321    1.40134
 322    3.9027
 323    0.82368
 324    4.00807
 325    1.69984
 326    3.53887
 327    4.67395
 328    7.1923
 329    4.6215
 330    5.43907
 331    5.84013
 332    3.33648
 333    3.65178
 334    2.79065
 335    2.98488
 336    7.45404
 337    9.09713
 338    7.03684
 339    6.61488
 340    5.37118
 341    8.56606
 342    2.23383
 343    4.88811
 344   15.8339
 345   21.7085
 346   27.86
 347   20.2924
 348   10.2039
 349   13.6046
 350   23.2373
 351   69.2085
 352   30.877
 353   33.7704
 354   37.7876
 355   26.9002
 356   26.5982
 357   27.6168
 358   28.6626
 359   37.8998
 360    8.40088
 361   14.0155
 362    8.80138
 363    8.24158
 364   33.1868
 365    9.13974
 366    6.36482
 367   32.4234
 368    5.90423
 369    4.45353
 370    5.33811
 371    3.58484
 372    0.76792
 373    1.33785
 374    0.2603
 375    1.13489
 376    2.21466
 377    2.4024
 378    4.04402
 379    2.33067
 380    5.47104
 381    1.11055
 382    2.00407
 383   15.4827
 384    3.2718
 385    2.26977
 386    1.43979
 387    2.39819
 388    0.64697
 389    1.16006
 390    0
 391    0
 392    1.50868
 393    5.07221
 394    1.27915
 395    2.03685
 396    0.5425
 397    3.41556
 398    0.54162
 399    3.3728
 400    5.08883
 401    1.71659
 402    6.53785
 403    5.89177
 404    2.19571
 405    2.21749
 406    2.84868
 407    0.04705
 408    5.16495
 409    6.22687
 410    7.79341
 411    8.91597
 412    2.91034
 413    3.23805
 414    1.65808
 415    5.56344
 416    2.73671
 417    1.92541
 418    5.14767
 419    3.09339
 420    1.28587
 421    6.1703
 422    2.24845
 423   11.2525
 424    4.53554
 425    2.51155
 426    7.5929
 427    4.69142
 428    2.89416
 429    5.7345
 430    2.36063
 431   24.3699
 432    3.50262
 433    2.04168
 434    1.41981
 435    3.40231
 436    4.68118
 437    1.44557
 438    2.01924
 439    2.83496
 440    0
 441    2.02555
 442    0
 443    2.50201
 444    1.79094
 445    0.95686
 446    3.26832
 447   20.767
 448    0.21104
 449    0.27081
 450    1.85784
 451    0.41059
 452    0.20534
 453    0.49267
 454    2.92956
 455    0
 456    1.94248
 457    1.71195
 458    1.78098
 459    0.47332
 460    1.53471
 461    1.06226
 462    2.9586
 463   12.4041
 464    4.6488
 465    3.38087
 466    1.10299
 467    3.02414
 468    0.83056
 469    1.36831
 470    2.66558
 471    2.6607
 472    3.26684
 473    4.7384
 474    3.2627
 475    2.63589
 476    1.70588
 477    3.848
 478    2.8686
 479    9.2785
 480    1.7114
 481    3.66536
 482    2.16205
 483    0.2739
 484    1.8631
 485    3.89502
 486   12.1265
 487    6.5173
 488    1.98152
 489    0
 490    1.54863
 491    2.97225
 492    1.1455
 493    2.14136
 494    0.82869
 495    0.99756
 496    5.14589
 497    3.93868
 498    1.87163
 499    1.35493
 500    1.24585
 501    0.97678
 502    0.70589
 503   26.2308
 504    3.05083
 505    1.01586
 506    0.0442
 507    3.09925
 508    1.42266
 509    0.6063
 510    4.7289
 511    0.42172
