This file was gnenerated on 2021-06-22 18:05:36.888306 by Grant Finneman. This contains the extracted data from the Gate simulations
The edep for each bar was summed up and printed to this file. The only math operation done has been addition.

  id       edep
   0    0.79538
   1    1.042
   2    1.29901
   3    1.76059
   4    1.95873
   5    0.9088
   6    0.45458
   7    3.54059
   8    4.94532
   9    1.82322
  10    4.87243
  11    2.6742
  12    1.61805
  13    2.03992
  14    1.27055
  15    2.29456
  16    0.80572
  17    3.59362
  18    2.22732
  19    2.47004
  20    5.33438
  21    3.61919
  22    0.20795
  23    1.9745
  24    5.85349
  25    4.64629
  26    1.46418
  27    2.01453
  28    0.79548
  29    3.92018
  30    4.17981
  31   10.1952
  32    3.84913
  33    3.17864
  34    4.70478
  35    1.23031
  36    3.4926
  37    5.06071
  38    2.39802
  39    2.23404
  40    1.83117
  41    2.22478
  42    3.70132
  43    1.69975
  44    4.66262
  45    2.33813
  46   11.7863
  47   24.2077
  48    1.36744
  49    2.5969
  50    2.34989
  51    3.5226
  52    2.71105
  53    0.92033
  54    0.94616
  55    2.63527
  56    1.52257
  57    0.36494
  58    0.91182
  59    2.65913
  60    0.89937
  61    1.79299
  62    0.73848
  63    1.1143
  64    2.41431
  65    2.7161
  66    2.79544
  67    1.52337
  68    2.4805
  69    0
  70    0.97902
  71    2.28105
  72    2.13782
  73    5.75376
  74    1.43781
  75   11.0602
  76    4.56721
  77    4.04768
  78    0.22769
  79    2.5825
  80    5.71507
  81    4.68128
  82    2.47924
  83    4.32591
  84    3.43868
  85    4.24079
  86    5.09342
  87    2.19002
  88    8.86232
  89    9.1887
  90    6.50687
  91   14.6792
  92    7.29035
  93    9.37354
  94    5.20231
  95   17.7285
  96    8.4057
  97    6.69899
  98    7.36091
  99    9.79331
 100    8.59023
 101    4.75301
 102    9.25704
 103    4.01445
 104    4.4126
 105    3.62632
 106    6.05582
 107    4.44005
 108    6.23987
 109    4.21005
 110    1.49051
 111    1.91166
 112    2.72624
 113    4.6957
 114    4.07814
 115    2.98838
 116    4.31795
 117    3.08515
 118    2.46064
 119    2.24465
 120    1.41262
 121    2.84629
 122    1.35431
 123    3.60025
 124    3.44059
 125    1.47772
 126    0.72844
 127    2.46753
 128    0.82864
 129    4.33364
 130    3.21548
 131    1.0474
 132    1.89228
 133    5.22876
 134    0.48293
 135    0.81224
 136    6.28506
 137    6.16531
 138    4.93051
 139    5.03796
 140    7.60147
 141    3.90385
 142    4.85116
 143    2.99236
 144  119.156
 145  134.169
 146  133.819
 147  127.74
 148  102.49
 149   93.1314
 150  137.454
 151  100.994
 152  131.023
 153  144.013
 154  129.093
 155  137.428
 156  128.32
 157  181.104
 158  151.539
 159  172.166
 160  143.912
 161  165.93
 162  121.785
 163  139.571
 164  135.005
 165  143.02
 166  193.931
 167  119.522
 168   84.8288
 169  106.618
 170   95.9982
 171   73.2769
 172   76.1468
 173  119.194
 174  111.708
 175  101.121
 176    3.33889
 177    7.0015
 178   10.0425
 179   10.0506
 180    8.07365
 181    6.60213
 182    2.5721
 183    3.80163
 184    4.70325
 185    3.42467
 186    1.58409
 187    0.93896
 188    5.33534
 189    1.73128
 190    2.18785
 191    1.97406
 192    2.70333
 193    5.37377
 194    2.23463
 195    2.91723
 196    3.18274
 197    3.69097
 198    1.8663
 199   60.0479
 200    7.87043
 201    6.38456
 202   25.6464
 203    8.82796
 204    5.59353
 205    9.01298
 206    5.94231
 207   18.5259
 208  239.125
 209  189.625
 210  153.194
 211  142.355
 212  195.58
 213  205.199
 214  207.298
 215  155.216
 216  228.789
 217  215.207
 218  227.598
 219  230.083
 220  237.657
 221  284.712
 222  264.106
 223  250.016
 224  167.78
 225  188.319
 226  178.306
 227  150.478
 228  165.189
 229  234.096
 230  274.591
 231  227.935
 232   87.9036
 233   97.1849
 234  165.554
 235  163.886
 236  153.696
 237  159.886
 238  147.964
 239  192.054
 240    5.53435
 241    5.58215
 242    8.73041
 243    6.80851
 244    6.30156
 245    7.44519
 246    4.21464
 247    4.35404
 248    2.00997
 249    2.23539
 250    4.72068
 251    0.90125
 252    0.19972
 253    2.66489
 254    2.78813
 255    1.88751
 256    0.45603
 257    3.88241
 258    1.91178
 259    0.03256
 260    4.75518
 261    2.97072
 262    1.10461
 263    1.00275
 264    6.20879
 265    3.90382
 266   15.7798
 267    3.71245
 268    5.92849
 269    8.79204
 270    6.11629
 271   33.8038
 272  164.721
 273  192.532
 274  144.073
 275  125.115
 276  179.649
 277  192.783
 278  154.718
 279  161.309
 280  221.21
 281  181.016
 282  167.249
 283  171.681
 284  153.65
 285  247.436
 286  237.543
 287  219.59
 288  159.477
 289  181.715
 290  218.708
 291  189.139
 292  252.972
 293  233.84
 294  208.32
 295  204.896
 296  189.467
 297  147.235
 298  140.048
 299  132.558
 300  123.863
 301  127.929
 302  157.018
 303  170.868
 304    5.65435
 305   10.4156
 306    4.07489
 307    8.0857
 308    8.10171
 309    5.8693
 310    5.7765
 311   24.1609
 312    1.79853
 313    4.14125
 314    3.8501
 315    3.46995
 316    2.16381
 317    4.88935
 318    1.98645
 319    1.59745
 320    0.8705
 321    3.19753
 322    3.93988
 323    1.05368
 324    5.01443
 325    3.22486
 326    3.61062
 327    3.35328
 328   18.53
 329   11.6814
 330    3.54404
 331    5.89851
 332    8.85323
 333    9.88376
 334    3.97716
 335   21.1714
 336  123.376
 337  105.061
 338   91.1151
 339  104.317
 340  175.66
 341  119.619
 342   82.0978
 343  107.641
 344  125.205
 345  140.279
 346  180.793
 347  189.067
 348  224.818
 349  115.949
 350  121.264
 351  117.712
 352  123.14
 353  120.481
 354  178.673
 355  202.63
 356  186.74
 357  154.285
 358  216.746
 359  133.724
 360   90.4818
 361   88.9521
 362   96.5104
 363  116.218
 364  179.915
 365  124.437
 366   88.877
 367   94.492
 368    3.61454
 369    1.87972
 370   11.0352
 371    8.17795
 372    7.63527
 373    4.80281
 374    4.53784
 375    2.5611
 376    0
 377    1.78003
 378    1.876
 379    3.2042
 380    2.22841
 381    3.86065
 382    3.04894
 383    3.08965
 384    0.67344
 385    4.46137
 386    2.6176
 387    1.91182
 388    2.42453
 389    0.88861
 390    2.7987
 391    2.0941
 392    4.66255
 393    0.60558
 394    3.48709
 395    2.13153
 396    1.12715
 397    2.11953
 398    3.06958
 399    2.23379
 400    6.60498
 401   10.1416
 402    6.10552
 403    7.32233
 404    3.89969
 405    5.98694
 406    4.99823
 407    1.72958
 408    6.71662
 409   26.3189
 410    8.34456
 411    7.5322
 412    6.03154
 413    7.67497
 414    9.05125
 415   12.8089
 416    7.95385
 417   29
 418    7.9576
 419    9.61738
 420   45.0518
 421    3.61692
 422    4.33111
 423    3.23222
 424    3.97492
 425    1.30243
 426   11.5298
 427    6.72528
 428   13.0389
 429    0.8645
 430    4.27042
 431   14.7767
 432    6.43454
 433    6.00958
 434    4.08837
 435    3.90917
 436    2.40154
 437    2.14951
 438    1.50208
 439   33.7435
 440    3.88475
 441    0.72399
 442    1.97991
 443    2.33849
 444    1.94241
 445    0
 446    1.41818
 447    2.62167
 448    0.92654
 449    0.09479
 450    0
 451    1.17948
 452    1.31639
 453    1.63423
 454    1.49407
 455    0.20798
 456    1.47391
 457    4.29352
 458    3.37609
 459    2.61054
 460    2.16462
 461    0.99011
 462    4.48388
 463    1.14325
 464    5.34212
 465    3.9206
 466    4.86722
 467    3.31111
 468    0
 469    4.41431
 470    0.14505
 471    0.42649
 472    1.49978
 473    1.78692
 474    6.03329
 475    2.04015
 476    2.56614
 477    3.02554
 478    2.74
 479   16.3033
 480    4.44055
 481    2.16385
 482    4.78466
 483    2.62578
 484    2.78392
 485    1.18417
 486    2.19304
 487    6.56363
 488    1.17298
 489    1.33276
 490    1.79236
 491    5.38571
 492    2.57151
 493    1.04902
 494    4.87261
 495    1.97555
 496    2.3812
 497    1.10515
 498    4.33695
 499    1.80455
 500    3.1743
 501    3.38795
 502    2.06447
 503    1.93206
 504    0.72053
 505    0.23576
 506    1.40157
 507    0.04693
 508    0
 509    0.36657
 510    1.2031
 511    1.38746
