This file was gnenerated on 2021-06-22 18:03:23.369525 by Grant Finneman. This contains the extracted data from the Gate simulations
The edep for each bar was summed up and printed to this file. The only math operation done has been addition.

  id       edep
   0    1.38003
   1    2.19239
   2    0.27386
   3    0
   4    0.56433
   5    2.77925
   6    0.87839
   7    0.50709
   8    0.02588
   9    3.71056
  10    1.17264
  11    1.74411
  12    0.35132
  13    3.45739
  14    1.73554
  15   16.2215
  16    0.11335
  17    2.52987
  18    2.18625
  19    2.16915
  20    3.00742
  21    0.78566
  22    1.45273
  23    1.30049
  24    1.82435
  25    3.8579
  26    2.29582
  27    1.39599
  28    0.43339
  29    3.3595
  30    0.90258
  31    2.28524
  32    0.96964
  33    1.95441
  34    1.98297
  35    1.42549
  36    2.2456
  37    1.96049
  38    1.41769
  39    2.25327
  40    0.18297
  41    1.86995
  42    4.44632
  43    3.22501
  44    3.56699
  45    1.95953
  46    0.59508
  47    1.14969
  48    1.55291
  49    2.90936
  50    1.12051
  51    1.72059
  52    2.21128
  53    3.16758
  54    3.31072
  55    2.10904
  56    0.75251
  57    3.27428
  58    1.39121
  59    0.53513
  60    1.28675
  61    0.28668
  62    0.97633
  63    1.42077
  64    0.49659
  65    1.55788
  66    1.88839
  67    2.97414
  68    2.29382
  69    1.24072
  70    1.40421
  71    0.04692
  72    3.06628
  73    3.15587
  74    1.66288
  75    2.59673
  76    2.01713
  77    1.50127
  78    0.80309
  79   19.043
  80    2.10699
  81    0.65793
  82    3.13886
  83    2.00078
  84    2.05482
  85    2.52216
  86    2.78507
  87    1.55319
  88    6.27898
  89    4.18696
  90    3.74493
  91    3.64401
  92    3.41151
  93    5.82585
  94    4.35808
  95    2.14129
  96    1.81072
  97    5.87613
  98    4.05115
  99    9.02396
 100    4.3186
 101    4.80628
 102    4.12247
 103   46.5605
 104    2.63843
 105    5.36692
 106    5.88183
 107    7.03543
 108    5.98784
 109    3.81774
 110    2.11497
 111    5.91291
 112    3.2021
 113    2.23636
 114    7.74399
 115    3.54894
 116    2.84983
 117    5.1925
 118    3.33595
 119    3.36991
 120    2.06732
 121    0.98527
 122    2.65541
 123    2.27733
 124    3.95927
 125    4.11956
 126    2.44049
 127    2.97374
 128    4.34343
 129    3.70941
 130    1.00717
 131    2.00743
 132    5.21643
 133    2.32486
 134    2.13241
 135    4.45708
 136    5.09992
 137    1.86563
 138    9.1043
 139    5.73372
 140    5.37965
 141    3.94491
 142    1.7904
 143    4.35996
 144    6.34686
 145    5.57195
 146    3.895
 147    7.04606
 148    2.81924
 149    4.06927
 150    3.34119
 151   55.1842
 152   10.2766
 153   17.078
 154   14.7218
 155    7.88692
 156    8.34469
 157   10.0329
 158    6.51057
 159    4.06289
 160   12.9689
 161   12.2952
 162   14.2477
 163   21.9552
 164   28.2077
 165   11.7089
 166    8.36081
 167    9.02045
 168   47.2242
 169   88.3184
 170   65.1463
 171   67.3724
 172   91.3748
 173   69.9463
 174   70.1665
 175   55.7159
 176   21.4882
 177   20.1659
 178   35.1064
 179   48.7518
 180   19.2659
 181   33.4968
 182   33.9537
 183   28.31
 184    4.01479
 185    3.11632
 186    1.93367
 187    2.46308
 188    4.36864
 189    4.18831
 190    4.07751
 191    2.88847
 192    4.8105
 193    2.60541
 194    2.73714
 195    4.94089
 196    1.39367
 197    7.01987
 198    3.96113
 199    2.81584
 200   23.8143
 201   50.2015
 202   29.8912
 203   31.1657
 204   30.828
 205   16.5144
 206   32.8568
 207   29.508
 208  101.683
 209  132.959
 210  124.917
 211  197.296
 212  186.165
 213  147.883
 214   96.3548
 215  149.792
 216  175.406
 217  179.983
 218  185.419
 219  252.435
 220  260.308
 221  162.149
 222  237.633
 223  261.08
 224  328.601
 225  300.4
 226  315.501
 227  351.032
 228  307.786
 229  267.561
 230  198.375
 231  217.247
 232  254.396
 233  256.408
 234  222.402
 235  286.154
 236  320.935
 237  407.681
 238  286.858
 239  264.667
 240  191.356
 241  112.709
 242  114.525
 243  164.18
 244  139.964
 245  154.914
 246  154.542
 247  144.407
 248    3.74123
 249    7.84812
 250    2.60318
 251    2.58762
 252    3.57661
 253    5.031
 254    4.60768
 255    2.7467
 256   22.2973
 257    2.0232
 258    2.03536
 259    6.88127
 260    7.88678
 261    3.56133
 262    2.20457
 263    9.36115
 264  100.102
 265  113.406
 266  156.241
 267  112.894
 268  123.185
 269  127.328
 270  116.548
 271  137.168
 272  282.934
 273  287.991
 274  329.69
 275  326.102
 276  309.309
 277  316.159
 278  290.448
 279  259.454
 280  250.973
 281  235.79
 282  248.399
 283  359.815
 284  374.764
 285  294.325
 286  313.22
 287  273.962
 288  162.13
 289  149.254
 290  179.2
 291  213.158
 292  190.636
 293  163.741
 294  167.811
 295  181.782
 296   95.5449
 297  109.744
 298  149.471
 299  134.459
 300  162.604
 301  103.331
 302   89.5421
 303  102.919
 304   38.6356
 305   45.0179
 306   50.2309
 307   32.8052
 308   50.2502
 309   45.5823
 310   36.1567
 311   44.9813
 312    1.559
 313    2.52974
 314    3.13747
 315    1.90668
 316    2.4591
 317    4.06323
 318    2.7089
 319    8.69944
 320    6.25145
 321    5.67055
 322    3.62728
 323    5.62938
 324    0
 325    4.68009
 326    2.00469
 327   15.472
 328   18.7401
 329   32.7471
 330   32.3306
 331   31.8924
 332   52.9299
 333   35.9886
 334   34.3643
 335   25.2319
 336   74.2068
 337   82.6765
 338  112.654
 339   96.9345
 340   99.2753
 341  109.371
 342   92.1789
 343   83.0804
 344   12.8867
 345   36.0164
 346   24.9286
 347   38.0776
 348   56.6656
 349   49.2223
 350   10.1483
 351   24.0412
 352    3.61247
 353    6.22474
 354   12.2243
 355   30.442
 356    5.8236
 357    9.14363
 358    8.45177
 359    2.0969
 360    3.80775
 361    5.99529
 362    6.03932
 363    4.98916
 364    5.61513
 365   10.9377
 366    3.17293
 367    5.77361
 368    4.30067
 369    4.43904
 370    8.28326
 371    8.25465
 372    3.07287
 373    4.85688
 374    4.40138
 375   37.7485
 376    4.48878
 377    2.64572
 378    2.428
 379    3.47165
 380    2.75561
 381    4.09939
 382    4.76506
 383    2.31988
 384    1.77076
 385    3.18955
 386    2.58848
 387    1.36425
 388    3.59675
 389    1.12681
 390    2.60352
 391    0.77848
 392    1.06419
 393    5.68604
 394    3.35815
 395    5.79613
 396    4.1174
 397    6.08842
 398    1.76641
 399   33.3207
 400    4.4614
 401    9.21867
 402    3.79793
 403    6.26612
 404    5.15355
 405    6.87655
 406    4.62099
 407   17.4342
 408    0.27083
 409    7.38958
 410    5.81759
 411    5.10081
 412    4.47531
 413    5.00962
 414    3.48783
 415    4.67899
 416    1.6602
 417    1.76768
 418    4.32994
 419    4.06921
 420    2.16355
 421    3.97486
 422    3.11944
 423    6.20614
 424    6.31388
 425    5.32471
 426    1.79202
 427    2.98779
 428    2.58238
 429    2.43648
 430    1.9985
 431    1.72754
 432    1.69259
 433    2.69744
 434    5.15503
 435    1.65166
 436    1.10905
 437    3.85865
 438    1.82419
 439    2.59596
 440    0.81383
 441    1.19063
 442    2.28043
 443    2.62724
 444    0.9208
 445    0.53729
 446    1.42788
 447    1.04387
 448    2.07695
 449    0.45112
 450    0.32627
 451    0.30338
 452    0.6285
 453    0.96977
 454    1.12325
 455    1.27212
 456    0.35641
 457    1.93874
 458    2.27695
 459    2.93938
 460    3.98222
 461    2.01682
 462    0.15931
 463    1.66021
 464    1.32501
 465    1.81937
 466    3.01799
 467    2.44578
 468    2.65921
 469    2.43173
 470    1.12974
 471    1.6004
 472    2.31404
 473    4.63561
 474    2.56081
 475    1.2621
 476    2.34969
 477    1.38742
 478    2.81358
 479    3.77438
 480    0.71383
 481    0.16561
 482    0.0988
 483    4.17149
 484    3.97045
 485    0.65895
 486    1.84784
 487   14.4119
 488    2.16098
 489    0
 490    0.5364
 491    2.49249
 492    2.9728
 493    0.6084
 494    1.90197
 495    0.71197
 496    0.86719
 497    1.46943
 498    0.07362
 499    2.47749
 500    1.44928
 501    0.52839
 502    1.49545
 503    1.29722
 504    0
 505    0
 506    2.53566
 507    0
 508    3.19768
 509    1.24408
 510    0
 511    1.80768
