This file was gnenerated on 2021-06-22 18:07:19.668657 by Grant Finneman. This contains the extracted data from the Gate simulations
The edep for each bar was summed up and printed to this file. The only math operation done has been addition.

  id       edep
   0    2.45442
   1    0.7696
   2    0.74176
   3    1.7927
   4    0.52398
   5    4.72804
   6    0.23654
   7    0.84054
   8    1.80874
   9    2.61141
  10    0.57058
  11    0.91089
  12    0.99014
  13    1.27212
  14    0.76994
  15    0.79378
  16    2.17939
  17    2.34392
  18    3.94163
  19    2.35429
  20    4.30028
  21    1.86754
  22    0.65316
  23    2.69104
  24    2.01282
  25    3.71001
  26    3.32065
  27    3.94866
  28    1.70172
  29    3.71727
  30    3.75905
  31    3.34785
  32    5.95182
  33    8.19465
  34    3.26818
  35    5.14411
  36    3.65226
  37    2.53674
  38    5.69897
  39    2.33244
  40    2.52127
  41    6.14097
  42    6.86755
  43    6.24652
  44    3.59591
  45    3.51539
  46    4.70932
  47   22.1948
  48    4.27825
  49    5.68887
  50    0.87087
  51    5.01608
  52    1.89351
  53    1.45851
  54    2.71768
  55   16.143
  56    3.79534
  57    2.45044
  58    1.20617
  59    2.61161
  60    2.33832
  61    2.11595
  62    0.21362
  63    1.62295
  64    1.36374
  65    0
  66    2.47121
  67    1.01382
  68    1.46848
  69    1.3573
  70    0
  71    1.00236
  72    0.27637
  73    0.62489
  74    1.08324
  75    0.23276
  76    1.77657
  77    1.14149
  78    3.25004
  79    4.20059
  80    3.96033
  81    3.4584
  82    3.17543
  83    3.10789
  84    1.75104
  85    5.78398
  86    5.65797
  87    2.55255
  88    7.34251
  89    4.29737
  90    3.83577
  91    9.39334
  92    5.88459
  93    8.74078
  94    5.46223
  95    3.56434
  96   93.7056
  97   81.1826
  98  112.724
  99   95.1487
 100   71.4445
 101  105.878
 102   75.1484
 103   91.7432
 104   64.253
 105   46.5059
 106   45.5501
 107   36.0315
 108   34.2625
 109   52.8687
 110   49.2528
 111   69.872
 112    4.72793
 113   14.2025
 114    4.79111
 115    6.31383
 116    7.04976
 117    6.34909
 118   11.921
 119    1.4784
 120    0.35682
 121    3.0713
 122    2.62339
 123    1.4766
 124    2.20289
 125    6.5326
 126    1.79522
 127    5.90196
 128    2.80166
 129    0.29732
 130    0
 131    2.32186
 132    2.06169
 133    1.51357
 134    2.63174
 135    2.96964
 136    0.4402
 137    3.22427
 138    2.62632
 139    3.64282
 140    1.48736
 141    2.16343
 142    1.04903
 143    3.26803
 144    4.98876
 145    7.51786
 146    9.95213
 147    6.0374
 148    2.87144
 149    6.59987
 150   30.4
 151   11.3812
 152   44.5929
 153   54.2487
 154   87.6389
 155   40.1853
 156   48.462
 157   42.8501
 158   61.0815
 159   43.6048
 160  267.453
 161  315.197
 162  304.8
 163  375.063
 164  323.119
 165  323.213
 166  295.864
 167  284.689
 168  146.18
 169  202.767
 170  180.567
 171  221.105
 172  256.807
 173  220.179
 174  222.787
 175  247.509
 176    6.05371
 177    6.94323
 178    6.47804
 179    6.67496
 180    9.31348
 181    6.2621
 182    8.01536
 183   27.896
 184    1.63561
 185    2.34041
 186    3.91806
 187    3.76169
 188    4.48702
 189    1.36293
 190    3.4563
 191    9.58637
 192    1.30937
 193    1.40065
 194    4.62325
 195    2.1018
 196    1.22198
 197    3.11876
 198    4.61935
 199    1.99521
 200    4.23194
 201    5.5537
 202    3.13871
 203    2.52169
 204    6.4285
 205    3.48822
 206    3.31867
 207   18.8238
 208    5.87675
 209    9.60714
 210   30.4997
 211   32.9294
 212   13.5276
 213   22.5164
 214    4.83965
 215    5.8859
 216  175.079
 217  192.57
 218  251.412
 219  210.239
 220  204.247
 221  355.458
 222  202.535
 223  162.487
 224  276.636
 225  336.146
 226  382.333
 227  399.126
 228  290.708
 229  340.298
 230  317.423
 231  239.236
 232   62.3327
 233   97.1323
 234   78.8936
 235   63.485
 236  118.504
 237   98.7629
 238   53.7027
 239   58.8878
 240    7.70627
 241    6.41175
 242    5.28305
 243    7.92023
 244    3.94499
 245    4.79087
 246    3.0628
 247    3.6604
 248    2.98972
 249    3.26917
 250    4.61469
 251    4.90062
 252    1.75065
 253    3.04125
 254    0
 255    2.8037
 256    3.33008
 257    0.98851
 258    2.47244
 259    0
 260    0.52386
 261    3.3546
 262    1.86371
 263    1.55713
 264    5.64692
 265    1.12858
 266    3.69087
 267    9.29683
 268    7.57167
 269   24.555
 270   22.0305
 271    5.04004
 272  108.57
 273   68.5893
 274   57.0682
 275   86.4111
 276   61.1135
 277  103.503
 278   75.2251
 279   77.5598
 280  283.203
 281  297.028
 282  289.136
 283  302.477
 284  319.155
 285  345.633
 286  301.102
 287  290.064
 288  199.916
 289  201.171
 290  214.993
 291  225.762
 292  165.193
 293  221.807
 294  227.419
 295  206.611
 296    7.78123
 297    7.61879
 298    8.62861
 299   10.7242
 300    9.77813
 301   18.241
 302   26.2101
 303   18.346
 304    4.80368
 305    5.98087
 306    5.71489
 307    2.98892
 308    4.78995
 309    5.99192
 310    2.29325
 311    4.87483
 312    3.87387
 313    3.91592
 314    1.69674
 315    2.13067
 316    5.37538
 317    2.07433
 318    2.40501
 319    0.53881
 320    2.80498
 321    4.06754
 322    0.89708
 323    4.00496
 324    1.49741
 325    3.32782
 326    1.65749
 327    0.99394
 328    3.13767
 329    6.67204
 330    4.12857
 331    3.73956
 332    6.91447
 333    7.23531
 334    4.79178
 335    4.31446
 336  181.119
 337  144.772
 338  170.224
 339  219.165
 340  305.395
 341  261.471
 342  201.244
 343  226.893
 344  318.242
 345  297.34
 346  248.937
 347  240.695
 348  302.509
 349  361.929
 350  274.972
 351  223.505
 352   27.5539
 353   49.744
 354   35.8156
 355   26.7346
 356   29.3202
 357   44.2799
 358   36.1552
 359   24.8058
 360    4.85457
 361    8.74933
 362    2.47119
 363    4.73473
 364    2.47573
 365    5.61565
 366    4.41821
 367    2.77887
 368    5.82005
 369    2.63967
 370    5.45503
 371    6.9505
 372    0.90161
 373    3.03023
 374    0.70278
 375   11.785
 376    2.63391
 377    2.46056
 378    2.55838
 379    0.35922
 380    0.85101
 381    2.00165
 382    2.345
 383    0.89149
 384    1.06887
 385    1.39666
 386    3.71286
 387    3.17201
 388    2.16816
 389    1.90813
 390    1.12976
 391    4.09746
 392    7.28023
 393    6.08164
 394    5.06414
 395    2.41628
 396    3.88722
 397    3.66874
 398    4.51298
 399    2.85463
 400   36.7415
 401   33.492
 402   18.6487
 403   32.9993
 404   58.0491
 405   54.5652
 406   28.2167
 407   60.4509
 408   70.5684
 409  106.063
 410   98.4548
 411   85.0659
 412   71.5158
 413  128.941
 414   89.8406
 415  130.771
 416   12.8977
 417    6.33469
 418    6.1139
 419    6.8877
 420    5.622
 421    4.46231
 422    9.0161
 423    8.71526
 424    3.99509
 425    1.94471
 426    4.84178
 427    3.00668
 428    4.23724
 429    2.9504
 430    6.80202
 431    3.92834
 432    4.79673
 433    2.30598
 434    1.85652
 435    1.29388
 436    0.92558
 437    4.13972
 438    3.23734
 439    2.63619
 440    4.2008
 441    1.13142
 442    0.57191
 443    1.10272
 444    3.28031
 445    1.383
 446    2.67352
 447    1.62116
 448    2.76574
 449    1.4345
 450    0.32987
 451    3.22149
 452    0.76531
 453    2.08104
 454    1.31249
 455    2.31538
 456    2.31118
 457    4.26681
 458    3.62211
 459    4.88234
 460    4.07824
 461    2.76997
 462    3.26235
 463    3.97169
 464    2.86919
 465    6.9626
 466    1.26537
 467    5.10415
 468    4.52071
 469    5.90894
 470    1.46542
 471   13.048
 472    6.83225
 473    4.35332
 474    2.70669
 475    4.28476
 476    4.34386
 477    1.78579
 478    1.94306
 479   34.3867
 480    6.78413
 481    5.57207
 482    1.31363
 483    4.74092
 484    2.62793
 485    2.16564
 486    1.97834
 487    3.61539
 488    2.43026
 489    1.60875
 490    2.40018
 491    2.39252
 492    6.50375
 493    3.65915
 494    1.40635
 495    1.50948
 496    1.45565
 497    3.2276
 498    0.94458
 499    1.68377
 500    1.42195
 501    2.25
 502    2.54004
 503    0.70138
 504    1.75312
 505    1.07348
 506    0.9295
 507    3.1999
 508    0.38114
 509    1.36094
 510    0
 511    1.48079
