This file was gnenerated on 2021-06-22 18:04:48.900796 by Grant Finneman. This contains the extracted data from the Gate simulations
The edep for each bar was summed up and printed to this file. The only math operation done has been addition.

  id       edep
   0    3.24394
   1    1.56498
   2    0
   3    3.6177
   4    0.08435
   5    2.26783
   6    1.25406
   7    0.9
   8    2.62229
   9    1.31124
  10    0.72562
  11    2.96707
  12    5.03608
  13    0.39574
  14    2.34505
  15    0.86697
  16    3.70025
  17    4.40442
  18    3.18503
  19    3.19673
  20    1.79135
  21    3.19826
  22    2.31853
  23    0.98961
  24    1.9816
  25    3.10561
  26    3.93851
  27    3.17385
  28    2.80342
  29    4.20026
  30    1.54393
  31    7.42331
  32    1.96457
  33    3.95794
  34    3.89399
  35    2.33116
  36    2.95442
  37    1.31827
  38    0.75307
  39    0.69977
  40    1.70092
  41    3.06787
  42    0
  43    3.33964
  44    1.02899
  45    4.90849
  46    1.07398
  47   19.8071
  48    1.84871
  49    3.21117
  50    0.3662
  51    1.47841
  52    0.73923
  53    4.36704
  54    1.19452
  55    0.8999
  56    0.75369
  57    2.31046
  58    1.83851
  59    2.01008
  60    1.81528
  61    4.20364
  62    1.74973
  63    0
  64    2.29521
  65    2.49285
  66    2.52804
  67    2.43446
  68    1.89101
  69    3.33417
  70    0.75603
  71    1.1083
  72    0.74671
  73    5.47878
  74    9.15438
  75    4.08503
  76    5.72801
  77    3.87759
  78    1.07777
  79    7.39905
  80    5.5593
  81    8.42088
  82    8.41151
  83    2.14246
  84    4.25081
  85    2.97243
  86    2.48591
  87    3.72809
  88    7.91227
  89    6.83222
  90    9.49388
  91    5.72933
  92    1.79946
  93    3.87388
  94    6.10336
  95   15.8138
  96    3.69893
  97    2.77733
  98    4.71114
  99    6.74015
 100    3.54484
 101    4.78847
 102    3.7614
 103    3.63338
 104    2.20459
 105    2.5594
 106    4.02437
 107    1.77442
 108    5.06704
 109    5.69396
 110    4.30882
 111    1.3329
 112    1.33665
 113    1.93012
 114    2.62971
 115    1.24251
 116    4.26376
 117    1.18172
 118    1.53424
 119   24.3432
 120    3.5877
 121    1.7426
 122    0.58549
 123    2.337
 124    0.69974
 125    2.65864
 126    0.68171
 127    1.89723
 128    1.76454
 129    6.3464
 130    1.05086
 131    3.0212
 132    3.66778
 133    2.37228
 134    1.27759
 135    2.61264
 136    1.88396
 137    6.14015
 138    7.20582
 139    5.2143
 140    4.43771
 141    8.05513
 142    3.85357
 143    3.4653
 144   11.8689
 145   14.3774
 146   34.998
 147   18.6786
 148   38.5564
 149   57.159
 150    7.97835
 151   22.2994
 152  161.667
 153  138.108
 154  262.207
 155  174.868
 156  173.996
 157  189.483
 158  211.16
 159  151.978
 160   28.6766
 161   35.8314
 162   32.3577
 163   53.4315
 164   59.5112
 165   70.5054
 166   61.7532
 167   63.8535
 168    7.80527
 169    7.78622
 170    6.72744
 171    7.32241
 172    7.96542
 173   33.4283
 174    3.68699
 175   39.8976
 176    3.64374
 177    5.44346
 178    4.81604
 179    3.75674
 180    2.58328
 181    5.67784
 182    4.0593
 183    4.03597
 184    2.80827
 185    5.30737
 186    2.2426
 187    7.93615
 188    1.40512
 189    1.26994
 190    0.70677
 191    1.11463
 192    1.90317
 193    3.87592
 194    3.50649
 195    2.24264
 196    2.65593
 197    2.498
 198    2.05015
 199   10.7308
 200    3.54998
 201   26.2778
 202    8.04947
 203   11.7446
 204    4.3335
 205    3.7531
 206    5.77716
 207    3.40469
 208  137.354
 209  296.9
 210  222.998
 211  163.784
 212  240.01
 213  323.71
 214  171.59
 215  149.701
 216  325.999
 217  441.148
 218  497.776
 219  394.649
 220  392.463
 221  489.73
 222  434.762
 223  367.972
 224  336.339
 225  322.318
 226  412.61
 227  314.811
 228  389.046
 229  373.274
 230  383.058
 231  321.579
 232   95.8129
 233  134.616
 234  110.356
 235  103.041
 236  134.089
 237  170.063
 238  114.651
 239  177.464
 240    6.84311
 241   22.6117
 242    7.2984
 243    7.42514
 244    4.26637
 245   16.9182
 246    4.78516
 247    5.87479
 248    3.29167
 249    1.07437
 250    5.62289
 251    2.24941
 252    2.85713
 253    0.75912
 254    2.36282
 255    1.33015
 256    0.83481
 257    3.47534
 258    2.72412
 259    1.8966
 260    4.17348
 261    3.65806
 262    1.86899
 263    0.70202
 264    4.71909
 265    6.91108
 266    5.17055
 267    3.27553
 268    4.94388
 269    7.26042
 270    5.56673
 271    1.7833
 272   69.371
 273  101.994
 274   97.59
 275  140.499
 276  130.186
 277  114.761
 278   99.8398
 279  104.566
 280  345.085
 281  265.055
 282  311.32
 283  339.658
 284  306.409
 285  385.014
 286  382.009
 287  387.604
 288  397.724
 289  414.375
 290  444.995
 291  428.021
 292  459.165
 293  561.969
 294  455.644
 295  377.651
 296  126.67
 297  177.495
 298  176.832
 299  155.59
 300  202.263
 301  182.547
 302  203.545
 303  210.478
 304   28.1193
 305   25.3057
 306    8.06064
 307    7.91193
 308    2.91468
 309    5.4092
 310    4.62336
 311    6.14448
 312    3.45481
 313    1.1174
 314    3.54538
 315    2.2557
 316    3.07847
 317    1.09214
 318    1.45971
 319    2.80422
 320    3.22769
 321    2.18383
 322    1.89107
 323    3.29599
 324    2.96305
 325    0
 326    1.54489
 327    1.02775
 328    2.624
 329    3.93598
 330    3.9059
 331    5.75036
 332    3.34642
 333    3.14152
 334    3.94685
 335   10.0009
 336    7.06186
 337   24.2848
 338    9.26687
 339    7.76642
 340   10.2798
 341    8.86242
 342    5.18025
 343    5.40049
 344   30.7681
 345   49.059
 346   23.5563
 347   27.1956
 348   34.0013
 349   46.6661
 350   13.8596
 351   28.9181
 352  200.506
 353  198.839
 354  191.122
 355  209.736
 356  171.545
 357  142.504
 358  155.399
 359  199.495
 360   32.9015
 361   19.9591
 362   12.2106
 363   79.5842
 364   37.2538
 365   54.7345
 366   18.0506
 367   10.5455
 368    3.68325
 369    7.05545
 370    2.78441
 371    4.12891
 372    5.36632
 373    3.85385
 374    6.15789
 375    3.07943
 376    1.48013
 377    3.15993
 378    1.80777
 379    3.87948
 380    2.56687
 381    1.35028
 382    0.41908
 383   11.3295
 384    0.8935
 385    1.78923
 386    2.92219
 387    1.90181
 388    1.94882
 389    2.51669
 390    0.16359
 391    0.83598
 392    3.17546
 393    4.07502
 394    1.92831
 395    0.81824
 396    5.42807
 397    3.1302
 398    4.4845
 399    9.06512
 400    4.26011
 401    4.06589
 402    3.07624
 403    5.03129
 404    3.06489
 405    3.72109
 406    4.43969
 407    0.32597
 408    4.13801
 409    3.37559
 410    8.20712
 411    7.7371
 412    6.33346
 413    6.45332
 414    3.90974
 415    4.0899
 416    3.7106
 417   10.0331
 418    3.64093
 419    7.65686
 420    7.5682
 421   25.1335
 422    4.4045
 423    4.67686
 424    5.47972
 425    4.75599
 426    6.78836
 427    5.68531
 428    4.80934
 429    3.0961
 430    3.96087
 431   28.5998
 432    3.57853
 433    1.63342
 434    3.7769
 435    2.81096
 436    2.27106
 437    4.27805
 438   12.0358
 439   41.026
 440    3.27621
 441    2.0234
 442    3.72051
 443    0.88389
 444    0.28539
 445    1.47705
 446    1.37069
 447    1.4472
 448    0.59811
 449    2.34826
 450    1.04305
 451    0.86011
 452    0.60245
 453    0.89877
 454    0.22259
 455    0.73298
 456    3.39021
 457    2.2301
 458    0.02727
 459    3.41176
 460    2.54648
 461    0.67654
 462    3.81365
 463    0.20461
 464    3.9816
 465    2.33412
 466    1.84825
 467    1.28739
 468    3.8484
 469    1.74988
 470    2.01244
 471    8.48031
 472    3.85948
 473    2.23323
 474    5.04761
 475    1.24273
 476    4.53202
 477    5.49732
 478    1.7878
 479    0.48989
 480    2.94705
 481    4.32187
 482    3.02634
 483    3.71253
 484    1.51438
 485    2.80545
 486    0.58792
 487   24.5574
 488    3.12372
 489    4.2605
 490    2.11734
 491    1.84639
 492    5.83237
 493    2.31357
 494    3.52707
 495   13.3607
 496    0.49585
 497    0.46271
 498    2.39531
 499    2.1834
 500    1.87489
 501    0.81757
 502    1.73061
 503   21.4434
 504    3.97414
 505    0.16792
 506    1.08721
 507    1.66782
 508    0.98998
 509    1.52512
 510    0.76351
 511    2.13257
