This file was gnenerated on 2021-06-22 18:06:00.687841 by Grant Finneman. This contains the extracted data from the Gate simulations
The edep for each bar was summed up and printed to this file. The only math operation done has been addition.

  id       edep
   0    1.96105
   1    2.46991
   2    1.29318
   3    1.78592
   4    0.05108
   5    1.41589
   6    1.52223
   7    0
   8    2.19634
   9    1.74972
  10    0.82342
  11    3.23613
  12    1.68519
  13    1.11537
  14    2.02259
  15    9.36916
  16    1.53833
  17    1.05862
  18    0
  19    2.16484
  20    0.63125
  21    1.06565
  22    0.24138
  23    1.27191
  24    2.90631
  25    4.0787
  26    3.41641
  27    2.12054
  28    0.96614
  29    1.2084
  30    3.05316
  31    3.94997
  32    2.30551
  33    5.30411
  34    2.98328
  35    1.74246
  36    1.19763
  37    1.70157
  38    6.5421
  39    3.79811
  40    0.87332
  41    4.87617
  42    6.91142
  43    4.78139
  44    3.29394
  45    4.11309
  46    3.27463
  47    2.19292
  48    0.5424
  49    0.03676
  50    0.80888
  51    2.25943
  52    1.48132
  53    3.27081
  54    2.95805
  55    5.24898
  56    2.3912
  57    2.81316
  58    0.34474
  59    1.04262
  60    2.23818
  61    1.92077
  62    2.37602
  63    1.18662
  64    1.083
  65    0.85525
  66    1.80386
  67    1.52232
  68    3.23749
  69    1.92426
  70    1.69485
  71    0.73724
  72    1.30965
  73    2.45831
  74    2.72445
  75    4.87366
  76    3.60033
  77    2.95589
  78    3.14224
  79    0.9486
  80    3.7136
  81    5.02504
  82    6.88235
  83   12.2399
  84    2.50264
  85    5.96697
  86    8.88713
  87    2.65356
  88   21.0467
  89    4.81345
  90   13.0952
  91   32.2086
  92   14.8957
  93   38.3358
  94    9.18018
  95   10.248
  96    7.95088
  97   11.4135
  98   23.8843
  99   11.0571
 100   15.8194
 101   11.921
 102    7.54262
 103   31.3609
 104    8.10496
 105    9.38336
 106    8.10967
 107    5.48163
 108    5.70486
 109    5.39256
 110    6.12178
 111   14.7205
 112    2.46896
 113    0.63974
 114    4.401
 115    4.15001
 116    2.57165
 117    4.69074
 118    0.6521
 119   51.7764
 120    1.68909
 121    0.02965
 122    0.63659
 123    3.47694
 124    2.53372
 125    0
 126    0.40967
 127   21.2856
 128    2.10289
 129    1.7527
 130    0.22316
 131    3.14658
 132    1.56753
 133    2.49136
 134    1.01403
 135    5.79095
 136    5.45333
 137    1.79088
 138    5.39522
 139    4.43829
 140    7.14086
 141    2.60243
 142    3.58275
 143   17.8951
 144    8.45738
 145   19.3259
 146   25.323
 147   12.2303
 148   28.1564
 149   18.2781
 150    7.72287
 151   24.5644
 152  212.357
 153  209.336
 154  211.869
 155  255.085
 156  254.846
 157  283.53
 158  286.184
 159  270.055
 160  258.501
 161  257.47
 162  311.711
 163  343.852
 164  329.182
 165  282.166
 166  256.657
 167  267.531
 168   33.6231
 169   26.6771
 170   29.39
 171    9.91778
 172   27.4196
 173   33.2518
 174   17.1151
 175   24.8281
 176    1.35343
 177    3.02818
 178    6.37135
 179    2.99547
 180    3.67598
 181    3.32995
 182    2.42381
 183   32.258
 184    0.48796
 185    2.98326
 186    3.42357
 187    5.09126
 188    1.10172
 189    1.93858
 190    0.26608
 191   17.919
 192    1.205
 193    1.52278
 194    1.05646
 195    1.54269
 196    0.26808
 197    2.94266
 198    3.95398
 199    1.52451
 200    1.54291
 201    4.62053
 202    6.46075
 203    3.82211
 204    6.21907
 205    4.6606
 206    4.42682
 207    3.67144
 208   14.6999
 209   13.5662
 210   26.3401
 211   58.8966
 212   48.3153
 213   31.6415
 214    7.75276
 215   22.5345
 216  239.386
 217  223.967
 218  226.954
 219  326.243
 220  335.903
 221  388.686
 222  341.827
 223  275.086
 224  233.045
 225  274.839
 226  288.43
 227  269.681
 228  316.484
 229  365.171
 230  321.954
 231  318.965
 232   36.8114
 233   12.9843
 234   45.0484
 235   33.4362
 236   32.6956
 237   51.2832
 238   46.6831
 239   50.6718
 240    0.88533
 241    4.90176
 242    6.2564
 243    4.82253
 244    5.65047
 245    1.47091
 246    2.56306
 247    1.9995
 248    0.84962
 249    2.92148
 250    1.04556
 251    1.119
 252    3.33579
 253    1.87917
 254    3.28592
 255    0.97931
 256    2.35313
 257    1.208
 258    3.67897
 259    2.80862
 260    2.37511
 261    0.1768
 262    1.27368
 263    1.21721
 264    7.37087
 265    6.36061
 266    4.56527
 267    3.72157
 268    4.5245
 269    4.46398
 270    5.31043
 271    3.55168
 272   12.0168
 273   23.844
 274   20.9869
 275   33.835
 276   21.9695
 277   66.8724
 278   18.6007
 279   22.7891
 280  200.25
 281  340.495
 282  290.724
 283  268.146
 284  327.055
 285  321.388
 286  280.895
 287  305.175
 288  300.689
 289  365.966
 290  295.07
 291  240.836
 292  286.48
 293  339.943
 294  287.601
 295  302.409
 296   29.3773
 297   12.6876
 298   13.7642
 299   16.0953
 300   12.9114
 301   21.9199
 302   17.236
 303   17.0927
 304    3.46335
 305    3.65376
 306    6.29299
 307    5.36517
 308    6.6462
 309    4.11285
 310    8.11151
 311    0.46085
 312    0.87898
 313    2.29878
 314    3.7832
 315    3.24484
 316    0.17144
 317    2.50643
 318    2.67841
 319    0
 320    2.22691
 321    2.37876
 322    1.16947
 323   11.9189
 324    1.44366
 325    2.06429
 326    2.99687
 327   23.2426
 328    6.76631
 329    4.49521
 330    2.11858
 331    4.61964
 332   11.0028
 333    6.51985
 334    0.19732
 335   24.2456
 336   41.0456
 337   11.4619
 338   13.1732
 339   22.7203
 340   12.2312
 341   48.9697
 342    6.74686
 343   37.4909
 344  279.14
 345  276.957
 346  272.346
 347  274.663
 348  331.001
 349  353.082
 350  237.119
 351  288.095
 352  309.826
 353  284.82
 354  202.195
 355  185.842
 356  228.558
 357  337.765
 358  252.666
 359  292.886
 360   26.2257
 361   27.0864
 362   13.3477
 363   11.3525
 364    8.97576
 365   36.8395
 366    9.72215
 367    8.756
 368    1.11685
 369    7.12498
 370    7.26071
 371    5.49315
 372    7.59642
 373    3.63449
 374    3.80923
 375   30.1554
 376    0.79547
 377    3.58438
 378    1.96778
 379    2.52782
 380    0.60132
 381    1.75958
 382    0.47168
 383   13.8134
 384    1.30683
 385    2.39213
 386    2.24694
 387    0.57161
 388    1.67388
 389    0.99527
 390    1.81168
 391    0.03654
 392    3.40461
 393    3.40963
 394    6.77411
 395    2.51444
 396    2.89194
 397    4.15986
 398    1.59686
 399    1.07866
 400    4.75941
 401    4.8992
 402    5.16292
 403    4.66895
 404    4.60325
 405    5.43103
 406    2.6776
 407    4.73064
 408   10.6848
 409   10.0972
 410    9.47412
 411   30.5952
 412   24.1544
 413    7.47953
 414   25.2966
 415   26.2273
 416    9.06717
 417   14.4782
 418    7.89772
 419   30.3869
 420   14.1674
 421   12.6117
 422    6.34261
 423   38.3732
 424    7.50605
 425    7.87701
 426    3.10914
 427    5.46362
 428    8.27066
 429    5.85093
 430    5.0754
 431   13.6992
 432    4.93722
 433    3.859
 434    3.82071
 435    2.80359
 436    3.54515
 437    5.36335
 438    4.94892
 439   14.8321
 440    1.28878
 441    2.20351
 442    0.72971
 443    1.77862
 444    2.85648
 445    0.33535
 446    1.20405
 447   11.2039
 448    1.70704
 449    1.11056
 450    0.52639
 451    1.47436
 452    0.5156
 453    0
 454    0.43611
 455    0.21274
 456    0
 457    2.92221
 458    2.6011
 459    2.36034
 460    1.12278
 461    1.19281
 462    2.70158
 463    2.09429
 464    1.37757
 465    3.17569
 466    1.29343
 467    4.54019
 468    5.8625
 469    5.27764
 470    1.3629
 471   11.5252
 472    4.44927
 473    8.25797
 474    2.50705
 475    2.96728
 476    3.22105
 477    1.4583
 478    2.02004
 479    3.15289
 480    7.68723
 481    2.8649
 482    2.24653
 483    3.06346
 484    5.20413
 485    4.22571
 486    3.35341
 487   16.9269
 488    1.01965
 489    4.25038
 490    5.00534
 491    1.69475
 492    1.81795
 493    4.44694
 494    1.67822
 495    1.79744
 496    0.7966
 497    1.58708
 498    3.68095
 499    1.58324
 500    4.02752
 501    0.49382
 502    2.26135
 503    1.33367
 504    1.77933
 505    1.39431
 506    0
 507    0.28438
 508    3.15533
 509    2.83739
 510    0.67837
 511    2.34634
