This file was gnenerated on 2021-06-22 18:04:37.902276 by Grant Finneman. This contains the extracted data from the Gate simulations
The edep for each bar was summed up and printed to this file. The only math operation done has been addition.

  id       edep
   0    0.7856
   1    0.55592
   2    1.902
   3    2.098
   4    0.58977
   5    1.84151
   6    0.34776
   7   13.852
   8    4.99473
   9    5.63487
  10    3.75654
  11    2.1587
  12    1.69488
  13    1.38655
  14    2.39189
  15    1.89368
  16    1.0938
  17    1.95745
  18    1.41868
  19    3.16164
  20    1.51463
  21    1.11103
  22    3.78851
  23    1.14017
  24    3.82953
  25    3.0321
  26    3.98028
  27    2.91788
  28    3.58755
  29    2.67633
  30    2.81782
  31    0
  32    1.44864
  33    3.70461
  34    2.71729
  35    3.91048
  36    4.05154
  37    3.54538
  38    1.06803
  39    0.11871
  40    3.00875
  41    2.128
  42    3.59472
  43    2.88832
  44    1.90873
  45    3.62992
  46    1.6515
  47    1.33433
  48    1.85127
  49    0.51682
  50    1.59045
  51    1.45755
  52    0.82495
  53    1.53414
  54    1.43206
  55    0.82533
  56    1.03121
  57    1.02061
  58    0
  59    1.84877
  60    1.44163
  61    3.09641
  62    0.46382
  63    1.09571
  64    2.76858
  65    1.36924
  66    2.74528
  67    2.2348
  68    1.14537
  69    2.75714
  70    1.9935
  71    0.07474
  72    2.1456
  73    4.13556
  74    4.36487
  75    1.32974
  76    3.55853
  77    5.69891
  78    6.69739
  79   16.2672
  80    2.98683
  81    1.98886
  82    5.97111
  83    7.51133
  84    6.4151
  85    7.62546
  86    6.52209
  87    2.25292
  88    4.85602
  89    6.53506
  90    4.54341
  91    5.8372
  92    7.23494
  93    6.0651
  94    9.39724
  95    8.62021
  96    4.71612
  97    7.34531
  98    7.18952
  99    7.78216
 100    4.75874
 101    7.33556
 102    6.04796
 103   56.1023
 104    4.66504
 105    3.63898
 106    6.31627
 107    3.47022
 108    3.92798
 109    3.27305
 110    3.63904
 111    6.70285
 112    1.66876
 113    4.92372
 114    4.99977
 115    2.76313
 116    3.29923
 117    1.92935
 118    3.66853
 119    4.86108
 120    1.86464
 121    1.97149
 122    1.7291
 123    2.95061
 124    1.0528
 125    1.81907
 126    1.3432
 127    0
 128    3.32739
 129    1.80159
 130    1.70619
 131    3.08974
 132    0.94812
 133    2.74932
 134    1.35442
 135   23.4899
 136    5.03654
 137    5.30969
 138    7.21174
 139    6.68428
 140    2.22915
 141    7.90078
 142    7.17737
 143    1.65987
 144   46.1178
 145   40.6435
 146   48.0006
 147   87.0649
 148   37.9744
 149   22.2006
 150   35.0858
 151   14.5636
 152   93.2825
 153   78.0278
 154   66.3923
 155   80.9771
 156  103.762
 157  171.404
 158  136.512
 159  123.685
 160   11.2272
 161    9.84239
 162   13.3242
 163    8.53449
 164   12.7992
 165   11.442
 166   13.9248
 167   23.2474
 168    6.32085
 169    7.32431
 170    6.87555
 171    4.00582
 172    3.44053
 173    2.58325
 174    4.98479
 175   28.0039
 176    5.84916
 177    2.0296
 178    5.95484
 179    2.63114
 180    4.94198
 181    3.06898
 182    2.32067
 183    3.7422
 184    2.51493
 185    3.311
 186    5.13676
 187    4.06679
 188    2.16099
 189    2.66196
 190    0.77022
 191    1.7638
 192    1.61882
 193    4.34076
 194    1.5374
 195    1.75973
 196    4.08052
 197    3.76672
 198    0.98965
 199    8.81698
 200    4.20559
 201    5.06239
 202    5.45655
 203    6.148
 204    4.43245
 205    2.80846
 206    4.20172
 207   34.5632
 208  117.924
 209  128.203
 210   73.83
 211   77.7029
 212  121.361
 213  171.066
 214  119.497
 215  104.216
 216  841.05
 217  749.925
 218  822.369
 219  785.078
 220  761.255
 221  839.456
 222  834.387
 223  767.495
 224  132.789
 225   86.7853
 226  122.588
 227  217.405
 228  173.676
 229  119.797
 230  109.423
 231  100.195
 232    8.8948
 233   13.7721
 234   10.2584
 235   11.4687
 236    9.67363
 237    9.37571
 238    8.6131
 239    8.97999
 240    5.89919
 241    5.14714
 242    3.84432
 243    6.95208
 244    3.25715
 245    5.05701
 246    5.05048
 247   23.7303
 248    2.22985
 249    2.53769
 250    2.68257
 251    3.50463
 252    2.45265
 253    3.80571
 254    1.52598
 255    0.12264
 256    1.59878
 257    2.10507
 258    4.7306
 259    3.97984
 260    2.21156
 261    1.93219
 262    2.20625
 263    7.43044
 264    2.54056
 265    2.93271
 266    4.04124
 267    4.25257
 268    8.55174
 269    5.80037
 270    2.41001
 271    3.48921
 272   11.8095
 273    7.59485
 274   12.6357
 275   14.2764
 276   13.425
 277    7.67827
 278   11.4312
 279   23.456
 280  144.526
 281  127.821
 282  165.67
 283  119.481
 284  123.688
 285  110.174
 286  142.337
 287  200.101
 288  884.763
 289  847.413
 290  912.892
 291  902.333
 292  811.411
 293  881.911
 294  795.997
 295  768.96
 296  119.395
 297  121.137
 298   73.5913
 299  134.606
 300  133.506
 301  117.997
 302   78.6677
 303   63.0632
 304    4.65529
 305    6.41178
 306    5.73479
 307    3.20871
 308    7.76427
 309    3.29137
 310    5.90906
 311   38.3848
 312    5.12314
 313    2.99672
 314    5.25431
 315    2.27384
 316    1.17334
 317    2.35605
 318    0.96634
 319    8.80782
 320    2.76146
 321    1.14899
 322    5.64086
 323    1.33751
 324    2.44755
 325    1.32896
 326    4.40229
 327    0.87578
 328    1.47759
 329    4.09643
 330    3.4481
 331    3.73442
 332    6.23745
 333    4.40172
 334    2.6965
 335   26.3037
 336    4.21747
 337    5.61215
 338    4.328
 339    5.74049
 340    8.56717
 341    8.44963
 342    7.5061
 343    4.88002
 344   11.505
 345   20.5741
 346   28.6069
 347   18.751
 348   14.4318
 349    4.70231
 350   10.6373
 351   24.6907
 352  128.557
 353  142.972
 354  184.219
 355  155.798
 356  138.81
 357  146.299
 358   98.4142
 359  106.725
 360   21.3528
 361   53.4041
 362   60.91
 363   24.1463
 364   33.4118
 365   29.7874
 366   22.7613
 367   18.7391
 368    3.32112
 369    5.93295
 370    4.06806
 371    4.37599
 372    6.16976
 373    5.15752
 374    3.83192
 375    3.44543
 376    1.54095
 377    2.06331
 378    4.95417
 379    0.79945
 380    2.73194
 381    3.43615
 382    2.13014
 383    1.58042
 384    3.04996
 385    2.24587
 386    1.08164
 387    0.61639
 388    1.65188
 389    0.22069
 390    2.30788
 391    0.33805
 392    3.9962
 393    2.50834
 394    1.65117
 395    2.58269
 396    4.47314
 397    1.23723
 398    1.52996
 399    2.12625
 400    5.20379
 401    8.27825
 402    3.61602
 403    3.38651
 404    1.30771
 405    4.02656
 406    2.74075
 407    4.1355
 408    3.00146
 409    3.38998
 410    4.59817
 411    4.45295
 412    6.20422
 413    8.76383
 414    4.04548
 415   17.8789
 416    5.67036
 417    5.58827
 418    9.81509
 419    5.39692
 420    8.97687
 421    8.69519
 422    2.99781
 423   33.2256
 424    4.14943
 425    3.64051
 426    4.70388
 427    3.71548
 428    4.17235
 429    3.65191
 430    1.4491
 431    9.86513
 432    3.76528
 433    4.48871
 434    4.82272
 435    2.52323
 436    3.16378
 437    1.27287
 438    3.18332
 439    3.40071
 440    2.59084
 441    1.36951
 442    3.32569
 443    2.19664
 444    3.09761
 445    0.48359
 446    1.47382
 447   15.7974
 448    2.67843
 449    1.97857
 450    1.51074
 451    1.00292
 452    2.91129
 453    0.59489
 454    0.13083
 455    1.45763
 456    0.5187
 457    5.84994
 458    2.02334
 459    0.86224
 460    2.13677
 461    2.20452
 462    3.77803
 463    0.40554
 464    1.71423
 465    3.91317
 466    2.26146
 467    0.99788
 468    4.88737
 469    1.5669
 470    1.4499
 471    0.12664
 472    2.168
 473    1.72687
 474    3.47242
 475    2.3163
 476    4.32758
 477    0.85295
 478    2.09399
 479    2.32653
 480    4.50753
 481    2.00268
 482    2.48477
 483    1.15795
 484    0.96301
 485    3.38097
 486    0.90603
 487   19.6235
 488    1.59258
 489    3.93082
 490    0.81885
 491    1.56204
 492    3.87928
 493    3.91674
 494    4.69884
 495    3.91482
 496    0.93351
 497    0.55783
 498    2.56594
 499    2.65453
 500    2.1275
 501    1.73755
 502    1.45851
 503    2.2993
 504    0.36692
 505    1.27912
 506    0
 507    0.81673
 508    1.53379
 509    0.48149
 510    3.56684
 511    1.64371
