This file was gnenerated on 2021-06-22 18:02:44.960737 by Grant Finneman. This contains the extracted data from the Gate simulations
The edep for each bar was summed up and printed to this file. The only math operation done has been addition.

  id       edep
   0    0
   1    0.11621
   2    1.35628
   3    1.91787
   4    0.33449
   5    0.12122
   6    0.54721
   7    0.07043
   8    0
   9    0.6955
  10    3.2817
  11    1.32545
  12    2.20857
  13    1.50189
  14    0.0473
  15    1.52409
  16    1.27016
  17    3.40184
  18    3.77302
  19    1.67184
  20    0.97299
  21    1.87499
  22    3.30806
  23    1.56047
  24    0.93248
  25    1.75593
  26    2.69387
  27    4.08675
  28    4.39666
  29    1.38642
  30    2.76704
  31    1.82849
  32    4.64955
  33    5.31053
  34    3.09784
  35    4.25701
  36    0.33348
  37    1.86773
  38    3.96959
  39    6.12959
  40    3.80527
  41    0.26574
  42    1.53904
  43    1.354
  44    0.05283
  45    2.55396
  46    2.51113
  47   17.9128
  48    0.80204
  49    2.29312
  50    1.52421
  51    2.38532
  52    2.41351
  53    0.5808
  54    0
  55    0.00473
  56    0.428
  57    0
  58    1.28052
  59    1.03064
  60    0.96058
  61    1.40637
  62    0
  63    1.63762
  64    2.0061
  65    1.48563
  66    1.65022
  67    1.81113
  68    3.46836
  69    2.61977
  70    1.67731
  71    4.6551
  72    2.41032
  73    3.60444
  74    1.37563
  75    4.3379
  76    4.67183
  77    2.26354
  78    0.8525
  79    0.99209
  80    1.82817
  81    5.57309
  82    4.55769
  83    3.3792
  84    4.67695
  85    4.79831
  86    4.38591
  87   14.4886
  88    1.54623
  89    5.7777
  90    3.30186
  91    2.1028
  92    7.16836
  93    0.93698
  94   11.935
  95   34.8146
  96    3.97573
  97    5.58321
  98    4.20419
  99    5.26126
 100    2.93179
 101    0.58998
 102    7.14286
 103   14.4425
 104    2.79136
 105    2.19014
 106    5.11815
 107    4.39495
 108    2.63096
 109    3.97061
 110    3.44791
 111    2.06438
 112    0.13094
 113    3.2965
 114    3.56397
 115    2.47958
 116    2.37052
 117    3.99641
 118    3.76525
 119    1.64309
 120    2.06311
 121    2.03074
 122    1.54267
 123    0
 124    2.15051
 125    0.86227
 126    3.358
 127    1.84006
 128    3.07432
 129    3.45826
 130    3.73349
 131    2.49172
 132    1.49986
 133    5.35593
 134    4.15342
 135    2.69593
 136    4.30047
 137    4.15763
 138    6.00383
 139   10.526
 140    5.50084
 141    5.73779
 142    6.29392
 143    3.94848
 144   10.798
 145    5.61832
 146   10.0558
 147    8.39498
 148    7.91431
 149    7.16915
 150   10.6533
 151   36.6526
 152   15.4507
 153    5.56031
 154    6.98827
 155    8.03409
 156    5.76079
 157    9.57048
 158    6.22539
 159    3.63874
 160    7.26772
 161   23.8341
 162   26.4114
 163   24.5231
 164   16.4634
 165    8.13778
 166   11.7115
 167   19.7995
 168    3.55089
 169    6.92048
 170    5.96485
 171    5.79918
 172   11.3936
 173    5.60093
 174   10.8568
 175   12.9343
 176    6.62575
 177    4.03161
 178    6.93631
 179    4.76034
 180    7.93602
 181    3.67351
 182    5.02282
 183   26.8248
 184    1.29517
 185    3.91382
 186    4.68417
 187    0.76219
 188    4.508
 189    3.54194
 190    3.82768
 191    0.76859
 192    5.27401
 193    4.74109
 194    8.69429
 195    5.42289
 196    6.44153
 197    4.96854
 198    6.3544
 199    3.94283
 200  147.392
 201  132.273
 202   96.2356
 203   97.2075
 204   90.7908
 205  116.735
 206  128.701
 207  116.911
 208  213.491
 209  157.304
 210  183.781
 211  247.011
 212  258.18
 213  232.74
 214  220.298
 215  236.342
 216  230.038
 217  206.92
 218  228.265
 219  238.517
 220  225.413
 221  282.57
 222  211.335
 223  244.202
 224  172.749
 225  188.269
 226  215.339
 227  284.714
 228  259.886
 229  257.635
 230  222.914
 231  242.492
 232  173.234
 233  227.533
 234  191.447
 235  178.903
 236  209.146
 237  213.94
 238  294.039
 239  214.748
 240  116.1
 241  123.479
 242  208.562
 243  207.338
 244  130.835
 245   99.49
 246  119.85
 247  139.08
 248    5.19084
 249    3.72594
 250    7.38262
 251    2.03938
 252    4.49065
 253    2.37756
 254    5.62547
 255   13.7394
 256    4.10627
 257    8.04799
 258    3.28395
 259    4.75732
 260    6.14448
 261    4.90319
 262    4.27194
 263    2.60993
 264   85.4206
 265  114.769
 266  171.408
 267   98.8898
 268  121.835
 269  141.506
 270  173.112
 271  109.613
 272  192.427
 273  159.988
 274  206.364
 275  224.539
 276  265.024
 277  280.689
 278  251.045
 279  259.061
 280  212.04
 281  177.95
 282  227.337
 283  204.416
 284  248.513
 285  205.705
 286  235.981
 287  254.383
 288  256.584
 289  269.533
 290  257.895
 291  239.507
 292  262.455
 293  254.246
 294  215.77
 295  203.621
 296  204.47
 297  230.842
 298  260.481
 299  195.552
 300  203.44
 301  297.018
 302  316.501
 303  197.424
 304  107.263
 305  117.386
 306  164.393
 307  171.867
 308  140.337
 309  161.669
 310  124.526
 311  112.943
 312    2.15574
 313    5.87666
 314    1.51925
 315    4.6612
 316    2.91719
 317    1.78766
 318    2.81978
 319   27.5062
 320    3.69347
 321    5.98601
 322    3.71342
 323    7.48824
 324    3.57896
 325    3.51453
 326    2.2925
 327    1.60148
 328    3.60778
 329    4.22345
 330    5.5066
 331    8.50658
 332    5.95286
 333   27.9424
 334    4.28284
 335    7.60567
 336    3.86267
 337    3.07877
 338    6.27
 339   11.2651
 340    4.01605
 341   19.4832
 342    6.32688
 343   28.4462
 344    8.55817
 345    5.46794
 346    7.33688
 347    8.59052
 348    7.0139
 349    8.9493
 350    9.94932
 351   19.2264
 352    6.76482
 353    8.60031
 354    8.73502
 355   13.8982
 356    7.53879
 357    9.01858
 358    7.49909
 359   60.8227
 360    8.77267
 361    4.66656
 362   11.7429
 363    6.57161
 364    5.60663
 365    9.21228
 366    6.40721
 367    5.94873
 368    5.91167
 369    4.04513
 370    9.45248
 371   11.3686
 372   12.3743
 373    4.13799
 374    2.96757
 375   10.1273
 376    3.18733
 377    2.90585
 378    1.85233
 379    2.17636
 380    1.72456
 381    4.79332
 382   11.6193
 383    8.41614
 384    1.21848
 385    5.1272
 386    0
 387    3.05184
 388    1.31015
 389    1.59872
 390    2.65962
 391    6.66885
 392    1.9069
 393    3.08761
 394    0.51044
 395    2.9092
 396    2.46559
 397    0.92429
 398    0.83318
 399   12.3244
 400    1.24223
 401    5.03743
 402    6.00762
 403    8.03893
 404    6.40084
 405    1.215
 406    6.43891
 407   18.6602
 408    4.07369
 409    5.99895
 410    4.97201
 411    2.31367
 412    6.3433
 413    7.35929
 414    1.72766
 415    3.60676
 416    3.16161
 417    5.66127
 418    3.62519
 419    3.19524
 420    1.37829
 421    5.81118
 422    7.63386
 423    1.62214
 424    3.38279
 425    2.52147
 426    7.16129
 427    2.35583
 428    5.21171
 429    3.98242
 430    2.77982
 431    2.57049
 432    2.16559
 433    5.32465
 434    5.33837
 435    2.40162
 436    3.50599
 437    2.48644
 438    1.01818
 439    0.57439
 440    3.16826
 441    4.8784
 442    1.98673
 443    1.31347
 444    1.3855
 445    1.02727
 446    0.61791
 447    2.78552
 448    0
 449    1.02727
 450    2.6842
 451    1.92815
 452    0.92416
 453    0.83019
 454    1.8741
 455    2.56208
 456    0
 457    0.61706
 458    1.74242
 459    2.70471
 460    0.87317
 461    1.92363
 462    0.6514
 463    0.51669
 464    4.1667
 465    2.39
 466    1.24565
 467    1.82791
 468    5.05234
 469    0.77908
 470    3.99404
 471    0.35803
 472    0.64832
 473    1.83278
 474    1.78282
 475    3.78659
 476    3.81234
 477    3.93052
 478    1.69547
 479   23.816
 480    1.92502
 481    0.21823
 482    3.18763
 483    0.94643
 484    0.99516
 485    2.20416
 486    2.71086
 487    2.03168
 488    1.09867
 489    0.63819
 490    1.31119
 491    0.32604
 492    2.77617
 493    0.8357
 494    0.55061
 495    2.79219
 496    1.47198
 497    0.55918
 498    2.77023
 499    1.80214
 500    0
 501    2.09347
 502    0.80703
 503    0.49055
 504    3.1475
 505    0.71166
 506    2.00664
 507    0.70663
 508    0.88942
 509    1.87617
 510    1.20247
 511    1.38202
