This file was gnenerated on 2021-06-22 18:06:29.661330 by Grant Finneman. This contains the extracted data from the Gate simulations
The edep for each bar was summed up and printed to this file. The only math operation done has been addition.

  id       edep
   0    1.41931
   1    2.84277
   2    2.84148
   3    1.92275
   4    1.65567
   5    3.37501
   6    0
   7    0
   8    2.3497
   9    2.74118
  10    1.33267
  11    1.38126
  12    2.37268
  13    0
  14    0.57379
  15    1.9354
  16    1.44187
  17    5.67005
  18    3.98586
  19    3.00304
  20    1.34431
  21    2.83015
  22    0.98493
  23    1.48357
  24    3.69088
  25    2.41166
  26    5.19209
  27    2.63045
  28    6.25075
  29    2.14238
  30    0.04064
  31    3.98735
  32    2.14399
  33    5.10413
  34    3.00454
  35    4.34799
  36    2.56169
  37    2.7397
  38    4.36835
  39    2.23434
  40    1.42421
  41    1.03562
  42    4.69117
  43    1.1718
  44    2.03555
  45    1.06257
  46    2.52881
  47    2.57557
  48    1.27731
  49    0.98505
  50    0.24102
  51    1.35352
  52    3.06038
  53    1.30339
  54    2.77378
  55    1.46613
  56    0
  57    1.22404
  58    0.10315
  59    1.43213
  60    2.46731
  61    0
  62    0.03695
  63    1.74515
  64    7.2246
  65    0.55524
  66    5.14907
  67    2.99076
  68    1.24373
  69    5.63785
  70   14.6928
  71   12.7939
  72    5.16738
  73    2.41415
  74    2.46905
  75    3.0185
  76    2.76683
  77    3.48048
  78    3.06483
  79    2.30659
  80   14.8397
  81   12.7645
  82   20.7222
  83   39.7121
  84   13.0725
  85    8.47967
  86    8.36208
  87    4.65652
  88   38.194
  89   42.2216
  90   39.0178
  91   24.8863
  92   34.6555
  93   19.8364
  94   19.1282
  95   45.7672
  96    4.37499
  97    6.24241
  98    9.30765
  99    5.2685
 100    3.37697
 101    3.4922
 102    4.77229
 103   18.1461
 104    6.01442
 105    4.98066
 106    4.54365
 107    5.33386
 108    4.06696
 109    6.11288
 110    4.92376
 111   27.2733
 112    2.5071
 113    1.70533
 114    4.11544
 115    1.63549
 116    5.53046
 117    1.97809
 118    0.6574
 119    1.41588
 120    1.61164
 121    4.12041
 122    2.82733
 123    3.48441
 124    3.07438
 125    3.46654
 126    0
 127    0.36009
 128    4.26587
 129    2.21442
 130    2.77743
 131    1.40372
 132    0.80703
 133    3.9176
 134    1.54825
 135    9.52177
 136    6.34956
 137    6.49863
 138    5.20057
 139    8.13388
 140    4.88781
 141    3.30957
 142    2.83151
 143   10.8513
 144  185.562
 145  164.431
 146  185.449
 147  165.169
 148  134.351
 149  204.308
 150  173.768
 151  171.743
 152  352.63
 153  306.022
 154  344.171
 155  377.119
 156  349.45
 157  422.24
 158  329.8
 159  323.641
 160   20.2412
 161   10.2555
 162   12.4552
 163   14.5232
 164   15.3837
 165   12.671
 166   17.2004
 167   33.4882
 168   18.1592
 169    3.90179
 170   10.3766
 171    5.37701
 172    5.69538
 173    4.17004
 174    5.21038
 175    6.34065
 176    3.69182
 177    1.45845
 178    0.93767
 179    2.12695
 180    3.45075
 181    5.50674
 182    1.769
 183    2.2606
 184    0.66569
 185    1.62145
 186    1.33923
 187    1.04665
 188    3.17755
 189    2.01832
 190    1.65368
 191    0
 192    1.19168
 193    2.74186
 194    5.85188
 195    3.67721
 196    3.9071
 197    1.51507
 198    0.71684
 199   13.4543
 200    5.41737
 201    6.15648
 202    4.03023
 203    8.84969
 204    3.03502
 205    4.525
 206    3.55944
 207   16.7839
 208   30.6023
 209   23.8275
 210   28.537
 211   36.7214
 212   82.7611
 213   51.0471
 214   37.4863
 215   50.1437
 216  325.847
 217  410.405
 218  396.035
 219  416.871
 220  523.92
 221  441.159
 222  393.763
 223  507.333
 224  180.638
 225  175.902
 226  199.017
 227   97.9092
 228  161.982
 229  142.57
 230  147.432
 231  145.195
 232    7.71673
 233    9.05546
 234    8.58999
 235    6.83874
 236    8.55819
 237    7.67067
 238   12.1768
 239   10.2565
 240    6.70226
 241    4.40476
 242    6.88617
 243    3.30665
 244    4.6317
 245    2.14131
 246    4.11528
 247   40.3757
 248    3.4999
 249    1.02349
 250    1.22741
 251    3.75905
 252    2.27373
 253    0.15323
 254    1.34828
 255   24.7842
 256    1.85923
 257    4.22516
 258    0.9671
 259    3.13348
 260    0.34312
 261    1.97692
 262    1.18771
 263   19.9772
 264    5.97303
 265    5.83406
 266    6.7339
 267    5.4435
 268    2.09892
 269    4.22843
 270    3.86646
 271   16.9145
 272    6.82825
 273    8.10625
 274    5.84293
 275   12.4198
 276    8.0872
 277    4.91532
 278    3.32769
 279    4.47422
 280  108.741
 281  229.087
 282  226.527
 283  191.95
 284  207.281
 285  179.378
 286  156.291
 287  193.58
 288  354.328
 289  374.232
 290  486.263
 291  468.269
 292  507.679
 293  471.229
 294  419.868
 295  340.263
 296   16.4022
 297   34.0391
 298  108.985
 299   79.5766
 300   40.6277
 301   43.7413
 302   38.6988
 303   46.5722
 304    5.15576
 305    5.34798
 306    4.2442
 307    1.5903
 308    5.85809
 309    6.06341
 310    6.0196
 311   15.7227
 312    1.0633
 313    1.54602
 314    1.16175
 315    1.15607
 316    1.38199
 317    6.31975
 318    3.06893
 319    0.21734
 320    0.26919
 321    2.5172
 322    2.05682
 323    1.61536
 324    0
 325    2.15488
 326    0.56342
 327    2.69448
 328    1.53206
 329    2.91563
 330    3.84319
 331    1.81431
 332    4.14184
 333    2.48921
 334    2.24792
 335    1.55274
 336    4.54647
 337    7.66864
 338    6.21827
 339    7.10695
 340    5.25535
 341    4.78518
 342    4.7857
 343    7.39868
 344   12.4102
 345   49.4595
 346   17.4687
 347   11.1553
 348   10.9782
 349    9.5536
 350   10.5796
 351   33.6317
 352  311.7
 353  303.235
 354  297.143
 355  293.371
 356  354.423
 357  349.492
 358  332.274
 359  335.229
 360  158.086
 361  177.368
 362  166.835
 363  203.99
 364  184.428
 365  177.735
 366  240.257
 367  186.607
 368    5.25108
 369    3.19152
 370    4.68352
 371    7.35216
 372    9.65572
 373    8.13564
 374    8.11919
 375    2.16332
 376    3.03175
 377    2.50162
 378    1.39482
 379    0
 380    2.99712
 381    3.52157
 382    0.40407
 383    3.10332
 384    1.30369
 385    0.81417
 386    0.81083
 387    2.49794
 388    4.98123
 389    1.46412
 390    1.56351
 391    2.48602
 392    3.03817
 393    3.17913
 394    2.78614
 395    3.42205
 396    5.06261
 397    2.92912
 398    0.71756
 399   13.6082
 400   20.0641
 401    2.91819
 402    2.69443
 403    2.08318
 404    0.42666
 405    1.65413
 406    4.47864
 407   22.386
 408    5.79153
 409    6.16979
 410    9.22194
 411    4.35273
 412    3.85222
 413    2.77158
 414    4.41778
 415   13.9348
 416   34.1842
 417   36.7259
 418   43.0129
 419   29.4485
 420   33.415
 421   17.2296
 422   21.2102
 423   27.1987
 424   24.9158
 425   11.4998
 426    6.47356
 427   29.4549
 428   20.5845
 429    7.57704
 430   15.4151
 431   31.4128
 432    2.48248
 433    4.67272
 434    4.28002
 435    5.35445
 436    1.44754
 437    4.36712
 438    4.55866
 439   24.8849
 440    1.12336
 441    5.58986
 442    3.02033
 443    4.21992
 444    3.13576
 445    0.79312
 446    1.77669
 447    1.60958
 448    3.39308
 449    0.658
 450    1.83998
 451    0
 452    3.48149
 453    0.11529
 454    1.88224
 455    2.52808
 456    1.42395
 457    2.3239
 458    1.8026
 459    1.06739
 460    1.91742
 461    3.45484
 462    0
 463    1.42263
 464    1.71758
 465    2.70456
 466    2.07889
 467    0.95886
 468    0.14693
 469    1.43024
 470    1.64147
 471   24.5926
 472    3.02085
 473    1.02746
 474    1.18817
 475    7.03944
 476    1.77595
 477    1.7884
 478    2.9862
 479    1.37904
 480    0.33405
 481    3.78193
 482    3.3515
 483    3.40448
 484    1.63504
 485    3.76925
 486    1.86322
 487    0.43055
 488    1.48451
 489    2.00734
 490    1.02727
 491    4.1001
 492    4.51516
 493    2.7376
 494    3.79772
 495    0.5272
 496    2.3905
 497    2.46409
 498    3.46132
 499    1.00399
 500    0.79884
 501    3.59538
 502    1.89435
 503    0.90886
 504    0.84176
 505    0.50202
 506    4.3589
 507    1.33064
 508    2.41474
 509    2.28888
 510    1.73312
 511    4.75326
