This file was gnenerated on 2021-06-22 18:05:34.353778 by Grant Finneman. This contains the extracted data from the Gate simulations
The edep for each bar was summed up and printed to this file. The only math operation done has been addition.

  id       edep
   0    0.87354
   1    0.79583
   2    0
   3    1.37574
   4    1.5881
   5    2.5368
   6    0
   7    9.93616
   8    0.99142
   9    0.65969
  10    0.45997
  11    3.74652
  12    5.15354
  13    1.69315
  14    0.72249
  15    3.0934
  16    1.91531
  17    3.11084
  18    3.09965
  19    3.56012
  20    5.11748
  21    4.47766
  22    2.48754
  23    3.75293
  24    1.27783
  25    6.83299
  26    3.2026
  27    3.99882
  28    1.28758
  29    2.77263
  30    2.65743
  31    0.81869
  32    0.65987
  33    3.39026
  34    2.95174
  35    1.21408
  36    4.41581
  37    0
  38    2.29918
  39    1.48037
  40    3.06503
  41    2.13678
  42    4.00136
  43    2.47866
  44    3.50407
  45    2.59149
  46    2.25219
  47    0.74218
  48    1.14813
  49    0.78863
  50    4.17339
  51    4.80843
  52    1.25233
  53    2.71331
  54    1.6195
  55    1.30809
  56    0.13203
  57    3.1179
  58    2.5413
  59    1.58007
  60    0.63471
  61    0
  62    1.62406
  63   18.4644
  64    0.95752
  65    2.91304
  66    1.7112
  67    1.5065
  68    1.31505
  69    1.75549
  70    3.06254
  71    0.73641
  72    3.94455
  73    2.33435
  74    2.50861
  75    6.41918
  76    4.3935
  77    3.18381
  78    2.09922
  79    3.55576
  80    4.63018
  81    1.34046
  82    3.22405
  83    6.06484
  84    4.01897
  85    5.69312
  86    6.05
  87    3.22884
  88    5.92267
  89   28.5073
  90   18.8271
  91    4.59896
  92    7.53927
  93    3.55893
  94    2.97862
  95   18.4538
  96   13.8135
  97   30.1361
  98    8.65222
  99   19.4939
 100   32.8617
 101    7.96499
 102   17.764
 103    8.34654
 104   30.2385
 105   22.9635
 106   17.7236
 107    9.44173
 108    8.065
 109   21.3709
 110   10.6308
 111   12.9559
 112    0.63268
 113    3.62516
 114    4.31573
 115    1.96209
 116    3.37251
 117    3.09558
 118    2.5595
 119   47.768
 120    0.68454
 121    1.43958
 122    2.84236
 123    2.76456
 124    1.61157
 125    2.63021
 126    1.80795
 127    2.45244
 128    1.45732
 129    0.73274
 130    1.65844
 131    3.73058
 132    1.57284
 133    2.45526
 134    2.10379
 135    2.20077
 136    5.76118
 137    6.20121
 138    8.88022
 139    8.38982
 140    7.78882
 141   35.4728
 142   31.3847
 143   11.6029
 144  112.746
 145  103.195
 146   66.4972
 147   70.6336
 148  137.2
 149  134.42
 150   88.0588
 151   81.399
 152   85.4285
 153  134.339
 154  114.29
 155  140.174
 156  209.325
 157  155.505
 158  175.177
 159  127.984
 160  167.854
 161  154.838
 162  151.805
 163  275.878
 164  291.443
 165  230.026
 166  207.035
 167  187.296
 168  136.609
 169  113.031
 170  110.381
 171  146.084
 172   92.8386
 173   88.6088
 174   78.5898
 175   70.5219
 176    2.90081
 177    6.92102
 178    5.47231
 179    3.48871
 180    5.2443
 181    2.57636
 182    4.1331
 183   16.1376
 184    6.45888
 185    3.94412
 186    1.25618
 187    2.51518
 188    0.81869
 189    1.48935
 190    0.64607
 191    5.82483
 192    2.99775
 193    4.16719
 194    5.5913
 195    0.35731
 196    2.23764
 197    3.40376
 198    2.91807
 199    1.89156
 200    7.3741
 201    6.37455
 202   19.3279
 203   17.5403
 204   21.0218
 205   19.3702
 206   21.836
 207    9.60276
 208  167.663
 209  135.168
 210  182.839
 211  219.737
 212  224.785
 213  191.762
 214  179.762
 215  204.731
 216  200.823
 217  207.533
 218  242.483
 219  218.508
 220  221.908
 221  224.493
 222  208.06
 223  181.274
 224  175.472
 225  224.735
 226  230.052
 227  175.402
 228  207.465
 229  200.836
 230  228.369
 231  199.825
 232   96.337
 233  128.98
 234  163.921
 235  203.466
 236  185.924
 237  168.974
 238  124.258
 239  119.791
 240    8.56324
 241    5.72263
 242    9.42941
 243   10.6209
 244   12.0042
 245    5.94143
 246    3.70798
 247    9.59739
 248    1.16766
 249    2.53874
 250    4.6445
 251    0.50438
 252    4.97679
 253    2.04443
 254    5.912
 255    2.73462
 256    2.96066
 257    5.25364
 258    3.64517
 259    2.57934
 260    1.72585
 261    3.46157
 262    2.51549
 263    2.268
 264    6.82889
 265    5.81945
 266    6.52848
 267    6.89448
 268    5.53615
 269    4.30439
 270   20.6745
 271   25.5134
 272  113.607
 273  116.523
 274  117.186
 275  115.595
 276  183.628
 277  175.076
 278  102.273
 279   97.9131
 280  142.098
 281  197.937
 282  270.541
 283  220.215
 284  195.197
 285  269.038
 286  257.505
 287  205.466
 288  226.721
 289  238.823
 290  196.962
 291  219.696
 292  196.071
 293  165.539
 294  226.527
 295  205.16
 296  195.123
 297  174.308
 298  173.87
 299  161.155
 300  136.978
 301  114.933
 302  177.05
 303  184.96
 304    7.02341
 305    6.05683
 306   25.0812
 307   10.275
 308   21.41
 309   14.9605
 310   40.9554
 311   10.6004
 312    1.67222
 313    2.85814
 314    6.12977
 315    2.16219
 316    3.07043
 317    2.66813
 318    2.28304
 319    1.89781
 320    1.17654
 321    4.17722
 322    1.06982
 323    0.37842
 324    2.70571
 325    1.67285
 326    3.07896
 327    3.42041
 328    4.88281
 329    2.9139
 330    6.27436
 331    2.66811
 332    6.55555
 333    4.66759
 334    3.94991
 335   23.0955
 336   45.7479
 337   61.5638
 338   62.2512
 339  105.184
 340   83.6504
 341   86.2709
 342   75.6016
 343  111.396
 344  147.384
 345  160.807
 346  188.613
 347  215.902
 348  219.193
 349  229.828
 350  178.379
 351  177.829
 352  177.685
 353  133.894
 354  124.544
 355  116.357
 356   94.273
 357  189.733
 358  143.031
 359  184.219
 360   84.887
 361   63.3151
 362   61.4988
 363   65.1903
 364   45.0554
 365   73.7493
 366   55.3765
 367   60.7487
 368   32.6299
 369   29.068
 370   12.5529
 371    7.96645
 372    9.17814
 373    9.69114
 374   26.3772
 375   22.33
 376    6.75453
 377    2.60813
 378    3.89165
 379    2.5347
 380   21.3459
 381    1.50373
 382    2.49079
 383   20.5699
 384    3.54951
 385    3.93991
 386    3.98801
 387    1.79688
 388    0.23533
 389    0.72696
 390    1.63726
 391   13.144
 392    3.68731
 393    1.35473
 394    2.78195
 395    2.55625
 396    3.2356
 397    2.6058
 398    1.52757
 399   24.7343
 400    9.38259
 401    8.66439
 402   10.8952
 403   35.204
 404    6.79706
 405   28.0431
 406   10.015
 407   44.3523
 408    6.57925
 409   16.9205
 410    8.96383
 411   15.6538
 412    9.41265
 413    5.43176
 414   15.0885
 415   10.9369
 416    5.81791
 417    3.67924
 418    6.95743
 419    3.98472
 420   21.4807
 421   51.8331
 422   10.2965
 423    3.55159
 424    4.44431
 425    5.78549
 426    6.40517
 427    7.53363
 428    4.87894
 429    3.67871
 430    7.05902
 431    2.23693
 432    3.26408
 433    2.29416
 434    4.19635
 435    2.64145
 436    2.40479
 437    1.9329
 438    4.53984
 439   13.165
 440    3.10152
 441    4.8512
 442    2.16104
 443    0.00735
 444    1.46258
 445    0.4317
 446    2.23645
 447    2.52135
 448    1.02829
 449    0.32443
 450    1.23876
 451    0.68785
 452    1.06043
 453    0.16711
 454   12.3314
 455    2.00343
 456    0.91535
 457    2.01536
 458    1.9303
 459    1.63551
 460    1.79307
 461    1.37881
 462    2.19324
 463    1.3775
 464    0.23968
 465    1.28166
 466    1.42201
 467    2.77997
 468    1.74552
 469    3.72001
 470    1.89502
 471    6.38722
 472    3.88833
 473    3.9481
 474    1.9308
 475    2.31349
 476    2.0404
 477    4.40295
 478    1.96079
 479    1.5628
 480    3.94686
 481    3.0065
 482    2.19584
 483    1.02548
 484    5.11074
 485    3.39225
 486    2.90332
 487   12.9366
 488    1.43337
 489    4.46771
 490    3.02039
 491    4.87311
 492    1.22846
 493    0.85467
 494    2.5534
 495    7.42051
 496    2.1741
 497    3.13318
 498    3.4018
 499    3.28658
 500    1.29696
 501    1.78276
 502    0.6951
 503    2.28641
 504    1.00464
 505    0.99903
 506    0.79191
 507    0.66207
 508    0.64803
 509    1.58649
 510    0.94688
 511    0.969
