This file was gnenerated on 2021-06-22 18:03:55.475223 by Grant Finneman. This contains the extracted data from the Gate simulations
The edep for each bar was summed up and printed to this file. The only math operation done has been addition.

  id       edep
   0    3.31899
   1    1.68148
   2    0.39664
   3    0.65126
   4    1.16729
   5    1.56063
   6    1.7188
   7    1.79049
   8    2.71795
   9    3.94466
  10    4.98291
  11    3.51631
  12    4.73514
  13    1.77846
  14    4.65526
  15    0.79691
  16    3.43103
  17    1.6475
  18    2.86531
  19    3.01036
  20    2.66889
  21    3.48511
  22    4.78908
  23    5.90734
  24    1.82846
  25    3.66837
  26    0.96869
  27    3.54618
  28    2.11923
  29    2.23972
  30    5.99616
  31    3.16009
  32    2.79287
  33    2.28142
  34    1.62273
  35    3.31439
  36    2.40225
  37    0.67036
  38    2.4216
  39    3.15436
  40    0.38272
  41    1.71077
  42    3.48001
  43    1.11256
  44    4.07114
  45    2.75175
  46    1.54554
  47    0.81157
  48    3.52276
  49    0.88636
  50    1.97111
  51    1.7124
  52    4.16245
  53    2.51434
  54    2.73585
  55    9.21765
  56    1.39957
  57    1.25695
  58    0.95517
  59    2.23651
  60    0
  61    1.03126
  62    0.47547
  63    0.73946
  64    5.90947
  65    3.10171
  66    1.06349
  67    3.53551
  68    0.02915
  69    0.76302
  70    1.7664
  71    3.22095
  72    4.78697
  73    2.83576
  74    2.27636
  75    4.56277
  76    1.74471
  77    2.50427
  78    2.51211
  79   15.003
  80   11.5341
  81    5.06543
  82    4.0371
  83   10.556
  84    9.42458
  85    3.54666
  86    5.47761
  87    4.54547
  88    3.55447
  89    6.15316
  90    7.21605
  91    6.89562
  92    3.65516
  93    9.61015
  94    5.71873
  95    5.56846
  96    3.45075
  97    2.09681
  98    4.0979
  99    3.96904
 100    7.86078
 101    1.96278
 102    1.44431
 103   24.081
 104    3.87292
 105    3.65694
 106    5.71315
 107    3.0638
 108    5.35693
 109    3.00352
 110    2.6607
 111   19.0919
 112    2.60247
 113    2.0808
 114    1.01581
 115    4.8692
 116    0.64315
 117    2.40607
 118    0.48133
 119    1.03454
 120    1.86855
 121    1.82772
 122    0.41007
 123    3.10094
 124    1.43602
 125    0.62806
 126    1.97625
 127    5.54283
 128   21.5207
 129    1.10107
 130    3.50262
 131    4.58112
 132    1.14421
 133    5.073
 134    2.78403
 135    0.96091
 136    7.79556
 137   12.911
 138   12.9571
 139    7.85961
 140    6.86918
 141    4.08464
 142    4.18138
 143    7.98823
 144  189.444
 145  141.989
 146  188.789
 147  159.218
 148  183.391
 149  184.885
 150  199.886
 151  208.615
 152  167.826
 153  116.27
 154  115.34
 155  136.465
 156   94.7673
 157  176.564
 158  115.623
 159  123.294
 160    6.45071
 161   23.6632
 162   42.1782
 163   16.8309
 164   15.4849
 165   17.376
 166   36.1714
 167   18.7776
 168    4.35869
 169    4.13774
 170    2.96816
 171    4.99463
 172    3.04992
 173    5.93366
 174    6.76442
 175    5.02837
 176    3.56326
 177    5.59237
 178    3.09866
 179    3.12452
 180    1.82539
 181    5.61388
 182   10.1948
 183   10.9923
 184    4.99703
 185    3.85075
 186    4.31565
 187    2.9198
 188    3.68807
 189    3.82926
 190    2.66496
 191   11.1511
 192    4.8578
 193    7.95765
 194    5.20652
 195    4.04101
 196    6.19216
 197    3.58144
 198    2.79048
 199    5.02319
 200   42.4541
 201  110.073
 202   75.0986
 203   60.1979
 204   45.2904
 205   36.3633
 206   51.0534
 207   50.1175
 208  208.059
 209  223.651
 210  212.298
 211  294.826
 212  248.613
 213  293.735
 214  216.233
 215  226.264
 216  257.005
 217  243.274
 218  200.946
 219  163.195
 220  241.098
 221  338.946
 222  311.458
 223  311.019
 224  275.573
 225  234.044
 226  271.546
 227  205.98
 228  179.142
 229  270.966
 230  259.351
 231  222.789
 232  125.353
 233  103.216
 234   75.8766
 235  105.808
 236  130.178
 237  114.271
 238   79.0206
 239  107.939
 240    6.42204
 241   11.4543
 242   12.3554
 243   12.5296
 244   20.445
 245   11.0258
 246   18.146
 247   20.0159
 248    3.67072
 249    3.755
 250    4.59873
 251    4.71471
 252    3.92893
 253    3.83041
 254    4.39956
 255    6.20123
 256   19.3209
 257    2.83255
 258    1.99062
 259    6.21335
 260    3.09455
 261    5.45384
 262    5.04726
 263    1.25805
 264    7.2357
 265    5.96408
 266    9.85205
 267   25.8372
 268    9.0493
 269    5.9939
 270    9.22432
 271    1.27252
 272   57.139
 273   76.7076
 274   48.8349
 275  145.958
 276   85.1187
 277   83.5549
 278   53.4712
 279   61.4162
 280  250.425
 281  192.259
 282  205.165
 283  252.075
 284  211.19
 285  243.601
 286  214.594
 287  182.375
 288  273.175
 289  206.093
 290  307.41
 291  244.507
 292  216.961
 293  226.172
 294  297.786
 295  273.393
 296  202.528
 297  190.365
 298  245.395
 299  231.98
 300  208.954
 301  319.472
 302  287.309
 303  248.374
 304   58.6701
 305   58.7068
 306  111.506
 307   65.6864
 308  102.574
 309  109.162
 310   69.1657
 311   53.4462
 312    5.71611
 313    2.0639
 314    8.4184
 315    2.08235
 316    1.65913
 317    3.63542
 318    5.04055
 319   30.9282
 320    1.91194
 321    2.05346
 322    2.19901
 323    4.10162
 324    5.3707
 325    1.3565
 326    3.20376
 327   22.5145
 328    1.81751
 329    3.5417
 330    6.61176
 331    6.02771
 332    2.12811
 333    4.90491
 334    2.75196
 335    7.52
 336    7.10953
 337    5.72076
 338    7.13265
 339    6.91102
 340    9.46853
 341    4.20922
 342    9.18085
 343   42.4477
 344    9.58988
 345   35.6257
 346   22.5797
 347   23.6985
 348   11.6104
 349   30.0078
 350   20.461
 351   20.6081
 352   84.7059
 353  110.702
 354  134.693
 355  108.17
 356  113.754
 357  115.352
 358   97.9071
 359  123.383
 360  141.479
 361  171.007
 362  154.597
 363  168.104
 364  127.851
 365  221.786
 366  168.172
 367  194.454
 368    5.29173
 369   23.9753
 370    8.39555
 371   16.2257
 372    7.52296
 373    8.12925
 374    3.0273
 375   43.0563
 376    3.3697
 377    2.55287
 378    3.00945
 379    4.80593
 380    1.00419
 381    6.57093
 382    2.17063
 383    4.36572
 384    1.46907
 385    2.35355
 386    3.48539
 387    4.12837
 388    4.29727
 389    2.27755
 390    0
 391    1.11025
 392    1.93454
 393    3.90661
 394    2.57349
 395    1.58821
 396    1.89878
 397    2.43304
 398    1.59593
 399    9.89435
 400    2.85066
 401    1.97717
 402    1.59594
 403    3.554
 404    4.24418
 405    3.6105
 406    1.31328
 407    1.69764
 408    3.06503
 409    4.64413
 410    8.57392
 411    5.8755
 412    5.34029
 413    4.38573
 414    1.77127
 415    2.71266
 416    5.57207
 417    1.91984
 418    5.79115
 419    8.4255
 420    7.70424
 421   11.8771
 422    6.60137
 423    3.62007
 424   25.5019
 425    4.98512
 426    5.19779
 427    6.69976
 428    8.71882
 429    4.69263
 430    1.24758
 431   32.8955
 432    7.10954
 433    1.43332
 434    3.35658
 435    7.05469
 436    3.49916
 437    4.35896
 438    2.04692
 439   43.039
 440    2.40011
 441    0.87535
 442    2.32088
 443    3.41838
 444    2.09136
 445    0.56053
 446    0.4059
 447    1.03361
 448    1.89098
 449    1.75035
 450    0.52859
 451    0.20562
 452    2.42973
 453    0.35719
 454    1.13322
 455    0
 456    2.91007
 457    5.11382
 458    1.0246
 459    1.46474
 460    1.9993
 461    1.15156
 462    1.70182
 463    1.04363
 464    0.77723
 465    4.12505
 466    0.64844
 467    3.07119
 468    4.27805
 469    4.1971
 470    0.666
 471    2.15826
 472    1.58838
 473    4.48033
 474    3.66503
 475    3.54283
 476    3.38736
 477    2.7188
 478    2.0624
 479    2.16367
 480    6.14498
 481    4.49092
 482    4.83123
 483    1.85352
 484    2.0481
 485    2.89949
 486    1.96763
 487    5.0528
 488    2.92079
 489    4.73103
 490    4.92862
 491    2.42138
 492    3.62646
 493    1.50217
 494    0.57202
 495    3.5007
 496    4.76396
 497    1.79007
 498    1.22643
 499    0.24344
 500    0.98217
 501    0.84657
 502    2.52357
 503    4.2639
 504    1.33626
 505    1.13186
 506    0.95437
 507    1.61844
 508    1.44718
 509    2.1658
 510    1.25762
 511    1.6537
