This file was gnenerated on 2021-06-22 18:07:24.711639 by Grant Finneman. This contains the extracted data from the Gate simulations
The edep for each bar was summed up and printed to this file. The only math operation done has been addition.

  id       edep
   0    1.53938
   1    0.60732
   2    1.44482
   3    2.14179
   4    0.07614
   5    1.57169
   6    0.81051
   7    2.51322
   8    1.55105
   9    4.05117
  10    2.58778
  11    2.85631
  12    3.39213
  13    1.08374
  14    3.44723
  15    1.52205
  16    2.5752
  17    2.12142
  18    5.43377
  19    2.98968
  20    2.40256
  21    2.27888
  22    2.10367
  23   21.4876
  24    6.03513
  25    3.26429
  26    1.87938
  27    2.63156
  28    3.02768
  29    1.2612
  30    2.2145
  31    1.14329
  32    2.2115
  33    2.3405
  34    2.88551
  35    0.78513
  36    3.49504
  37    3.51455
  38    0.4952
  39    2.20595
  40    3.42828
  41    1.679
  42    1.35762
  43    3.00607
  44    5.12025
  45    5.25485
  46    1.59268
  47    2.33656
  48    2.35006
  49    0.90867
  50    1.73536
  51    1.02901
  52    0
  53    1.76174
  54    2.91643
  55    1.23244
  56    0
  57    0.53069
  58    0.94933
  59    1.08991
  60    0.30677
  61    0.97792
  62    0.71666
  63    0
  64    0.78017
  65    2.37817
  66    4.40247
  67    2.18164
  68    2.35224
  69    4.92086
  70    2.39102
  71    2.51592
  72    2.31249
  73    2.70707
  74    1.91706
  75    2.33947
  76    2.25468
  77    3.06452
  78    1.53332
  79    1.68346
  80    2.16193
  81    8.71068
  82    4.9092
  83    6.76671
  84    1.37933
  85    5.90169
  86    1.30254
  87   34.769
  88    5.52568
  89    2.84467
  90    8.09864
  91    7.67159
  92    5.20819
  93    3.91789
  94    5.57364
  95   40.2494
  96    5.65003
  97    8.88176
  98    5.1408
  99    5.99455
 100    2.98599
 101    5.41255
 102    4.09402
 103    1.6794
 104    3.76759
 105    1.23073
 106    1.45939
 107    4.60598
 108    4.27414
 109    1.97927
 110    2.95521
 111    1.32545
 112    2.4578
 113    1.34526
 114    2.88062
 115    1.74278
 116    1.31563
 117    1.11193
 118    3.99008
 119    1.39164
 120    1.09973
 121    1.5505
 122    4.63392
 123    2.02423
 124    2.21639
 125    0
 126    1.9081
 127   23.5602
 128    3.91966
 129    3.7262
 130    2.90946
 131    4.35606
 132    2.22276
 133    2.15928
 134    2.98015
 135    3.45205
 136   32.4825
 137   63.3866
 138   28.2243
 139   37.9103
 140   37.0535
 141   42.6137
 142   28.8498
 143   58.0853
 144   86.5087
 145  112.328
 146  122.922
 147  111.928
 148   94.9228
 149   95.0385
 150   79.6791
 151   88.7606
 152   51.7374
 153   32.807
 154   58.3653
 155   62.5432
 156   68.592
 157  143.598
 158   89.0563
 159   51.967
 160    8.90379
 161   26.7165
 162    6.45239
 163   14.2201
 164    8.35678
 165   66.7281
 166   11.5134
 167   36.2393
 168    6.33563
 169    7.28552
 170    9.82716
 171    8.63894
 172    5.58842
 173    5.78912
 174    7.55064
 175   17.1448
 176    7.68372
 177   16.6934
 178    6.792
 179    4.78392
 180    4.54528
 181    2.46501
 182    4.7759
 183    3.98903
 184    3.06886
 185    5.04946
 186    3.16736
 187    2.29373
 188    1.64613
 189    5.80867
 190    1.8722
 191    5.04935
 192    2.02006
 193    3.6279
 194    3.00419
 195    5.52809
 196    2.73218
 197    7.17665
 198    8.87828
 199   16.5011
 200   87.9309
 201   88.5169
 202   75.5061
 203   73.8206
 204   95.2661
 205  101.131
 206  101.74
 207  121.6
 208  206.775
 209  226.772
 210  231.822
 211  213.879
 212  237.699
 213  239.818
 214  258.513
 215  243.147
 216  279.525
 217  250.416
 218  284.269
 219  253.246
 220  231.327
 221  321.669
 222  300.846
 223  236.413
 224  241.313
 225  214.304
 226  221.371
 227  202.813
 228  197.627
 229  184.247
 230  206.506
 231  244.668
 232  100.613
 233  104.133
 234  251.291
 235  160.5
 236  148.718
 237  153.638
 238  218.087
 239  168.774
 240   62.7063
 241   62.6077
 242   66.825
 243   68.7547
 244   68.0923
 245   80.6142
 246   76.8811
 247  102.88
 248    2.44467
 249    1.15929
 250    2.5545
 251    3.98132
 252    3.88874
 253    4.78091
 254    1.2236
 255   18.196
 256    3.6328
 257    4.68235
 258    2.67297
 259    4.43044
 260    4.13151
 261    3.29312
 262   11.7302
 263    1.46172
 264   70.724
 265   55.2575
 266   50.1843
 267   65.4201
 268   56.0038
 269   52.3706
 270   73.6421
 271   62.7893
 272  138.794
 273  133.372
 274  149.03
 275  175.833
 276  177.412
 277  156.787
 278  131.327
 279  108.215
 280  169.768
 281  233.379
 282  269.073
 283  211.967
 284  192.371
 285  186.181
 286  209.781
 287  253.657
 288  240.542
 289  247.909
 290  237.148
 291  221.022
 292  200.828
 293  261.704
 294  202.142
 295  195.052
 296  259.897
 297  268.675
 298  266.374
 299  239.052
 300  276.505
 301  310.56
 302  267.358
 303  258.009
 304   92.6778
 305   87.432
 306   89.2954
 307  124.875
 308  146.257
 309  136.104
 310   90.0599
 311  134.753
 312   12.7032
 313    8.10288
 314    4.83943
 315    5.86508
 316    3.7466
 317    5.90419
 318    3.45916
 319    0.80133
 320    3.45898
 321    2.49805
 322    0.52195
 323    2.64778
 324    2.08132
 325    3.63932
 326    1.82225
 327    3.70751
 328    5.98232
 329    1.04844
 330    3.81829
 331    8.09924
 332    5.7996
 333    3.58541
 334    3.23576
 335   42.8177
 336    4.22115
 337   21.5871
 338   12.3224
 339    4.41989
 340   28.3305
 341    3.51667
 342    3.87627
 343    6.75473
 344   12.1408
 345    9.62176
 346   12.8365
 347    5.90968
 348   10.7496
 349   65.486
 350   57.1436
 351   12.6451
 352   42.9367
 353   30.9804
 354   49.6914
 355   48.9933
 356   80.5102
 357   85.3999
 358   75.8701
 359   50.1312
 360   88.2588
 361   77.5854
 362   90.4747
 363  100.774
 364  175.346
 365  172.087
 366  122.78
 367   99.33
 368   21.0333
 369   41.1924
 370   89.0654
 371   57.1235
 372   43.2045
 373   34.6219
 374   27.5907
 375   33.4468
 376    2.76918
 377    5.50297
 378    4.5025
 379    3.75433
 380    2.05769
 381    3.30024
 382    3.69681
 383    3.31286
 384    0.8978
 385    0.31625
 386    2.17552
 387    1.0831
 388    2.16898
 389    2.81952
 390    1.31916
 391    1.77482
 392    3.87908
 393    4.01254
 394    4.79719
 395    2.18893
 396    3.22042
 397    1.83788
 398    1.77071
 399    2.35332
 400    4.68061
 401    2.01743
 402    3.37122
 403    1.69275
 404    3.49428
 405    1.77006
 406    3.51755
 407    2.66823
 408    5.51329
 409    5.81756
 410    2.86348
 411    5.67943
 412    6.86268
 413    4.15308
 414    3.71945
 415    2.86905
 416    4.48952
 417    5.87765
 418    4.1571
 419    5.0686
 420    6.84905
 421    2.87025
 422    4.1857
 423    6.34147
 424    5.31573
 425    3.80461
 426    4.11514
 427    4.29067
 428    3.06579
 429    8.97637
 430    5.01321
 431    7.44604
 432    4.71315
 433    0.91041
 434    2.52573
 435    7.43701
 436    3.89122
 437    4.26627
 438    2.83637
 439    4.59655
 440    0.79597
 441    1.42194
 442    1.78498
 443    2.92484
 444    3.01911
 445    0.86981
 446    1.297
 447    1.33527
 448    2.96608
 449    1.15446
 450    0.82592
 451    1.2298
 452    1.91207
 453    1.11379
 454    0.21758
 455    2.42574
 456    2.32109
 457    0.47863
 458    1.5979
 459    0.78618
 460    0.15329
 461    0.46742
 462    1.74053
 463    1.10616
 464    2.11486
 465    3.12884
 466    4.00789
 467    1.29135
 468    0.51312
 469    1.9426
 470    1.07317
 471    2.005
 472    2.57055
 473    0.86833
 474    2.37463
 475    1.38294
 476    3.5099
 477    0.70903
 478    0.45421
 479    5.16113
 480    1.05428
 481    1.02212
 482    0.34023
 483    1.40656
 484    2.62685
 485    3.58944
 486    1.88587
 487   22.3997
 488    4.32486
 489    2.11016
 490    2.52207
 491    3.38162
 492    1.02406
 493    1.50681
 494    5.53897
 495    1.91352
 496    3.04261
 497    3.35109
 498    1.79772
 499    1.3213
 500    2.15778
 501    0.72775
 502    3.66264
 503    5.9332
 504    1.80656
 505    0.38176
 506    0.85212
 507    1.57701
 508    1.80747
 509    2.07841
 510    1.28107
 511    0.69777
