This file was gnenerated on 2021-06-22 18:05:39.936495 by Grant Finneman. This contains the extracted data from the Gate simulations
The edep for each bar was summed up and printed to this file. The only math operation done has been addition.

  id       edep
   0    1.8278
   1    0
   2    0.52456
   3    2.44772
   4    0.16548
   5    4.78979
   6    2.71087
   7    1.39116
   8    2.22802
   9    1.74957
  10    1.9774
  11    4.07394
  12    3.27142
  13    0.86993
  14    2.11538
  15    1.96748
  16    2.2883
  17    1.92548
  18    3.50746
  19    2.4413
  20    5.30557
  21    3.42582
  22    4.11955
  23    3.41147
  24    4.45172
  25    5.54894
  26    2.3433
  27    5.87911
  28    3.07112
  29    3.41881
  30    2.33193
  31    0.72647
  32    1.47892
  33    4.45513
  34    4.53186
  35    3.8717
  36    1.41532
  37    3.37182
  38   24.9692
  39    3.47294
  40    0.09138
  41    2.99774
  42    3.15991
  43    4.40752
  44    2.1759
  45    0.65878
  46    2.64118
  47   22.874
  48    4.30312
  49    1.18979
  50    3.66753
  51    2.44257
  52    2.19758
  53    0.87486
  54    1.81234
  55    1.29141
  56    1.82682
  57    0.31384
  58    1.23012
  59    0.53767
  60    0.87128
  61    0.96094
  62    0.94002
  63    0
  64    2.82374
  65    3.2208
  66    2.66264
  67    2.58698
  68    4.88821
  69    2.04123
  70    1.12775
  71    1.14777
  72    2.53058
  73    2.53766
  74    6.15366
  75    3.32519
  76    4.28723
  77    6.09636
  78    2.60622
  79    1.82897
  80    4.15164
  81    6.64022
  82    4.66754
  83    3.02085
  84    3.35184
  85    3.59155
  86    7.29397
  87   11.4138
  88   18.6805
  89    9.87159
  90   19.5666
  91   13.9227
  92   31.6294
  93   32.9791
  94   54.4531
  95   25.6681
  96   54.454
  97   53.2613
  98   54.3192
  99   76.1647
 100   73.1719
 101   45.9756
 102   78.2816
 103   47.8858
 104    6.38291
 105    9.42109
 106    3.78386
 107   24.5102
 108    8.59696
 109    6.61184
 110   14.1391
 111   15.0707
 112    1.21376
 113    0.18714
 114    9.45981
 115    4.98493
 116    1.91235
 117    4.35855
 118    3.2999
 119    4.30143
 120    0.73389
 121    1.39679
 122    2.46002
 123    2.33027
 124    1.02964
 125    3.60798
 126    1.25809
 127    2.59742
 128    3.59374
 129    4.23535
 130    3.42931
 131    1.84574
 132    2.32196
 133    3.12184
 134    3.209
 135    2.19053
 136    5.86746
 137    7.74586
 138    8.54128
 139    8.31205
 140   22.4826
 141   12.9532
 142    4.67762
 143   12.01
 144   63.4371
 145   76.9961
 146   93.7521
 147   78.0429
 148   67.3694
 149   95.1035
 150   85.5603
 151   85.9744
 152  258.466
 153  192.47
 154  163.869
 155  137.854
 156  202.474
 157  129.79
 158  112.062
 159  185.073
 160  168.262
 161  133.555
 162  200.691
 163  218.127
 164  210.455
 165  162.978
 166  179.17
 167  161.549
 168   34.2734
 169   69.4358
 170   76.1831
 171   38.9008
 172   20.5936
 173   31.2449
 174   54.5207
 175   55.8956
 176    5.9596
 177    4.99459
 178    2.61516
 179    5.43735
 180    6.79643
 181    3.37179
 182    2.9206
 183    3.72129
 184    1.38212
 185    1.84727
 186    1.44893
 187    3.04076
 188    1.81464
 189    5.13834
 190    1.50358
 191    0.33278
 192    3.10827
 193    6.07754
 194    6.38105
 195    7.13763
 196    0.71937
 197    3.79515
 198    1.00361
 199    8.24226
 200   37.8695
 201   48.7657
 202   37.8049
 203   55.3012
 204   87.9228
 205   50.9367
 206   52.3471
 207   92.5075
 208  196.112
 209  204.586
 210  169.178
 211  164.071
 212  208.709
 213  230.717
 214  152.025
 215  183.444
 216  187.547
 217  233.112
 218  168.459
 219  240.411
 220  226.566
 221  193.215
 222  149.782
 223  176.629
 224  160.465
 225  191.793
 226  210.279
 227  190.316
 228  258.955
 229  203.796
 230  155.664
 231  145.961
 232  137.899
 233  124.911
 234  141.884
 235  105.877
 236  114.22
 237  150.807
 238  142.104
 239  151.362
 240    5.81602
 241    6.30434
 242    3.87638
 243    7.61715
 244    7.32685
 245    7.40263
 246    4.17166
 247   12.1215
 248    5.84632
 249    2.02964
 250    2.22017
 251    2.60648
 252    2.33631
 253    3.03034
 254    6.11493
 255    1.97861
 256    3.74397
 257    5.48943
 258    3.53804
 259    2.88565
 260    1.02466
 261    1.21663
 262    1.75367
 263   18.728
 264    5.78213
 265    4.25957
 266    9.1769
 267    4.97014
 268    7.5827
 269    6.33717
 270    3.60348
 271   18.8743
 272   85.6786
 273   97.087
 274  118.045
 275  161.913
 276  182.347
 277  109.559
 278  104.513
 279  152.81
 280  240.839
 281  233.773
 282  149.276
 283  191.612
 284  251.455
 285  179.522
 286  140.11
 287  151.544
 288  195.318
 289  208.336
 290  134.393
 291  207.36
 292  241.255
 293  219.917
 294  175.789
 295  180.125
 296  192.42
 297  236.78
 298  268.879
 299  266.994
 300  246.121
 301  218.159
 302  142.437
 303  174.135
 304   71.6808
 305   34.6277
 306   39.8045
 307   36.9188
 308   35.3567
 309   35.9652
 310   34.2874
 311   41.8467
 312    3.39482
 313    4.07809
 314    5.08127
 315    1.3909
 316    1.94255
 317    4.36005
 318    0.5909
 319    0.33418
 320    4.28757
 321    5.30859
 322    2.84334
 323    1.89677
 324    0.81822
 325    1.0797
 326    2.3801
 327   10.2268
 328    2.54097
 329    2.09631
 330    7.87647
 331    2.09363
 332    3.27101
 333    4.36701
 334    2.51706
 335    3.58469
 336   35.8804
 337   39.8877
 338   50.918
 339   45.0171
 340   24.8692
 341   33.0477
 342   25.1693
 343   41.2854
 344  108.03
 345  144.79
 346  189.758
 347  170.519
 348  209.781
 349  230.738
 350  229.858
 351  191.939
 352  122.62
 353  128.018
 354  183.4
 355  181.59
 356  185.496
 357  151.479
 358  117.006
 359  106.183
 360  121.048
 361   99.5525
 362  202.172
 363  128.136
 364  127.755
 365   73.4839
 366   85.0702
 367   95.1935
 368    8.88372
 369   28.5952
 370   24.8182
 371   13.2714
 372   16.0331
 373    7.02456
 374    6.18798
 375   17.5038
 376    1.08437
 377    4.4602
 378    4.93989
 379    2.04437
 380    2.90038
 381    8.22499
 382    1.28002
 383    1.3033
 384    0.7577
 385    1.47111
 386    0.70488
 387    0.69029
 388    1.07201
 389    1.23418
 390    0.60581
 391    1.18673
 392    6.3786
 393    2.18483
 394    1.22398
 395    4.85617
 396    4.72331
 397    4.59833
 398    4.90065
 399    2.25062
 400    7.16846
 401    5.6993
 402    6.55705
 403    5.26602
 404    7.17211
 405    6.10168
 406    7.00448
 407    3.39466
 408   59.7978
 409   49.646
 410   47.3917
 411   51.5916
 412   65.7312
 413  115.441
 414   51.1888
 415   58.8496
 416    9.43492
 417   43.7858
 418   33.9286
 419   14.2173
 420   23.921
 421   45.6579
 422   25.2208
 423   19.5138
 424    5.35579
 425    6.05253
 426    2.64172
 427    2.07851
 428    9.15926
 429    3.30062
 430    4.15763
 431   18.1426
 432    1.45263
 433    3.32884
 434    2.89392
 435    3.43787
 436    3.65433
 437    2.9196
 438    5.24081
 439    1.66264
 440    2.1988
 441    5.07543
 442    4.18054
 443    1.32916
 444    0.56861
 445    3.93041
 446    2.18784
 447    0.7944
 448    0
 449    1.02584
 450    1.06662
 451    0.60581
 452    0.69367
 453    1.53361
 454    0.62725
 455    0
 456    0.58664
 457    0.98596
 458    4.92659
 459    1.66768
 460    0
 461    2.68028
 462    1.32822
 463    1.69294
 464    2.42226
 465    5.78864
 466    1.94594
 467    2.34834
 468    2.98754
 469    2.4887
 470    5.67972
 471    1.31046
 472    1.60866
 473    3.06997
 474    5.91072
 475    6.07083
 476    1.39124
 477    6.15975
 478    0.6777
 479    8.09063
 480    3.22844
 481    3.14297
 482    5.48014
 483    5.06746
 484    2.97774
 485    2.47184
 486    3.36519
 487   13.3543
 488    3.65353
 489    0.52472
 490    3.13176
 491    2.26618
 492    4.4812
 493    1.5944
 494    3.30869
 495   27.7119
 496    0.92131
 497    1.82315
 498    3.96029
 499    2.70801
 500    1.90542
 501    0
 502    4.49656
 503    3.40043
 504    0.85835
 505    1.97273
 506    2.00159
 507    1.03661
 508    0.88503
 509    1.87884
 510    3.00699
 511    2.03805
