This file was gnenerated on 2021-06-22 18:02:36.804861 by Grant Finneman. This contains the extracted data from the Gate simulations
The edep for each bar was summed up and printed to this file. The only math operation done has been addition.

  id       edep
   0    1.07809
   1    0.74517
   2    0
   3    0.96799
   4    1.89097
   5    0.61081
   6    0.37571
   7    0.5955
   8    0
   9    0.47848
  10    1.28009
  11    0.47038
  12    1.67386
  13    3.44569
  14    2.00513
  15    4.0882
  16    3.62293
  17    5.16978
  18    5.19234
  19    2.64758
  20    3.46314
  21    2.49664
  22    0.79125
  23    1.66757
  24    2.45284
  25    5.77311
  26    4.20913
  27    3.7914
  28    2.06854
  29    1.05926
  30    4.38309
  31    3.52139
  32    3.27041
  33    2.83123
  34    2.82886
  35    6.52814
  36    3.52583
  37    4.70382
  38    2.40072
  39    3.26472
  40    3.07767
  41    4.78585
  42    1.66669
  43    4.69836
  44    2.17963
  45    5.43702
  46    2.41357
  47    2.46661
  48    4.03821
  49    0.45596
  50    4.84832
  51    2.93315
  52    4.65536
  53    0.83477
  54    2.89242
  55   17.3409
  56    2.26188
  57    0
  58    1.84
  59    0.53182
  60    2.33578
  61    1.33302
  62    1.05989
  63   12.0605
  64    0.05292
  65    0.84847
  66    0.53058
  67    1.63934
  68    1.00348
  69    3.08154
  70    2.5178
  71    2.70524
  72    3.77595
  73    1.09213
  74    2.41297
  75    4.12697
  76    2.04017
  77    3.33893
  78    3.27642
  79    3.05165
  80    3.84167
  81    7.05792
  82    8.26104
  83    2.57405
  84    5.87225
  85    3.97279
  86    6.86488
  87    2.87476
  88   67.0669
  89   44.8308
  90   38.3827
  91   27.282
  92   65.6298
  93  109.732
  94   23.8104
  95   42.041
  96   22.0935
  97   39.7786
  98   15.0683
  99   47.4651
 100   87.8719
 101   33.5061
 102   51.7993
 103   31.6586
 104    8.14913
 105    7.62443
 106    4.3155
 107    8.15556
 108    7.97928
 109    6.39922
 110    4.59333
 111    2.47822
 112    3.63706
 113    2.76717
 114    5.16508
 115    2.06872
 116    7.58772
 117    2.04338
 118    4.16913
 119    1.14083
 120    0.42304
 121    2.60494
 122    4.19168
 123    0.26988
 124    2.65639
 125    0.58389
 126    0.84735
 127    1.12886
 128    0.26612
 129    0.11181
 130    1.32139
 131    3.7854
 132    0.41893
 133    4.27894
 134    0.21183
 135   12.9308
 136    1.1459
 137    5.57458
 138    5.6047
 139    4.30691
 140    0.91659
 141    4.52447
 142    1.32843
 143    3.06488
 144   11.864
 145   31.9408
 146   25.8464
 147   10.7368
 148    4.80421
 149    5.5161
 150    6.23915
 151   27.2526
 152  227.171
 153  256.297
 154  256.197
 155  289.354
 156  356.98
 157  384.945
 158  282.142
 159  353.098
 160  236.061
 161  283.72
 162  285.887
 163  266.531
 164  385.451
 165  352.045
 166  337.888
 167  299.959
 168   13.2722
 169    7.31179
 170    9.82609
 171    9.96869
 172    8.40051
 173    7.95724
 174    7.57883
 175   12.5288
 176    4.81622
 177    4.43394
 178    5.08488
 179    6.44502
 180    2.96697
 181    4.31027
 182    2.82069
 183   29.8602
 184    2.39308
 185    2.92116
 186    1.8434
 187    0.6483
 188    0.23908
 189    2.90455
 190    0
 191    1.41743
 192    1.29529
 193    0.72642
 194    3.06047
 195    0.11541
 196    2.76139
 197    3.16706
 198    2.87703
 199    2.99395
 200    5.02928
 201    5.88809
 202    6.26409
 203    5.26001
 204    2.22635
 205    3.23916
 206    4.70784
 207    3.53922
 208    8.64564
 209   10.0154
 210   15.2732
 211   12.906
 212   12.3403
 213    8.76822
 214   12.7824
 215   48.9936
 216  292.578
 217  321.24
 218  413.442
 219  323.044
 220  311.039
 221  331.839
 222  261.902
 223  290.5
 224  263.241
 225  353.626
 226  321.451
 227  317.165
 228  297.88
 229  332.939
 230  282.342
 231  292.494
 232   19.2781
 233    7.57284
 234   10.7871
 235    4.97213
 236   12.8996
 237   22.7635
 238    8.30071
 239   30.2112
 240    1.16767
 241    6.73788
 242    4.06205
 243    4.43682
 244    8.07124
 245    4.71225
 246    4.17013
 247    5.83563
 248    1.51414
 249    1.39848
 250    2.7953
 251    1.12318
 252    2.03373
 253    0.06605
 254    2.23077
 255    2.74623
 256    2.21195
 257    3.87661
 258    1.48207
 259    1.09438
 260    1.57043
 261    0.97905
 262    4.81488
 263    1.80258
 264    2.97816
 265    4.02517
 266    4.11547
 267    4.19332
 268    6.68366
 269    3.28296
 270    3.11537
 271   13.8187
 272    5.51467
 273   10.3461
 274    7.6631
 275   12.9194
 276   21.8751
 277   15.7757
 278   19.3585
 279   41.7202
 280  238.055
 281  274.435
 282  352.944
 283  266.177
 284  318.212
 285  360.173
 286  288.898
 287  278.522
 288  292.071
 289  341.092
 290  287.068
 291  369.195
 292  354.889
 293  263.239
 294  229.598
 295  290.372
 296   12.8048
 297   10.9382
 298    5.4059
 299    7.37119
 300   10.2801
 301   10.5556
 302    4.89016
 303   57.6867
 304    4.65363
 305    4.9845
 306    4.86388
 307    2.13004
 308   11.2319
 309    2.8476
 310    5.29117
 311    1.58887
 312    1.42907
 313    1.15323
 314    1.37651
 315    3.50614
 316    2.43646
 317    0.63968
 318    4.30646
 319    1.54162
 320    2.16104
 321    1.97058
 322    1.15494
 323    1.59068
 324    1.84256
 325    3.62199
 326    1.0644
 327    3.13718
 328    3.45172
 329    1.83093
 330    3.23611
 331    3.39388
 332    3.44806
 333    3.89833
 334    1.43951
 335    0.64057
 336    5.16473
 337    9.29207
 338    6.85114
 339    6.22833
 340    8.624
 341    6.18675
 342    5.33063
 343   25.7172
 344  231.333
 345  279.351
 346  296.231
 347  293.826
 348  270.124
 349  354.218
 350  339.793
 351  221.731
 352  256.011
 353  258.211
 354  278.875
 355  280.282
 356  213.108
 357  225.502
 358  271.535
 359  262.334
 360    7.23371
 361   10.8566
 362    9.21264
 363    9.38968
 364    9.76731
 365   12.1887
 366    8.89511
 367   12.302
 368    3.14598
 369    4.74277
 370    3.67689
 371    5.23507
 372    4.72874
 373    5.58088
 374    4.64275
 375    2.88077
 376    5.03159
 377    1.30464
 378    3.01487
 379    0.28459
 380    0.8879
 381    2.78272
 382    2.36828
 383    8.90295
 384    0.63353
 385    0.98123
 386    0.97896
 387    1.00708
 388    2.40029
 389    2.85267
 390    2.94759
 391    1.04577
 392    1.03053
 393    2.82869
 394    2.18013
 395    2.18935
 396    2.22547
 397    2.6178
 398    1.75387
 399    1.48667
 400    3.46566
 401    5.03283
 402    5.42425
 403    6.28733
 404    7.42976
 405    3.26206
 406    4.10345
 407   12.5184
 408   37.8848
 409   36.1325
 410    9.84559
 411    5.61963
 412    8.69847
 413    6.58108
 414   20.6423
 415    6.86758
 416   42.7488
 417   18.9377
 418   10.029
 419   21.0338
 420    8.26266
 421    5.21562
 422    9.29012
 423   19.6217
 424    5.67044
 425    9.17268
 426    7.30069
 427    6.41254
 428    1.88498
 429    7.14134
 430    2.86468
 431    2.52868
 432    2.8405
 433    2.16788
 434    3.07623
 435    3.038
 436    4.20505
 437    4.01569
 438    3.4097
 439    5.34832
 440    0.2367
 441    0.27663
 442    2.49504
 443    0
 444    3.39699
 445    0.8383
 446    2.2353
 447    5.97942
 448    0.84118
 449    1.64296
 450    1.33621
 451    0.4384
 452    2.6235
 453    0.39367
 454    1.65651
 455    4.33186
 456    1.61497
 457    3.54626
 458    1.92999
 459    0.67653
 460    3.57499
 461    0.54041
 462    2.84403
 463    1.12268
 464    1.52605
 465    3.01497
 466    3.50477
 467    3.20806
 468    3.8287
 469    3.69935
 470    2.62596
 471   35.6337
 472    2.53101
 473    5.05725
 474    2.19377
 475    3.50852
 476    5.08353
 477    2.01727
 478    3.56654
 479   13.2694
 480    2.67233
 481    3.18436
 482    8.08502
 483    2.58524
 484    2.28572
 485    3.14785
 486    2.14963
 487    2.48198
 488   19.3323
 489    3.31975
 490    2.37473
 491    4.35181
 492    1.17376
 493    3.84903
 494    0.22961
 495    0.7702
 496    1.24481
 497    1.45399
 498    1.0676
 499    1.74832
 500    1.44714
 501    0.49733
 502    1.09898
 503    2.32064
 504    0.82438
 505    0.80841
 506    0.79378
 507    1.50345
 508    1.88316
 509    0.12852
 510    1.89526
 511    0.48389
