This file was gnenerated on 2021-06-22 18:06:38.538481 by Grant Finneman. This contains the extracted data from the Gate simulations
The edep for each bar was summed up and printed to this file. The only math operation done has been addition.

  id       edep
   0    1.146
   1    0.91044
   2    1.59519
   3    3.13175
   4    0.58503
   5    1.48876
   6    1.44525
   7    1.0621
   8    3.22439
   9    2.49443
  10    4.32975
  11    2.77987
  12    5.47261
  13    3.02685
  14    4.16922
  15    3.04331
  16    5.42124
  17    2.77185
  18    4.24994
  19    1.70807
  20    0.74443
  21    1.90776
  22    1.90379
  23    4.32198
  24    3.58116
  25    5.04241
  26    6.41619
  27    2.24711
  28    5.31602
  29    5.32974
  30    5.45323
  31    0.94797
  32    3.53865
  33    2.27804
  34    2.24436
  35    7.87431
  36    3.32301
  37    0.80192
  38    0
  39   19.0925
  40    5.01052
  41    2.6964
  42    2.63905
  43    3.16765
  44    2.10002
  45    3.37963
  46    0.63132
  47    2.89006
  48    1.89749
  49    3.08674
  50    1.82853
  51    0.89286
  52    2.38708
  53    0.15885
  54    3.88987
  55    0.39381
  56    0.90457
  57    0.52919
  58    0.11593
  59    1.06301
  60    0
  61    0
  62    2.44168
  63   15.4497
  64    2.48653
  65    2.95937
  66    3.44904
  67    1.26782
  68    3.10042
  69    1.24817
  70    2.89681
  71    2.82505
  72    0.81999
  73    2.7865
  74    6.81724
  75    1.43866
  76    4.57028
  77    3.87462
  78    1.61241
  79    0.99341
  80   23.904
  81   21.8619
  82    6.99142
  83    7.21587
  84    7.98562
  85    4.80313
  86   31.4341
  87   41.9404
  88   76.0936
  89   89.1066
  90   58.4212
  91   82.921
  92  111.611
  93   72.6158
  94   58.5385
  95   75.515
  96   28.6983
  97   80.5641
  98   98.3649
  99  122.598
 100   54.613
 101   35.3342
 102   65.4624
 103   48.3718
 104    3.84429
 105    3.18999
 106    4.26155
 107    7.64239
 108    7.07932
 109    7.16455
 110   10.6405
 111    7.50199
 112    2.49982
 113    1.73672
 114    2.04349
 115    2.27671
 116    3.8072
 117    3.76962
 118    0.77225
 119    5.54898
 120    1.90937
 121    0.96885
 122    1.32691
 123    1.23195
 124    0.99109
 125    0.07985
 126    0.27199
 127    0.58436
 128    2.30372
 129    3.92092
 130    1.03407
 131    2.75067
 132    4.77606
 133    4.51092
 134    1.72741
 135    1.795
 136   16.8638
 137   15.9465
 138    2.92261
 139    9.8385
 140    6.6003
 141   10.619
 142    7.38899
 143    2.63883
 144  106.647
 145   89.0206
 146  100.28
 147  162.235
 148  137.717
 149  116.43
 150  147.768
 151  143.072
 152  283.922
 153  259.748
 154  333.628
 155  276.854
 156  308.286
 157  365.88
 158  302.698
 159  309.897
 160  125.56
 161  162.347
 162  190
 163  198.095
 164  227.543
 165  241.72
 166  142.876
 167  163.785
 168    5.96079
 169    5.40898
 170    5.08242
 171    8.32273
 172    7.54496
 173    5.25233
 174    5.20768
 175    4.34805
 176    1.31781
 177    5.3532
 178    5.9438
 179    1.6461
 180    4.44882
 181    4.41665
 182    6.29523
 183    5.17286
 184    3.44104
 185    1.34442
 186    3.00447
 187    9.3884
 188    1.5344
 189    0.36164
 190    2.07602
 191    9.71765
 192    1.19662
 193    3.08768
 194    4.33221
 195    3.42706
 196    1.94759
 197    2.77485
 198    3.89507
 199    0.81588
 200    2.2734
 201    4.73453
 202    5.81375
 203    6.70301
 204    5.47748
 205    6.20799
 206    6.70089
 207   30.8238
 208   51.6457
 209   69.9305
 210  114.449
 211  127.578
 212   83.8179
 213   54.3575
 214   44.3264
 215   80.4066
 216  213.619
 217  227.755
 218  291.72
 219  283.754
 220  277.656
 221  261.041
 222  268.005
 223  219.158
 224  206.728
 225  232.949
 226  197.664
 227  210.676
 228  172.564
 229  173.134
 230  218.89
 231  245.746
 232    9.34572
 233   14.6382
 234    9.81321
 235   31.107
 236   16.1995
 237   16.6609
 238    8.1462
 239   34.8769
 240    3.18086
 241    3.328
 242    1.38199
 243    3.77681
 244    4.3652
 245    5.87251
 246    4.98081
 247   18.816
 248    3.97607
 249    0.06381
 250    5.22518
 251    2.57292
 252    1.27972
 253    1.35367
 254    1.85378
 255    1.35488
 256    2.37686
 257    3.38279
 258    5.39758
 259    2.93921
 260    0.17082
 261    0.10521
 262    3.06048
 263    2.73475
 264    6.78546
 265    3.9862
 266    6.76599
 267    4.32137
 268    1.30881
 269    2.40953
 270    5.12858
 271    2.84675
 272    8.64895
 273    8.17857
 274    8.64904
 275   11.3287
 276    9.35591
 277   17.8286
 278    5.84648
 279   31.795
 280  176.218
 281  199.619
 282  233.451
 283  206.611
 284  185.46
 285  183.242
 286  183.476
 287  199.647
 288  216.88
 289  327.824
 290  219.908
 291  260.902
 292  208.025
 293  306.867
 294  317.414
 295  311.513
 296   26.784
 297   37.2998
 298   37.256
 299   81.1017
 300   67.0724
 301   77.6786
 302   66.7512
 303   42.834
 304    5.24745
 305    6.36264
 306    9.39124
 307    5.08782
 308    5.06553
 309    5.57949
 310    4.85905
 311    6.98059
 312    0.46501
 313    5.65905
 314    1.51663
 315    0.90919
 316    1.78522
 317    4.33798
 318    0.86773
 319   20.8888
 320    4.39289
 321    1.89093
 322    1.43515
 323    0.62886
 324    1.60007
 325    1.94114
 326    3.09129
 327    1.31257
 328    4.90809
 329    5.3165
 330    7.60811
 331    5.10062
 332    4.63017
 333    2.88531
 334    1.54934
 335   21.2951
 336    6.17331
 337    5.17673
 338    9.37347
 339    9.25957
 340    8.18641
 341    6.08489
 342    6.67984
 343    5.37319
 344  124.222
 345  175.001
 346  149.849
 347  197.495
 348  257.847
 349  196.576
 350  144.262
 351  161.387
 352  205.157
 353  240.591
 354  213.592
 355  243.722
 356  258.019
 357  279.501
 358  303.214
 359  265.468
 360   71.5194
 361   96.5037
 362  161.206
 363  147.967
 364   96.5121
 365  120.507
 366   76.309
 367  120.195
 368    7.10864
 369    4.38492
 370    3.02973
 371    5.55739
 372    4.79402
 373    5.64394
 374    6.28057
 375    2.92459
 376    3.65515
 377    3.07427
 378    5.76603
 379    3.132
 380    5.153
 381    1.43669
 382    1.38783
 383    2.54754
 384    1.74385
 385    3.66189
 386    3.72765
 387    2.70519
 388    2.42202
 389    1.48144
 390    0.74788
 391    1.01611
 392    0.31812
 393    1.81248
 394    3.79087
 395    2.98849
 396    2.33783
 397    2.43919
 398    2.43345
 399    3.65492
 400    6.27148
 401    7.67211
 402    5.10891
 403    8.83586
 404    8.2785
 405    6.67924
 406    3.43459
 407    4.89839
 408   27.8338
 409   47.9298
 410   57.5685
 411   69.8627
 412  100.067
 413  112.121
 414   74.6504
 415   55.7408
 416   67.1942
 417   45.4265
 418   62.5097
 419   40.9569
 420   40.1314
 421   80.6788
 422   48.0198
 423   53.9654
 424   12.6737
 425   25.2042
 426    3.85879
 427   16.2759
 428   15.6354
 429    4.02251
 430    6.99883
 431   10.6939
 432    4.81427
 433    3.84996
 434    5.4043
 435    1.62226
 436    1.60088
 437    2.1003
 438    2.01737
 439    2.50967
 440    1.43944
 441    1.53974
 442    1.51598
 443    3.05049
 444    0
 445    0
 446    1.93798
 447    0.90839
 448    0.53586
 449    0
 450    1.30754
 451    0.19736
 452    1.1152
 453    1.38141
 454    0
 455    0.37638
 456    3.62246
 457    2.2186
 458    0.94311
 459    0.95671
 460    1.15297
 461    1.72191
 462    1.38286
 463    2.67671
 464    1.42974
 465    5.60484
 466    4.74435
 467    4.20252
 468    3.31309
 469    0.99424
 470    3.74664
 471   18.2897
 472    2.81109
 473    4.44268
 474    4.11669
 475    4.96783
 476    2.87122
 477    1.0074
 478    5.41097
 479    2.61819
 480    3.18407
 481    2.79175
 482    3.72563
 483    1.48551
 484    5.67129
 485    3.21731
 486    2.57615
 487   12.1243
 488    3.73344
 489    3.74857
 490    4.12278
 491    4.51622
 492    4.69786
 493    4.12724
 494    1.66503
 495    6.91857
 496    1.10097
 497    1.07976
 498    3.47626
 499    1.71224
 500    2.53053
 501    3.3334
 502    1.8296
 503    2.30288
 504    0.46613
 505    0
 506    1.07866
 507    1.03413
 508    3.11211
 509    1.08121
 510    0
 511    0.6834
