This file was gnenerated on 2021-06-22 18:01:22.329333 by Grant Finneman. This contains the extracted data from the Gate simulations
The edep for each bar was summed up and printed to this file. The only math operation done has been addition.

  id       edep
   0    1.0825
   1    1.38642
   2    0.61057
   3    2.39144
   4    1.29059
   5    0.70563
   6    1.57549
   7    2.74854
   8    2.00829
   9    4.79385
  10    0.53783
  11    2.48299
  12    2.49102
  13    1.15545
  14    0.50493
  15   10.119
  16    0.83807
  17    4.05743
  18    6.87656
  19    4.39874
  20    3.28476
  21    3.21477
  22    0.95854
  23   21.2871
  24    0.34107
  25    5.4241
  26    0.91545
  27    4.73475
  28    1.79565
  29    4.6684
  30    2.21732
  31    7.62111
  32    3.59806
  33    5.11028
  34    4.40627
  35    7.66965
  36    3.42473
  37    1.45631
  38    0.98932
  39    0.98977
  40    1.97279
  41    3.91672
  42    2.07968
  43    1.22261
  44    0.95586
  45    1.64723
  46    1.40818
  47    2.37155
  48    0
  49    0.2192
  50    0.52784
  51    1.52559
  52    2.21179
  53    0.69557
  54    2.22959
  55    1.04986
  56    0
  57    0.74275
  58    2.63098
  59    1.64589
  60    1.15452
  61    1.39789
  62    0
  63    1.0866
  64    2.46886
  65    1.44139
  66    2.47084
  67    1.46397
  68    4.06107
  69    1.59119
  70    2.74885
  71    0.72719
  72    6.81244
  73    5.92556
  74    4.5547
  75    1.12474
  76    3.36447
  77    2.03063
  78    6.08997
  79   19.9224
  80   17.2863
  81   13.9407
  82    8.3463
  83    4.32992
  84    5.77985
  85    3.54396
  86    4.52022
  87   21.2888
  88    4.06437
  89    7.00664
  90    4.42824
  91    5.28598
  92    6.3721
  93    6.80505
  94   25.0671
  95    2.45176
  96    3.34892
  97    6.20427
  98    5.78824
  99   10.8604
 100    2.02628
 101    2.53992
 102    5.18167
 103    3.36252
 104    1.76797
 105    2.6641
 106    5.82007
 107    4.40124
 108    3.95646
 109    1.34333
 110    0.78546
 111    3.90448
 112    3.89203
 113    1.07353
 114    3.82807
 115    1.42525
 116    3.22978
 117    1.86411
 118    1.91389
 119    1.46879
 120    1.92982
 121    2.42611
 122    0.65691
 123    1.94973
 124    3.51148
 125    2.06325
 126    0.43005
 127    1.39555
 128    1.92363
 129    0.78458
 130    1.90928
 131    2.67004
 132    1.29103
 133    2.82816
 134    1.59887
 135    0.5319
 136    4.1133
 137    3.46752
 138    9.51358
 139    6.10906
 140    7.98142
 141    3.25465
 142    5.22838
 143    3.18663
 144   46.7644
 145   48.6869
 146   48.99
 147   17.4406
 148   38.9886
 149   87.0453
 150   50.5929
 151   24.1102
 152  354.971
 153  343.543
 154  351.842
 155  297.513
 156  393.573
 157  391.563
 158  395.982
 159  379.12
 160    8.97695
 161   10.2857
 162   14.5279
 163   13.0435
 164   24.1727
 165   13.3408
 166   10.7456
 167   11.6501
 168    4.7875
 169    6.97814
 170    4.52147
 171    8.226
 172    7.09081
 173    3.54641
 174    6.12435
 175    1.20032
 176    5.31142
 177    5.1595
 178    2.04212
 179    3.18041
 180    2.0237
 181    2.44646
 182    3.31462
 183    5.239
 184    1.81769
 185    2.45683
 186    3.18202
 187    2.27325
 188    4.11867
 189    1.7397
 190    1.29124
 191   17.8094
 192    2.28448
 193    4.52716
 194    1.87436
 195    3.45893
 196    1.85932
 197    2.60729
 198    4.74763
 199   10.3806
 200    2.05824
 201    3.39127
 202    5.28425
 203    7.1436
 204    5.81964
 205    5.98287
 206    2.08207
 207    3.47667
 208   16.2368
 209   13.6864
 210   47.6495
 211   25.748
 212   18.4545
 213    9.04727
 214   12.0988
 215   26.0153
 216  558.661
 217  521.523
 218  618.331
 219  612.293
 220  692.174
 221  598.02
 222  661.69
 223  631.538
 224  138.478
 225  173.156
 226  170.119
 227  171.214
 228  121.671
 229  132.056
 230  142.93
 231  148.519
 232    5.67789
 233   14.1233
 234   12.1912
 235   11.9486
 236    7.08787
 237    9.43262
 238    3.57072
 239   12.4628
 240    3.67603
 241    1.88256
 242    4.44969
 243    3.46107
 244    3.97698
 245    2.1913
 246    2.24853
 247    3.15762
 248    3.99476
 249    3.84179
 250    3.53786
 251    5.61371
 252    1.86549
 253    2.68242
 254    0.73576
 255   11.6194
 256    3.25756
 257    1.71965
 258    1.07834
 259    2.53308
 260    2.70201
 261    1.98583
 262    2.63584
 263    7.01805
 264    4.04559
 265    3.3634
 266    3.11712
 267    4.36141
 268    6.71043
 269    2.65637
 270    4.82552
 271   14.0954
 272    6.70603
 273   16.1526
 274    8.90647
 275   11.4984
 276   11.9971
 277    7.29317
 278   10.1282
 279   13.2778
 280  109.85
 281  133.394
 282  209.296
 283  147.136
 284  121.709
 285  115.854
 286  126.201
 287  176.312
 288  678.84
 289  751.034
 290  709.503
 291  620.217
 292  595.174
 293  647.992
 294  645.855
 295  596.787
 296   25.1132
 297   12.1901
 298   17.9406
 299   25.3337
 300   44.3107
 301   36.4919
 302   14.0713
 303   16.8388
 304    3.92188
 305    5.30844
 306    4.27765
 307    5.56168
 308    5.04873
 309    3.23198
 310    5.65867
 311    5.50123
 312    1.02522
 313    1.78624
 314    5.01613
 315    4.58529
 316    1.85833
 317    4.97121
 318    2.24526
 319    2.33929
 320    2.91449
 321    2.37348
 322    2.03961
 323    0
 324    5.46082
 325    1.39076
 326    0.29017
 327    0.98734
 328    1.56838
 329    4.78034
 330    2.77028
 331    4.57943
 332    1.78626
 333    1.51083
 334    2.57536
 335   20.1551
 336    2.51293
 337    8.90604
 338    2.46105
 339    3.10932
 340    5.87942
 341    3.046
 342    5.3296
 343    6.65082
 344    9.90694
 345   27.6927
 346   20.1577
 347   11.4342
 348   30.7481
 349   55.0986
 350    9.71466
 351    6.52152
 352  327.845
 353  385.152
 354  344.691
 355  320.714
 356  328.868
 357  385.148
 358  339.452
 359  387.838
 360   38.8877
 361   44.8586
 362   30.1371
 363   32.1018
 364   56.1905
 365   32.015
 366   34.6927
 367   40.2654
 368    5.26417
 369    7.09909
 370    6.20018
 371    3.87161
 372    5.82926
 373    1.85128
 374    4.82955
 375    5.50668
 376    1.59932
 377    2.9074
 378    0.75771
 379    1.90885
 380    3.09531
 381    0.96611
 382    1.21314
 383    0.49633
 384    1.39763
 385    1.29534
 386    2.45575
 387    1.91194
 388    1.05049
 389    0.00935
 390    0.90629
 391    1.33812
 392    0.82847
 393    1.39112
 394    2.43301
 395    1.98209
 396    3.10921
 397    3.72284
 398    3.33328
 399    2.64874
 400    2.55733
 401    6.59845
 402    4.16736
 403    2.70381
 404    2.5899
 405    7.11378
 406    2.81257
 407   15.8216
 408    3.31409
 409    7.91756
 410    2.36969
 411    5.667
 412    7.1968
 413    3.77227
 414    7.06344
 415    7.0395
 416    3.64626
 417    7.39909
 418    6.37332
 419   11.3912
 420    7.23467
 421    3.98922
 422    3.08559
 423   15.1916
 424    7.73302
 425    6.0896
 426    8.56561
 427    7.14547
 428    6.88142
 429    2.7442
 430    1.99691
 431   28.5262
 432    4.29248
 433    1.57157
 434    1.5357
 435    1.83632
 436    1.9735
 437    1.0294
 438    2.95201
 439    2.52798
 440    1.27567
 441    2.278
 442    1.12768
 443    4.27912
 444    2.97925
 445    1.74267
 446    0.50925
 447   12.0919
 448    0.30651
 449    1.74293
 450    0.1605
 451    0.53955
 452    0.66153
 453    1.39813
 454    0
 455    0
 456    2.35278
 457    2.07329
 458    2.46504
 459    2.8607
 460    1.36071
 461    2.04904
 462    0.59082
 463    0.40957
 464    1.42203
 465    3.24734
 466    3.72662
 467    0.88244
 468    3.4579
 469    1.2557
 470    1.43477
 471    1.14193
 472    2.71704
 473    0.59921
 474    2.91342
 475    3.42551
 476    3.4164
 477    4.94531
 478    2.54321
 479   14.8291
 480    2.87677
 481    5.52017
 482    3.41141
 483    2.85731
 484    3.07653
 485    1.26536
 486    1.4278
 487    3.72352
 488    1.66801
 489    3.4551
 490    4.35733
 491    5.12584
 492    2.0511
 493    2.55607
 494    1.43879
 495    2.39979
 496    1.96149
 497    0.23845
 498    2.75854
 499    1.19209
 500    3.82198
 501    2.63224
 502    0.66212
 503    0.60264
 504    0
 505    1.32089
 506    0.83265
 507    2.28094
 508    0.9868
 509    1.38605
 510    1.94196
 511   22.0223
