This file was gnenerated on 2021-06-22 18:03:39.617602 by Grant Finneman. This contains the extracted data from the Gate simulations
The edep for each bar was summed up and printed to this file. The only math operation done has been addition.

  id       edep
   0    1.91493
   1    0
   2    1.02907
   3    1.37727
   4    1.76698
   5    0.68794
   6    2.14884
   7    0.67975
   8    0.62826
   9    0.97721
  10    1.01943
  11    0.49053
  12    2.09114
  13    2.08911
  14    2.16498
  15    0.06882
  16    1.72028
  17    2.24138
  18    2.91739
  19    4.27766
  20    1.47108
  21    0.55908
  22    3.00619
  23    2.98506
  24    2.14263
  25    1.24067
  26    2.07488
  27    2.63396
  28    3.45259
  29    1.29349
  30    3.60425
  31   34.4311
  32    1.01632
  33    2.67097
  34    2.6845
  35    5.40999
  36    3.74001
  37    2.06109
  38    1.98123
  39    0.35076
  40    2.41319
  41    2.47193
  42    3.2366
  43    3.54607
  44    5.41562
  45    1.60244
  46    1.62059
  47    1.10332
  48    1.67337
  49    1.75203
  50    0.42585
  51    0.15743
  52    0.55891
  53   13.2213
  54    1.15426
  55    3.83423
  56    0.3252
  57    2.08976
  58    2.74175
  59    0.26731
  60    2.23041
  61    1.60909
  62    1.71405
  63    0.771
  64    2.69249
  65    3.08618
  66    2.66693
  67    0
  68    1.75184
  69    3.02323
  70    1.84752
  71    1.37961
  72    2.49642
  73    1.92744
  74    3.06364
  75    4.02546
  76    4.79627
  77    2.40511
  78    1.5861
  79    4.49519
  80    5.20305
  81    4.7776
  82    3.79611
  83    3.00668
  84    1.23979
  85    4.43333
  86    5.76913
  87   14.7705
  88    7.42271
  89    5.15631
  90    4.06698
  91    7.49995
  92    4.73842
  93    6.72456
  94    2.75091
  95    4.09306
  96    7.20509
  97    8.13946
  98    3.7276
  99    5.64083
 100    7.42947
 101    5.14181
 102    3.63373
 103   15.7477
 104    2.14178
 105    4.42294
 106    3.65421
 107    9.32258
 108    3.83323
 109    3.18255
 110    2.89967
 111    2.48764
 112    4.68386
 113    0.4043
 114    2.08651
 115    3.25805
 116    6.35039
 117    3.46839
 118    1.83247
 119    3.95542
 120    3.77891
 121    0.66297
 122    0.78129
 123    3.10912
 124    2.38978
 125    1.40826
 126    2.73199
 127   21.6507
 128    2.24053
 129    2.72639
 130    2.17409
 131    3.68793
 132    0.25644
 133    1.83535
 134    0.59012
 135    1.82055
 136    1.55265
 137    4.08694
 138    2.71855
 139    2.87525
 140    3.2463
 141    3.93874
 142    4.23398
 143   13.9045
 144    6.51275
 145   24.63
 146   29.4025
 147    6.43512
 148    5.84564
 149   11.9992
 150    3.70121
 151   22.2447
 152    8.81949
 153   24.4746
 154   17.6663
 155   29.8401
 156   21.181
 157   15.4308
 158   17.5922
 159   10.8975
 160   67.7308
 161  102.25
 162  100.524
 163  102.107
 164  102.099
 165  130.663
 166  109.001
 167  122.921
 168    5.91277
 169    8.83697
 170   13.6776
 171   12.8617
 172   19.9469
 173   19.7888
 174   25.7529
 175   19.9446
 176    5.30146
 177    7.54226
 178    3.48736
 179    6.99203
 180    2.9467
 181    4.21554
 182   14.8734
 183    7.86874
 184    2.05791
 185    3.6237
 186    1.99643
 187    2.04736
 188    1.93749
 189    2.76488
 190    9.90786
 191    4.75049
 192    3.22668
 193    1.43392
 194    4.71114
 195    1.45245
 196    0.03038
 197    1.7944
 198    0.82006
 199    1.70269
 200    2.3839
 201    5.30251
 202    5.74516
 203    5.78602
 204    5.7794
 205    3.36244
 206    4.47528
 207   19.5639
 208  134.267
 209  130.064
 210  152.644
 211  135.739
 212   91.1205
 213  135.767
 214  142.658
 215  161.223
 216  467.73
 217  452.138
 218  534.232
 219  427.256
 220  494.784
 221  550.925
 222  423.397
 223  427.904
 224  401.467
 225  360.616
 226  379.527
 227  451.434
 228  498.796
 229  484.239
 230  496.173
 231  427.052
 232  115.468
 233  132.669
 234  108.378
 235  106.399
 236  110.935
 237   96.9107
 238   81.8935
 239  100.139
 240    2.71023
 241    7.62173
 242    7.38425
 243    5.79419
 244    7.27704
 245    4.63357
 246    5.89882
 247    2.94218
 248    3.97232
 249    1.16627
 250    0.83481
 251    3.59416
 252    4.26942
 253    1.06663
 254    3.12132
 255    0.67459
 256    0.62525
 257    3.03959
 258    1.48064
 259    5.59206
 260    0.8854
 261    2.63315
 262    3.59349
 263   27.1512
 264    6.27367
 265    5.38963
 266    2.63193
 267    6.01971
 268    4.68563
 269    3.76487
 270    4.02428
 271    9.7009
 272   85.7765
 273  117.919
 274  135.616
 275  119.645
 276   99.6631
 277   68.5535
 278   89.0541
 279  106.075
 280  426.708
 281  451.638
 282  483.807
 283  424.195
 284  470.773
 285  489.276
 286  422.019
 287  493.861
 288  439.786
 289  501.183
 290  442.555
 291  446.675
 292  444.624
 293  354.721
 294  358.31
 295  331.24
 296  126.981
 297  161.525
 298  141.095
 299  155.901
 300  140.536
 301  144.407
 302  144.965
 303  199.827
 304    7.43396
 305    3.61872
 306    3.8854
 307    2.51821
 308    4.27577
 309    4.81587
 310    3.6017
 311   16.4085
 312    1.68364
 313    1.40286
 314    1.5828
 315    2.59673
 316    4.82666
 317    2.07399
 318    2.5885
 319    2.39305
 320    3.42684
 321    2.39248
 322    1.21442
 323    5.40816
 324    0.1383
 325    1.1918
 326    1.86296
 327   10.7002
 328    1.85365
 329    2.64009
 330    6.02751
 331    4.27776
 332    6.08365
 333    2.08948
 334    3.57763
 335    2.03065
 336   15.4936
 337    8.16242
 338   12.5095
 339   10.6766
 340   10.438
 341    7.67783
 342    7.70181
 343    5.94667
 344   54.0879
 345   81.1189
 346   89.872
 347  112.392
 348  146.015
 349  111.817
 350  103.68
 351  102.901
 352   15.7858
 353   17.3537
 354   53.2219
 355   23.2848
 356   17.5227
 357   12.9075
 358   17.7786
 359   64.6771
 360   24.0975
 361   18.78
 362    8.34529
 363   13.7768
 364    5.08849
 365    7.54034
 366   11.8684
 367   29.2921
 368    4.02032
 369    4.96789
 370    4.43027
 371    4.19533
 372    2.12036
 373    4.34888
 374    3.46452
 375   19.8069
 376    1.22239
 377    4.85026
 378    1.07008
 379    3.11167
 380    2.98425
 381    4.87307
 382    1.9763
 383    1.91652
 384    3.39922
 385    1.91158
 386    1.79755
 387    3.78921
 388    1.24801
 389    0
 390    1.92196
 391   15.7247
 392    3.70491
 393    1.48953
 394    4.14491
 395    1.40456
 396    2.1872
 397    0.7582
 398    1.50959
 399    2.38537
 400    4.87611
 401    6.74465
 402    3.46527
 403    4.92025
 404    6.70968
 405    5.34563
 406    5.44773
 407    7.81135
 408    9.66948
 409    4.94514
 410    4.53429
 411    3.37556
 412   10.0004
 413    5.28452
 414    2.07569
 415   16.7669
 416    3.66171
 417    3.2996
 418    5.97095
 419    4.38702
 420    5.46874
 421    8.70213
 422    2.02457
 423   23.4803
 424    3.6518
 425    5.12334
 426    4.85652
 427    6.7349
 428    3.56807
 429    3.99638
 430    1.33485
 431    4.11826
 432    1.63603
 433    3.79113
 434    2.48814
 435    0.34793
 436    3.34002
 437    1.05554
 438    1.68483
 439    1.28708
 440    1.9477
 441    2.90423
 442    0.48046
 443    1.74927
 444    1.23969
 445    2.72477
 446    4.48887
 447    2.11127
 448    0.83199
 449    1.30921
 450    0
 451    0.6483
 452    1.18322
 453    1.64236
 454    1.8723
 455    1.53186
 456    0
 457    4.03155
 458    1.60134
 459    0.96811
 460    2.43865
 461    1.25177
 462    1.43081
 463    0.77154
 464    5.0253
 465    2.60033
 466    2.72462
 467    3.78959
 468    3.92776
 469    4.2524
 470    2.45321
 471    0.55967
 472    2.84265
 473    1.98167
 474    3.19961
 475    3.03121
 476    3.19267
 477    1.04606
 478    2.30527
 479    1.29233
 480    2.30108
 481    2.89402
 482    2.42447
 483    4.428
 484    1.41964
 485    2.65124
 486    1.85437
 487    1.28115
 488    1.81811
 489    1.0923
 490    2.1359
 491    2.77557
 492    3.2006
 493    1.33715
 494    1.97319
 495    0.40368
 496    0.71265
 497    1.34498
 498    1.97746
 499    0.56406
 500    1.1507
 501    1.74558
 502    1.50333
 503    2.03195
 504    1.83635
 505    0.62406
 506    2.56648
 507    0.80343
 508    1.17664
 509    2.29647
 510    2.50189
 511    0
