This file was gnenerated on 2021-06-22 18:02:37.715655 by Grant Finneman. This contains the extracted data from the Gate simulations
The edep for each bar was summed up and printed to this file. The only math operation done has been addition.

  id       edep
   0    3.25032
   1    1.18038
   2    1.61081
   3    3.53361
   4    1.60762
   5    0.80763
   6    1.63416
   7    1.90498
   8    2.57456
   9    2.32183
  10    4.91495
  11    2.91666
  12    1.60618
  13    5.05518
  14    1.7387
  15   12.4256
  16    3.23823
  17    1.58706
  18    1.42235
  19    1.23313
  20    2.25616
  21    6.56756
  22    1.57522
  23    0.51815
  24    2.12266
  25    3.25661
  26    1.34106
  27    1.22903
  28    0.54934
  29    2.03489
  30    2.75987
  31    3.0386
  32    1.2157
  33    0.59073
  34    3.91071
  35    3.50443
  36    1.31123
  37    1.72729
  38    1.89873
  39    1.88228
  40    3.6468
  41    3.45664
  42    2.28938
  43    1.74588
  44    1.41944
  45    0.30825
  46    0.85862
  47    1.42689
  48    1.07706
  49    1.35661
  50    1.7403
  51    2.2452
  52    1.22981
  53    3.58849
  54    2.89119
  55    2.15289
  56    1.31986
  57    0.99748
  58    2.56331
  59    0.30878
  60    2.07042
  61    1.7103
  62    0.51495
  63    3.36071
  64    3.0168
  65    2.18205
  66    3.18604
  67    2.57054
  68    4.6101
  69    4.78044
  70    0.1234
  71    3.35877
  72    2.88304
  73    3.52303
  74    2.61772
  75    2.50056
  76    1.51725
  77    3.04229
  78    2.18809
  79    3.34272
  80    2.88719
  81    1.87594
  82    6.77298
  83    3.61874
  84    2.94538
  85    6.16862
  86    6.15144
  87    5.15095
  88    2.82424
  89    2.07639
  90    3.55062
  91    5.36502
  92    7.85394
  93    4.06717
  94    2.10764
  95    7.76655
  96    2.31351
  97    2.34604
  98    3.10835
  99    7.26729
 100    4.53024
 101    2.65997
 102    1.33216
 103    4.15678
 104    2.07876
 105    3.81927
 106    1.41012
 107    5.60424
 108    2.94784
 109    3.45926
 110    5.38691
 111    4.06508
 112    1.48029
 113    0.89362
 114    5.28754
 115    4.68959
 116    1.24494
 117    6.16401
 118    1.63424
 119    1.15479
 120    3.16061
 121    0
 122    2.62606
 123    1.47914
 124    2.52341
 125    2.8176
 126    1.19366
 127    0.65443
 128    3.20919
 129    3.71471
 130    0.9408
 131    1.45834
 132    2.11112
 133    0.14871
 134    0
 135    1.93985
 136    2.63074
 137    6.1133
 138    4.98294
 139    4.07561
 140    3.71667
 141    4.94398
 142    5.3487
 143   37.6545
 144    8.3505
 145    8.54909
 146    5.91236
 147    7.4456
 148    7.88301
 149    3.9933
 150    6.28536
 151   14.4669
 152    8.50704
 153   15.261
 154    8.592
 155   10.2954
 156   11.3769
 157   10.5896
 158    8.19347
 159   18.4497
 160   11.0569
 161   11.6733
 162   25.6734
 163    6.38062
 164    8.91696
 165   17.7022
 166   12.0999
 167    7.34647
 168    8.9683
 169    9.14864
 170    7.26221
 171   11.8605
 172    4.82527
 173    6.79835
 174   19.9237
 175   25.5836
 176    8.37316
 177    4.85363
 178    8.13242
 179    7.79907
 180    4.85641
 181    6.75608
 182    6.48152
 183    3.12712
 184    2.08195
 185    3.17743
 186    4.07103
 187    1.76374
 188    4.13202
 189    2.30077
 190    2.84002
 191    0.96248
 192    2.90864
 193    3.40805
 194    4.53058
 195    4.09728
 196    3.42189
 197    4.52663
 198    2.09475
 199    2.14737
 200   12.0815
 201   11.4165
 202   19.8467
 203   10.8603
 204    7.96176
 205   17.5673
 206    7.24253
 207   28.4307
 208  296.967
 209  293.471
 210  316.836
 211  296.741
 212  313.68
 213  299.363
 214  294.817
 215  239.921
 216  256.024
 217  287.158
 218  325.112
 219  283.253
 220  287.216
 221  245.395
 222  244.645
 223  293.5
 224  385.67
 225  276.851
 226  314.801
 227  340.911
 228  286.77
 229  302.87
 230  294.147
 231  323.141
 232  297.284
 233  364.814
 234  271.135
 235  257.852
 236  239.436
 237  207.057
 238  275.268
 239  256.553
 240   18.9036
 241   36.8079
 242   32.2667
 243   14.6794
 244   25.6324
 245   26.8901
 246   32.2208
 247   42.5258
 248    4.52122
 249    5.39042
 250    3.59861
 251    2.75209
 252    8.14556
 253    3.80718
 254    1.54149
 255    2.64285
 256    4.7954
 257    2.00104
 258    3.27571
 259    1.74204
 260    2.70451
 261    3.15741
 262    1.82563
 263   10.7055
 264   34.0565
 265   15.2113
 266   15.3388
 267   23.1638
 268   28.388
 269   16.9267
 270   32.1179
 271   17.353
 272  292.239
 273  247.564
 274  324.258
 275  366.904
 276  320.448
 277  309.973
 278  327.64
 279  333.787
 280  357.031
 281  273.582
 282  313.591
 283  370.944
 284  375.887
 285  318.072
 286  315.065
 287  327.331
 288  317.727
 289  242.821
 290  275.714
 291  309.496
 292  270.987
 293  297.719
 294  278.035
 295  257.71
 296  228.735
 297  196.789
 298  293.262
 299  267.459
 300  254.829
 301  256.137
 302  289.81
 303  221.606
 304    8.61767
 305   11.4362
 306   13.526
 307   35.5189
 308   26.091
 309   24.1456
 310   15.7839
 311   40.2112
 312    2.34865
 313    1.96574
 314    2.0102
 315    3.47736
 316    4.60537
 317    6.92954
 318    3.62179
 319   10.8209
 320   27.1492
 321    1.86085
 322    0.72097
 323    1.28877
 324    1.7652
 325    1.77454
 326    1.88592
 327    6.98887
 328    7.04691
 329    3.25091
 330    3.54905
 331    5.05871
 332    3.28038
 333    5.72132
 334    5.95762
 335    2.412
 336    7.96137
 337   13.2081
 338    8.77998
 339    5.67657
 340    5.52008
 341    7.28954
 342   12.7326
 343    5.75653
 344   10.3409
 345   10.0523
 346    6.93895
 347   12.129
 348   10.6179
 349   11.4159
 350   11.4675
 351   15.9109
 352    7.24589
 353    7.33868
 354   13.8
 355    9.0944
 356    6.53734
 357   10.4881
 358    4.12305
 359   23.6754
 360    8.15541
 361    8.27086
 362    8.52049
 363   10.6736
 364    9.47078
 365    8.65752
 366    5.59414
 367    7.26898
 368    5.65161
 369    3.74129
 370    4.04258
 371    5.82892
 372    8.82722
 373    2.83156
 374    4.75454
 375   12.8212
 376    1.1333
 377    6.37351
 378    3.19254
 379    0.83421
 380    3.71036
 381    2.53347
 382    5.13374
 383    2.55652
 384    2.12468
 385    2.04929
 386    1.21563
 387    0.38675
 388    1.01776
 389    1.2887
 390    1.31624
 391    0.60508
 392    3.17201
 393    3.00566
 394    5.1287
 395    2.69186
 396    2.91615
 397    3.69603
 398    2.58347
 399    2.19992
 400    1.37673
 401    4.17081
 402    2.67904
 403    5.82943
 404    5.91247
 405    2.54003
 406    2.12258
 407    3.24798
 408    2.67143
 409    4.5907
 410    9.45457
 411    6.05971
 412    2.84183
 413    1.85221
 414   15.6261
 415   14.0974
 416    2.04263
 417    4.59701
 418    3.536
 419    2.24919
 420    1.28258
 421    8.97037
 422    3.88013
 423   26.9846
 424    1.64772
 425    6.21933
 426    7.1029
 427    3.42901
 428    2.33262
 429    6.43327
 430    5.36549
 431    3.12111
 432    1.90734
 433    3.8895
 434    0.7469
 435    2.08869
 436    3.1793
 437    0.16708
 438    1.12502
 439    1.90085
 440    3.28974
 441    1.89367
 442    1.65534
 443    3.11431
 444    3.53023
 445    3.12273
 446    2.11754
 447    1.18518
 448    0.99488
 449    1.87435
 450    3.30598
 451    1.52821
 452    1.64234
 453    1.65159
 454    0
 455    0.79201
 456    1.62613
 457    1.52212
 458    0.72896
 459    1.41104
 460    3.46817
 461    1.5675
 462    0.06511
 463    1.73576
 464    0.54313
 465    1.02819
 466    3.14955
 467    1.45643
 468    0.53811
 469    1.8201
 470    3.092
 471    0.8459
 472    3.92318
 473    3.50575
 474    2.98642
 475    1.49752
 476    1.49307
 477   13.4835
 478    2.94592
 479    5.13128
 480    0.9467
 481    1.87958
 482    1.63807
 483    0.05885
 484    2.14214
 485    1.59048
 486    1.99206
 487   15.7724
 488    2.77692
 489    0.1707
 490    2.43856
 491    1.39408
 492    1.38337
 493    1.21654
 494    0.77273
 495   23.5805
 496    0.71228
 497    2.65277
 498    1.61541
 499    0
 500    1.24499
 501    0
 502    1.86945
 503    0.18227
 504    1.08145
 505    2.00071
 506    1.30741
 507    0
 508    1.49597
 509    3.47552
 510    0.12937
 511    0.15312
