This file was gnenerated on 2021-06-22 18:06:27.847755 by Grant Finneman. This contains the extracted data from the Gate simulations
The edep for each bar was summed up and printed to this file. The only math operation done has been addition.

  id       edep
   0    3.05704
   1    3.06751
   2    1.98478
   3    0.97999
   4    2.55143
   5    0.91122
   6    1.195
   7    3.23913
   8    4.8532
   9    4.25177
  10    2.05433
  11    0.75079
  12    5.37215
  13    2.29592
  14    0.98536
  15    0.36943
  16    4.73552
  17    4.48809
  18    1.29458
  19    5.11724
  20    3.4831
  21    4.56933
  22    1.29504
  23    2.23487
  24    4.74996
  25    2.87619
  26    2.82379
  27    3.853
  28    1.89179
  29    3.42703
  30    2.0338
  31    5.80601
  32    2.62507
  33    1.93513
  34    3.56279
  35    0.69255
  36    2.13327
  37    2.47319
  38    0.1006
  39    1.26657
  40    2.67052
  41    0.46982
  42    3.16028
  43    1.33436
  44    0.97037
  45    1.2914
  46    3.29787
  47    1.70197
  48    0.14
  49    2.10066
  50    1.53471
  51    0.85286
  52    1.81906
  53    0.17404
  54    0.04584
  55    0.41984
  56    1.63212
  57    0.2642
  58    2.09003
  59    0
  60    0.29732
  61    1.69701
  62    1.27355
  63   21.9082
  64    1.59068
  65    3.03637
  66    1.27476
  67    3.4512
  68    0.93712
  69    3.81338
  70    1.88207
  71    5.85979
  72    3.6286
  73    2.09899
  74    2.40539
  75    4.24925
  76    3.81742
  77    3.29341
  78    1.96052
  79    3.05923
  80   35.9762
  81    9.64451
  82    6.75435
  83   10.0201
  84    3.81122
  85    9.33106
  86   15.3902
  87   31.6924
  88   28.3938
  89   23.8606
  90   10.2839
  91   17.5115
  92   13.1745
  93   14.1759
  94   12.6584
  95    8.98548
  96    8.02545
  97    4.48205
  98   10.7352
  99    4.26733
 100    4.9267
 101    5.89397
 102    5.38276
 103    4.60318
 104    4.09069
 105    4.15613
 106    2.19626
 107    4.78593
 108    5.37463
 109    4.49795
 110    1.76512
 111   23.9921
 112    2.48889
 113    3.71227
 114    4.79211
 115    4.09507
 116    5.30437
 117    1.52182
 118    1.8487
 119    2.58553
 120    0.73262
 121    1.95292
 122    0
 123    0.12148
 124    0.81403
 125    2.13491
 126    1.14756
 127    1.42206
 128    3.10991
 129    5.01734
 130    2.20739
 131    1.97778
 132    5.10434
 133    0.91351
 134    2.16774
 135   14.376
 136    7.85671
 137    3.88628
 138    4.44853
 139    5.97867
 140    6.66468
 141    9.43237
 142    5.52985
 143   12.314
 144  200.816
 145  121.447
 146  114.186
 147  156.524
 148  152.017
 149  185.193
 150  157.454
 151  162.372
 152  401.688
 153  405.127
 154  318.767
 155  321.461
 156  383.806
 157  369.948
 158  365.622
 159  319.728
 160   11.6287
 161   12.2202
 162   16.7481
 163   12.7806
 164   25.3179
 165   44.8783
 166    2.94108
 167   24.9577
 168    4.72249
 169    5.34824
 170    4.02508
 171    4.50499
 172    8.42896
 173    5.55002
 174    6.12728
 175    3.35355
 176    3.61847
 177    5.48528
 178    1.02278
 179    1.60816
 180    3.51487
 181    1.57534
 182    2.92922
 183    3.83955
 184    2.84493
 185    3.65526
 186    3.46093
 187    0.47243
 188    2.27092
 189    5.24741
 190    0.93357
 191    0.64067
 192    4.7102
 193    5.28838
 194    2.64928
 195    2.37748
 196    3.13469
 197    2.16545
 198    0.84532
 199    1.65577
 200    5.77624
 201    3.71946
 202    7.21868
 203    3.3814
 204    4.11652
 205    3.31418
 206    2.12437
 207    2.15692
 208   12.2071
 209   15.333
 210   13.9689
 211   10.1653
 212   27.6935
 213   27.7069
 214    7.54884
 215   12.4128
 216  477.587
 217  437.53
 218  478.594
 219  530.134
 220  524.913
 221  485.071
 222  451.663
 223  427.408
 224  162.111
 225  159.184
 226  114.5
 227  112.435
 228  106.573
 229  179.494
 230   84.2864
 231  126.411
 232   10.4548
 233   12.519
 234    6.23739
 235    5.15103
 236    9.22726
 237    7.12652
 238    8.35155
 239    3.46868
 240    3.22404
 241    3.92108
 242    3.60408
 243    1.76022
 244    3.76208
 245    4.34779
 246    2.08647
 247    2.82911
 248    0
 249    1.04966
 250    2.00239
 251    1.22795
 252    3.84132
 253    1.35545
 254    0.49565
 255   12.3109
 256    1.42751
 257    2.15869
 258    1.72438
 259    3.05243
 260    4.2216
 261    2.89693
 262    1.56824
 263    1.17845
 264    4.28209
 265    5.25621
 266    4.91322
 267    6.56732
 268    2.89892
 269    5.66691
 270    1.19378
 271    1.85095
 272    7.49125
 273   11.6579
 274    7.49396
 275    7.27392
 276    7.36973
 277    5.40514
 278    6.49345
 279   12.4682
 280  122
 281  136.206
 282  132.877
 283  108.45
 284   75.387
 285  115.768
 286  118.669
 287  111.472
 288  483.453
 289  499.187
 290  477.286
 291  457.492
 292  448.356
 293  504.515
 294  470.631
 295  485.282
 296   28.4242
 297   14.2151
 298   11.1249
 299   21.8164
 300   11.3489
 301   34.083
 302   13.6637
 303   30.3022
 304    4.83138
 305    7.66612
 306    3.80949
 307    3.52848
 308    4.17751
 309    4.9944
 310    4.38435
 311    9.35858
 312    1.46929
 313    2.37223
 314    2.4758
 315    3.85714
 316    3.41347
 317    1.87948
 318    1.85123
 319    2.78697
 320    2.59962
 321    2.23655
 322    1.3556
 323    3.69519
 324    1.16115
 325    1.2233
 326    3.43302
 327    2.52689
 328    4.7409
 329    2.46026
 330    4.95602
 331    3.40432
 332    3.66531
 333    4.10901
 334    3.17217
 335    1.54747
 336    6.41566
 337    4.51355
 338    5.75238
 339    8.92387
 340    5.69411
 341    5.0483
 342    8.4738
 343    6.725
 344    7.83241
 345    8.1821
 346   17.4308
 347   13.8515
 348    9.17433
 349   12.7532
 350    6.90616
 351   29.8376
 352  363.939
 353  321.809
 354  368.701
 355  337.722
 356  328.377
 357  461.258
 358  524.205
 359  403.754
 360  120.687
 361  127.389
 362  110.642
 363  146.714
 364  143.175
 365  200.079
 366  177.496
 367  117.862
 368    2.0989
 369    1.76965
 370    2.95889
 371    7.4045
 372    4.61502
 373    5.15091
 374    3.71783
 375    5.40202
 376    0.69693
 377    6.55418
 378    2.9235
 379    2.05633
 380    2.39282
 381    3.3148
 382    2.59696
 383    1.11175
 384    0.18309
 385    3.58436
 386    1.80673
 387    1.8493
 388    1.18645
 389    4.79507
 390    1.28716
 391   15.7659
 392    4.65408
 393    0.9245
 394    3.11034
 395    1.90945
 396    0.82623
 397    2.00661
 398    2.97676
 399   28.3632
 400    3.58057
 401    4.34854
 402    3.10653
 403    5.43314
 404    7.04401
 405    0.59009
 406    3.32493
 407    2.19822
 408    7.7495
 409    3.98866
 410    6.46863
 411    9.06488
 412    5.99131
 413    4.95218
 414    8.32572
 415   28.4547
 416   24.3629
 417    9.88761
 418   12.7533
 419   16.3303
 420   38.9858
 421   19.2256
 422   11.3455
 423   24.2263
 424    4.95766
 425    5.79532
 426   11.4645
 427   32.5354
 428   10.3079
 429    4.86091
 430   32.2595
 431    3.19485
 432    2.73712
 433    4.04058
 434    4.82757
 435    3.43325
 436    1.16305
 437    2.2852
 438    3.27999
 439    0.51628
 440    2.19392
 441    3.04034
 442    1.06818
 443    1.52192
 444    0
 445    0.90947
 446    1.9056
 447   26.4874
 448    2.01095
 449    0.47897
 450    1.28172
 451    0.56087
 452    1.66262
 453    0.21282
 454    0.68804
 455    1.78775
 456    1.13875
 457    1.18105
 458    2.776
 459    1.1806
 460    0.26368
 461    0.58538
 462    2.70983
 463    1.74785
 464    2.12341
 465    5.75235
 466    4.46863
 467    1.74458
 468    1.34659
 469    1.63384
 470    3.94851
 471    3.1341
 472    5.24282
 473    2.53812
 474    0.09114
 475    3.09306
 476    5.89618
 477    1.68423
 478    1.78333
 479   13.3922
 480    2.59746
 481    2.23706
 482    4.34882
 483    2.99563
 484    3.90197
 485    4.0732
 486    4.9963
 487   11.4362
 488    4.47157
 489    0.68363
 490    2.93819
 491    2.81693
 492    4.95981
 493    2.14456
 494    3.77369
 495    3.10288
 496    0.85467
 497    2.11288
 498    0.80733
 499    3.70882
 500    2.79392
 501    3.8462
 502    1.62991
 503    4.21241
 504    0.90485
 505    2.86893
 506    1.09175
 507    1.81341
 508    0.66915
 509    1.11893
 510    1.49808
 511    2.50316
