This file was gnenerated on 2021-06-22 18:23:59.344491 by Grant Finneman. This contains the extracted data from the Gate simulations
The edep for each bar was summed up and printed to this file. The only math operation done has been addition.

  id        edep
   0     1.94234
   1     1.95377
   2     0.67732
   3     1.28029
   4     0.72465
   5     2.49909
   6     0.38476
   7    36.662
   8     0
   9     0.99338
  10     2.94742
  11     1.46162
  12     1.34428
  13     2.85722
  14     1.09312
  15    38.6561
  16     0.8555
  17     3.46404
  18     2.87896
  19     2.59092
  20     3.65566
  21     1.14774
  22     2.73972
  23    31.6575
  24     2.81167
  25     1.66656
  26     3.02756
  27     0
  28     2.83453
  29     2.8258
  30     0.85726
  31     2.13145
  32     2.02576
  33     1.44225
  34     1.37103
  35     0.91801
  36     2.69245
  37     1.89922
  38     0.67312
  39     0.575
  40     1.22662
  41     0.31946
  42     0.94688
  43     1.09399
  44     1.21228
  45     1.01294
  46     0.91251
  47     0.9912
  48     1.62293
  49     0
  50     0.53917
  51     0.64515
  52     0
  53     0.23674
  54     0.22825
  55     0.01249
  56     0.45891
  57     0.55779
  58     0.40149
  59     0.88028
  60     0
  61     0.06248
  62     1.69866
  63     1.01779
  64     0.32218
  65     2.09343
  66     1.16953
  67     3.54627
  68     4.16984
  69     2.98549
  70     0
  71     6.54619
  72     9.86213
  73     2.51782
  74    21.386
  75     4.50873
  76    27.6408
  77    28.1591
  78     0.95576
  79    17.1684
  80   122.549
  81   141.39
  82   244.159
  83   175.233
  84   141.46
  85   120.785
  86   119.902
  87   113.642
  88   114.614
  89   101.192
  90    74.4234
  91   105.562
  92    73.7222
  93    98.2261
  94   180.391
  95    64.3721
  96     3.3007
  97     2.88067
  98     3.74898
  99     8.90572
 100     4.77615
 101     7.72824
 102    25.2116
 103     1.39371
 104     2.87054
 105     2.28198
 106     3.04282
 107     0.93589
 108     0.28354
 109     1.38043
 110     2.59019
 111    23.5366
 112     1.77785
 113     1.5677
 114     1.03622
 115     1.3007
 116     0.99557
 117     0
 118     1.05339
 119     5.14467
 120     0.72479
 121     0.00854
 122     1.54255
 123     0.65403
 124     1.4582
 125     0.88255
 126     1.16036
 127     1.56831
 128     3.66815
 129     0.87813
 130     2.08484
 131     2.09978
 132     1.3841
 133     1.58297
 134     1.92809
 135     4.56872
 136   136.827
 137    72.6537
 138    95.8283
 139    76.2101
 140    82.9113
 141   161.961
 142   118.908
 143    89.0391
 144   486.521
 145   689.369
 146   726.854
 147   637.049
 148   889.407
 149   889.324
 150   560.474
 151   277.502
 152   657.823
 153   657.44
 154   718.821
 155   565.139
 156   753.641
 157   776.083
 158   521.235
 159   223.621
 160   108.612
 161   118.307
 162   154.442
 163   267.338
 164   162.029
 165   143.099
 166   115.435
 167    30.1137
 168     1.79051
 169     3.76159
 170    11.4455
 171     8.64872
 172     7.42468
 173     5.74446
 174     5.39491
 175     0
 176     3.4479
 177     4.20558
 178     3.11458
 179     1.70676
 180     1.90588
 181     1.02872
 182     2.468
 183     8.38867
 184     1.40166
 185     1.60623
 186     1.25924
 187     1.69221
 188     0.54873
 189     1.21405
 190     2.5215
 191     9.23511
 192     1.21697
 193     2.96272
 194     5.37177
 195     3.01006
 196     2.39773
 197     2.93565
 198     2.85596
 199     2.45745
 200   118.513
 201   160.768
 202    84.805
 203   114.389
 204    74.8309
 205    44.7514
 206    58.4739
 207    66.4062
 208   484.805
 209   522.413
 210   476.706
 211   595.533
 212   667.465
 213   679.164
 214   564.834
 215   195.655
 216   755.102
 217   841.993
 218   831.598
 219   841.759
 220   885.316
 221   817.394
 222   611.674
 223   330.674
 224   652.802
 225   712.523
 226   651.939
 227   787.201
 228   681.216
 229   593.738
 230   594.668
 231   308.688
 232    57.6575
 233    92.1033
 234    86.2328
 235   196.432
 236   228.875
 237   154.45
 238   129.138
 239    40.2875
 240     4.82095
 241     4.37177
 242     7.06221
 243     5.69283
 244     5.98426
 245     3.82626
 246     1.73685
 247     2.76056
 248     2.16733
 249     2.47589
 250     1.81089
 251     3.66414
 252     2.68236
 253     1.22714
 254     4.19754
 255    13.6758
 256     2.69334
 257     0.69449
 258     2.59509
 259     1.56667
 260     5.06849
 261     0.52241
 262     2.88855
 263     5.28682
 264    13.1468
 265     3.12701
 266     4.18122
 267    16.5789
 268     4.36408
 269     1.55612
 270     0
 271     7.59835
 272   100.178
 273   144.099
 274   266.328
 275   143.158
 276   113.327
 277   109.448
 278   127.038
 279    34.0469
 280   574.355
 281   716.366
 282   771.189
 283   633.862
 284   772.284
 285   639.028
 286   476.8
 287   228.455
 288   903.228
 289   882.956
 290  1071.32
 291   854.388
 292   929.174
 293   763.118
 294   458.556
 295   201.175
 296   436.738
 297   626.413
 298   681.012
 299   699.758
 300   687.939
 301   628.216
 302   495.769
 303   258.96
 304    64.4981
 305    97.8861
 306    71.086
 307    93.4542
 308   111.819
 309   108.288
 310    73.9741
 311    21.3862
 312     7.01695
 313     1.39942
 314     5.04862
 315     4.14442
 316     3.01003
 317     3.63956
 318    18.8578
 319    12.497
 320     0.5083
 321     3.11839
 322     1.0475
 323     0.5416
 324     1.8161
 325     1.38988
 326     3.10607
 327     0.24856
 328     1.68413
 329     0.48735
 330     0.71647
 331     1.44219
 332     0.91499
 333     1.52912
 334     1.89421
 335     2.09163
 336     3.72794
 337    22.4624
 338     6.89397
 339     6.45469
 340     6.43937
 341     3.04374
 342     3.52276
 343     3.80235
 344   188.24
 345   160.565
 346   207.875
 347    77.3766
 348   135.202
 349   125.503
 350    39.6718
 351    36.5806
 352   498.08
 353   641.379
 354   765.338
 355   634.398
 356   744.677
 357   770.788
 358   559.492
 359   242.365
 360   564.284
 361   514.894
 362   681.68
 363   638.296
 364   758.609
 365   726.125
 366   586.269
 367   236.934
 368    96.9162
 369    83.9338
 370   126.458
 371   134.939
 372   107.773
 373   139.539
 374    86.6442
 375    57.2206
 376     1.23981
 377     2.19809
 378     3.67055
 379     3.81669
 380     2.2116
 381     1.61488
 382     2.94821
 383     0
 384     1.60578
 385     1.81332
 386     0.90745
 387     1.71064
 388     0.26064
 389     0.89889
 390     0.38258
 391     0.43983
 392     1.80016
 393     3.3588
 394     1.29743
 395     2.12481
 396     0.45817
 397     0.38666
 398     1.50291
 399     1.6862
 400     0.43948
 401     2.98069
 402     5.79643
 403     2.11354
 404     1.24167
 405     2.93151
 406     4.13707
 407    38.9879
 408    20.2166
 409    22.39
 410    10.5645
 411     3.42438
 412    15.4144
 413     2.41609
 414     3.95286
 415     3.40356
 416   102.078
 417   177.036
 418   138.302
 419   109.751
 420    67.7808
 421    85.5879
 422    86.9093
 423    18.5316
 424   127.205
 425   224.445
 426   163.997
 427   186.06
 428   153.433
 429   169.928
 430   108.606
 431    99.2596
 432     1.74591
 433     1.91038
 434     1.59187
 435     2.30069
 436     1.72661
 437     4.46177
 438     3.78341
 439    14.2299
 440     2.54432
 441     0
 442     2.20399
 443     0.62875
 444     0.92756
 445     1.52391
 446     0.61727
 447     3.37151
 448     1.49632
 449     1.0488
 450     1.21824
 451     1.83308
 452     3.23357
 453     1.17163
 454     1.29635
 455     0.31554
 456     0.58326
 457     0
 458     0.39734
 459     0
 460     0.5972
 461     2.16847
 462     0.37052
 463     1.34786
 464     0.95324
 465     1.8697
 466     1.23939
 467     1.87465
 468     2.28975
 469     1.71454
 470     2.34577
 471     5.09004
 472     1.04508
 473     3.58889
 474     2.10517
 475     0.47133
 476     2.81526
 477     3.49811
 478     4.4343
 479     3.89121
 480     0.90661
 481     2.1917
 482     4.42388
 483    10.5931
 484     1.87706
 485    15.328
 486    19.4593
 487     7.27863
 488     2.9676
 489     2.79492
 490     5.52543
 491     1.299
 492     1.05531
 493     3.29242
 494     2.3483
 495     4.95645
 496     0.35176
 497     0.79118
 498     2.24043
 499     1.04096
 500     1.86897
 501     1.03629
 502     1.53534
 503     0.57057
 504     0.0492
 505     3.03263
 506     0.76859
 507     1.05269
 508     2.76433
 509     0.96473
 510     1.34951
 511     0
