This file was gnenerated on 2021-06-21 16:43:07.613470 by Grant Finneman. This contains the extracted data from the Gate simulations
The edep for each bar was summed up and printed to this file. The only math operation done has been addition.

  id      edep
   0    0
   1    0.0313
   2    0
   3    0
   4    0
   5    0
   6    0
   7    0
   8    0
   9    0.6222
  10    0
  11    0
  12    0
  13    0
  14    0
  15    0
  16    0
  17    0
  18    0
  19    0
  20    0
  21    0
  22    0
  23    0
  24    0
  25    0.6283
  26    0
  27    0
  28    0.4819
  29    0
  30    0
  31    0
  32    0.5896
  33    0.264
  34    0
  35    0.1526
  36    0
  37    0
  38    0
  39    0
  40    0
  41    0
  42    0.1472
  43    0
  44    0
  45    0
  46    0
  47    0
  48    0
  49    0
  50    0
  51    0.9036
  52    0
  53    0
  54    0
  55    0
  56    0
  57    0
  58    0
  59    0
  60    0
  61    0
  62    0
  63    6.3714
  64    0
  65    0
  66    0
  67    0
  68    0.1037
  69    0
  70    0.3686
  71    0
  72    0.7287
  73    0.5136
  74    0
  75    0
  76    0
  77    0
  78    1.6189
  79    0
  80    0
  81    6.4931
  82    0.8403
  83    0
  84    0
  85    0.5267
  86    2.317
  87    0
  88    0.8349
  89    1.4401
  90    0
  91    0
  92    0.8964
  93    0
  94    0
  95    0
  96    0.264
  97    0
  98    0
  99    0
 100    0.7429
 101    0
 102    0
 103    0
 104    0
 105    0.5348
 106    0.2414
 107    0
 108    0.2526
 109    0
 110    0
 111    0
 112    0.7556
 113    0
 114    0.7012
 115    0
 116    0
 117    0
 118    0.2526
 119    0
 120    0
 121    0
 122    1.1306
 123    0
 124    0
 125    0.4368
 126    0
 127    0
 128    1.1067
 129    0
 130    0
 131    0
 132    0
 133    0
 134    0
 135    0
 136   14.4527
 137    0
 138    1.0453
 139    1.2636
 140    0
 141    0.5979
 142    1.6512
 143    0
 144   33.1194
 145  100.211
 146   34.8966
 147   12.2719
 148   29.9141
 149   28.6547
 150   51.719
 151   18.5414
 152   28.4058
 153   34.4352
 154   27.5805
 155    1.6263
 156   16.0045
 157   10.6943
 158    3.5631
 159    0
 160    1.2625
 161    2.7664
 162    5.7991
 163    2.4168
 164    0
 165    0.7429
 166    0.5405
 167    0.2689
 168    0
 169    0.5844
 170    0.7804
 171    0.0126
 172    0.2608
 173    0.3804
 174    1.1106
 175    0.9652
 176    0
 177    0
 178    0
 179    0.3199
 180    0.1198
 181    0.5267
 182    1.4858
 183    0
 184    0
 185    0.1985
 186    0
 187    0.6456
 188    0
 189    0
 190    0
 191    0
 192    0.3161
 193    0.9065
 194    0
 195    1.0504
 196    0
 197    0
 198    0
 199    0
 200   16.2812
 201    0.3779
 202    0.5406
 203    1.91
 204    0.3926
 205   14.055
 206    1.1742
 207    1.2949
 208   80.8869
 209  147.611
 210  107.081
 211   45.9607
 212   77.8088
 213   71.6226
 214  165.041
 215   50.6856
 216  124.048
 217  234.003
 218  151.632
 219  100.37
 220  240.423
 221  173.637
 222  158.886
 223   64.4992
 224   62.6085
 225   93.0826
 226  122.952
 227   43.0173
 228  120.853
 229  129.878
 230   28.0466
 231   12.9667
 232    1.2641
 233    8.0887
 234   18.4192
 235   13.1597
 236    4.9933
 237   15.3379
 238    2.0275
 239    0.9559
 240    0
 241    0.7839
 242    0.135
 243    0
 244    2.8152
 245    0
 246    0
 247    0
 248    0
 249    0
 250    0.3773
 251    0
 252    0
 253    0.9536
 254    0
 255    0
 256    0.4278
 257    0.079
 258    0
 259    0
 260    0
 261    0
 262    0
 263    0
 264    0.7516
 265    0
 266    0.6776
 267    0.8044
 268    0.8741
 269    0
 270    0.9094
 271    0.8247
 272    3.2942
 273    5.9764
 274    1.0306
 275   14.4543
 276   13.6757
 277   12.8055
 278    1.4124
 279    0.8069
 280   25.3481
 281   36.0594
 282   99.4421
 283  118.549
 284  102.242
 285   68.3506
 286   24.5376
 287   13.7175
 288  113.158
 289   85.3227
 290   67.2901
 291   87.6978
 292  202.358
 293  165.484
 294  142.038
 295   94.8955
 296  186.879
 297  122.691
 298  148.435
 299  125.374
 300   71.9361
 301  182.34
 302   74.0077
 303   34.3162
 304   36.5575
 305   18.9656
 306    9.6908
 307    0.583
 308    1.8937
 309   14.4839
 310    0.0907
 311    0.8005
 312    0
 313    0
 314    0
 315    0.6896
 316    0
 317    0
 318    0
 319    0.311
 320    0.8374
 321    1.1835
 322    1.1833
 323    0
 324    0
 325    0
 326    0.4125
 327    0
 328    0.6235
 329    0.0639
 330    0
 331    0
 332    0
 333    0
 334    0
 335    0
 336    0
 337    0.8659
 338    0
 339    1.8055
 340    0
 341    0.6299
 342    0
 343    0.583
 344    0.4398
 345    6.9856
 346    0.3506
 347    1.2543
 348    1.0219
 349    0
 350    0.0319
 351    0
 352   27.925
 353    6.3903
 354    5.1081
 355    8.0654
 356   20.5252
 357   24.8183
 358    1.1502
 359    1.4261
 360   25.7477
 361   43.6372
 362   72.8188
 363   87.6278
 364   31.6681
 365   17.8631
 366   21.092
 367   18.5651
 368    0
 369    7.4147
 370   35.3458
 371    1.1141
 372    0
 373    0.1713
 374    0
 375    0.634
 376    0
 377    0
 378    0.6284
 379    0
 380    0
 381    0
 382    0
 383    0.6821
 384    0
 385    0
 386    0.6232
 387    0
 388    0.9869
 389    0.9869
 390    0
 391    0
 392    0
 393    0
 394    0.1694
 395    0.6316
 396    0
 397    0.3184
 398    0
 399    0
 400    0
 401    0
 402    0
 403    0
 404    0.3184
 405    0
 406    0
 407    0.4656
 408    0
 409    1.5268
 410    0
 411    0.1321
 412    0
 413    0.9625
 414    0.6369
 415    0.3104
 416    0.9208
 417    0
 418    0
 419    0
 420    0.9416
 421    0
 422    0
 423    0.6369
 424    1.2157
 425   14.744
 426    0
 427    0.5893
 428    0
 429    0.8306
 430    0
 431    0
 432    0.8226
 433    0
 434    0
 435    0.6376
 436    0
 437    0.1893
 438    0.0548
 439    0
 440    0
 441    0.2526
 442    0
 443    0
 444    0
 445    0
 446    0
 447    0
 448    0
 449    0
 450    0
 451    0
 452    0
 453    0.8203
 454    0
 455    0
 456    0
 457    0
 458    0
 459    0
 460    0
 461    0
 462    0.1598
 463    0
 464    0
 465    0
 466    0
 467    0
 468    0.9918
 469    0
 470    0
 471    0.4326
 472    0
 473    0
 474    0
 475    0
 476    0
 477    0.6489
 478    0
 479    0
 480    0
 481    0.4235
 482    0
 483    0.8107
 484    0
 485    0
 486    0
 487    0
 488    0
 489    0
 490    0
 491    0
 492    0.8247
 493    0
 494    0
 495    0
 496    0
 497    0.9559
 498    0
 499    0.6376
 500    0.6376
 501    0
 502    0
 503    0
 504    0.7919
 505    0
 506    0.0512
 507    0
 508    0
 509    0
 510    0
 511    0
