This file was gnenerated on 2021-06-17 21:16:27.642916 by Grant Finneman. This contains the extracted data from the Gate simulations
The edep for each bar was summed up and printed to this file. The only math operation done has been addition.

  id      edep
   0    0.2249
   8    0.1328
  16    0.8049
  17    0.7064
  18    0.9833
  27    0.5088
  28    0.8546
  34    0.2431
  35    0.2431
  36    1.0644
  41    0.0365
  42    0.2431
  45    0.3278
  46    0.832
  47    0.4977
  49    1.2232
  53    0.733
  55    0.6859
  75    0.811
  78    0.2806
  80    0.2249
  84    0.237
  87    3.0924
  92    0.732
  95    0.2431
  96    2.0184
  99    1.027
 104    0.4764
 106    0.2735
 111   13.0321
 119    0.0507
 126    0.5383
 133    0.4281
 136    0.3102
 140    0.4482
 142    1.2142
 144    9.5007
 145   23.6863
 146    1.9536
 147    0.2443
 148    7.7438
 151    1.3649
 152   47.043
 153   47.3734
 154   25.1407
 155   29.0781
 156   61.3009
 157   38.8299
 158    3.3161
 159   29.3055
 160    0.2991
 161    0.029
 162   18.8578
 163    4.0965
 166    0.8499
 168    0.4673
 170    0.8316
 173    0.4091
 175    0.1666
 181    0.6007
 182    0.2123
 184    0.6263
 193    0.029
 201    0.152
 203    0.5517
 204    0.19
 208   12.3321
 209   31.8678
 210   10.366
 211    2.0521
 212    2.3866
 213   44.578
 214   20.1451
 215    5.4511
 216  172.769
 217  179.936
 218  199.687
 219  230.508
 220  203.305
 221  181.163
 222  149.091
 223   43.8208
 224   62.0221
 225   55.8808
 226   94.1022
 227   92.8778
 228   64.1982
 229   89.8273
 230   64.8901
 231   28.023
 232    2.0724
 233    0.8453
 234    2.015
 236    3.5719
 237    5.1924
 238    5.8126
 239    9.5206
 240    0.9201
 241    0.1553
 242    0.1553
 243    0.8679
 244    0.6164
 251    0.1789
 256    0.029
 260    0.6232
 263    0.9353
 264    1.4122
 267    0.0906
 269    0.5542
 270    0.7992
 272    3.6154
 273    0.5392
 274    3.4282
 275    0.3357
 276    1.7949
 277    7.1558
 279    0.6246
 280   91.4079
 281   84.7188
 282   34.6798
 283   83.4151
 284  127.24
 285   86.9488
 286   31.9421
 287   23.8451
 288  264.532
 289  264.623
 290  263.943
 291  303.112
 292  227.487
 293  197.382
 294  184.48
 295   76.162
 296   26.966
 297   13.3955
 298   28.0583
 299   25.3289
 300   17.982
 301   24.1649
 302   44.2106
 303   18.9506
 304    1.808
 310    0.733
 313    0.9193
 322    0.5658
 328    0.5054
 329    0.7153
 333    0.5613
 335    0.0099
 336    0.4032
 337    0.4808
 339    0.1457
 344    1.2086
 345    0.4878
 346    0.3346
 347    0.8678
 348    0.0555
 351    0.5204
 352   19.992
 353   71.7652
 354   27.0658
 355   10.1604
 356    1.0194
 357   31.796
 358   19.4433
 359   10.1017
 361    0.9145
 362   17.554
 363    0.5588
 365   16.6315
 366   12.344
 368    0.003
 369    0.003
 371    1.5064
 374    0.1666
 375    0.845
 376    0.7635
 382    0.1666
 384    0.4183
 391    0.8076
 396    0.5613
 399    0.4153
 400    0.8065
 401    0.5259
 405    0.5613
 406    0.4153
 413    0.1149
 416    0.9683
 417    0.5641
 419    0.439
 421    0.9277
 423    0.7067
 424    0.9219
 425    0.6438
 426    0.5034
 435    0.0516
 436    0.2676
 444    0.6438
 445    0.5709
 447    0.7184
 451    0.4881
 461    0.8309
 465    0.927
 483    0.2735
 484    0.5259
 486    1.784
 487    0.9277
 488    0.0839
 489    0.7392
 495    0.6438
 499    0.295
 507    0.925
 509    0.0973
