This file was gnenerated on 2021-06-17 21:16:35.966395 by Grant Finneman. This contains the extracted data from the Gate simulations
The edep for each bar was summed up and printed to this file. The only math operation done has been addition.

  id      edep
   5    0.5189
  10    0.0386
  11    0.6334
  15    0.6188
  17    0.6787
  19    0.1407
  21    0.6571
  22    0.3208
  26    0.1543
  33    0.4957
  46    0.1987
  47    0.3457
  49    0.0888
  50    0.3537
  51    0.6978
  62    0.2803
  63    0.7868
  70    0.1427
  73    0.4584
  78   15.9965
  79   16.692
  82    0.7479
  83    0.3208
  88   38.6069
  89   14.2564
  90    2.5252
  91   20.427
  92   27.6494
  93   13.5633
  94   28.3133
  95    5.8623
  96   27.2771
  97   18.5879
  98   16.9023
  99   14.4158
 100   23.0815
 101   35.8293
 102   44.3764
 103   12.8768
 104    0.3349
 105    0.3027
 106    0.1543
 108    0.8207
 111    0.019
 118    0.4215
 121    0.0146
 125    0.7923
 132    0.5343
 133    0.8235
 140    0.3384
 141    0.6334
 143    0.8615
 144    1.6893
 145    0.4279
 146    1.0539
 147    0.0042
 149    0.9169
 150    1.4927
 151    0.8139
 152   58.3169
 153   42.4565
 154   85.5109
 155   81.6633
 156  101.17
 157  163.75
 158   56.5803
 159   17.0346
 160   77.1263
 161   76.66
 162   90.4197
 163  132.03
 164   73.6348
 165  111.09
 166   59.701
 167   21.8038
 168    0.9941
 170    0.7646
 171    1.353
 172    0.5154
 173    0.421
 174    0.0271
 175    0.0593
 177    0.631
 179    0.9172
 180    0.4603
 183    0.4308
 187    0.6597
 192    0.1526
 193    0.3133
 194    0.3908
 195    0.9406
 196    0.9406
 208   12.9732
 209    0.4623
 210    0.0701
 211    2.4968
 213   18.5057
 214   12.453
 215   12.1142
 216  150.648
 217   93.8969
 218  139.878
 219   86.2095
 220  104.6
 221   80.1271
 222   74.5655
 223   29.7115
 224   93.3414
 225  141.565
 226  107.947
 227  101.497
 228   73.2048
 229   39.379
 230   56.4564
 231   37.9381
 232    0.4603
 233    9.27
 234    1.6436
 236    0.3807
 238    0.6795
 240    0.7751
 242    0.8766
 244    1.4461
 245    0.7624
 247    0.9169
 248    0.6148
 259    0.1192
 263    7.7994
 266    1.6145
 271    0.0021
 272    2.4745
 273    0.1942
 275    0.2179
 276    0.95
 280   54.6017
 281   38.741
 282  121.415
 283  115.942
 284   83.4247
 285   63.3553
 286   70.6544
 287   32.4457
 288   74.6497
 289   64.7741
 290   66.7035
 291   56.1991
 292   54.7596
 293   59.856
 294   45.1748
 295   65.9022
 296    0.5689
 297    1.1695
 298    0.8662
 300    0.1769
 301    1.553
 302    1.3992
 303    0.5895
 305    0.9577
 306    0.1152
 307    0.4792
 309    0.4747
 310    0.7624
 316    0.0271
 321    0.7863
 322    0.7695
 324    0.4537
 326    0.6312
 327    0.7811
 328    1.0581
 332    0.1729
 333    0.597
 334    0.597
 336    2.5154
 337    1.2135
 339    0.9325
 340    1.7044
 342    0.6636
 343    0.4362
 344  132.217
 345  160.027
 346  145.806
 347   39.4928
 348   44.0623
 349   53.4675
 350   52.4139
 351   36.556
 352   64.7861
 353   79.3066
 354   53.9133
 355   75.9385
 356   94.0576
 357   75.0064
 358   43.458
 359   40.6923
 360    2.1963
 361    0.6699
 362    0.2979
 363    1.5233
 365    0.6036
 367    0.7276
 371    0.4041
 372    0.9295
 373    0.0421
 374    0.0601
 386    0.5025
 388    0.7608
 396    0.1975
 398    0.0074
 399    0.0074
 400    1.6718
 404    0.0074
 405    0.0074
 406    0.1701
 408    5.4667
 409    9.6872
 410   47.002
 411   24.949
 412    1.2085
 413   14.9292
 414    8.8712
 415    3.8985
 416   12.4599
 417    7.0233
 418   11.0461
 419   14.9741
 420   14.2579
 421   24.2411
 422   22.3651
 423    4.2676
 424    0.1432
 425    0.3795
 426    0.0115
 427    0.3807
 429    0.1652
 430    0.6577
 436    1.3154
 445    0.9218
 447    0.7888
 448    0.1055
 453    0.0427
 459    0.2181
 461    0.0427
 463   12.762
 465    1.1117
 467    0.1701
 468    0.8239
 471    0.2782
 472    0.6661
 473    1.1336
 475    0.6577
 476    0.8239
 477    0.1294
 478    0.1525
 480    0.9012
 482    0.8976
 484    2.4822
 487   41.5017
 495   27.2384
 508    0.2526
 509    1.3145
