This file was gnenerated on 2021-06-22 18:21:04.208114 by Grant Finneman. This contains the extracted data from the Gate simulations
The edep for each bar was summed up and printed to this file. The only math operation done has been addition.

  id       edep
   0    1.27449
   1    0.13489
   2    0.26463
   3    0.39754
   4    1.31274
   5    0
   6    0.8353
   7    0.8353
   8    0.69857
   9    1.57577
  10    2.0161
  11    3.75634
  12    0.50324
  13    0.27563
  14    1.32425
  15    2.35447
  16    0.18331
  17    3.29115
  18    4.42949
  19    0.85773
  20    4.07336
  21    1.84179
  22    1.08206
  23   22.6598
  24    1.58535
  25    2.22396
  26    5.26736
  27    2.22527
  28    2.70927
  29    1.12483
  30    3.17818
  31   17.7809
  32    0.79981
  33    1.02078
  34    2.62229
  35    1.00509
  36    0.61583
  37    3.29267
  38    1.90331
  39    1.32456
  40    2.22368
  41    0.9424
  42    2.85248
  43    4.27824
  44    1.01091
  45    2.22204
  46    0.1141
  47    1.06314
  48    1.7278
  49    0.61299
  50    1.11971
  51    3.41434
  52    0.07736
  53    0
  54    0.63343
  55    0
  56    0.68242
  57    1.40315
  58    0.26897
  59    0.39809
  60    0
  61    0.25941
  62    1.88204
  63   34.5752
  64    1.73929
  65    0.17599
  66    1.28973
  67    1.2116
  68    1.72567
  69    0.87543
  70    0.52795
  71    0.79609
  72    1.52761
  73    1.47819
  74    2.35103
  75    2.3411
  76    1.11464
  77    1.76669
  78    1.97276
  79    3.49554
  80    3.3752
  81    3.75383
  82    9.09129
  83   24.7143
  84   12.5046
  85    3.7349
  86    1.4911
  87   13.4043
  88  201.565
  89  134.502
  90   68.692
  91   45.101
  92   88.9693
  93   91.4914
  94   70.4727
  95   69.2037
  96  197.393
  97  234.36
  98  242.013
  99  176.713
 100  192.751
 101  179.005
 102  163.746
 103   78.5228
 104   18.4485
 105   14.7236
 106    5.06018
 107   68.024
 108   25.7682
 109    5.55831
 110    2.49758
 111    2.2645
 112    3.47428
 113    2.84334
 114    2.41339
 115    1.66996
 116    2.45613
 117    1.44933
 118    3.07118
 119    8.63276
 120    0.92086
 121    1.95265
 122    1.74321
 123    3.54656
 124    0.64121
 125    2.03215
 126    0.73594
 127   18.0495
 128    1.31655
 129    1.04448
 130    0.503
 131    2.14435
 132    0.71163
 133    5.39995
 134    1.50997
 135    2.63399
 136    8.48423
 137   10.4555
 138   19.2112
 139   19.3172
 140   19.1312
 141   21.6786
 142    2.46898
 143   33.8714
 144  112.653
 145   47.1481
 146   83.4965
 147   98.7622
 148  182.523
 149  118.531
 150  162.633
 151   39.047
 152  432.394
 153  576.78
 154  554.76
 155  578.485
 156  549.698
 157  451.118
 158  347.134
 159  158.52
 160  690.247
 161  539.758
 162  529.626
 163  699.582
 164  656.574
 165  573.265
 166  489.001
 167  261.857
 168  177.886
 169  191.833
 170  223.274
 171  258.73
 172  323.203
 173  291.346
 174  192.542
 175   79.311
 176   22.1396
 177   47.4878
 178   18.4359
 179    3.1085
 180    4.98523
 181   38.508
 182    1.78138
 183   52.5454
 184    0.49591
 185    2.078
 186    3.46973
 187    2.49756
 188    0.75109
 189    1.81025
 190    2.42008
 191    6.24868
 192    2.03064
 193    2.80465
 194    1.06244
 195    2.4763
 196    8.34544
 197    2.34852
 198    2.17985
 199    0.84833
 200   83.2618
 201  180.968
 202  137.686
 203  147.796
 204  211.81
 205   67.8873
 206   41.5035
 207   12.1831
 208  501.703
 209  522.387
 210  591.431
 211  533.027
 212  615.455
 213  483.452
 214  436.036
 215  195.361
 216  554.248
 217  679.532
 218  804.624
 219  696.271
 220  562.216
 221  544.898
 222  495.334
 223  190.731
 224  565.028
 225  605.648
 226  616.358
 227  521.615
 228  403.637
 229  525.097
 230  491.148
 231  235.944
 232  339.138
 233  474.074
 234  560.45
 235  622.382
 236  638.104
 237  596.2
 238  555.953
 239  270.515
 240  205.385
 241  273.168
 242  170.1
 243  219.685
 244  230.767
 245  249.972
 246  134.39
 247   51.2092
 248   13.489
 249    1.29911
 250    3.75381
 251    1.46167
 252    2.20278
 253    6.5576
 254    6.91908
 255   45.6197
 256    1.90572
 257    2.2406
 258    1.86266
 259   13.0163
 260   21.3755
 261   20.3065
 262    1.96921
 263    1.68452
 264  229.657
 265  231.693
 266  151.47
 267  199.297
 268  256.982
 269  190.884
 270  109.667
 271   55.5248
 272  455.234
 273  487.847
 274  489.057
 275  638.393
 276  637.397
 277  515.337
 278  422.382
 279  216.674
 280  673.212
 281  650.826
 282  672.121
 283  669.87
 284  583.784
 285  447.807
 286  463.814
 287  167.747
 288  679.094
 289  701.531
 290  732.964
 291  586.465
 292  771.292
 293  424.613
 294  311.795
 295  222.914
 296  574.68
 297  596.593
 298  515.573
 299  445.71
 300  452.015
 301  368.097
 302  293
 303  156.609
 304   54.667
 305  122.181
 306   97.4611
 307  100.163
 308   93.2975
 309   84.9065
 310  118.946
 311   59.971
 312    1.86708
 313    3.76608
 314    2.38382
 315    6.52245
 316    3.24066
 317    1.82035
 318    0.52666
 319   14.5362
 320    1.45157
 321    0
 322    0.48748
 323    2.16758
 324    1.90086
 325    3.26926
 326    0.9305
 327    0.19972
 328   41.7732
 329   41.987
 330    8.04993
 331    4.23756
 332    5.04696
 333   15.5841
 334    3.31072
 335   22.7743
 336  178.147
 337  157.998
 338  220.227
 339  286.069
 340  302.849
 341  274.99
 342  153.909
 343   89.048
 344  505.745
 345  637.285
 346  609.983
 347  702.904
 348  707.749
 349  646.312
 350  410.64
 351  209.6
 352  386.468
 353  405.599
 354  374.343
 355  571.924
 356  581.232
 357  631.302
 358  407.096
 359  200.735
 360  132.543
 361  131.044
 362  155.153
 363  126.108
 364  119.747
 365  135.554
 366   52.9283
 367   30.8098
 368    4.74877
 369    2.46337
 370    1.22758
 371   12.4306
 372   14.3825
 373    3.22859
 374    3.9277
 375    1.39617
 376    1.86319
 377    2.17393
 378    2.27582
 379    1.24018
 380    0.77678
 381    0.49168
 382    1.15776
 383    1.30871
 384    0.335
 385    0.67546
 386    2.56675
 387    1.61497
 388    1.95466
 389    0.76296
 390    1.14863
 391    3.16284
 392    3.3691
 393    3.93257
 394    3.64919
 395    2.58423
 396    3.29554
 397    1.95614
 398    0.31698
 399    0.41032
 400   23.8601
 401   45.8942
 402    3.72736
 403    5.15533
 404   14.54
 405    2.17637
 406    2.32451
 407    0.90969
 408  206.435
 409  209.909
 410  156.906
 411  135.085
 412  198.17
 413  167.458
 414  142.085
 415   62.0549
 416   46.3703
 417   70.6686
 418   50.052
 419  102.841
 420  159.369
 421   84.86
 422   79.5682
 423   68.1235
 424    3.23847
 425    3.14506
 426   15.2762
 427   12.5222
 428    3.05723
 429    2.83848
 430    2.30079
 431   13.5061
 432    4.04146
 433    0
 434    1.26069
 435    2.38189
 436    0.14735
 437    1.24531
 438    2.43704
 439    1.71672
 440    0.21096
 441    0.77442
 442    1.94279
 443    0.81116
 444    0
 445    1.29787
 446    0.10093
 447    0.10458
 448    0.51145
 449    1.10702
 450    1.57753
 451    0.13269
 452    0.37378
 453    0.65652
 454    0.62206
 455    1.07604
 456    0.73348
 457    2.01454
 458    2.44733
 459    0.97599
 460    1.62696
 461    0
 462    0.42504
 463   15.0166
 464    0
 465    4.22873
 466    1.501
 467    1.00396
 468    0.21687
 469    3.29839
 470   20.1223
 471    9.8764
 472   15.2879
 473    2.75196
 474    3.32703
 475    2.35649
 476   15.3282
 477   12.4579
 478    2.11565
 479   15.7123
 480    2.96609
 481    2.00108
 482    1.94171
 483    0.34773
 484    3.52895
 485    1.07234
 486    1.51364
 487    4.18425
 488    2.70381
 489    0.34773
 490    1.90573
 491    2.44171
 492    2.8135
 493    3.10333
 494    2.28
 495    1.43744
 496    0
 497    1.44003
 498    0.05583
 499    2.00049
 500    2.16866
 501    2.19048
 502    0.3389
 503    1.6748
 504    1.91417
 505    2.85648
 506    0
 507    0
 508    0
 509    0.14968
 510    1.0681
 511    0
