This file was gnenerated on 2021-06-21 16:43:01.688660 by Grant Finneman. This contains the extracted data from the Gate simulations
The edep for each bar was summed up and printed to this file. The only math operation done has been addition.

  id      edep
   0    0
   1    0
   2    0
   3    0
   4    0.6532
   5    0
   6    0
   7    0
   8    0
   9    0
  10    0.7565
  11    0
  12    0
  13    0
  14    0
  15    0
  16    0.7751
  17    0
  18    0
  19    0
  20    0
  21    0
  22    0.7645
  23    0
  24    0
  25    0
  26    0.9562
  27    0
  28    0
  29    0
  30    0
  31    0
  32    0
  33    0
  34    0
  35    0
  36    0.9554
  37    0
  38    0.6877
  39    0
  40    0
  41    0
  42    0.7738
  43    0.7276
  44    0
  45    0
  46    0
  47    0.5551
  48    0
  49    0
  50    0
  51    0
  52    0.3075
  53    0.9389
  54    0
  55    0
  56    1.3008
  57    0.3417
  58    0
  59    0.564
  60    0
  61    0
  62    0
  63    0
  64    0
  65    0.2546
  66    1.1037
  67    0.2546
  68    0.0802
  69    1.3456
  70    0.7262
  71    0.0856
  72    0
  73    0
  74    0
  75    1.3685
  76    0
  77    0
  78    0
  79    0
  80    1.2033
  81    0.856
  82    0.1022
  83    0.8094
  84    0.5214
  85    5.8065
  86    2.5115
  87    0.6532
  88    0.3046
  89    1.451
  90    2.2731
  91    2.9062
  92    0.4458
  93   10.0729
  94    3.4924
  95    0
  96    0
  97    0
  98    0.987
  99    0.9941
 100    0.987
 101   14.4646
 102    3.138
 103    0.1821
 104    0.1727
 105    0.0806
 106    0
 107    0.6639
 108    0.7943
 109    0
 110    0.032
 111    0
 112    0
 113    0
 114    0
 115    0.1983
 116    0
 117    0
 118    0.6212
 119    0
 120    0
 121    0
 122    0
 123    0
 124    0
 125    0
 126    0
 127    0
 128    0
 129    0
 130    0.9509
 131    0
 132    0.0428
 133    0.9153
 134    0.0519
 135    0
 136    0
 137    0
 138    0
 139    0.363
 140    0
 141    0
 142   17.5835
 143    0
 144   39.8203
 145   35.3388
 146   25.2156
 147   36.2732
 148   27.4643
 149   55.9379
 150   62.279
 151   28.2489
 152   55.6398
 153   80.427
 154   45.9516
 155   44.8227
 156   22.1187
 157   23.851
 158   76.8277
 159   63.024
 160   43.7262
 161   70.8629
 162   43.8795
 163   47.3158
 164   31.4766
 165   22.8112
 166   25.7719
 167    9.4561
 168   25.235
 169   27.5961
 170   14.7214
 171   13.9865
 172   15.3801
 173    9.4116
 174   11.2654
 175    3.3118
 176    0.8746
 177    0.7492
 178   14.1218
 179   11.2846
 180    4.36
 181    0.6076
 182    0.7512
 183    0.3009
 184    0
 185    0.6125
 186    0.6125
 187    1.084
 188    0.4023
 189    0
 190    0.0692
 191    9.1476
 192    0
 193    0
 194    0.4811
 195    0.0802
 196    0
 197    0
 198    0
 199    3.4136
 200    0.9509
 201    1.9927
 202    7.2792
 203    0
 204   24.6516
 205    0.9968
 206    3.2984
 207    2.7531
 208   38.2269
 209   77.7955
 210   37.1134
 211   24.3668
 212   49.1331
 213   21.6155
 214   60.3795
 215   23.8685
 216   55.7955
 217   76.9199
 218  120.887
 219  131.704
 220   44.1986
 221   27.5676
 222   56.0598
 223   20.4941
 224   12.9666
 225  118.224
 226   80.3879
 227   92.1403
 228  157.654
 229   81.2032
 230   38.947
 231   15.2994
 232   16.5282
 233   88.3523
 234   61.1057
 235   82.9119
 236   70.4451
 237   37.1758
 238   29.3009
 239   33.0872
 240    0.6694
 241    0.8579
 242    0.1063
 243    0
 244    4.2588
 245    0
 246   14.9745
 247    0
 248    0
 249    0
 250    0
 251    0
 252    0.9925
 253    0.2739
 254    0
 255    0.1184
 256    0
 257    2.0461
 258    0
 259    0.3693
 260    0.9824
 261    1.6152
 262    0
 263    0
 264    1.6164
 265    0
 266   22.6629
 267    0.5325
 268    1.5845
 269    0.1289
 270    0
 271    0.5844
 272   71.1313
 273   52.4644
 274   37.4542
 275   48.5956
 276   29.4465
 277   33.7024
 278   19.3884
 279   13.7279
 280   91.1581
 281  102.419
 282   42.0546
 283   37.8266
 284   61.7105
 285   79.1802
 286   59.2392
 287   31.1153
 288   21.5047
 289  135.184
 290   92.6385
 291  127.644
 292   74.5111
 293   55.6379
 294  101.791
 295   23.0571
 296   25.8639
 297   71.8916
 298   32.971
 299   84.8714
 300   27.9556
 301   29.9236
 302   27.6222
 303   23.476
 304   18.561
 305   40.1738
 306    0.9162
 307    0.7566
 308    0
 309    0
 310   16.2356
 311    0
 312    0
 313    0.9959
 314    0.161
 315    0.3837
 316    0
 317    0
 318    0
 319    0
 320    0
 321    0
 322    0.5874
 323    0.0235
 324    0
 325    0
 326    0
 327    0
 328    1.1453
 329    0.7495
 330    0
 331    1.9719
 332    1.5286
 333    0.7665
 334    0
 335    0.7261
 336   20.4846
 337   50.4695
 338   22.9989
 339   20.0679
 340   16.1688
 341    3.5525
 342    5.4779
 343    8.233
 344   35.8215
 345   32.3358
 346   15.2359
 347   22.1077
 348   58.6024
 349   27.8173
 350   47.7747
 351   22.6547
 352   27.7174
 353   67.076
 354   47.7251
 355   41.8808
 356   35.9312
 357   24.2174
 358   44.3331
 359   26.5768
 360   22.3846
 361   18.5725
 362   13.3088
 363    6.9193
 364   11.633
 365    8.2539
 366   16.5752
 367    4.1132
 368    0
 369    1.1658
 370    0
 371    0.1794
 372    0
 373    0.27
 374    0.5935
 375    0.5208
 376    0.0676
 377    0
 378    0
 379    0.3577
 380    0.9162
 381    0.7081
 382    0
 383    0.1974
 384    0
 385    0
 386    0
 387    0
 388    0
 389    0
 390    0
 391    0
 392    0.4005
 393    0
 394    1.526
 395    0
 396    1.2766
 397    0
 398    0
 399    0
 400    0.2596
 401    0.4687
 402    0
 403    0
 404    0
 405    0
 406    0
 407    0.2994
 408    0
 409    0.498
 410    0.3588
 411    0.0225
 412    0
 413    0
 414    0
 415    0.534
 416    1.4916
 417    5.9703
 418   17.3126
 419    3.278
 420    0
 421    0
 422    2.1578
 423    0.5167
 424    1.7711
 425    0.9987
 426    0
 427    4.8866
 428    4.6354
 429    0
 430    0
 431    0.2974
 432    0.4276
 433    0
 434    0.2159
 435    0
 436    0
 437    1.2145
 438    0.5874
 439    0
 440    0
 441    0
 442    0
 443    0
 444    0
 445    0
 446    0
 447    0
 448    0
 449    0
 450    0
 451    0
 452    0
 453    0
 454    0
 455    0
 456    0
 457    0
 458    0
 459    0
 460    0
 461    1.2738
 462    0
 463    0.2175
 464    0
 465    0
 466    0
 467    0.7154
 468    0.7328
 469    0.3834
 470    0
 471    0
 472    0
 473    0.1251
 474    0.5425
 475    0.5425
 476    0
 477    0.284
 478    0.6421
 479    0
 480    0
 481    0
 482    0.5222
 483    0
 484    0
 485    0
 486    0
 487    0
 488    0.2974
 489    0
 490    0
 491    0
 492    0
 493    0
 494    0
 495    1.1564
 496    0
 497    0
 498    0
 499    0.6255
 500    0
 501    0.4354
 502    0
 503    0
 504    0
 505    0.2159
 506    0
 507    0
 508    0
 509    0
 510    0
 511    0.0074
