This file was gnenerated on 2021-06-22 18:08:03.970545 by Grant Finneman. This contains the extracted data from the Gate simulations
The edep for each bar was summed up and printed to this file. The only math operation done has been addition.

  id        edep
   0     0.74608
   1     2.87962
   2     1.16062
   3     0.9559
   4     0.98385
   5     0.28927
   6     0.94415
   7     0.89986
   8     1.22563
   9     1.35945
  10     0
  11     0.81418
  12     1.97139
  13     1.78387
  14     1.3789
  15     9.13422
  16     0.42022
  17     1.69926
  18     1.59043
  19     2.96824
  20     2.81544
  21     1.8279
  22     3.10377
  23     0.55386
  24     1.16275
  25     2.03392
  26     0
  27     0.96285
  28     2.18148
  29     0.91548
  30     1.70366
  31     1.8723
  32     3.13995
  33     0.9
  34     0.49839
  35     1.37492
  36     2.6154
  37     2.24553
  38     2.06529
  39     1.73329
  40     1.43509
  41     2.689
  42     1.1216
  43     3.87734
  44     4.76462
  45     1.0607
  46     1.00444
  47    10.7478
  48     0.78805
  49     0.64892
  50     3.08503
  51     1.20413
  52     0.60387
  53     0.33279
  54     0.98943
  55     0.64794
  56     0
  57     0.70509
  58     1.22967
  59     0.52316
  60     0.76046
  61     1.84161
  62     0
  63    14.4455
  64     1.78933
  65     0
  66     1.50838
  67     0.72828
  68     1.48799
  69     2.52103
  70     0.47064
  71     0.93819
  72     2.57702
  73     1.37303
  74     1.54518
  75     4.13614
  76     1.54028
  77     0.88832
  78     2.28215
  79     1.33568
  80     1.74875
  81     3.93924
  82     2.08545
  83     4.35031
  84     4.28118
  85     3.56372
  86     1.96449
  87     1.49159
  88     1.75273
  89     5.73212
  90     3.77174
  91     4.02402
  92     2.95813
  93     0.13711
  94    15.9723
  95     1.34396
  96     2.4262
  97     0.84411
  98     5.88833
  99     2.63301
 100     2.44613
 101     1.54044
 102     4.2747
 103     7.98656
 104     1.1101
 105     3.68329
 106     2.9863
 107     1.01578
 108     1.87842
 109     1.25333
 110     2.05553
 111    11.6861
 112     0.94565
 113     2.96478
 114     2.73776
 115     0.03461
 116     2.52429
 117     2.64054
 118     1.59133
 119     3.29591
 120     0.61922
 121     2.07723
 122     1.24901
 123     0.91094
 124     0.75071
 125     2.00929
 126     0
 127     1.38803
 128     0.9043
 129     2.04187
 130     0.43554
 131     1.15239
 132     0.53201
 133     0.94797
 134     0.99904
 135     1.55368
 136     4.07804
 137     2.71108
 138     3.77759
 139     2.23472
 140     0.95161
 141     5.67801
 142     4.99135
 143     3.11144
 144     4.88358
 145     7.07781
 146    12.6867
 147     5.84677
 148     6.11009
 149     5.37181
 150     3.19287
 151    27.1067
 152    23.0287
 153     7.91463
 154    36.0979
 155    19.3041
 156    54.0054
 157    30.1219
 158    22.1361
 159    55.2515
 160    16.4092
 161    48.4412
 162    47.822
 163    46.728
 164    86.2465
 165    71.7757
 166    33.151
 167    27.755
 168     6.76795
 169     4.15025
 170     7.78327
 171     3.1013
 172     2.36322
 173     5.03988
 174     3.30524
 175    21.9939
 176     2.83974
 177     1.63211
 178     4.77497
 179     2.01896
 180     2.17105
 181     0.68706
 182     2.61803
 183     1.06518
 184     0
 185     0.86182
 186     2.69989
 187     0.61684
 188     0.69615
 189     0.95996
 190     1.98394
 191     1.19066
 192     2.56372
 193     0.51963
 194     0
 195     4.49454
 196     1.91951
 197     0.81865
 198     0.59121
 199     0.52245
 200     3.26401
 201     2.84662
 202     0.97982
 203     3.95437
 204     4.20294
 205     2.66559
 206     0.42515
 207    20.1281
 208     8.18735
 209     8.45482
 210    57.0374
 211    25.1771
 212     5.08733
 213    35.7956
 214    33.1811
 215    42.8498
 216  2117.78
 217  2083.41
 218  2017.83
 219  2285.99
 220  2053.23
 221  2187.69
 222  1634.08
 223   860.086
 224  1614.06
 225  1751.91
 226  1774.6
 227  1885.57
 228  2068.13
 229  1821.99
 230  1320.93
 231   565.02
 232     8.2079
 233     7.03209
 234    26.1055
 235    31.7238
 236    13.1782
 237     7.2375
 238    22.6108
 239    27.441
 240     3.30545
 241     3.54905
 242     3.71399
 243     7.14875
 244     2.233
 245     4.06248
 246    56.1871
 247    40.2749
 248     1.28019
 249     5.0469
 250     3.85594
 251     0.4491
 252     3.71436
 253     2.36908
 254     3.21508
 255    13.0829
 256     1.72702
 257     2.19345
 258     3.4452
 259     0.86325
 260     0.40206
 261     0.94534
 262     1.16903
 263    29.172
 264     1.19074
 265     5.84356
 266     4.53686
 267     3.81338
 268     2.34066
 269     3.14615
 270     1.81675
 271     8.33894
 272     5.9677
 273    10.8886
 274    11.4049
 275    28.7593
 276    11.5379
 277    10.6984
 278    10.6782
 279    15.5331
 280  1456.81
 281  2009.97
 282  2108.22
 283  2160.21
 284  1847.85
 285  1862.99
 286  1287.69
 287   587.233
 288  2302.66
 289  2499.78
 290  2426.66
 291  2444.62
 292  2160.41
 293  2471.48
 294  1881.92
 295   885.108
 296    12.0202
 297    11.4319
 298    26.8381
 299    10.4961
 300    33.4918
 301    10.7754
 302    16.3762
 303    17.16
 304     3.84254
 305     5.68463
 306     2.14047
 307     3.11873
 308     2.0042
 309     6.38431
 310    19.4407
 311    14.4774
 312     3.13979
 313     1.83716
 314     3.01032
 315     1.3196
 316     2.70752
 317     1.83329
 318     4.23918
 319     4.05448
 320     2.98304
 321     0.46031
 322     2.163
 323     1.00798
 324     2.72145
 325     2.68608
 326     6.96526
 327     6.70942
 328     3.56447
 329     1.17336
 330     5.61726
 331     2.82254
 332     3.71828
 333     5.93635
 334     1.23266
 335     5.43267
 336     5.45126
 337     8.18944
 338     6.89519
 339     1.18563
 340     7.03185
 341     4.34789
 342     5.69953
 343     2.70717
 344    89.8566
 345    29.0431
 346    44.1226
 347    49.5958
 348    39.8785
 349    97.2637
 350    46.7619
 351    50.7593
 352    30.5547
 353    54.99
 354    40.2365
 355    53.7782
 356    40.5166
 357    49.6826
 358    71.5768
 359    13.2995
 360     3.57265
 361     4.14147
 362     4.16342
 363     4.72634
 364     4.2523
 365     4.66321
 366    25.7961
 367    47.3687
 368     0.04283
 369     2.74297
 370     5.30801
 371     1.67699
 372     5.04133
 373     1.63583
 374     3.48417
 375     9.36774
 376     3.74717
 377     0.66567
 378     1.96849
 379     1.22461
 380     0.81149
 381     2.84244
 382     2.03939
 383    43.9621
 384     0.91857
 385     2.61852
 386     2.02582
 387     2.0473
 388     2.19529
 389     1.21281
 390     0
 391     3.63889
 392     3.90212
 393     4.79357
 394     1.65068
 395     3.24032
 396     2.10344
 397     1.63488
 398     0.35746
 399     0.01675
 400     1.67473
 401     3.39568
 402     4.91106
 403     6.21944
 404     2.2955
 405     4.12709
 406     1.69659
 407     1.36966
 408     1.35818
 409     2.74385
 410     2.05547
 411     1.08372
 412     2.42466
 413     3.35616
 414     1.52288
 415    20.7046
 416     5.83638
 417     3.87655
 418     3.2787
 419     8.96494
 420     2.38078
 421     2.656
 422     2.41012
 423    24.4386
 424     3.60362
 425     4.39989
 426     2.36796
 427     2.80839
 428     2.03988
 429     3.50621
 430     1.91722
 431    13.6988
 432     0.50853
 433     2.54557
 434     1.26002
 435     1.78308
 436     1.23249
 437     1.80224
 438     1.2557
 439     1.16134
 440     1.65597
 441     3.64343
 442     0.75215
 443     1.83612
 444     0.49178
 445     1.01427
 446     0.88247
 447     1.60056
 448     1.04857
 449     2.34284
 450     0.15836
 451     1.24379
 452     0.83858
 453     0.45421
 454     0.25281
 455     1.36864
 456     0
 457     1.15
 458     3.26866
 459     0.63761
 460     0.21754
 461     1.15567
 462     2.32535
 463     2.08482
 464     1.5825
 465     0
 466     1.65183
 467     3.63622
 468     1.9363
 469     0.1812
 470     2.42213
 471     0
 472     2.6755
 473     1.33912
 474     1.21557
 475     0.2642
 476     0.93459
 477     1.53659
 478     2.45866
 479     9.29123
 480     0.83004
 481     4.16687
 482     1.19129
 483     0.94501
 484     1.63061
 485     1.4425
 486     1.38649
 487    28.6671
 488     0.66347
 489     0.6185
 490     2.49427
 491     2.41771
 492     4.13155
 493     0.86083
 494     2.05381
 495     0.82321
 496     1.80114
 497     0.3038
 498     0.71747
 499     0.86832
 500     0.82275
 501     0.27074
 502     1.6746
 503    11.9712
 504     2.17588
 505     0.07257
 506     0.97326
 507     2.3667
 508     0.93668
 509     0
 510     0
 511    23.4343
