This file was gnenerated on 2021-06-22 18:20:04.575185 by Grant Finneman. This contains the extracted data from the Gate simulations
The edep for each bar was summed up and printed to this file. The only math operation done has been addition.

  id        edep
   0     1.87735
   1     1.72866
   2     1.1302
   3     0.22761
   4     1.02659
   5     0.77094
   6     0.7979
   7     0
   8     2.19372
   9     2.54593
  10     0.81873
  11     0.81907
  12     0.8674
  13     1.20755
  14     1.53116
  15     2.9201
  16     2.24025
  17     2.26308
  18     0.90506
  19     1.90779
  20     0.99066
  21     0.8307
  22     1.67238
  23     2.86952
  24     1.70607
  25     3.56555
  26     1.91981
  27     3.3922
  28     2.86134
  29     3.08787
  30     5.12628
  31    12.0802
  32     2.58125
  33     2.00808
  34     1.39486
  35     1.31364
  36     2.96424
  37     1.63604
  38    25.1134
  39    20.7185
  40     1.13163
  41     0.75582
  42     3.15848
  43     2.04644
  44     1.78963
  45     1.46593
  46     0
  47     1.62514
  48     1.33642
  49     1.62725
  50     0.71303
  51     0.59814
  52     1.13201
  53     0.62216
  54     1.12719
  55     0.92517
  56     0
  57     0
  58     1.45893
  59     0
  60     1.60441
  61     0
  62     0.98519
  63     0.065
  64     1.4198
  65     0.84571
  66     1.47229
  67     1.37388
  68     1.38748
  69    17.0593
  70    11.6568
  71     7.98963
  72     2.02437
  73     2.85705
  74     1.99332
  75     2.24266
  76     2.04371
  77     2.15863
  78     0.36538
  79     0.23697
  80    31.2338
  81    14.8077
  82     5.66394
  83    20.174
  84    40.603
  85     2.8863
  86     2.60158
  87    38.369
  88    67.6508
  89   129.569
  90    86.0383
  91    95.8792
  92   145.73
  93   107.731
  94    89.295
  95    38.1515
  96    46.5257
  97    23.1166
  98    20.6955
  99    20.1224
 100    45.7781
 101     8.60528
 102     1.87138
 103    20.3519
 104     3.40544
 105     3.56301
 106     3.42526
 107     3.97933
 108     4.21735
 109     3.00399
 110     1.6132
 111     0.80472
 112     1.33209
 113     1.34817
 114     0.54554
 115     1.85073
 116     0.78405
 117     1.77413
 118     1.70322
 119     1.99352
 120     1.85081
 121     0
 122     0.33012
 123     1.18912
 124     0.90227
 125     0.928
 126     1.72747
 127     1.91779
 128     0.55685
 129     0.40943
 130     2.02616
 131     3.1281
 132     3.83663
 133     1.59822
 134     0.85978
 135     1.26961
 136     1.55279
 137     0.82816
 138     0.99
 139     3.54597
 140     1.83782
 141     2.94384
 142     3.78022
 143    33.1252
 144    91.429
 145    88.6909
 146   123.435
 147    92.9696
 148    86.5894
 149    43.3746
 150    20.663
 151    22.508
 152  1605.89
 153  1466.92
 154  1541.51
 155  1560.27
 156  1672.42
 157  1591.87
 158  1201.7
 159   554.373
 160   224.896
 161   135.586
 162   224.92
 163   266.007
 164   259.888
 165   285.97
 166   158.251
 167    66.5871
 168     5.36429
 169     3.77716
 170     9.30753
 171     5.81953
 172     3.44186
 173     4.38724
 174     6.44539
 175    15.3937
 176     2.44383
 177     3.9398
 178     2.84441
 179     2.27287
 180     3.24702
 181     1.98313
 182     1.49481
 183     0.88495
 184     0
 185     3.23174
 186     1.29591
 187     2.65169
 188     0.9747
 189     1.46468
 190     0.71694
 191     2.33106
 192     0.23117
 193     2.06424
 194     0.14608
 195     1.10814
 196     3.07514
 197     0.70375
 198     1.67697
 199     5.32292
 200     1.40246
 201     2.34407
 202     3.50218
 203     3.56253
 204     0.97229
 205     2.06092
 206     3.76889
 207     1.69574
 208    33.4845
 209    28.6758
 210    44.263
 211    56.0578
 212    57.7373
 213    37.3201
 214    21.2525
 215    35.5407
 216  1513.09
 217  1342.05
 218  1455.01
 219  1327.94
 220  1628.58
 221  1721.41
 222  1239.33
 223   600.939
 224   783.87
 225   708.813
 226   789.351
 227   610.069
 228   749.715
 229   926.872
 230   544.013
 231   305.789
 232    14.0967
 233    11.9894
 234     3.69167
 235     8.57611
 236     8.2342
 237     1.69106
 238     6.34799
 239    14.2964
 240     2.11112
 241     2.58859
 242     1.95057
 243     3.4511
 244     3.93489
 245     1.57569
 246     1.81524
 247     3.43933
 248     1.86137
 249     2.70024
 250     0.46501
 251     2.52574
 252     2.52103
 253     2.89227
 254     0.94434
 255     0.59219
 256     0.94927
 257     1.68208
 258     4.02379
 259     0.5541
 260     3.23824
 261     2.24511
 262    24.3363
 263     0
 264     6.36667
 265     3.67892
 266     2.82893
 267     1.22109
 268     2.78681
 269     1.7313
 270     1.20514
 271    34.7523
 272    26.4665
 273     8.10762
 274     4.65117
 275    24.7679
 276     4.9832
 277     2.23898
 278     4.75317
 279    91.3628
 280   648.884
 281   856.448
 282   753.73
 283   661.044
 284   737.8
 285   889.477
 286   658.431
 287   232.741
 288  1145.63
 289  1512.93
 290  1501.2
 291  1621.91
 292  1655.69
 293  1526.45
 294  1096.45
 295   515.712
 296     5.42236
 297    31.9523
 298    61.4259
 299    26.874
 300    34.2069
 301    46.3422
 302    15.2437
 303    23.1532
 304     3.056
 305     1.72673
 306     0.99244
 307     2.53686
 308     2.54597
 309     2.03908
 310     2.8898
 311     1.56156
 312     0.77832
 313     4.10532
 314     4.42183
 315     0.88982
 316     0.38803
 317     2.17974
 318     0.59678
 319     1.61942
 320     2.7814
 321     2.5786
 322     3.2804
 323     2.71356
 324     0
 325     1.68137
 326     4.33802
 327     1.70407
 328     4.13936
 329     3.13976
 330     3.7675
 331     2.15458
 332     2.34268
 333     2.20547
 334     1.65744
 335     5.02302
 336     2.98557
 337     4.59197
 338     2.84913
 339     4.56421
 340     4.21218
 341     5.41452
 342     4.14656
 343     5.97874
 344   237.857
 345   235.346
 346   145.628
 347   208.794
 348   133.451
 349   155.835
 350   161.692
 351    63.0091
 352  1408.7
 353  1460.8
 354  1310.63
 355  1463.14
 356  1686.9
 357  1531.83
 358  1139.3
 359   438.907
 360    74.8827
 361    66.2846
 362    25.6146
 363    59.9854
 364    84.5417
 365    52.2575
 366    36.6987
 367    28.7219
 368     2.69406
 369     2.18904
 370     3.04649
 371     3.00564
 372     2.46444
 373     4.69209
 374     2.26201
 375    30.0622
 376     2.21771
 377     0.71488
 378     0.09066
 379     0.95071
 380     0.80854
 381     0.70509
 382     2.81302
 383     2.23449
 384     2.02972
 385     3.0642
 386     0.9734
 387     3.12435
 388     1.61836
 389     1.87598
 390     2.41332
 391     2.02318
 392     0.34804
 393     3.09678
 394     1.43279
 395     3.02105
 396     1.44835
 397     2.51436
 398     2.58545
 399     1.58163
 400     1.53729
 401     4.26901
 402     2.28401
 403     4.03115
 404     1.09102
 405     3.52226
 406     2.13641
 407     0.75781
 408    37.7063
 409     4.99947
 410    33.3883
 411    15.4946
 412    36.2643
 413    51.6848
 414    14.5774
 415    14.7817
 416   177.226
 417    96.5144
 418   163.992
 419   178.927
 420   184.932
 421   153.975
 422    55.6976
 423    24.279
 424     5.08378
 425    11.071
 426     3.19996
 427    48.2455
 428    19.698
 429     5.05887
 430     2.83036
 431    26.9241
 432     0.93053
 433     0.69884
 434     0.60727
 435     1.0543
 436     4.62897
 437     3.66037
 438     0.60105
 439     1.85016
 440     0
 441     0
 442     0
 443     1.39653
 444     0.75128
 445     3.31356
 446     0.31331
 447     9.50937
 448     0.45577
 449     0.32244
 450     0
 451     1.17959
 452     0.84649
 453     0.56357
 454     0
 455     0.94147
 456     1.69
 457     0.33469
 458     2.00963
 459     1.8261
 460     0.7001
 461     2.04063
 462     2.76989
 463     1.18797
 464     2.29245
 465     0
 466     2.50419
 467     1.13609
 468     1.81415
 469     1.76934
 470     2.03722
 471     0.63421
 472     1.11079
 473     2.97357
 474     3.34703
 475     1.02064
 476     1.56089
 477     2.14643
 478     0.74138
 479    25.8259
 480     3.04522
 481     3.7605
 482     7.87402
 483     3.31373
 484     1.68608
 485     2.32107
 486     6.22232
 487     4.95375
 488     1.86018
 489     0
 490     1.53373
 491     2.12596
 492     2.65075
 493     0.83021
 494     2.6784
 495    17.3992
 496     0
 497     2.58842
 498     3.66046
 499     0.63658
 500     1.39711
 501     0.74114
 502     0.74528
 503     2.2617
 504     0
 505     1.73091
 506     0.63054
 507     0.94953
 508     0.37889
 509     1.6672
 510     0.73114
 511     0.76602
