This file was gnenerated on 2021-06-22 18:14:22.135770 by Grant Finneman. This contains the extracted data from the Gate simulations
The edep for each bar was summed up and printed to this file. The only math operation done has been addition.

  id        edep
   0     0.55751
   1     0
   2     1.32734
   3     0.39183
   4     1.2762
   5     0.47925
   6     0
   7     1.30854
   8     0.75537
   9     0.96849
  10     1.72768
  11     0
  12     0.23579
  13     0
  14     0.32305
  15     0.35657
  16     0.75682
  17     0.03048
  18     2.73469
  19     0.43032
  20     2.61847
  21     1.46765
  22     2.63238
  23     0.31132
  24     2.99262
  25     0.98718
  26     2.46148
  27     2.21431
  28     4.42348
  29     2.28745
  30     2.4354
  31     2.9907
  32     2.55833
  33     0
  34     1.35394
  35     1.75044
  36     0.58858
  37     2.11625
  38    13.5222
  39     4.67236
  40     0
  41     0.66596
  42     1.11055
  43     1.74002
  44     0.86024
  45     3.03561
  46     1.73635
  47     0.20797
  48     1.19282
  49     0.28882
  50     1.02942
  51     1.18517
  52     2.55803
  53     0.93932
  54     0.5356
  55     0.83321
  56     3.52944
  57     0.83865
  58     0.06806
  59     0.34687
  60     0.73999
  61     0
  62     0.83401
  63     0.95662
  64     0.67015
  65     2.14697
  66     2.66809
  67     0.25719
  68     1.01278
  69     3.49056
  70     1.86025
  71     1.84037
  72     2.555
  73     4.08859
  74     1.23989
  75     1.98139
  76     2.80862
  77     2.33449
  78     2.17545
  79     0
  80     0
  81     2.36422
  82     2.41864
  83     0.95611
  84     1.67767
  85     2.50094
  86     2.86965
  87    11.2951
  88     2.94748
  89     2.45803
  90     3.52542
  91     2.42864
  92     3.19804
  93     4.11892
  94     1.18331
  95    32.4412
  96     1.92351
  97     4.44285
  98     4.28447
  99     1.88918
 100     3.97413
 101     0.4169
 102     1.818
 103    17.5787
 104     4.53159
 105     0.72213
 106     4.0767
 107     1.51704
 108     2.3221
 109     1.58533
 110     1.79989
 111     1.63001
 112     4.74872
 113     1.97778
 114     2.22564
 115     4.42712
 116     1.21064
 117     2.33249
 118     2.41163
 119     2.13363
 120     4.37305
 121     1.14083
 122     2.51349
 123     0.63385
 124     2.93562
 125     0
 126     0.96557
 127     8.86487
 128     3.42272
 129     1.12836
 130     4.11375
 131     0.57414
 132     2.39419
 133     0.29983
 134     1.8749
 135     0
 136    13.404
 137    15.6748
 138    46.1267
 139     2.07276
 140    10.0954
 141    25.826
 142     6.76591
 143     0.02646
 144   146.03
 145   126.825
 146    75.6299
 147   129.005
 148    81.9819
 149   128.333
 150    24.7759
 151    28.5022
 152   117.141
 153   158.713
 154   157.368
 155    94.7726
 156    58.1974
 157   201.09
 158    53.0366
 159    12.987
 160    80.4041
 161    77.5074
 162    94.3903
 163   131.768
 164    94.7625
 165   145.569
 166    54.2337
 167    59.9005
 168    54.2674
 169    59.2913
 170    94.6472
 171   106.572
 172    72.9366
 173    63.2714
 174    52.8415
 175    38.8455
 176    23.8885
 177     5.00181
 178    27.6932
 179    27.4026
 180     8.83328
 181     7.1697
 182    29.8191
 183    31.833
 184     4.77473
 185     0.17491
 186     1.16019
 187     2.38971
 188     3.07281
 189     2.67816
 190     1.60034
 191     7.32218
 192     3.35572
 193     1.59924
 194     2.94285
 195     2.44866
 196     1.04451
 197     2.8448
 198     0.41497
 199     1.47132
 200    91.6745
 201   171.445
 202   143.658
 203   169.846
 204   151.662
 205    89.5092
 206    39.8877
 207    21.4867
 208   769.597
 209   914.712
 210   872.368
 211   913.623
 212   959.561
 213  1042.49
 214   744.592
 215   385.681
 216   773.21
 217   974.896
 218   867.044
 219   830.346
 220  1085.8
 221  1015.53
 222   863.557
 223   402.114
 224   775.386
 225  1005.83
 226   917.12
 227  1127.3
 228  1222.31
 229   910.383
 230  1012.25
 231   441.345
 232   945.585
 233   873.582
 234   872.496
 235   865.211
 236   927.402
 237   912.09
 238   658.247
 239   387.767
 240    67.9939
 241   101.24
 242    97.7794
 243    36.6259
 244    44.5453
 245    77.7772
 246   138.221
 247    59.1888
 248     1.8216
 249     2.84242
 250     3.1495
 251     0.12983
 252     4.31514
 253     1.8284
 254     1.11665
 255     0.95351
 256     4.01957
 257     2.37166
 258     2.29847
 259     1.63929
 260     1.61621
 261     0.86084
 262     3.43256
 263     1.22417
 264    32.288
 265    80.4606
 266    75.3994
 267    30.2163
 268   115.193
 269    95.446
 270    35.0732
 271    26.9477
 272   812.761
 273   903.185
 274   895.183
 275   967.313
 276   959.446
 277  1064.96
 278   916.76
 279   427.094
 280   856.467
 281   960.91
 282   890.174
 283   905.466
 284   981.311
 285   821.306
 286   689.027
 287   315.162
 288   829.666
 289   821.216
 290   991.912
 291  1048.9
 292   953.214
 293   987.575
 294   814.216
 295   360.033
 296   674.637
 297  1083.83
 298   952.992
 299   738.852
 300   937.441
 301   954.536
 302   622.829
 303   288.003
 304    62.61
 305    54.7509
 306    64.2125
 307    49.5825
 308   153.945
 309   149.124
 310    63.1236
 311     4.29142
 312     1.8114
 313     4.33289
 314     3.26575
 315     1.3382
 316     1.8955
 317     0.95204
 318     3.23791
 319     1.08832
 320     2.96532
 321     2.62343
 322     1.60558
 323     2.1562
 324     1.08116
 325     1.73667
 326     0.70523
 327     0.02394
 328    16.4083
 329    19.4797
 330     7.10039
 331    43.4525
 332    10.3094
 333    10.3193
 334    12.0167
 335     1.90491
 336   122.962
 337   180.423
 338    91.5424
 339   142.961
 340   141.529
 341   115.89
 342    18.1129
 343    16.2696
 344    81.8478
 345   121.936
 346   104.62
 347   111.257
 348   172.633
 349   119.161
 350    87.1467
 351     8.62134
 352    58.6969
 353   100.137
 354    95.6554
 355    92.1475
 356   126.238
 357   184.032
 358    69.4026
 359    51.4467
 360    72.0087
 361   152.37
 362   132.101
 363   114.739
 364    48.3509
 365    78.6645
 366    48.6487
 367    21.3819
 368     5.02402
 369     2.34372
 370    10.4797
 371     7.8528
 372    58.5169
 373    28.7807
 374    11.9396
 375     3.13858
 376     1.79627
 377     4.02424
 378     0.20742
 379     4.47522
 380     1.41107
 381     0.98937
 382     4.44744
 383     2.18032
 384     1.78153
 385     1.11452
 386     2.48394
 387     1.73391
 388     2.3329
 389     2.78759
 390     0.84891
 391     0.57441
 392     3.80771
 393     2.14617
 394     2.42914
 395     2.39789
 396     0.74669
 397     1.45794
 398     0.56737
 399     5.37052
 400     2.92792
 401     2.33434
 402     0.91173
 403     1.2604
 404     0.88991
 405     2.56971
 406     2.27514
 407     1.96444
 408     7.11554
 409     2.15107
 410     3.27593
 411     3.23415
 412     3.22859
 413     2.63585
 414     2.77437
 415    12.6994
 416     4.08948
 417     3.97365
 418     3.73586
 419     2.75804
 420     4.6835
 421     2.18704
 422     0
 423     1.60011
 424     4.96116
 425     6.20061
 426     5.13444
 427     3.98791
 428     4.46768
 429     1.0387
 430     0.77143
 431    14.6376
 432     0.18926
 433     0.80999
 434     0.62399
 435     1.21711
 436     1.49348
 437     3.43515
 438    17.5272
 439    43.9375
 440     0.31571
 441     2.03286
 442     0.35894
 443     1.46168
 444     2.96422
 445     0.8585
 446     0.93532
 447     2.452
 448     1.29771
 449     0
 450     0.89642
 451     0.10287
 452     1.1763
 453     3.35355
 454     0.27875
 455     0.00255
 456     1.60333
 457     0.27391
 458     0
 459     0
 460     0
 461     1.04085
 462     0.73838
 463     0
 464     1.89175
 465     3.52654
 466     1.94614
 467     3.11893
 468     1.62808
 469     0.52176
 470     2.20118
 471    18.8986
 472     0
 473     2.11107
 474     3.01618
 475     1.4293
 476     0.89122
 477     0.40888
 478     0.59577
 479    35.1022
 480     1.73548
 481     0.35355
 482     3.43167
 483     1.65682
 484     2.44459
 485     1.74056
 486     4.16586
 487    17.5151
 488     2.04464
 489     0.90127
 490     1.39714
 491     5.0919
 492     0.85143
 493     1.2463
 494     3.06681
 495    25.2403
 496     0.38599
 497     0.64502
 498     0.95496
 499     0.36901
 500     2.67434
 501     0.76801
 502     1.56592
 503     1.43258
 504     0.2065
 505     0.24328
 506     0.10731
 507     1.0066
 508     0.85866
 509     0.029
 510     1.1825
 511     0.94894
