This file was gnenerated on 2021-06-22 18:21:37.906942 by Grant Finneman. This contains the extracted data from the Gate simulations
The edep for each bar was summed up and printed to this file. The only math operation done has been addition.

  id       edep
   0    1.65378
   1    1.26772
   2    0.85872
   3    1.4344
   4    0
   5    0.16644
   6    0
   7    2.21311
   8    3.11904
   9    0.52839
  10    2.20289
  11    6.76681
  12    2.4701
  13    3.80885
  14    1.66038
  15    5.59196
  16    0.7992
  17    3.13429
  18    4.87271
  19   26.2311
  20   24.8534
  21   27.7949
  22   17.5109
  23   10.5612
  24   10.6684
  25   27.7931
  26    2.52272
  27    6.71191
  28   15.7574
  29    7.08289
  30    1.65508
  31    3.26096
  32    6.87525
  33    3.49443
  34    2.45775
  35    2.33116
  36    1.81769
  37    3.57967
  38    5.38653
  39    0.93571
  40    1.57181
  41    4.75064
  42    0.69791
  43    1.64586
  44    2.4462
  45    3.52379
  46    1.6309
  47    1.56587
  48    0.18522
  49    1.1629
  50    2.28344
  51    1.39918
  52   25.6255
  53    1.49646
  54    1.86443
  55    0.62199
  56    0
  57    0
  58    0.83724
  59    1.60368
  60    0.35261
  61    0.14375
  62    0.69517
  63    0
  64    0
  65    0.42389
  66    1.84198
  67    0.40184
  68    0.37693
  69    0.858
  70    0.58452
  71    0
  72    6.85031
  73    2.02955
  74    4.21748
  75   19.5875
  76    1.10391
  77    0.78821
  78    0.09606
  79    3.25984
  80  122.02
  81  245.274
  82  200.559
  83  293.248
  84  274.129
  85  244.151
  86  136.637
  87   82.5855
  88  217.297
  89  400.713
  90  384.358
  91  369.766
  92  386.586
  93  431.015
  94  234.95
  95   91.7759
  96  229.061
  97  200.804
  98  190.467
  99  139.173
 100  167.069
 101  130.016
 102  151.697
 103   37.369
 104   34.7879
 105   32.1838
 106   65.0187
 107  143.326
 108  112.537
 109   78.1759
 110   87.4679
 111   30.9663
 112    5.17594
 113    7.5582
 114    4.35888
 115   44.1466
 116   23.1878
 117   25.5929
 118   32.0611
 119    3.50868
 120    1.3847
 121    2.63011
 122    3.9372
 123    1.00131
 124    1.24219
 125    1.08415
 126    0.37581
 127    1.28071
 128    0.84435
 129    0.10072
 130    3.58812
 131    2.30114
 132    0.95244
 133    1.57162
 134    0.22388
 135    0.25959
 136   23.9505
 137   27.9828
 138    4.72121
 139   50.3327
 140    0.40223
 141    2.4041
 142    8.40403
 143   38.4627
 144  225.35
 145  207.498
 146  345.201
 147  263.92
 148  290.585
 149  320.092
 150  249.316
 151   86.5645
 152  405.156
 153  369.547
 154  334.881
 155  372.443
 156  383.632
 157  484.314
 158  295.211
 159  209.129
 160  516.01
 161  493.492
 162  439.041
 163  396.451
 164  431.891
 165  446.757
 166  251.681
 167  136.536
 168  420.621
 169  334.885
 170  487.099
 171  600.6
 172  542.441
 173  415.652
 174  329.981
 175  125.199
 176  183.184
 177  166.741
 178  151.83
 179  145.595
 180  224.111
 181  354.893
 182  180.076
 183  100.786
 184    2.9118
 185    1.69149
 186    4.07602
 187    2.93069
 188    1.92864
 189    1.59622
 190    1.7607
 191    0.50661
 192    0.51721
 193    1.63396
 194    0.5472
 195    0.97153
 196    2.62636
 197    1.56439
 198    2.35723
 199   11.9807
 200   34.2738
 201   61.6278
 202   33.68
 203   31.6808
 204   82.6756
 205   16.5458
 206   10.2846
 207    4.55913
 208  293.574
 209  317.05
 210  370.89
 211  360.282
 212  448.11
 213  423.872
 214  235.661
 215  107.82
 216  448.793
 217  400.553
 218  458.567
 219  479.314
 220  467.463
 221  486.177
 222  318.376
 223  144.142
 224  401.662
 225  564.879
 226  368.759
 227  411.569
 228  519.094
 229  592.293
 230  334.049
 231  113.298
 232  578.487
 233  527.848
 234  390.913
 235  384.224
 236  455.608
 237  327.096
 238  356.432
 239  162.308
 240   86.6589
 241  118.765
 242   81.5894
 243  138.646
 244  109.114
 245  139.687
 246   75.5864
 247   27.8143
 248    3.461
 249    1.28411
 250    2.98553
 251    1.77141
 252    5.44598
 253    2.12055
 254    1.90491
 255    9.45463
 256    1.58368
 257    2.69469
 258    1.87773
 259    1.07697
 260    3.21962
 261    2.08235
 262    1.91149
 263   14.327
 264   68.1674
 265   79.3689
 266  107.893
 267  162.858
 268  103.946
 269   75.8373
 270   43.9795
 271   58.6549
 272  406.859
 273  303.153
 274  442.113
 275  508.59
 276  440.282
 277  568.55
 278  502.012
 279  120.712
 280  565.706
 281  479.84
 282  536.799
 283  422.212
 284  403.282
 285  362.328
 286  307.494
 287  233.556
 288  367.6
 289  481.872
 290  483.858
 291  452.743
 292  453.356
 293  471.909
 294  245.072
 295  136.646
 296  322.118
 297  382.18
 298  454.998
 299  503.312
 300  465.519
 301  358.535
 302  186.253
 303   77.2714
 304    9.53004
 305   56.6399
 306   42.4092
 307   69.352
 308   38.0758
 309    2.39837
 310    4.96923
 311    6.90913
 312    2.37823
 313    2.62355
 314    1.21241
 315    3.51605
 316    4.16158
 317    1.97616
 318    1.20145
 319    2.04475
 320    3.11563
 321    4.39833
 322    2.2012
 323    0.86149
 324    1.72012
 325    0.3929
 326    0.0178
 327    1.37685
 328  191.066
 329   97.6914
 330  136.881
 331  145.432
 332  206.905
 333  121.743
 334  133.069
 335   64.1048
 336  440.477
 337  481.776
 338  357.285
 339  453.303
 340  585.487
 341  466.563
 342  387.555
 343  184.263
 344  382.617
 345  476.941
 346  553.27
 347  675.832
 348  640.478
 349  592.803
 350  492.681
 351  227.521
 352  283.989
 353  359.057
 354  399.256
 355  482.321
 356  656.518
 357  520.459
 358  308.296
 359  131.403
 360  187.3
 361  235.505
 362  266.903
 363  400.503
 364  335.428
 365  285.43
 366  192.247
 367   73.5483
 368    4.58994
 369   15.4628
 370    3.18473
 371   10.4879
 372    3.22691
 373    0
 374   20.5105
 375   24.432
 376    0.59005
 377    3.47423
 378    1.60562
 379    2.84539
 380    2.9442
 381    1.30351
 382    3.03084
 383    0.86944
 384    1.43444
 385    2.00953
 386    1.12839
 387    1.77297
 388    1.56927
 389    0.67671
 390    2.45119
 391    0.05908
 392    6.42353
 393    2.23504
 394   36.6034
 395   19.2515
 396   33.7837
 397   30.5047
 398   15.3128
 399   28.5765
 400  168.575
 401  157.696
 402   75.7138
 403   87.0409
 404  114.899
 405  101.59
 406  105.846
 407   62.7093
 408  264.997
 409  176.128
 410  244.877
 411  304.625
 412  305.599
 413  240.507
 414  213.771
 415   54.7915
 416  257.764
 417  197.7
 418  395.527
 419  356.022
 420  280.084
 421  334.791
 422  214.329
 423  112.603
 424  192.67
 425  169.619
 426  101.418
 427  127.68
 428  130.329
 429  112.841
 430  114.742
 431   62.3574
 432    0.43462
 433    2.49447
 434    2.28157
 435    2.99989
 436    2.25613
 437    0.59834
 438    1.49269
 439   38.4814
 440    0.40476
 441    0.07239
 442    1.52233
 443    1.01839
 444    2.6947
 445    1.43389
 446    2.17816
 447   15.7513
 448    0.29758
 449    0
 450    0.91572
 451    0.95427
 452    1.39031
 453    0.8809
 454    0.88827
 455    1.40383
 456    0.75772
 457    1.06284
 458    0.26063
 459    1.33217
 460    1.16614
 461    0.77923
 462    1.49948
 463    3.11534
 464    1.32763
 465    0.94382
 466    5.86261
 467    1.13611
 468    1.73169
 469    2.02366
 470    0.31469
 471   19.9364
 472    1.87737
 473    1.88396
 474    2.94694
 475    1.67677
 476    0.5806
 477    4.71073
 478    1.68548
 479   15.8806
 480   15.9362
 481   74.9858
 482   42.4037
 483    0.68274
 484    0.92253
 485   15.8074
 486    2.42334
 487    8.09668
 488   18.444
 489   38.7063
 490   20.8431
 491    9.12466
 492   13.8918
 493    3.96433
 494   24.3428
 495    2.41474
 496    1.46193
 497    0
 498    0.75769
 499    0.6686
 500    0.87101
 501    1.48257
 502   13.874
 503   11.2272
 504    0.31524
 505    0
 506    1.58932
 507    0.9049
 508    0.69748
 509    1.27365
 510    0.62019
 511    7.02027
