This file was gnenerated on 2021-06-21 16:42:27.727135 by Grant Finneman. This contains the extracted data from the Gate simulations
The edep for each bar was summed up and printed to this file. The only math operation done has been addition.

  id      edep
   0    0
   1    0
   2    0
   3    0
   4    0
   5    0
   6    0
   7    0
   8    0
   9    0
  10    0
  11    0
  12    0
  13    0
  14    0
  15    0
  16    0
  17    0
  18    0.224
  19    0
  20    0
  21    0.6022
  22    0
  23    0
  24    0.5041
  25    0
  26    0
  27    0
  28    0
  29    0.5436
  30    0.3052
  31    0
  32    0
  33    0.2934
  34    0
  35    0.4003
  36    0
  37    0
  38    0
  39    0
  40    0
  41    0
  42    0
  43    0.0682
  44    0
  45    0
  46    0
  47    3.3456
  48    0
  49    0
  50    0.9919
  51    0
  52    0
  53    0
  54    0
  55    2.5869
  56    0
  57    0
  58    0
  59    0
  60    0
  61    0
  62    0
  63    0
  64    0
  65    0
  66    0
  67    0.2757
  68    0
  69    0
  70    0.6278
  71    0
  72    0
  73    0
  74    0
  75    0
  76    0.385
  77    0
  78    0
  79    0
  80    0
  81    0
  82    1.2817
  83    0.7285
  84    0.5878
  85    0.968
  86    0
  87    0
  88    8.6886
  89    1.7925
  90    0.1754
  91    2.2831
  92    0
  93   13.3455
  94    0.7064
  95    0
  96    7.1699
  97    0
  98   17.7151
  99    6.138
 100    0.075
 101    1.3538
 102   24.3219
 103   12.6777
 104    1.2304
 105    0.6926
 106    0
 107    0
 108    0.4697
 109    0
 110    0
 111    0.6101
 112    0.759
 113    0
 114    0
 115    0
 116    0.8774
 117    0.1945
 118    0.3607
 119    0.2316
 120    0
 121    0
 122    0
 123    0
 124    0
 125    0
 126    0
 127    0
 128    0
 129    0
 130    0
 131    0
 132    0.5202
 133    0
 134    0
 135    0
 136    0.4537
 137    0.3562
 138    0.3801
 139    0.7851
 140    0.5898
 141    0.2094
 142    0.9274
 143    0
 144   19.6222
 145   26.956
 146   18.6755
 147   57.8366
 148   21.3339
 149    3.0985
 150    1.2574
 151    5.6989
 152   82.1289
 153   84.4731
 154   38.3006
 155   78.9642
 156   70.2435
 157   97.4424
 158   73.7836
 159   33.8072
 160   52.7587
 161   50.1457
 162   75.5605
 163   63.38
 164   77.1399
 165   90.5923
 166   94.3035
 167   26.2653
 168    0.5822
 169    0.4478
 170   25.4176
 171   15.1035
 172    0
 173    0.7806
 174    0
 175    0
 176    0
 177    0
 178    0
 179    0
 180    0
 181    0
 182    0.4766
 183    0.6848
 184    0
 185    0
 186    0.0981
 187    0
 188    0
 189    0
 190    0
 191    0.9604
 192    0
 193    0
 194    0
 195    0
 196    0.7212
 197    0
 198    0
 199    0.1234
 200    0
 201    0
 202    0
 203    0.0908
 204    0.226
 205    1.2095
 206    1.2455
 207    0
 208   23.8235
 209   52.0342
 210   37.9446
 211    5.6992
 212    2.748
 213    1.7512
 214   26.4651
 215    1.227
 216   98.7564
 217   89.4974
 218  107.373
 219   76.6234
 220   53.1316
 221   47.544
 222   48.2558
 223   56.9482
 224   64.0332
 225  103.257
 226   80.6665
 227   68.6167
 228   54.7371
 229   96.0982
 230  104.27
 231   52.8874
 232    0
 233    0
 234   16.2988
 235   12.7088
 236    3.5084
 237   17.4849
 238    0.7275
 239    0.9238
 240    0
 241    0.0762
 242    0
 243    0
 244    0
 245    0
 246    0
 247    0
 248    0
 249    0
 250    0
 251    0
 252    0
 253    0
 254    0
 255    0
 256    0.893
 257    0
 258    0
 259    0
 260    0
 261    0.2051
 262    0.4549
 263    0
 264    0.3918
 265    0.7212
 266    0
 267    0
 268    0.4439
 269    0
 270    0.2707
 271    0.0121
 272   18.452
 273    0
 274   25.5715
 275    0.8526
 276    6.3096
 277   18.051
 278    0.9891
 279    1.6713
 280   80.1891
 281   70.1564
 282  122.318
 283   82.4084
 284   52.413
 285  137.084
 286  100.712
 287   39.567
 288   43.7115
 289   93.969
 290   89.2489
 291  162.402
 292  114.007
 293   51.3313
 294   41.3197
 295   14.8815
 296    2.6901
 297    2.7915
 298    9.25
 299   17.0122
 300   31.14
 301   17.5139
 302    2.1357
 303    1.4506
 304    0.2546
 305    0
 306    0
 307    0.031
 308    0
 309    0.3908
 310    0
 311    0
 312    0
 313    0
 314    0
 315    0.6872
 316    0
 317    0
 318    0
 319    0
 320    0
 321    0
 322    0
 323    0
 324    0
 325    0
 326    0
 327    0
 328    0.7734
 329    0
 330    0
 331    0.0912
 332    0.4113
 333    0.0664
 334    0
 335    0
 336    2.9261
 337    0
 338    0
 339    3.3449
 340    1.2883
 341    0
 342    0.2678
 343    0
 344   43.0802
 345   54.0273
 346   62.1979
 347   23.0584
 348   56.6453
 349   45.875
 350   40.4275
 351   28.3678
 352   39.3613
 353  111.214
 354  128.079
 355   76.8429
 356   76.7892
 357   74.8662
 358   59.0284
 359   31.4052
 360   15.6113
 361   59.3365
 362   27.7113
 363    4.4449
 364   28.4363
 365   47.344
 366   18.0194
 367    9.9539
 368    0.1391
 369    0
 370    0
 371    0
 372    9.0687
 373   20.2304
 374    1.9637
 375    0
 376    0
 377    0
 378    0.226
 379    0
 380    0
 381    0.8026
 382    0
 383    0.105
 384    0
 385    0
 386    0
 387    0
 388    0.8066
 389    0
 390    0
 391    0
 392    0.1418
 393    0
 394    0
 395    0
 396    0.9359
 397    0
 398    0
 399    0.5416
 400    0.5888
 401    0.4995
 402    0.9498
 403    0
 404    0.3469
 405    0
 406    0.4022
 407    0
 408    3.1085
 409    0.6243
 410   14.5614
 411   32.227
 412   10.5026
 413    0.4264
 414    0.758
 415    0
 416    0.7204
 417    1.9973
 418    0.9927
 419   19.0887
 420   36.764
 421    1.1746
 422    1.9949
 423    1.1381
 424    0
 425    0
 426    0.6981
 427    0
 428    0.1157
 429    0
 430    1.4719
 431    0
 432    0.0223
 433    0
 434    0.583
 435    0.7123
 436    0
 437    0
 438    0
 439    0
 440    0
 441    0
 442    0
 443    0.326
 444    0
 445    0
 446    0
 447    0
 448    0
 449    0
 450    0
 451    0.5434
 452    0
 453    0
 454    0
 455    0
 456    0
 457    0
 458    0
 459    0
 460    0
 461    0
 462    0
 463    0
 464    0
 465    0
 466    0
 467    1.3773
 468    0
 469    0.1096
 470    0
 471    0
 472    0
 473    1.0186
 474    0
 475    0
 476    0.6322
 477    0
 478    0.144
 479    0
 480    0
 481    1.3362
 482    0
 483    0
 484    0
 485    0
 486    0
 487    0
 488    0
 489    0
 490    0
 491    0
 492    0
 493    0.9421
 494    0
 495    0.1196
 496    0.9895
 497    0
 498    0.4913
 499    0
 500    0.1352
 501    0
 502    0.7709
 503    0
 504    0
 505    0
 506    0.2678
 507    0
 508    0
 509    0
 510    0
 511    0
