This file was gnenerated on 2021-06-17 21:16:12.776166 by Grant Finneman. This contains the extracted data from the Gate simulations
The edep for each bar was summed up and printed to this file. The only math operation done has been addition.

  id      edep
   2    0.7713
  20    0.1381
  23    0.9548
  28    0.9598
  32    0.2951
  34    1.3245
  37    0.0769
  44    0.9711
  47   11.6887
  52    0.4844
  55   22.0432
  60    0.5751
  65    0.4824
  75    0.0209
  76    0.3917
  81    0.8394
  85    0.1422
  88    0.6781
  89    0.4839
  90    2.085
  97    0.0885
  99    0.3991
 100    0.0231
 102    1.0211
 103    0.773
 106    1.3514
 108    0.921
 109    0.0974
 112    0.4951
 113    0.3855
 114    0.293
 115    0.6678
 123    0.6516
 126    0.2419
 129    0.0823
 130    0.7713
 132    0.2133
 135    1.8572
 136    0.285
 142    4.326
 143    2.7398
 146    0.1216
 147    0.4556
 148    0.4298
 150    0.5501
 154    1.1554
 155    0.729
 156    1.6502
 157    0.9434
 158    0.4693
 159    0.8754
 160    2.424
 161    1.7502
 162    1.1917
 163   25.6937
 164    4.037
 165    0.2575
 167    2.0873
 168    3.765
 169   48.5269
 170   56.7973
 171   32.8663
 172   44.7727
 173   42.8003
 174   34.3981
 175   16.629
 176   31.235
 177   20.6107
 179    1.7126
 180   25.4779
 184    0.072
 187    0.5587
 203    0.8883
 204    0.7798
 205    0.1677
 206    2.7628
 207    3.0282
 209   13.6101
 210    1.0646
 211   19.1136
 212   13.032
 213    9.1545
 216   43.9076
 217   36.4879
 218  118.381
 219   67.0586
 220   57.2767
 221   39.0328
 222   40.3466
 223   10.8137
 224  206.511
 225  139.498
 226  147.023
 227  238.665
 228  240.3
 229  196.449
 230   90.1243
 231   60.2105
 232  102.465
 233  152.929
 234  233.558
 235  148.776
 236  154.596
 237  160.114
 238  117.325
 239   50.8031
 240    8.0357
 241   11.8823
 242    0.8393
 243    0.3855
 244    1.161
 245    0.2709
 246   19.422
 248    0.2168
 250    0.3503
 251    0.1084
 253    0.833
 257    0.4221
 259    0.2377
 264    1.165
 265    9.7614
 266    0.4961
 267    0.4482
 268    1.9813
 269    0.1128
 270    2.8788
 272  129.042
 273  184.405
 274  131.45
 275   80.1121
 276  103.859
 277  171.685
 278   59.701
 279   29.21
 280  164.261
 281  146.535
 282  219.231
 283  209.228
 284  127.29
 285  148.875
 286  123.141
 287   57.044
 288   45.3062
 289   53.448
 290   66.1192
 291   48.2182
 292   58.8228
 293   38.7101
 294   52.3725
 295    4.5993
 296    0.2706
 298    1.4446
 299   19.0067
 300   16.8682
 302    7.9346
 303    0.2948
 306    1.1817
 308    0.3901
 310   21.7464
 311   10.8732
 313    0.0074
 317    0.148
 318   15.0552
 319    8.364
 321    0.3831
 322    0.9435
 323    0.8883
 328    1.4439
 330    0.4961
 331    1.8867
 333    0.1386
 334    6.2374
 335    4.5581
 336   12.2789
 337   25.1897
 338   21.2109
 339   15.669
 340   44.0828
 341   42.9431
 342    9.7033
 343    9.0159
 344    0.1233
 345    3.4226
 346   26.2018
 347    0.8175
 348    9.1268
 349    1.8407
 350   15.6184
 351   29.3533
 354    1.358
 356    1.5441
 357    0.7201
 358    0.6264
 359   16.2092
 363    0.7164
 364    0.7111
 368    0.7654
 369    1.0215
 370    0.8137
 371    0.8447
 374    0.0337
 376    0.5923
 378    1.7816
 380    0.0198
 385    0.6984
 391    0.7342
 393    0.3831
 397    0.5616
 398    0.3116
 400    0.3502
 401    0.6365
 403    0.584
 405    0.9201
 406    0.9201
 407    1.5248
 410    1.7574
 413    0.7111
 414    0.8725
 415    0.2169
 416    1.5279
 420    0.8688
 421    0.3288
 423    0.9273
 425    0.2523
 430    0.6264
 431    0.8219
 433    0.9839
 440    0.1989
 450    0.4884
 455    0.657
 462    0.316
 464    0.1138
 465    0.5465
 466    0.8552
 468    0.8655
 471    0.2098
 478    0.397
 481    0.6127
 482    0.4228
 485    0.8039
 488    0.4471
 492    0.8039
 497    0.4543
