This file was gnenerated on 2021-06-21 16:41:51.110065 by Grant Finneman. This contains the extracted data from the Gate simulations
The edep for each bar was summed up and printed to this file. The only math operation done has been addition.

  id      edep
   0    0.5638
   1    0
   2    0
   3    0
   4    0
   5    1.6087
   6    0
   7    0
   8    0
   9    0
  10    0
  11    0
  12    0.1626
  13    0
  14    0
  15   16.5725
  16    0
  17    0.8221
  18    0
  19    0.6052
  20    0
  21    0
  22    0
  23    0
  24    0.2658
  25    0
  26    0
  27    0.1109
  28    0.2036
  29    0
  30    0
  31    0
  32    0
  33    0
  34    0.314
  35    0
  36    0.9222
  37    0
  38    0
  39    0.5511
  40    0
  41    0
  42    0
  43    0.9085
  44    0
  45    0
  46    0
  47    0
  48    0
  49    0
  50    0
  51    0
  52    0
  53    0
  54    0
  55    0
  56    0.8013
  57    0.8013
  58    0
  59    0
  60    0
  61    0
  62    0
  63    0.8154
  64    1.0366
  65    0
  66    0.1014
  67    0.3753
  68    0
  69    0.346
  70    0
  71    0
  72    0
  73    0
  74    0
  75    0.824
  76    0.0189
  77    0
  78    0
  79    0.3906
  80    0
  81    0
  82    0
  83    0
  84    0.553
  85    0
  86    0
  87    0
  88    0.8618
  89    0.9815
  90    0.295
  91    0
  92    0.4401
  93    0
  94    0.0659
  95    0
  96    0.8576
  97    0.764
  98    0
  99    0
 100    0
 101    0
 102    0
 103    0
 104    0.9207
 105    0
 106    0.6922
 107    0
 108    0
 109    0
 110    0
 111    0.3062
 112    0
 113    0.5301
 114    0
 115    0
 116    0
 117    0.5351
 118    0
 119    0
 120    0
 121    0
 122    0
 123    0.5301
 124    0
 125    0
 126    0
 127    0
 128    0
 129    0
 130    0
 131    0.3753
 132    0
 133    0
 134    0
 135    0
 136    0
 137    0
 138    0.2028
 139    0
 140    0.2606
 141    0.9477
 142    0.5835
 143    0
 144    0
 145    0.2597
 146    0.2597
 147   25.5024
 148    1.7699
 149   15.6311
 150    0.5835
 151    1.4673
 152   15.2406
 153    0.3113
 154   22.7289
 155    0
 156    0
 157    1.0078
 158    0.5226
 159    0.5226
 160    0
 161    0
 162    0
 163    0.194
 164    0
 165    0.3283
 166    0.1981
 167    0.4712
 168    0
 169    0.0524
 170    0.5553
 171    0
 172    0.702
 173    0
 174    0.087
 175    0
 176    0.5661
 177    0
 178    0.0635
 179    0.2218
 180    0
 181    0
 182    0
 183    0
 184    0.4302
 185    0.5553
 186    0.0829
 187    0
 188    0
 189    0
 190    0
 191    0
 192    0.6909
 193    0
 194    0
 195    0.0921
 196    0
 197    0
 198    0
 199    0
 200    1.2033
 201    0
 202    0.6862
 203    0
 204    0
 205    0
 206    0.9167
 207    0
 208   72.8026
 209  105.175
 210   90.2463
 211  128.109
 212  108.598
 213   53.1438
 214   47.6615
 215   14.0258
 216  205.053
 217  256.586
 218  227.249
 219  323.992
 220  375.85
 221  237.414
 222  154.472
 223   94.9324
 224  163.708
 225  131.805
 226  107.034
 227  203.712
 228  137.617
 229   94.9336
 230   77.8831
 231   29.7018
 232   25.3807
 233    6.4155
 234    9.4132
 235   45.2193
 236   21.347
 237    0.3927
 238    1.3104
 239   11.7305
 240    0.0543
 241    0
 242    0
 243    0.8634
 244    0
 245    0
 246    0
 247    0.41
 248    0
 249    0
 250    0
 251    0.3696
 252    0
 253    0.1268
 254    0
 255    0
 256    0
 257    0
 258    0.5104
 259    0
 260    0
 261    0
 262    0.5661
 263    0
 264    0
 265    0
 266    0.5104
 267    1.2706
 268    0.4261
 269    0
 270    0
 271    0
 272   47.9445
 273   32.1773
 274   23.4744
 275   62.1513
 276   19.7062
 277    0.3262
 278   19.6958
 279    2.644
 280  114.836
 281  136.709
 282   93.6689
 283  116.797
 284  205.692
 285  130.731
 286   76.4302
 287   34.2252
 288  258.13
 289  286.005
 290  206.473
 291  268.598
 292  301.932
 293  202.811
 294  193.878
 295   74.2624
 296  115.479
 297  126.675
 298   63.5563
 299   90.1364
 300   63.3781
 301   76.6816
 302   68.9446
 303   23.1227
 304    0.846
 305    0.6581
 306    0.4611
 307    0.2955
 308    1.2422
 309    0.4465
 310    0
 311    1.2456
 312    0.2668
 313    0.9426
 314    0.2908
 315    0
 316    0
 317    0
 318    0
 319    0.9522
 320    0
 321    0
 322    0
 323    0.8808
 324    1.5966
 325    0
 326    0
 327    0.7644
 328    0
 329    0.737
 330    0
 331    0
 332    0
 333    0
 334    0.7644
 335    0
 336    2.3458
 337    0.125
 338    2.7011
 339    2.2538
 340    0
 341    0.0822
 342    0
 343    0.0757
 344    0.7283
 345    0
 346    0
 347    0.7426
 348    0.9891
 349    0
 350    1.1468
 351    0.1762
 352    2.3619
 353    0.7887
 354    2.1743
 355    0.9691
 356    0.5345
 357    0.3973
 358    0.8728
 359   11.9592
 360    0
 361    0.5593
 362    1.8028
 363    0.0482
 364    0
 365    0
 366    2.0582
 367    0.5541
 368    0
 369    0.8995
 370    0
 371    0
 372    0.1762
 373    0
 374    0
 375    1.2456
 376    0.4379
 377    0
 378    0
 379    1.1088
 380    0.995
 381    0.6982
 382    0
 383    0
 384    0
 385    0
 386    0
 387    0
 388    0
 389    0
 390    0
 391    0
 392    0
 393    0
 394    0
 395    0
 396    0
 397    0
 398    0
 399    0
 400    0.4838
 401    0
 402    0
 403    0
 404    0
 405    0.8809
 406    0
 407    0
 408    0.5226
 409    0.765
 410    0
 411    1.2353
 412    0.8995
 413    0
 414    0
 415    0
 416    0
 417    0.8764
 418    0
 419    0
 420    0
 421    0.5966
 422    0.5511
 423    0.3829
 424    1.7861
 425    0.7887
 426    0.7437
 427    0.3834
 428    0
 429    0
 430    1.108
 431    0.8693
 432    0.7376
 433    0.5159
 434    0.9382
 435    0.995
 436    0
 437    0.5234
 438    0
 439    0
 440    0.9483
 441    0
 442    0.9079
 443    0
 444    0
 445    0
 446    0
 447    0
 448    0
 449    0
 450    0
 451    0
 452    0
 453    0
 454    0
 455    0
 456    0
 457    0
 458    0
 459    0
 460    0
 461    0.7102
 462    0
 463    0
 464    0
 465    0
 466    0
 467    0
 468    0
 469    0
 470    0
 471    0.5824
 472    0
 473    0
 474    0
 475    1.4115
 476    0.7204
 477    0
 478    0
 479    0
 480    1.0452
 481    0.7887
 482    0
 483    0
 484    0.2329
 485    0.8723
 486    0
 487    1.0266
 488    0
 489    0
 490    0
 491    0
 492    0.9456
 493    0.6943
 494    0.4985
 495    0
 496    0
 497    0
 498    0.215
 499    0
 500    0.9366
 501    0.5234
 502    0
 503    0
 504    0
 505    0
 506    0
 507    0
 508    0.3779
 509    0
 510    0
 511    0
