This file was gnenerated on 2021-06-22 18:17:37.950902 by Grant Finneman. This contains the extracted data from the Gate simulations
The edep for each bar was summed up and printed to this file. The only math operation done has been addition.

  id        edep
   0     0.67752
   1     0.24672
   2     0.83973
   3     2.04266
   4     0.76244
   5     2.15337
   6     0.84908
   7     0.22979
   8     0.74648
   9     1.72727
  10     0.58772
  11     2.01422
  12     2.36152
  13     0.22494
  14     0.05278
  15     0.87059
  16     1.6302
  17     1.59184
  18     2.89715
  19     0.81054
  20     0
  21     1.99938
  22     2.73832
  23     0
  24     0.32237
  25     2.73561
  26     1.90592
  27     1.25708
  28     0.67272
  29     4.55851
  30     0.94102
  31    18.4167
  32     1.60815
  33     2.89629
  34     1.68208
  35     3.26643
  36     2.43631
  37     2.72175
  38     1.09546
  39     0.77353
  40     0.99647
  41     0.65089
  42     0.98996
  43     2.76924
  44     3.24824
  45     2.36428
  46     0.68502
  47     2.15673
  48     0.71455
  49     0
  50     0
  51     1.56992
  52     2.18704
  53     2.29194
  54     0
  55     0
  56     0.01692
  57     2.44513
  58     1.58934
  59     1.60585
  60     2.51875
  61     2.07532
  62     0.26912
  63     0.45991
  64     0.46018
  65     0.61404
  66     0.64153
  67     1.3442
  68     0.0813
  69     0.81108
  70     2.90414
  71     0.97639
  72     4.52198
  73     2.22081
  74     1.68381
  75     0.60364
  76     1.10029
  77     2.55802
  78     0.51646
  79    10.0406
  80     7.13056
  81    34.6578
  82     5.17176
  83     3.32042
  84    25.149
  85     1.89638
  86     2.5836
  87     1.00925
  88    19.5549
  89     5.28323
  90    20.6117
  91     4.51302
  92     4.4331
  93    16.0937
  94    11.6865
  95    16.9212
  96     3.08299
  97     6.66976
  98    13.3747
  99     5.6273
 100     5.79522
 101     3.79907
 102     1.74594
 103     4.64059
 104     4.39101
 105     2.16573
 106     4.29052
 107     3.10283
 108     2.40765
 109     1.80459
 110     3.54648
 111    22.7939
 112     0.62074
 113     1.76708
 114     1.82989
 115     2.55713
 116     4.4585
 117     2.2159
 118     1.60077
 119     0.59119
 120     0.93204
 121     1.41131
 122     0.39466
 123     0.46468
 124     0.57435
 125     0.65315
 126     0.42897
 127     1.18123
 128     0
 129     4.24428
 130     2.68825
 131     1.85568
 132     4.83779
 133     1.21181
 134     1.25953
 135     0
 136    17.3892
 137    16.858
 138     1.56312
 139     2.80295
 140     2.00283
 141    34.2505
 142     1.89943
 143    29.5618
 144   299.707
 145   243.141
 146   280.952
 147   298.182
 148   320.753
 149   297.762
 150   184.467
 151    97.3306
 152   472.987
 153   520.3
 154   501.507
 155   448.845
 156   487.341
 157   442.432
 158   350.066
 159   186.225
 160   218.785
 161   190.072
 162   260.724
 163   362.208
 164   269.509
 165   237.344
 166   178.952
 167    95.9928
 168   142.829
 169    92.6703
 170   106.033
 171   172.879
 172   165.825
 173   171.285
 174    95.556
 175    63.8216
 176    18.0818
 177     3.87943
 178    16.2722
 179    13.7779
 180     3.12036
 181    76.5446
 182    20.1365
 183    19.594
 184     0.77465
 185     2.67861
 186     2.17022
 187     1.27465
 188     1.04847
 189     1.94281
 190     1.61505
 191     3.00993
 192     0.93485
 193     1.35774
 194     2.91717
 195     0.60301
 196     3.16146
 197     1.07114
 198     2.3063
 199     1.44907
 200    12.1975
 201    10.3818
 202     5.19805
 203     7.0138
 204    10.6209
 205    11.0198
 206    81.1045
 207    20.3341
 208   468.417
 209   483.727
 210   454.838
 211   615.909
 212   436.779
 213   426.498
 214   358.402
 215   200.697
 216   676.855
 217   852.996
 218  1166.31
 219   987.896
 220   751.427
 221   844.456
 222   606.946
 223   294.902
 224   793.098
 225   722.194
 226   791.394
 227   700.106
 228   789.767
 229   705.733
 230   609.275
 231   296.24
 232   596.913
 233   709.398
 234   847.748
 235   872.557
 236   690.08
 237   564.599
 238   441.674
 239   215.794
 240    38.9446
 241    28.6723
 242   124.539
 243    65.2158
 244    97.5235
 245   116.672
 246    48.1559
 247     5.9248
 248     2.45767
 249     4.01419
 250     1.55304
 251     3.9768
 252     2.18729
 253     2.33624
 254     2.66436
 255     2.24005
 256     0
 257     0.75017
 258     2.25777
 259     2.53851
 260     1.91145
 261     0.73795
 262     0.96987
 263     0.69662
 264    57.5205
 265    16.3907
 266    70.0996
 267    35.5062
 268    89.1593
 269    50.3509
 270    28.3149
 271     2.73267
 272   503.723
 273   686.832
 274   678.076
 275   643.676
 276   783.947
 277   736.203
 278   504.738
 279   246.031
 280   761.736
 281   813.518
 282   911.232
 283   869.14
 284   947.462
 285   863.425
 286   662.427
 287   339.585
 288   663.56
 289   867.86
 290   952.182
 291   831.37
 292   834.616
 293   908.568
 294   565.736
 295   366.963
 296   604.087
 297   530.787
 298   549.615
 299   511.734
 300   647.059
 301   459.694
 302   319.853
 303   200.357
 304     4.36542
 305    34.3138
 306    20.25
 307    12.2252
 308    30.0575
 309    44.4514
 310    25.7719
 311     2.99222
 312     2.02439
 313     1.57531
 314     4.32757
 315     4.70359
 316     3.20316
 317    21.6537
 318     0.42658
 319     1.989
 320     1.75923
 321     0.84213
 322     0.17423
 323     4.70687
 324     2.75991
 325     0.7285
 326    20.5006
 327    20.2774
 328    24.1445
 329    25.2903
 330    18.6102
 331     4.1935
 332    48.8556
 333    34.4295
 334    16.1263
 335     3.07724
 336   354.669
 337   233.99
 338   113.839
 339    70.4037
 340    83.7232
 341    97.9702
 342   128.253
 343    48.0655
 344   433.415
 345   428.384
 346   396.235
 347   469.411
 348   384.499
 349   371.637
 350   333.778
 351   143.677
 352   535.283
 353   579.131
 354   597.639
 355   564.015
 356   600.95
 357   630.63
 358   392.98
 359   223.445
 360   318.519
 361   314.199
 362   298.809
 363   260.424
 364   367.264
 365   327.224
 366   240.731
 367    81.9303
 368     3.6929
 369    20.1636
 370     5.14106
 371     3.97868
 372    13.1121
 373    12.5341
 374     2.47022
 375     2.17355
 376     2.24942
 377     0.86152
 378     2.0204
 379     2.44105
 380     1.23632
 381     0.19502
 382     0.50804
 383     1.47445
 384     1.62107
 385     0.34398
 386     0.29863
 387     0.57814
 388     2.96823
 389     3.13228
 390     1.59881
 391     0.14125
 392     0.91356
 393     0.84496
 394     2.30041
 395     3.1445
 396     4.02562
 397     2.19072
 398     3.47647
 399    43.3361
 400     3.82015
 401     1.1135
 402     2.30957
 403     4.24538
 404     2.28655
 405     1.90737
 406    22.4292
 407    10.7644
 408    14.7986
 409     5.2418
 410     2.41913
 411     3.63036
 412    29.8674
 413     1.1563
 414     2.05793
 415    16.9695
 416    36.3062
 417     2.92448
 418    17.7069
 419    47.9349
 420    35.3027
 421    25.5905
 422    24.304
 423    28.5682
 424     5.01107
 425    19.7478
 426     8.28717
 427    26.1277
 428    65.9785
 429     8.56582
 430     5.46132
 431     2.59236
 432     2.08373
 433     1.45015
 434     3.47209
 435     3.36889
 436     1.97394
 437     1.43516
 438     1.49015
 439     1.43521
 440     0.36379
 441     1.62562
 442     3.52203
 443     1.55712
 444     0.81864
 445     1.59523
 446     0.65377
 447     0
 448     2.1924
 449     1.48099
 450     0.38236
 451     1.82582
 452     0.91815
 453     0.98658
 454     1.89341
 455     0
 456     2.57113
 457     1.91195
 458     1.33473
 459     2.17585
 460     3.96189
 461     2.9881
 462     0
 463     0.71278
 464     1.54363
 465     2.6961
 466     1.95827
 467     0.49569
 468     3.95892
 469     0
 470     1.08497
 471    10.4899
 472     0.58806
 473     1.18609
 474     0.31773
 475     1.83936
 476     3.16892
 477     3.00683
 478    21.9492
 479    32.2962
 480     4.69521
 481     1.25094
 482     1.29114
 483     1.46563
 484     1.24933
 485     0.19779
 486     2.18098
 487     6.07975
 488     2.23055
 489     0.68763
 490     2.03979
 491     2.88751
 492     3.61797
 493     0.75885
 494     1.81405
 495     0
 496     5.00108
 497     0.04675
 498     0.31553
 499     0.72803
 500     1.07098
 501     1.74892
 502     0.42544
 503     0.36002
 504     2.2171
 505     1.19845
 506     0.64174
 507     2.52106
 508     0.75582
 509     1.91518
 510     0.34558
 511    10.9979
