This file was gnenerated on 2021-06-17 21:16:58.323846 by Grant Finneman. This contains the extracted data from the Gate simulations
The edep for each bar was summed up and printed to this file. The only math operation done has been addition.

  id      edep
   4    0.913
   6    0.6809
  12    0.6099
  19    0.1893
  22    0.253
  24    0.3563
  25    0.3354
  26    0.4574
  31    0.0741
  33    0.2129
  34    0.0404
  40    0.8751
  41    1.1066
  47    0.2299
  51    0.3824
  65    0.6445
  69    0.6275
  71    0.7387
  73    0.2724
  81    0.1522
  85    0.9643
  87    0.3824
  89    0.3822
  91    1.3151
  92    1.1518
  93    0.8026
  94    0.253
  95    0.3577
  96    0.9767
  97    0.4714
  98    1.8344
  99    1.3307
 100    0.1911
 101    0.0616
 102    0.2299
 106    0.9722
 108    0.591
 111   21.1036
 116    0.9331
 119    0.5134
 121    0.3387
 128    0.9337
 132    0.6529
 133    0.5236
 134    0.5236
 141    0.5239
 142    0.6275
 143    1.1053
 144    0.512
 148    0.9341
 150    0.7557
 151    0.0243
 152   26.8338
 153    6.9397
 154   42.87
 155    5.9834
 156    1.7488
 157    4.7447
 158    7.4729
 159    9.4075
 160   28.9849
 161   32.5958
 162   42.6224
 163   70.997
 164   79.6199
 165   42.4378
 166   41.2583
 167    7.3263
 168    1.5007
 169    9.7635
 170    8.5892
 171    7.3449
 172   19.725
 173    2.7006
 174    5.0868
 181    0.2741
 183    1.9022
 184    0.1466
 186    0.2299
 193    1.3599
 194    0.1468
 202    0.8869
 203    0.9176
 204    0.3255
 206    0.0135
 208   15.7025
 209   11.0722
 210   13.0419
 211   12.8365
 212    1.7163
 213   17.3483
 214   50.4853
 215    7.7001
 216   96.4579
 217  146.3
 218   55.2578
 219   86.8464
 220   78.6545
 221  184.35
 222  107.404
 223   39.3487
 224  188.298
 225  222.321
 226  190.315
 227   94.2658
 228  112.243
 229  100.546
 230  107.59
 231   47.8704
 232   49.2799
 233   37.0362
 234   52.6029
 235   38.791
 236   61.6493
 237   31.3768
 238   50.301
 239   52.2072
 242    0.5578
 243    0.9926
 244    0.5357
 247    0.664
 249    0.1754
 255    0.3187
 264    0.6586
 265    1.3867
 266    0.1545
 268    0.6264
 271    1.0902
 272   14.6994
 273   32.0893
 274   46.411
 275   28.5114
 276   23.2209
 277   53.2365
 278   72.6698
 279   48.8277
 280  111.992
 281  207.838
 282  108.236
 283   81.3749
 284  173.079
 285  236.181
 286  145.109
 287   62.9727
 288  142.203
 289  112.369
 290  126.305
 291  134.853
 292  147.427
 293  120.985
 294  138.859
 295   41.0823
 296   24.6228
 297   14.866
 298   29.2091
 299   28.6414
 300   30.5803
 301   33.3738
 302   16.5107
 303    6.8086
 307    0.4539
 309    0.2261
 310    0.4631
 312    0.0481
 313    1.9154
 322    0.7417
 323    0.4512
 327    0.5854
 329    1.0752
 331    0.7451
 333    0.681
 334    0.8735
 337    3.5832
 339    0.9379
 340    0.0106
 341    0.831
 342    0.5748
 343    0.5048
 344   19.9464
 345   41.5896
 346   59.2981
 347   37.4974
 348   38.7119
 349   27.7822
 350   22.3899
 351    5.1089
 352   86.6497
 353   15.7176
 354   35.0151
 355   41.5961
 356   21.9763
 357    4.2699
 358    2.96
 359    0.8662
 361   10.3106
 362    6.0634
 363    0.5063
 364    1.3842
 367   13.5929
 370    0.2323
 373    1.011
 374    1.2443
 377    0.0968
 379    0.8069
 380    0.2741
 386    0.9419
 388    0.681
 389    0.4595
 392    0.9777
 393    1.8286
 394    0.9729
 396    0.268
 398    0.8816
 405    2.5378
 406    0.8673
 407   10.0836
 410    0.6948
 411    0.6701
 415   13.14
 421    0.7863
 424    0.0815
 425    1.8295
 426    0.9105
 427    0.9016
 429    0.5308
 430    0.3553
 431    0.7217
 432    0.6504
 436    1.3847
 437    0.5544
 438    0.5482
 446    0.7338
 447    0.4603
 456    0.5226
 457    0.4633
 466    0.1738
 470    0.1495
 473    0.158
 476    1.6071
 479    0.058
 482    1.534
 485    0.5001
 486    0.5001
 487    0.4983
 488    1.6035
 494    0.181
 497    0.943
 501    0.181
 508    0.3755
