This file was gnenerated on 2021-06-22 18:15:15.549573 by Grant Finneman. This contains the extracted data from the Gate simulations
The edep for each bar was summed up and printed to this file. The only math operation done has been addition.

  id        edep
   0     1.04836
   1     0.36829
   2     0.73433
   3     0
   4     1.75893
   5     0.45218
   6     0
   7     0
   8     0.21128
   9     1.38346
  10     0.1348
  11     1.07037
  12     0.48173
  13     0
  14     1.09375
  15     1.04751
  16     1.6923
  17     4.13002
  18     0.39888
  19     1.65101
  20     3.45053
  21     2.91303
  22     1.81228
  23     1.48884
  24     3.08196
  25     0.33641
  26     1.11928
  27     1.28077
  28     1.71429
  29     3.38954
  30     1.50637
  31    28.2807
  32     0.03426
  33     2.02585
  34     1.36165
  35     4.19656
  36     3.43256
  37     1.23201
  38     0.15264
  39    24.9093
  40     1.3611
  41     0.31495
  42     2.24105
  43     0
  44     2.01315
  45     1.28326
  46     1.06031
  47     0
  48     0.34328
  49     0.8646
  50     1.77728
  51     0.28131
  52     2.91294
  53     0.17899
  54     0
  55     1.43146
  56     0.24019
  57     0.29534
  58     0.94734
  59     0.62756
  60     0.74045
  61     0.14067
  62     0
  63     0
  64     0.83236
  65     0.80284
  66     0.05852
  67     0.0702
  68     2.0152
  69     1.36983
  70     0.05563
  71     0.30893
  72     0.62144
  73     3.75503
  74     0.45311
  75     3.32585
  76     2.87411
  77     3.27383
  78     0.50996
  79     0.18699
  80     3.46553
  81     0.25282
  82     3.05017
  83     2.73269
  84     4.46377
  85     1.14653
  86     1.5948
  87    12.9386
  88     5.54917
  89     5.29254
  90     3.3275
  91     4.40153
  92     2.33876
  93     7.46528
  94     2.98774
  95    10.3971
  96     4.05434
  97    18.933
  98    13.2866
  99     2.53794
 100     1.02234
 101     3.08643
 102     2.31173
 103     1.36654
 104     4.62479
 105     3.30696
 106     4.52817
 107     1.8316
 108     1.96631
 109     4.24441
 110     1.44829
 111     1.38016
 112     2.62739
 113     2.41919
 114     0.83391
 115     1.90289
 116     1.50667
 117     2.1088
 118     4.44492
 119     1.75967
 120     0.50653
 121     0.77415
 122     1.24855
 123     0.58072
 124     1.19768
 125     1.84314
 126     0.73503
 127     0
 128     1.92918
 129     1.64067
 130     1.80731
 131     2.78608
 132     2.54759
 133     0.87393
 134    16.3022
 135    25.479
 136     2.35171
 137     2.17698
 138     6.32002
 139     2.54581
 140     3.50849
 141     2.7147
 142     3.03827
 143     2.60596
 144    20.7508
 145    74.7159
 146    26.5088
 147    65.2631
 148    91.3119
 149   101.584
 150    69.9528
 151    10.727
 152   150.151
 153    84.9812
 154   173.148
 155   138.154
 156   231.1
 157   243.846
 158    90.5564
 159    89.9254
 160    99.6766
 161   206.209
 162   275.308
 163   192.909
 164   206.47
 165   181.465
 166    72.1574
 167    27.9819
 168    14.4142
 169    20.2871
 170    38.4802
 171    56.8671
 172    52.4129
 173    78.6088
 174    38.8362
 175     2.74737
 176     4.36975
 177     3.28871
 178     3.73768
 179     2.36381
 180     3.2506
 181     1.60035
 182     5.08336
 183     5.25383
 184     1.66989
 185     0.77002
 186     1.53328
 187     2.12139
 188     0.59928
 189     1.76851
 190     0.33868
 191     0.8574
 192     2.41743
 193     2.50389
 194     2.01693
 195     1.036
 196     1.89806
 197     1.77055
 198     1.67001
 199     3.93055
 200     4.30647
 201    14.6427
 202    18.419
 203     1.73897
 204    17.1332
 205    14.8078
 206     2.25684
 207     2.4337
 208   335.665
 209   323.58
 210   442.797
 211   478.704
 212   526.027
 213   536.91
 214   460.858
 215   198.121
 216  1328.39
 217  1515.29
 218  1499.59
 219  1512.93
 220  1512.64
 221  1665.94
 222  1125.09
 223   568.941
 224  1393.45
 225  1379.52
 226  1496.33
 227  1457.68
 228  1527.48
 229  1562.47
 230  1184.94
 231   581.26
 232   390.892
 233   462.414
 234   472.761
 235   344.896
 236   438.994
 237   406.778
 238   374.549
 239   149.519
 240     1.71539
 241    17.9142
 242     3.51874
 243     4.96894
 244     7.2189
 245     1.60222
 246     4.78536
 247     3.31934
 248     2.69434
 249     2.28534
 250     2.90398
 251     3.43277
 252     3.32222
 253     1.07471
 254     1.27008
 255    10.6888
 256     2.69398
 257     1.47234
 258     3.84842
 259     1.60264
 260     0.9269
 261     0.59208
 262     0.56417
 263    19.1555
 264     5.04823
 265     3.9184
 266    20.0434
 267     7.95947
 268     6.30376
 269     2.28482
 270     0.86277
 271     6.1647
 272   385.267
 273   406.901
 274   368.421
 275   416.204
 276   471.053
 277   387.567
 278   308.427
 279   169.377
 280  1200.56
 281  1355.61
 282  1387.67
 283  1536.83
 284  1590.31
 285  1367.74
 286   916.762
 287   543.223
 288  1318.45
 289  1390.76
 290  1620.8
 291  1649.24
 292  1457.87
 293  1455.82
 294  1035.94
 295   525.904
 296   440.833
 297   485.359
 298   591.821
 299   534.717
 300   511.646
 301   359.659
 302   421.949
 303   132.66
 304     6.59947
 305    15.1358
 306     3.33022
 307    11.3174
 308     3.34085
 309     4.59874
 310     2.3952
 311    25.9442
 312     2.6566
 313     1.78394
 314     1.36438
 315     1.31351
 316     1.86969
 317     1.93323
 318     1.30961
 319    11.192
 320     1.31016
 321     0.9269
 322     2.2004
 323     2.34602
 324     1.93286
 325     2.27023
 326     1.02004
 327    11.7141
 328     1.6543
 329     1.79751
 330     2.27173
 331     2.38063
 332    10.9065
 333     2.61882
 334     2.89896
 335     6.61615
 336    56.5914
 337    40.758
 338    13.1847
 339    45.2834
 340    69.8327
 341    22.8228
 342    26.957
 343    37.5791
 344   159.329
 345   240.665
 346   107.254
 347   233.788
 348   193.25
 349   142.24
 350   188.868
 351    40.2535
 352   259.783
 353   243.899
 354   236.818
 355   121.07
 356   124.302
 357   121.213
 358   129.041
 359    15.9349
 360    55.7212
 361    69.4745
 362   101.631
 363    22.6625
 364    27.006
 365    62.0236
 366    66.2472
 367    30.0677
 368     6.07043
 369    32.5146
 370     4.87164
 371     4.88466
 372     5.09284
 373     0.86473
 374     2.28135
 375     5.84624
 376     1.92325
 377     2.96151
 378     3.20104
 379     3.08733
 380     0.44162
 381     2.35734
 382     2.07179
 383     1.35428
 384     0.73724
 385     1.76532
 386     0.36358
 387     0.566
 388     0.94198
 389     1.20178
 390     0.14463
 391     2.07351
 392     1.78124
 393     1.25049
 394     2.30254
 395     1.73347
 396     3.69553
 397     2.61093
 398     1.74909
 399     0.78777
 400     2.717
 401     3.60118
 402     2.52475
 403     3.70992
 404     1.50563
 405     3.91181
 406     8.48949
 407    22.3139
 408     5.82232
 409     5.22508
 410     2.88592
 411     2.72899
 412     2.74749
 413     2.69858
 414     2.51574
 415     2.36472
 416     3.86921
 417     3.24469
 418     1.38541
 419     4.0076
 420     3.85337
 421     4.3752
 422     4.0513
 423     3.22278
 424     6.29657
 425     3.73838
 426     2.05666
 427     1.73539
 428     2.97662
 429     2.50914
 430     2.75718
 431    14.5483
 432     1.81109
 433     0.52779
 434     1.71798
 435     1.49015
 436     3.21198
 437     0.44473
 438     1.19771
 439    29.1383
 440     0.96048
 441     2.04281
 442     1.03315
 443     2.41732
 444     0.05356
 445     2.96761
 446     0.82062
 447     1.29846
 448     0.30192
 449     0
 450     0.41649
 451     0.46439
 452     1.23864
 453     0.22923
 454     0.96534
 455     2.22927
 456     0.95123
 457     0.77599
 458     4.35908
 459     0.566
 460     3.31835
 461     1.66653
 462     0.98707
 463     0.68965
 464     1.99935
 465     0.37693
 466     2.00712
 467     1.1417
 468     0
 469     0.84512
 470     1.02249
 471     1.80295
 472     3.96905
 473     0.60617
 474     0.81743
 475     2.19946
 476     2.86831
 477     1.83532
 478     1.39617
 479     8.17177
 480     6.3762
 481     0.75956
 482     3.7999
 483     2.85334
 484     0.13329
 485     2.91457
 486     2.71444
 487     0.69901
 488     2.0439
 489     0.88372
 490     1.71469
 491     3.88553
 492     3.54233
 493     0
 494     0
 495     5.45625
 496     0.21884
 497     0.57936
 498     1.7795
 499     2.06626
 500     2.34579
 501     0.09671
 502     4.30262
 503     1.0554
 504     2.63568
 505     1.03819
 506     0.73063
 507     1.05915
 508     0.76655
 509     0.256
 510     0.36072
 511     0
