This file was gnenerated on 2021-06-21 16:42:30.307293 by Grant Finneman. This contains the extracted data from the Gate simulations
The edep for each bar was summed up and printed to this file. The only math operation done has been addition.

  id      edep
   0    0
   1    0
   2    0
   3    0
   4    0
   5    0
   6    0
   7    0
   8    0
   9    0
  10    0
  11    0
  12    0
  13    0.1856
  14    0
  15   12.65
  16    0
  17    0
  18    0
  19    0.1931
  20    0.2674
  21    0
  22    0
  23    0
  24    0
  25    0
  26    0
  27    0.3964
  28    0.8758
  29    0.8758
  30    0
  31    0.8091
  32    0
  33    0
  34    0
  35    0
  36    0.8918
  37    0
  38    0
  39    0
  40    0
  41    0
  42    0
  43    1.3473
  44    0.6925
  45    0
  46    0
  47    0.9293
  48    0.5848
  49    0
  50    0
  51    0
  52    0
  53    0
  54    0
  55    0
  56    0
  57    0
  58    0
  59    0
  60    0
  61    0
  62    0
  63    0
  64    0.1762
  65    0
  66    0
  67    0
  68    0
  69    0
  70    0
  71    0
  72    0
  73    0.7018
  74    0
  75    0.0774
  76    1.5879
  77    0.1931
  78    0
  79    0
  80    0
  81    0
  82    0
  83    0
  84    0.8205
  85    1.5472
  86    1.8288
  87    0
  88    0
  89    0.2888
  90    0.9534
  91    0.029
  92    1.5157
  93    0.9741
  94    0.206
  95    0.072
  96    0.5572
  97    0.3697
  98    0
  99    0.8915
 100    1.3486
 101    0.7081
 102    0
 103    0.072
 104    0
 105    0
 106    0.707
 107    0.0967
 108    0
 109    0.8259
 110    0
 111    0
 112    0
 113    0
 114    0
 115    0
 116    0
 117    0
 118    0
 119    0
 120    0
 121    0
 122    0
 123    0.8259
 124    0
 125    0.7343
 126    0.7343
 127    0.2922
 128    0
 129    0
 130    0
 131    0.2297
 132    0
 133    0.2796
 134    0.8279
 135    0
 136    1.113
 137    1.1054
 138   32.4581
 139   14.9131
 140   20.1788
 141   11.2068
 142    4.9532
 143    1.8523
 144   42.7981
 145   26.8898
 146   19.7262
 147   48.2929
 148   70.0172
 149   99.4172
 150   40.4174
 151    8.51
 152   30.9295
 153   28.4122
 154   25.4425
 155   58.6339
 156   55.1914
 157   36.9773
 158   44.2518
 159   27.8412
 160    4.2168
 161    0
 162   18.4
 163    5.7764
 164    1.8484
 165    1.9966
 166    1.7954
 167    1.0695
 168    0.5848
 169    0
 170    0.8074
 171   15.8625
 172    1.2585
 173    0
 174    0
 175    0
 176    0
 177    0.8259
 178    0
 179    0
 180    0.0066
 181    0
 182    1.5068
 183    0
 184    0
 185    0.5356
 186    0
 187    0
 188    0
 189    0
 190    0
 191    0.7913
 192    0.8139
 193    0.695
 194    0
 195    0
 196    0
 197    0
 198    0
 199    0.8205
 200   20.2082
 201   83.512
 202   73.3552
 203   44.7725
 204    9.9437
 205    1.994
 206    3.0235
 207   11.1383
 208   34.4098
 209   67.8601
 210   50.8853
 211   87.3827
 212   89.0866
 213   75.7875
 214   44.7545
 215   50.5416
 216   37.705
 217   34.8526
 218   45.7837
 219  156.713
 220   70.7576
 221   62.5454
 222   25.4254
 223   30.1396
 224   54.1971
 225   25.4555
 226   44.2568
 227   74.9215
 228   67.2325
 229   56.3505
 230   17.1307
 231   27.2863
 232   13.6894
 233   20.886
 234   20.413
 235   66.9614
 236   48.5779
 237   26.8513
 238   10.8554
 239    2.1036
 240    0
 241    0.3016
 242    0
 243    0
 244    0.4991
 245    0
 246    0
 247    0.3613
 248    0
 249    1.6968
 250    0
 251    0.1862
 252    0.4561
 253    0
 254    0
 255    0
 256    0
 257    0
 258    0
 259    2.0513
 260    0
 261    0.5613
 262    0.5406
 263    0
 264    2.229
 265    0
 266    0.7382
 267    0
 268    0.1762
 269    1.0378
 270    0.5406
 271    0.0228
 272   24.3339
 273   15.5669
 274   39.0844
 275   52.9913
 276   19.331
 277   51.9596
 278   20.9105
 279    9.6813
 280   34.7443
 281   67.3302
 282   26.1996
 283   47.9684
 284   56.3664
 285   89.0515
 286  106.828
 287   58.8186
 288   62.3444
 289   91.1408
 290  137.822
 291  140.765
 292  127.863
 293  114.869
 294   46.2225
 295   46.2186
 296   78.6212
 297   78.1357
 298  142.731
 299  112.627
 300   90.4071
 301   51.2389
 302   28.1559
 303   31.3943
 304   22.7868
 305    4.2784
 306   15.1171
 307   12.7793
 308   20.2376
 309   14.1913
 310   28.8269
 311   29.9598
 312    0.111
 313    0
 314    0
 315    0
 316    0
 317    0
 318    0.3447
 319    0
 320    0
 321    0.831
 322    0.1535
 323    0
 324    0
 325    0
 326    0.9647
 327    0.9119
 328    0
 329    0
 330    0
 331    0.1742
 332    0
 333    0.95
 334    0.0168
 335    0
 336    0.3568
 337    0
 338    0.3218
 339    0
 340    0.2957
 341   19.554
 342    0
 343    0.855
 344    1.0131
 345    3.2198
 346    3.2128
 347   21.3703
 348   14.3934
 349    2.9804
 350   25.6732
 351    1.0411
 352   19.8628
 353   11.3302
 354   16.1131
 355   37.2478
 356   54.246
 357   29.008
 358   38.4753
 359   18.7828
 360  101.288
 361   94.7893
 362   76.1407
 363   55.4903
 364   29.6511
 365   54.3451
 366   41.9661
 367   18.0458
 368   17.5215
 369    8.7252
 370    0.4097
 371    0.632
 372    4.6856
 373    0.3528
 374    0.3532
 375    1.1912
 376    0
 377    0
 378    0
 379    0
 380    0.5174
 381    0.2067
 382    1.5919
 383    0
 384    0
 385    0
 386    0
 387    0
 388    0
 389    0
 390    0
 391    0
 392    0
 393    0.8095
 394    1.3666
 395    0
 396    0
 397    0.9741
 398    0.1426
 399    0
 400    0
 401    0
 402    0.1714
 403    0.2649
 404    0
 405    0
 406    0.1392
 407    0
 408    0
 409    0.501
 410    0
 411    0
 412    0.9817
 413    0.9647
 414    0
 415    0
 416    0.8235
 417    0
 418    0.8302
 419    0.9817
 420    2.3181
 421    4.7041
 422    3.3801
 423    1.0403
 424    2.1679
 425   17.6286
 426    0
 427    0
 428    1.1439
 429    1.3269
 430   18.1046
 431    0
 432    0.1171
 433    0.9482
 434    0
 435    0
 436    0.955
 437    0.2595
 438    0.502
 439    0
 440    0
 441    0
 442    0.0508
 443    0.7984
 444    0
 445    0
 446    0
 447    0
 448    0
 449    0
 450    0
 451    0
 452    0
 453    0
 454    0
 455    0
 456    0
 457    0
 458    0
 459    0
 460    0
 461    0.695
 462    0
 463    0
 464    0
 465    0
 466    0
 467    0
 468    0.7566
 469    0
 470    0
 471    0
 472    0
 473    0.3303
 474    0.7844
 475    0
 476    1.4926
 477    0.4357
 478    0
 479    0
 480    0
 481    0
 482    0.9848
 483    0.7844
 484    0
 485    0
 486    0
 487    1.124
 488    0
 489    0.6327
 490    0
 491    1.6383
 492    0
 493    0
 494    0.4853
 495    0.4561
 496    0
 497    0.6327
 498    0.4601
 499    0.7649
 500    0.2358
 501    0
 502    1.2122
 503    0
 504    0
 505    0
 506    0.2772
 507    0
 508    0
 509    0
 510    0.2012
 511    0.1158
