This file was gnenerated on 2021-06-22 18:20:29.125304 by Grant Finneman. This contains the extracted data from the Gate simulations
The edep for each bar was summed up and printed to this file. The only math operation done has been addition.

  id        edep
   0     2.28502
   1     0.47176
   2     0
   3     0.77563
   4     0.91354
   5     0.61764
   6     1.81804
   7     4.50483
   8     2.15894
   9     0.1685
  10     1.28566
  11     0.63294
  12     0.56462
  13     1.35617
  14     0.92004
  15    16.4846
  16     1.76049
  17     2.02343
  18     0.68269
  19     0.11376
  20     2.75224
  21     2.38756
  22     0.92885
  23     0.09235
  24     0.97049
  25     2.72732
  26     1.33404
  27     2.95921
  28     1.19779
  29     3.01588
  30     3.43035
  31     4.26589
  32     2.6965
  33     6.38564
  34     1.73355
  35     1.87306
  36     2.56811
  37     1.43556
  38     4.70319
  39    14.5601
  40     2.14531
  41     2.46195
  42     0.4184
  43     1.5811
  44     5.14983
  45     0.79467
  46     0.16091
  47     0.47379
  48     0.97175
  49     3.49375
  50     0
  51     0.56616
  52     1.4457
  53     0.99305
  54     0
  55     0.75032
  56     0.956
  57     0.39745
  58     0
  59     0.81965
  60     0.75647
  61     0
  62     0
  63     0
  64     0.00473
  65     1.77194
  66     0.96024
  67     0.89978
  68     0.9794
  69     2.55659
  70     0
  71     2.74798
  72     0.54046
  73     0.66543
  74     2.06251
  75     3.20994
  76     2.68845
  77     1.91063
  78     0.71613
  79     5.21876
  80     1.68981
  81     1.16643
  82     3.40316
  83    19.6954
  84     3.9305
  85     4.775
  86     3.53531
  87    23.1084
  88    93.8268
  89    53.0974
  90    78.0533
  91   200.044
  92   166.006
  93   108.166
  94    48.7379
  95    42.7695
  96    51.3133
  97    64.6761
  98    81.145
  99    36.9599
 100    69.7432
 101   118.119
 102    28.2751
 103     9.04895
 104    36.052
 105    30.9378
 106    60.8914
 107    24.2846
 108    29.8259
 109    21.9026
 110    21.4185
 111     3.27863
 112     1.97409
 113     2.9589
 114     2.7539
 115     2.45863
 116     0.36695
 117     3.76422
 118     1.3519
 119    17.7269
 120     0.48272
 121     1.65525
 122     0.08321
 123     1.50213
 124     3.23674
 125     1.44399
 126    18.9948
 127    37.3686
 128     3.33027
 129     0.98875
 130     1.41867
 131     0.5296
 132     2.75957
 133     0.07889
 134     1.39839
 135     4.37493
 136     1.70572
 137     0.43819
 138     2.91094
 139     1.90538
 140     2.48488
 141     3.1617
 142     3.68302
 143    33.7311
 144    12.9907
 145    39.8594
 146     3.38407
 147    14.1822
 148    35.3819
 149    24.8429
 150    70.7461
 151    30.6659
 152   603.359
 153   639.886
 154   587.811
 155   711.171
 156   851.728
 157   701.939
 158   655.144
 159   275.464
 160   758.324
 161   822.437
 162   883.68
 163   738.714
 164   854.488
 165   971.718
 166   850.876
 167   439.411
 168   336.863
 169   351.877
 170   347.357
 171   320.575
 172   434.72
 173   230.802
 174   142.274
 175   108.429
 176     3.6678
 177     0.6279
 178     1.58809
 179     0.10878
 180     8.90102
 181     2.77971
 182     1.1392
 183     3.64333
 184     2.12719
 185     0.27888
 186     2.14869
 187     1.56248
 188     0.75766
 189     1.06096
 190     1.9361
 191     1.87565
 192     0.67905
 193     0.9509
 194     3.53705
 195     1.56758
 196     1.64593
 197     2.62047
 198     0.73141
 199    22.0886
 200     1.75902
 201     3.60194
 202     1.85141
 203     4.66615
 204     6.14773
 205     1.92828
 206     2.83346
 207     0.46248
 208    58.339
 209    64.0317
 210    52.3472
 211    41.3848
 212   112.486
 213    83.6829
 214    22.5824
 215    41.5239
 216   850.799
 217   913.752
 218  1128.85
 219   938.144
 220   865.75
 221   866.485
 222   703.628
 223   438.356
 224   947.536
 225   900.982
 226  1043.92
 227  1068.72
 228  1195.58
 229  1246.19
 230   973.559
 231   466.285
 232   280.918
 233   171.367
 234   247.545
 235   211.247
 236   261.173
 237   252.168
 238   160.249
 239   107.644
 240     4.31568
 241    16.7968
 242     9.69091
 243     3.52316
 244     4.33069
 245     4.4858
 246     3.63805
 247     1.56043
 248     0.9699
 249     2.09017
 250     2.07743
 251     1.37439
 252     1.66149
 253     2.71846
 254     3.52449
 255     0.08125
 256     3.35594
 257     1.52843
 258     6.04158
 259     0.49004
 260     3.67559
 261     1.60472
 262     0.75424
 263    15.3484
 264     2.75984
 265     4.37254
 266     0.49004
 267     3.0389
 268     5.02279
 269     2.96124
 270     2.3123
 271     7.51163
 272   236.299
 273   226.921
 274   210.343
 275   184.347
 276   211.673
 277   317.43
 278   195.83
 279    69.8816
 280   906.1
 281  1048.71
 282  1223.23
 283   995.329
 284   989.922
 285   781.451
 286   690.859
 287   320.899
 288   696.444
 289  1038.45
 290  1006.97
 291  1036.07
 292  1164.08
 293  1183.63
 294   677.054
 295   280.211
 296   106.049
 297    75.861
 298   101.328
 299    94.2052
 300   136.91
 301    64.2157
 302     3.81732
 303    72.5274
 304     1.80813
 305     0.64494
 306     1.89551
 307     5.71529
 308     1.14909
 309     3.68422
 310     2.23408
 311     2.25269
 312     2.53392
 313     1.21971
 314     3.92695
 315     1.9836
 316     1.49474
 317     2.83552
 318     2.01608
 319     0
 320     3.86462
 321     1.70364
 322     2.41824
 323     2.39863
 324     0.78704
 325     2.7322
 326     0.77021
 327     4.64573
 328     2.91358
 329     0.98831
 330    12.8187
 331     1.52179
 332     3.8038
 333     2.10148
 334     2.49715
 335     1.07853
 336   281.812
 337   232.883
 338   243.919
 339   281.842
 340   321.363
 341   318.728
 342   266.34
 343   134.134
 344   736.659
 345   872.784
 346   883.956
 347   961.261
 348   834.157
 349   826.263
 350   612.335
 351   233.608
 352   548.155
 353   558.924
 354   561.096
 355   701.707
 356   712.696
 357   675.474
 358   391.508
 359   211.409
 360    21.37
 361     7.52966
 362    65.2534
 363    13.6021
 364     8.44344
 365    46.5954
 366     5.02854
 367     8.13821
 368     3.93589
 369     8.85337
 370     4.87211
 371     1.12053
 372     1.23077
 373     1.34335
 374     1.43505
 375     8.86349
 376     1.34008
 377     1.92715
 378     0.92728
 379     1.50791
 380     0
 381     0.48738
 382     1.11167
 383     5.65766
 384     1.70927
 385     2.14096
 386     1.15297
 387     1.62652
 388     1.71478
 389     2.31076
 390     0
 391     0.37801
 392     1.43438
 393     0.38583
 394     1.12963
 395     1.56157
 396     1.099
 397     2.97283
 398     1.96038
 399     5.15296
 400    38.0053
 401    10.1142
 402    35.9601
 403    48.4293
 404    11.5742
 405    18.1478
 406     2.68187
 407    20.1833
 408    86.4364
 409    56.1697
 410   111.302
 411    46.9273
 412    34.4176
 413   107.701
 414    32.4884
 415    20.8569
 416    51.7038
 417    24.8051
 418    87.1111
 419    65.9071
 420    75.1754
 421    89.6263
 422    96.4119
 423    27.1052
 424     1.7181
 425     0.51055
 426     5.01384
 427     3.79835
 428     3.04023
 429     4.63068
 430     4.20477
 431    25.6517
 432     3.36599
 433     2.12238
 434     1.12414
 435     1.3624
 436     0.85951
 437     0.39364
 438     1.65327
 439     0.6914
 440     1.51558
 441     0.8988
 442     2.00632
 443     0.16888
 444     1.56055
 445     1.51052
 446     2.1874
 447     0.81851
 448     0.1266
 449     0.10757
 450     0
 451     0
 452     0.67691
 453     0
 454     0.78869
 455     0.71349
 456     0.18145
 457     2.10602
 458     0.06558
 459     2.66062
 460     1.74943
 461     0.9242
 462     0.07837
 463     1.407
 464     1.42892
 465     0
 466     1.72477
 467     0.08589
 468     4.3334
 469     2.46808
 470     0.88539
 471     4.37224
 472     0.78106
 473     3.9036
 474     0.81432
 475     3.37472
 476     0.97123
 477    11.796
 478    10.6374
 479     6.97168
 480     1.86332
 481     3.09308
 482     0.88008
 483     2.64565
 484     2.1662
 485     0.61967
 486     3.7093
 487     1.3893
 488     2.3748
 489     1.97628
 490     1.14955
 491     2.88557
 492     0.98985
 493     0.48393
 494     0.78454
 495     1.5631
 496     2.01534
 497     3.27645
 498     2.91716
 499     0.29794
 500     0.26506
 501     1.56972
 502     0.9216
 503     2.41278
 504     0.66332
 505     0.3754
 506     0.19842
 507     0.36917
 508     0.26745
 509     0.0638
 510     0
 511     0.47661
