This file was gnenerated on 2021-06-22 18:09:04.226571 by Grant Finneman. This contains the extracted data from the Gate simulations
The edep for each bar was summed up and printed to this file. The only math operation done has been addition.

  id        edep
   0     0.21844
   1     0.02616
   2     1.71836
   3     0.58338
   4     1.13142
   5     0.94968
   6     0.40398
   7     8.63306
   8     0.59336
   9     0.4181
  10     1.18655
  11     0.30788
  12     0.58089
  13     0.50061
  14     1.89195
  15     2.22109
  16     0.68625
  17     0
  18     2.18643
  19     1.4508
  20     2.35926
  21     2.40175
  22     1.08592
  23     0.06841
  24     1.51385
  25     0.38636
  26     3.7541
  27     2.78818
  28     1.75582
  29     1.24784
  30     0
  31     0.86764
  32     5.03191
  33     1.53083
  34     2.48204
  35     2.70297
  36     1.00522
  37     0.92535
  38     0.80325
  39     3.51585
  40     3.38854
  41     2.94072
  42     1.48369
  43     2.9412
  44     1.76802
  45     1.34489
  46     1.43915
  47     0.191
  48     1.74346
  49     1.3586
  50     1.38336
  51     3.88424
  52     1.77641
  53     1.38867
  54     0.79507
  55     1.02479
  56     1.9249
  57     2.45526
  58     3.93646
  59     0
  60     0
  61     0
  62     4.08015
  63     7.24715
  64     0
  65     1.4169
  66     0.9675
  67     0.44811
  68     0.7514
  69     1.35753
  70    13.28
  71    21.6122
  72     2.34495
  73     1.06606
  74     4.23767
  75     0.04135
  76     0.35887
  77     0
  78     8.04398
  79    11.4178
  80     2.25029
  81     0.66224
  82     5.29517
  83     0.69247
  84     3.03831
  85     3.34619
  86     1.41437
  87     3.69018
  88     5.36555
  89     5.17687
  90     4.46175
  91     1.08851
  92     5.29696
  93     4.25784
  94     1.81453
  95     3.17163
  96     3.04149
  97     4.66107
  98     3.94329
  99     5.1882
 100     4.54329
 101     7.85898
 102    31.4052
 103    13.9777
 104     6.28038
 105     3.71129
 106    14.9031
 107     6.35602
 108     3.18194
 109     8.72017
 110    18.1164
 111     7.26775
 112     2.7376
 113     2.42945
 114     0.98723
 115     1.9511
 116     0.58181
 117     1.69059
 118     2.59544
 119     1.0592
 120     1.52958
 121     1.41679
 122     0
 123     0.31305
 124     1.31979
 125     1.89595
 126     4.47363
 127     9.55494
 128     1.42318
 129     2.31521
 130     1.65783
 131     0.79144
 132     0
 133     0.60487
 134     3.23819
 135     9.39672
 136     1.80538
 137     3.41024
 138     2.68877
 139     5.33287
 140     1.12466
 141     2.43934
 142     1.80221
 143    19.389
 144     4.90748
 145     2.66772
 146     5.44363
 147     2.94437
 148     4.43071
 149     2.83829
 150     1.10201
 151     8.17852
 152    21.5045
 153    18.0172
 154    61.0155
 155    42.7762
 156    40.1193
 157     2.95027
 158     3.37985
 159    40.113
 160   372.85
 161   526.53
 162   420.581
 163   538.648
 164   420.354
 165   447.339
 166   241.614
 167   179.786
 168   369.982
 169   467.723
 170   407.883
 171   488.035
 172   408.357
 173   394.053
 174   302.661
 175   141.088
 176     1.79264
 177     5.16901
 178    10.9132
 179    22.7105
 180     4.09259
 181     3.7708
 182     3.09368
 183     6.93118
 184     1.76321
 185     0.51746
 186     0.93894
 187     0.73533
 188     2.01503
 189     1.72052
 190    11.1902
 191     7.7873
 192     4.36923
 193     2.65396
 194     4.81992
 195     3.62299
 196     3.35306
 197     0.96342
 198     0.24602
 199     2.75556
 200     1.54855
 201     3.78354
 202     2.20151
 203     0.98941
 204     3.24443
 205     0.92689
 206     4.97323
 207    28.8431
 208     7.08032
 209    30.7243
 210    21.562
 211    68.817
 212    18.9888
 213    17.2068
 214     4.14455
 215    42.5312
 216   413.369
 217   616.511
 218   779.735
 219   693.039
 220   645.154
 221   484.067
 222   375.511
 223   126.731
 224  1876.06
 225  2101.34
 226  2111.24
 227  2204.62
 228  2251.6
 229  2211.51
 230  1620.35
 231   845.755
 232   421.7
 233   350.576
 234   380.426
 235   490.634
 236   571.005
 237   461.094
 238   310.965
 239   183.803
 240     4.28995
 241     2.90345
 242     0.99109
 243     3.12811
 244     3.30489
 245     3.12363
 246     2.15813
 247     9.54452
 248     0.94528
 249     0.31619
 250     1.2544
 251     3.28658
 252     3.02724
 253     1.3594
 254     1.83952
 255     0.35709
 256     1.92162
 257     0.57921
 258     2.72822
 259     2.15987
 260     2.145
 261     2.35089
 262     3.27912
 263     0.33175
 264     4.06091
 265     8.29086
 266     3.49708
 267     3.78368
 268    18.6193
 269     3.40126
 270     5.64871
 271    25.7689
 272   465.985
 273   522.066
 274   568.112
 275   515.519
 276   460.212
 277   409.122
 278   400.113
 279   143.208
 280  2110.93
 281  2329.03
 282  1999.87
 283  2195.67
 284  2444.03
 285  2170.66
 286  1724.55
 287   920.396
 288   496.236
 289   474.493
 290   581.682
 291   574.032
 292   767.585
 293   648.057
 294   280.655
 295   143.009
 296    54.5905
 297    31.0481
 298     5.69217
 299    21.9457
 300    23.6701
 301     6.2576
 302    22.5016
 303    18.2976
 304     5.35776
 305     2.34793
 306     1.64201
 307     1.63557
 308     5.24951
 309     3.21356
 310     3.59247
 311     1.24606
 312     1.37287
 313     0.65649
 314     4.54074
 315     2.29704
 316     3.81085
 317     1.43153
 318     0.87533
 319     0.77576
 320     0
 321     1.38344
 322     2.61337
 323     1.59669
 324     2.20518
 325     2.3277
 326     3.55151
 327     3.21472
 328     3.04366
 329     4.01753
 330     2.37203
 331     6.59568
 332     4.11997
 333     3.04507
 334     4.63337
 335    15.2145
 336   432.359
 337   495.064
 338   484.241
 339   443.21
 340   429.174
 341   353.545
 342   265.205
 343   177.62
 344   446.64
 345   531.313
 346   488.012
 347   467.986
 348   498.68
 349   459.599
 350   395.044
 351    97.3246
 352    26.9871
 353    17.8179
 354    17.6875
 355     3.50045
 356    29.6156
 357    12.3783
 358    11.6665
 359     8.52799
 360     5.06215
 361     4.27408
 362     2.71416
 363     4.31364
 364     3.98665
 365     4.19811
 366     2.41622
 367     3.40497
 368     2.07169
 369     2.80931
 370     3.69954
 371     2.83435
 372     1.84528
 373     1.94544
 374     1.87452
 375     2.4242
 376     1.00351
 377     0.76656
 378     1.62606
 379     1.00176
 380     0.89788
 381     0.09342
 382    11.8355
 383    14.1679
 384     1.30409
 385     1.47645
 386     1.68422
 387     1.10791
 388     1.24905
 389     2.46819
 390     0
 391     0.68816
 392     2.49818
 393     0.72598
 394     3.31262
 395     4.23901
 396     2.07362
 397     1.72453
 398     0.80696
 399    15.0479
 400     2.5844
 401    10.0597
 402    32.6099
 403     5.57966
 404     4.22286
 405     5.06727
 406    23.2254
 407    10.2864
 408     4.49451
 409     1.47685
 410    25.5518
 411     6.66095
 412     3.81135
 413     3.97874
 414    20.873
 415     4.07705
 416     1.25225
 417     4.55364
 418     8.05594
 419     1.30869
 420     5.51145
 421     3.46197
 422    14.5104
 423    27.3815
 424     2.09145
 425     2.55086
 426     3.08651
 427     3.73937
 428     2.36534
 429     2.74095
 430     0
 431     7.55932
 432     0.87327
 433     4.01877
 434     0.50017
 435     0.29137
 436     1.00804
 437     0.99249
 438     2.77505
 439     7.58482
 440     0.21649
 441     0.68612
 442     1.68356
 443     1.60227
 444     0.74952
 445     0.64548
 446     0.78875
 447     0.02083
 448     1.38819
 449     0.2989
 450     2.46467
 451     0.61007
 452     1.78328
 453     0.37459
 454     1.22247
 455     1.18779
 456     2.60016
 457     0.58912
 458     2.30229
 459     1.82241
 460     1.93905
 461     1.01078
 462     0.75721
 463     0.55826
 464     2.53136
 465     1.7628
 466     2.5817
 467     0.63221
 468     1.72746
 469     2.10889
 470     2.51181
 471     0.73909
 472     0.59143
 473     3.03742
 474     3.71447
 475     3.25322
 476     2.07262
 477     5.21684
 478     2.08716
 479     1.37579
 480     0.53863
 481     1.43302
 482     5.36062
 483     2.02138
 484     2.17593
 485     3.24549
 486     1.95155
 487     0.28587
 488     1.89491
 489     1.50213
 490     1.35545
 491     0.31811
 492     1.8864
 493     0.89861
 494     0.18308
 495     2.48182
 496     2.29934
 497     0.37174
 498     3.85237
 499     0.88601
 500     1.07126
 501     1.25139
 502     0
 503     0.88304
 504     0.48999
 505     1.26075
 506     0.99156
 507     2.81271
 508     1.4067
 509     1.34741
 510     1.90528
 511     0
