This file was gnenerated on 2021-06-21 16:43:34.352649 by Grant Finneman. This contains the extracted data from the Gate simulations
The edep for each bar was summed up and printed to this file. The only math operation done has been addition.

  id      edep
   0    0
   1    0
   2    0
   3    0
   4    0
   5    0
   6    0.7576
   7    0
   8    0
   9    0
  10    0
  11    0.2529
  12    0
  13    0
  14    0
  15    0
  16    0.1562
  17    0
  18    0
  19    0
  20    0
  21    0.8522
  22    0.9509
  23    0
  24    0
  25    0
  26    0
  27    0
  28    0
  29    0
  30    0
  31    0
  32    0.5161
  33    0
  34    0
  35    0
  36    0.9918
  37    0.3874
  38    0
  39    0
  40    1.7782
  41    0
  42    0
  43    0
  44    0
  45    0.7285
  46    0
  47    0.1047
  48    0
  49    0
  50    0
  51    0
  52    0.034
  53    0
  54    0
  55    0.3933
  56    0
  57    0
  58    0
  59    0
  60    0
  61    0
  62    0
  63    0
  64    0
  65    0
  66    0.7138
  67    0
  68    0
  69    0
  70    0
  71    0.7177
  72    0
  73    0
  74    0
  75    0.0192
  76    0.45
  77    0
  78    0
  79    0
  80    3.6404
  81    0.6389
  82    0.0192
  83    1.7304
  84   11.5093
  85    1.0233
  86    0.806
  87    1.1671
  88   37.3365
  89   44.7517
  90   15.6589
  91   27.4493
  92   78.5622
  93   55.2102
  94   16.9579
  95    4.6627
  96   12.1481
  97    0.5582
  98   10.2554
  99   23.4274
 100   36.9708
 101   30.0768
 102    6.634
 103    0.9484
 104    0
 105    0
 106    0.1419
 107    0
 108   12.9665
 109    8.3603
 110    0
 111    0.6449
 112    0
 113    0
 114    0
 115    0.1047
 116    0
 117    0
 118    0
 119    0
 120    0
 121    0
 122    0
 123    0
 124    0
 125    0.1047
 126    0.1199
 127    0
 128    0.6113
 129    0
 130    0
 131    1.7018
 132    0
 133    0.2645
 134    0
 135    0
 136    2.0174
 137    3.4769
 138    0.7672
 139    8.2789
 140   13.2728
 141    0.5325
 142    0.4926
 143    3.1274
 144   24.2447
 145   48.448
 146   68.7786
 147   88.7164
 148   39.3922
 149   39.0683
 150   13.4721
 151    7.0565
 152   15.0384
 153   52.89
 154   58.7144
 155   28.8635
 156   36.0145
 157   24.5001
 158   47.1624
 159   47.1044
 160   13.8378
 161   14.2318
 162   45.0059
 163   43.8148
 164   86.6045
 165   70.9688
 166   75.8188
 167   50.6914
 168    0.6039
 169    0.4097
 170    0
 171    0
 172   31.5993
 173    9.1489
 174    0
 175    0
 176    0
 177    0
 178    0.111
 179    0.7548
 180    0.1708
 181    0
 182   29.5128
 183   34.2836
 184    0.0199
 185    0
 186    0.2889
 187    0
 188    0
 189    1.0819
 190    0
 191    0
 192    0.081
 193    0
 194    0
 195    0
 196    0.0748
 197    0
 198    0.123
 199    0
 200    0.6812
 201    0.9252
 202   23.5944
 203    1.3116
 204    0.8826
 205    0
 206   10.6563
 207    0.5152
 208   73.5394
 209   77.2987
 210  104.329
 211   65.4032
 212   61.7076
 213   30.0309
 214   21.0765
 215   11.449
 216   42.5804
 217  102.714
 218   91.0035
 219   46.771
 220   95.2105
 221   70.7116
 222   42.772
 223   32.3988
 224   20.0497
 225   65.703
 226  120.173
 227   90.847
 228   26.4693
 229   43.0475
 230   46.2948
 231   48.4299
 232    3.8953
 233    3.1014
 234    9.8781
 235    9.6734
 236    4.7911
 237   30.6495
 238    8.4376
 239    4.2964
 240    0.0042
 241    0.8905
 242    0.2358
 243    0
 244    0
 245    0.2583
 246    0
 247    0.3428
 248    0
 249    0
 250    0.7199
 251    0
 252    0
 253    0
 254    0.2564
 255    0
 256    0
 257    0.0975
 258    0
 259    0
 260    0
 261    0
 262    0
 263    0
 264    0.863
 265    0.5169
 266   18.528
 267    0
 268    0
 269    1.4631
 270    0.1518
 271    0.5914
 272   18.0012
 273   27.5707
 274    6.6114
 275   30.5043
 276   16.9414
 277    2.3083
 278    5.903
 279    3.944
 280   49.7363
 281   62.1083
 282   76.7867
 283   77.9526
 284   76.203
 285   60.0158
 286   26.8276
 287   13.1115
 288   52.8957
 289   35.766
 290   60.7247
 291  126.049
 292   67.5224
 293   55.0217
 294   53.9119
 295   20.9037
 296   41.1348
 297   17.897
 298   20.039
 299   57.3083
 300   55.9625
 301   34.9096
 302   38.1526
 303   11.4441
 304    0
 305    1.2723
 306    6.0744
 307   13.7496
 308   27.9524
 309    5.9738
 310    0
 311    0
 312    0
 313    0.0665
 314    0.2583
 315    0
 316    0
 317    0.8009
 318    0
 319    0
 320    0.9993
 321    0.9006
 322    0
 323    0.1518
 324    0
 325    0.7879
 326    0.0581
 327    0.0242
 328    0.9834
 329    0
 330    0.6495
 331    0
 332    0
 333    0
 334    0.4797
 335    0
 336    0
 337    1.3795
 338    0.1721
 339    1.0421
 340    0.0241
 341   11.4804
 342    0
 343    0
 344   23.0442
 345   58.1171
 346   17.3188
 347    6.8565
 348   50.8422
 349   76.9017
 350   20.4374
 351   13.8638
 352   92.2892
 353  114.051
 354  118.137
 355   76.618
 356   24.5606
 357   23.6597
 358   33.3402
 359   11.6121
 360   70.6361
 361   73.6398
 362   52.9829
 363  103.184
 364   55.8624
 365   28.2073
 366   22.011
 367    6.7179
 368   28.982
 369    3.2624
 370    7.2194
 371    6.376
 372    1.9561
 373    0.8677
 374    0.0842
 375    1.2323
 376    0.9335
 377    0
 378    0
 379    0
 380    0.2798
 381    0.1708
 382    0.1708
 383    0
 384    0
 385    0
 386    0
 387    0
 388    0
 389    0
 390    0.0622
 391    0.4476
 392    0
 393    0
 394    0
 395    0.0109
 396    0
 397    0
 398    0
 399    0.7644
 400    0
 401    0.2669
 402    0.25
 403    0
 404    0.0483
 405    0
 406    0
 407    0
 408   16.1015
 409    2.7191
 410    3.1446
 411    0.1504
 412   29.8214
 413    7.0738
 414    4.0677
 415    9.7385
 416   34.7083
 417   47.6697
 418   64.3969
 419   21.2619
 420   40.0524
 421   64.198
 422   68.6298
 423   16.544
 424   16.518
 425    0.2137
 426    2.4284
 427    1.8254
 428    1.1487
 429    0.4017
 430    0.7882
 431    0
 432    0.5383
 433    0
 434    0.3863
 435    0
 436    0.2828
 437    0
 438    0
 439    0
 440    0
 441    0
 442    0.29
 443    0
 444    0.8853
 445    0
 446    0
 447    0
 448    0
 449    0
 450    0
 451    0
 452    0
 453    0
 454    0
 455    0
 456    0
 457    0
 458    0
 459    0
 460    0
 461    0
 462    0
 463    0
 464    0.0483
 465    0
 466    0.4617
 467    0
 468    0
 469    0
 470    0
 471    0
 472    0
 473    0
 474    0
 475    0.6894
 476    0.2052
 477    0.1566
 478    0
 479    0.8863
 480    0
 481   12.2573
 482    0.7646
 483    0.389
 484    0.4456
 485    0
 486    0.0591
 487    0
 488    0
 489    0.4176
 490    0.8603
 491    0
 492    0.8417
 493    0
 494    0.2052
 495    0
 496    0
 497    0
 498    0
 499    0.5389
 500    0
 501    0
 502    0
 503    0
 504    0
 505    0
 506    0
 507    0.2021
 508    0.6918
 509    0
 510    0
 511    0
