This file was gnenerated on 2021-06-17 21:16:46.595955 by Grant Finneman. This contains the extracted data from the Gate simulations
The edep for each bar was summed up and printed to this file. The only math operation done has been addition.

  id      edep
   9    0.0398
  16    0.1371
  18    0.1371
  25    0.1654
  27    0.0691
  35    0.8818
  38    0.6572
  40    0.2888
  45    0.5951
  48    0.9178
  53    0.4363
  68    0.2347
  73    0.6139
  78    0.7712
  80    0.8568
  83    0.7024
  86    0.7686
  89    0.4322
  90    0.8293
  91    0.3389
  94    0.1719
  96    0.4615
  98    0.8818
  99    0.4363
 101    0.1269
 104    0.5286
 106    0.5246
 114    0.9548
 120    0.4986
 123    0.9693
 126    1.5836
 144    1.6574
 145    0.6552
 146    0.7556
 148    0.9349
 149   18.4672
 150    0.6057
 151    0.5498
 152    8.298
 153    0.89
 154   19.9973
 155    3.4868
 156   13.1578
 157   26.6123
 158   14.5274
 159   11.0656
 160   18.963
 161    1.3154
 163   16.5478
 164    0.8049
 165   15.6602
 166    0.7459
 167    0.5566
 171    7.1127
 173    0.1332
 175   14.3916
 176    1.8114
 179    1.9244
 180    0.9332
 182    0.1421
 188    0.3727
 193    0.0644
 195    0.4767
 199    0.3955
 203    0.0462
 204    0.6761
 209    2.346
 210   13.3017
 211    1.5325
 212   16.78
 213   25.1761
 214    1.1595
 216  146
 217  108.015
 218  185.614
 219  271.373
 220  236.029
 221  161.899
 222  140.664
 223   51.5384
 224  140.343
 225  233.332
 226  229.371
 227  213.08
 228  234.109
 229  192.91
 230  117.928
 231   59.6089
 232   52.6663
 233   36.8305
 234   65.1188
 235   11.1817
 236   16.7725
 237   18.8031
 238   10.5957
 239   59.3671
 241    0.5584
 242    0.1531
 244    0.8191
 245    6.5184
 246    0.4261
 248    0.7418
 254    0.3727
 256    0.5911
 264    0.3391
 265    0.279
 266    0.1419
 267    0.4852
 272   11.662
 273   10.2934
 274    2.1488
 275   11.6104
 276   17.6652
 277   14.0305
 278    1.1144
 279    1.8741
 280  142.197
 281  183.202
 282   98.387
 283  237.648
 284  217.886
 285  120.562
 286   88.4042
 287   55.0359
 288  175.39
 289  255.578
 290  311.209
 291  331.929
 292  237.519
 293  179.12
 294  166.179
 295   67.7295
 296   23.2594
 297   38.5275
 298    7.9939
 299   15.5606
 300   16.4067
 301    3.9903
 303   18.59
 306    1.4008
 307    0.9291
 309    0.9287
 311    0.9992
 314    0.2165
 315    0.6448
 320    0.0445
 322    0.2035
 327    0.5719
 328    0.2468
 332    0.142
 333    0.706
 336    0.7454
 337    0.2025
 338   11.8139
 342    0.8049
 343    0.6046
 344    0.2329
 345    5.9093
 346   11.7498
 347   40.828
 349    2.0479
 352    0.1949
 353    0.431
 354   30.5755
 355    8.9428
 356    3.5
 358   13.3835
 359   14.7946
 362   17.6691
 363    0.3814
 364    0.1951
 367    0.5831
 368    0.9464
 369    0.8105
 372    0.3727
 373    0.9595
 376    1.5612
 378    0.1969
 390    0.3239
 392    0.1589
 393    0.7931
 402    0.2823
 408    0.8533
 409    1.8493
 411    0.7217
 412    1.8678
 414    0.6608
 416    0.2848
 417    0.5449
 418    0.9977
 419    0.6982
 421    0.8248
 422    0.0319
 423    0.9578
 424    0.693
 429    0.9188
 440    0.6919
 464    0.8533
 466    0.1148
 468    0.5455
 474    0.4259
 475    0.9366
 476    0.1148
 481    1.9802
 485    0.0774
 489    0.6119
 490    0.2848
 491    0.8762
 501    0.9188
