This file was gnenerated on 2021-06-17 21:17:35.312861 by Grant Finneman. This contains the extracted data from the Gate simulations
The edep for each bar was summed up and printed to this file. The only math operation done has been addition.

  id      edep
   4    0.2822
  13    0.5073
  17    0.4879
  20    0.2194
  24    0.8641
  25    0.7359
  29    0.9373
  32    0.2898
  38    0.5039
  42    0.972
  43    0.5124
  45    0.8006
  46    1.0138
  48    0.0219
  55    0.7056
  56    1.6839
  58    0.8658
  63    0.8006
  65    0.5229
  71    0.602
  72    0.7623
  73    1.7731
  74    0.8418
  75    0.1736
  82    1.8236
  83    0.9838
  86    0.0689
  88    0.6489
  89   15.8631
  91    0.9088
  93    0.7809
  96    4.0671
 101    0.4571
 103    0.0458
 105    0.3205
 107    0.5818
 108    1.7816
 109    1.1798
 111    0.7246
 116    0.3305
 117    0.0269
 123    0.0868
 130    0.9695
 136    8.7501
 137    3.9715
 138    5.1713
 139    2.4808
 140    6.9641
 141   35.6304
 142    3.6011
 143    4.136
 144   35.816
 145   61.3617
 146   43.5954
 147   67.557
 148   76.3787
 149   11.1919
 150    5.8741
 151    5.9987
 152   24.3519
 153   71.5964
 154   70.1438
 155   45.0721
 156   40.8961
 157   13.5563
 158   61.7165
 159   33.8855
 160   20.8593
 161   54.7213
 162   37.1149
 163   19.1362
 164   12.719
 165    4.5144
 166   25.1455
 167   16.8047
 168   35.6679
 169   43.4928
 170   40.1999
 171   17.8039
 172   16.2057
 173   30.1489
 174    4.5552
 175    4.8536
 176    7.7057
 177    6.0828
 178    7.7355
 179    5.9733
 180   30.1068
 181   13.4234
 182    5.7905
 183    2.6923
 189    0.3623
 192    5.5062
 195    0.2793
 197    0.4205
 200   11.1224
 201   27.5846
 202   32.718
 203   36.6023
 204   37.1323
 205   20.3363
 206   16.8154
 207    4.8907
 208   53.5318
 209   56.0417
 210   36.6163
 211   50.5045
 212   53.651
 213   23.9787
 214   25.3022
 215    9.7484
 216   58.6772
 217   73.996
 218   90.14
 219  105.962
 220   58.1629
 221   16.76
 222   49.5346
 223   16.194
 224   41.2975
 225   52.7502
 226   61.2997
 227  114.931
 228   80.4935
 229   79.031
 230   47.5274
 231   39.3772
 232   62.5514
 233   50.6639
 234   35.9372
 235   25.3873
 236   30.0389
 237   52.2198
 238   28.8861
 239    7.5404
 240   29.5091
 241    6.8965
 242   12.0026
 243   12.9486
 244   12.674
 245   20.4059
 246   32.3149
 247   11.048
 248    0.6136
 250    0.575
 253    0.9367
 254    0.8287
 255    0.5683
 257    0.435
 258    0.1357
 264   78.3115
 265   31.5964
 266   18.1858
 267   25.6573
 268   82.991
 269   32.7567
 270   18.175
 271    7.272
 272   86.1629
 273   48.4719
 274   47.9872
 275   43.3751
 276   55.2527
 277   50.359
 278   67.6173
 279   29.9441
 280   27.1942
 281   45.8027
 282  116.311
 283   89.8258
 284   75.0468
 285   19.5531
 286   14.8747
 287   31.3353
 288   16.1633
 289   24.5256
 290   62.9705
 291   88.4619
 292   51.5005
 293   73.6861
 294   47.5159
 295   21.6885
 296   57.9516
 297   98.4211
 298   31.9064
 299   37.5695
 300   38.9253
 301   35.8199
 302   38.3754
 303   17.6727
 304    2.6709
 305    3.4775
 306    7.4638
 307   32.5908
 308   60.4969
 309   50.9776
 310    7.4297
 311    2.7829
 312    1.165
 314    0.7142
 315    0.6758
 316    0.8187
 323    0.4973
 324    0.1668
 328    6.0398
 329    2.1415
 330    5.3547
 331   13.2601
 332   33.1755
 333   20.6346
 334   11.8484
 335    2.9604
 336   25.6496
 337   40.1475
 338   36.9138
 339   21.2703
 340   17.1651
 341   58.7076
 342   26.2462
 343   12.4551
 344    9.0782
 345    6.6792
 346   46.081
 347   65.9867
 348   77.6566
 349   12.2337
 350    3.8488
 351    5.1935
 352   53.1978
 353   28.4614
 354   39.1517
 355   41.6302
 356   43.2019
 357   47.9083
 358   15.7705
 359    7.3246
 360   48.6934
 361  167.991
 362   52.4629
 363   14.1591
 364   44.1522
 365  103.567
 366   36.5792
 367   33.3519
 368    2.1862
 369    1.3173
 370   28.4433
 371   30.4497
 372   24.8976
 373    8.422
 374   49.3974
 375   12.7988
 381    0.9811
 383    0.5522
 387    0.3103
 389    0.7885
 395    4.6704
 396    6.9622
 404    8.0241
 405   10.7124
 407    0.8614
 408    1.1902
 409    0.1626
 410    0.3733
 412    0.1657
 413    0.1657
 417    1.254
 419    0.8682
 423    1.1798
 424    0.5798
 425   16.7416
 426    3.6407
 429    0.3643
 430    0.7433
 431    0.9765
 432    0.2632
 434    1.0882
 438   24.9964
 445    0.3916
 452    0.1438
 461    0.1438
 465    0.9131
 466    0.9131
 469    0.7218
 470    0.7218
 472    0.0546
 479    0.1742
 486    0.3643
 487    0.765
 490    0.9921
 497    0.5046
 498    0.9437
 500    0.4237
 503    0.9921
 506    0.6509
 509    0.0474
