This file was gnenerated on 2021-06-17 21:16:24.243367 by Grant Finneman. This contains the extracted data from the Gate simulations
The edep for each bar was summed up and printed to this file. The only math operation done has been addition.

  id      edep
   0    0.6757
   7    0.1436
   8    0.8493
  11    0.7375
  13    0.2145
  14    0.0558
  27    1.0881
  28    1.5472
  34    0.4462
  42    0.0209
  43    0.8636
  48    0.4025
  49    0.5892
  51    0.0659
  54    0.1549
  55    0.4522
  56    1.281
  62    0.9687
  64    0.8493
  67    0.9094
  82    1.0319
  90    1.1549
  92    0.0209
  95    0.2788
  96    0.2708
  98    0.1481
  99    1.0962
 103    0.1648
 108    1.2265
 109    0.7375
 110    0.7654
 111    0.7622
 112    0.4254
 118    0.7444
 119    0.6783
 124    0.2065
 131    0.8391
 133    0.4705
 134   24.2575
 135    6.4995
 136    0.0644
 137    0.4864
 138    0.6377
 141    1.3785
 142    2.1329
 143   11.4929
 145    1.0037
 146   13.8486
 147    0.575
 149    0.1396
 151    2.2121
 152    9.7413
 153    1.1217
 154   18.7986
 155   19.8215
 156    4.7744
 157    2.4312
 158    0.9913
 159   23.7484
 161    0.1534
 162    1.9905
 163    1.9372
 164    1.079
 167    0.3587
 168    0.5225
 169    1.2777
 170    1.4488
 171    0.5941
 172    0.2788
 173    0.4338
 175    0.9472
 181    0.5854
 189    0.9986
 191    0.609
 192    0.757
 197    0.6608
 204    0.0029
 205    0.2985
 207    0.4359
 208   33.6616
 209   21.8242
 210   68.9825
 211   19.9485
 212    1.6365
 213    1.2923
 214   33.6377
 215    6.602
 216  204.287
 217  167.336
 218  225.852
 219  361.688
 220  267.796
 221  165.695
 222  177.553
 223   68.2971
 224  159.585
 225   69.6933
 226   94.7371
 227  126.837
 228  106.243
 229  162.519
 230   85.4587
 231   59.1714
 232   11.6244
 233    1.692
 234   10.3274
 235   16.5571
 236   42.5709
 237   12.598
 238    3.5645
 239    0.2574
 242    0.4338
 244    0.9986
 246    0.0506
 254    0.918
 255    0.4314
 257    0.2962
 258    0.0644
 259    0.754
 260    0.0395
 261    0.7649
 266    1.6588
 267    1.1017
 268    0.6128
 270    0.5764
 272   20.1084
 273   16.8164
 274   80.41
 275   97.087
 276    8.1062
 277    1.5109
 278   23.9958
 279   14.3108
 280  100.238
 281   73.0903
 282   97.6345
 283  108.195
 284  219.827
 285  188.143
 286  122.366
 287   35.5871
 288  163.502
 289  215.224
 290  199.26
 291  155.349
 292  199.984
 293  264.034
 294  168.179
 295   92.9184
 296   11.93
 297   13.0246
 298    7.0141
 299   12.4645
 300   22.019
 301   14.3347
 302    1.2942
 304    1.0305
 305    1.427
 306    1.015
 312    0.9162
 313    0.8084
 314    0.951
 315    0.5701
 316    0.6112
 318    0.3663
 324    0.3205
 327    0.2985
 329    0.1213
 330    0.8655
 331    0.3205
 336    0.9139
 342    0.4045
 344    2.6834
 346    0.5152
 347    1.8596
 348    0.9405
 349    0.5082
 350    1.3499
 351    0.5271
 352   29.9698
 354   23.4484
 355    0.0303
 356    5.548
 358    0.8412
 360    0.0854
 361    0.178
 362    0.7269
 366    1.2027
 368    0.7124
 369    0.7025
 370    0.4831
 372    0.6578
 373    0.4721
 375    1.449
 383    0.5472
 385    0.2181
 386    1.4729
 389    0.8655
 394    0.9246
 402    0.4615
 403    0.2667
 405    1.35
 409    0.2911
 411    0.1962
 412    0.7717
 413    0.181
 414    1.7504
 416    0.2916
 417    0.148
 419    0.6045
 427    0.7902
 431    0.5472
 433    0.148
 434    0.838
 438    0.187
 443    0.9999
 453    0.1251
 457    0.2835
 465    0.675
 467    0.1298
 469    1.4255
 474    0.0293
 476    0.732
 480    0.0389
 482    0.7846
 485    0.4643
 496    0.229
 498    0.1126
 509    0.6269
