This file was gnenerated on 2021-06-22 18:24:55.182331 by Grant Finneman. This contains the extracted data from the Gate simulations
The edep for each bar was summed up and printed to this file. The only math operation done has been addition.

  id       edep
   0    1.10315
   1    1.30008
   2    0.68243
   3    1.14797
   4    1.69829
   5    0
   6    0
   7    0.62657
   8    1.16097
   9    1.39915
  10    1.48211
  11    0.48279
  12    2.5252
  13    1.58339
  14    0.98752
  15   15.9989
  16    0.93958
  17    2.34271
  18    1.18975
  19    2.17074
  20    1.64185
  21    0.36713
  22    0
  23    2.14134
  24    2.60442
  25    3.55682
  26    3.95106
  27    3.10667
  28   11.9763
  29   13.2336
  30    2.22272
  31    2.49638
  32    0.44467
  33    5.65024
  34    2.87454
  35    2.68385
  36    4.60923
  37    1.07672
  38    1.14935
  39    1.10305
  40   46.3009
  41   82.6421
  42   42.0885
  43   66.2599
  44   23.5049
  45   52.8619
  46   33.8975
  47    4.78766
  48    2.71887
  49    1.92765
  50    0.38206
  51    2.03282
  52    0.92837
  53   20.8137
  54    6.33038
  55    0.67095
  56    0.98162
  57    0.97303
  58    1.95174
  59    0.18162
  60    0.29167
  61    2.54193
  62    0
  63    1.4396
  64    0
  65    0.9158
  66    2.21259
  67   17.4943
  68    2.58646
  69    0.97312
  70    1.40357
  71    0.39515
  72    5.1947
  73    9.39929
  74   24.8946
  75   18.063
  76   19.0568
  77   20.9627
  78    3.18695
  79    0.51522
  80   50.0502
  81   89.8501
  82   89.8602
  83  103.752
  84  138.17
  85  169.118
  86   69.8068
  87   13.7844
  88  121.214
  89  153.689
  90  115.117
  91   97.9927
  92  123.423
  93  197.683
  94  123.374
  95   49.3627
  96  122.606
  97  196.713
  98  175.241
  99  250.609
 100  202.876
 101  194.302
 102  125.616
 103   82.913
 104  240.475
 105  323.721
 106  232.245
 107  316.321
 108  253.852
 109  275.945
 110  188.153
 111   99.6615
 112   38.7343
 113   51.7183
 114   47.1667
 115   16.3568
 116   54.4432
 117    5.46874
 118   10.7625
 119    2.16417
 120    0.18436
 121    0.81322
 122    0.8188
 123    1.33599
 124    1.52782
 125    0
 126    1.16693
 127    0.331
 128   52.6128
 129   36.6252
 130    4.41537
 131   33.2865
 132    7.14534
 133    9.37404
 134   19.0676
 135    0.82701
 136  204.672
 137  249.171
 138  229.396
 139  232.158
 140  286.77
 141  358.022
 142  216.981
 143  103.976
 144  256.322
 145  366.868
 146  229.6
 147  360.425
 148  349.896
 149  418.788
 150  258.467
 151  100.92
 152  158.341
 153  205.918
 154  297.878
 155  390.331
 156  235.421
 157  462.026
 158  260.448
 159   94.102
 160  400.926
 161  374.779
 162  402.635
 163  422.582
 164  328.704
 165  357.125
 166  270.098
 167  187.584
 168  340.193
 169  427.163
 170  447.252
 171  319.674
 172  376.482
 173  297.344
 174  178.355
 175  138.166
 176  133.534
 177   54.5938
 178   82.2277
 179   55.1109
 180   77.4698
 181   75.8134
 182   46.8902
 183   36.7187
 184    1.70553
 185    3.273
 186    0.47931
 187    2.48446
 188    2.36632
 189    3.03663
 190    1.74695
 191    0.33108
 192   55.9907
 193    7.29447
 194    1.8988
 195    5.57399
 196    0.98732
 197    9.99836
 198    1.8042
 199   30.2717
 200  380.699
 201  291.512
 202  233.556
 203  319.642
 204  264.421
 205  223.745
 206  112.125
 207   74.8643
 208  360.824
 209  421.662
 210  372.073
 211  355.126
 212  365.571
 213  369.731
 214  176.642
 215   75.7276
 216  397.68
 217  305.088
 218  315.902
 219  328.792
 220  366.567
 221  421.031
 222  368.704
 223  107.307
 224  290.604
 225  298.561
 226  288.853
 227  395.469
 228  423.932
 229  401.072
 230  202.498
 231  135.847
 232  324.324
 233  283.115
 234  336.397
 235  290.776
 236  331.802
 237  418.695
 238  296.552
 239  120.887
 240   93.3665
 241  123.679
 242  147.669
 243   91.3863
 244  108.838
 245  210.968
 246  106.528
 247   30.5327
 248    1.73706
 249    2.02679
 250   22.6579
 251   17.5085
 252    2.85299
 253    1.95995
 254    5.08278
 255    6.54998
 256    4.37722
 257    2.4164
 258   15.2748
 259    4.08711
 260    1.70538
 261    2.80329
 262    1.98899
 263    3.92979
 264  122.246
 265  121.625
 266  184.894
 267  128.438
 268  223.319
 269  130.49
 270   98.4119
 271   53.3944
 272  238.053
 273  242.319
 274  249.863
 275  280.365
 276  262.064
 277  304.85
 278  198.288
 279   92.6465
 280  380.473
 281  329.543
 282  254.623
 283  262.826
 284  287.626
 285  351.222
 286  254.525
 287  129.655
 288  322.541
 289  353.476
 290  508.618
 291  439.618
 292  413.331
 293  331.16
 294  265.109
 295  201.916
 296  372.892
 297  270.81
 298  328.299
 299  315.865
 300  270.233
 301  286.713
 302  292.157
 303  110.767
 304  222.777
 305  231.632
 306  215.245
 307  200.659
 308  217.979
 309  138.388
 310  155.14
 311  104.165
 312    6.31359
 313    5.02066
 314    1.39594
 315   22.297
 316    2.58742
 317   12.866
 318   23.6528
 319    7.21696
 320    0.95105
 321    1.47224
 322    2.15315
 323    1.56969
 324    0.52388
 325    1.44855
 326    0.99109
 327    1.95193
 328   31.0717
 329   90.9373
 330   79.0616
 331   62.9732
 332   62.0441
 333   60.3511
 334   57.0188
 335    6.52049
 336  285.75
 337  209.606
 338  299.496
 339  403.54
 340  510.472
 341  455.196
 342  369.829
 343  150.652
 344  431.054
 345  466.98
 346  310.538
 347  361.548
 348  414.934
 349  335.434
 350  266.665
 351  159.022
 352  274.353
 353  401.581
 354  533.048
 355  387.147
 356  296.386
 357  263.138
 358  211.462
 359  105.685
 360  263.755
 361  370.001
 362  382.618
 363  326.45
 364  280.169
 365  231.198
 366  237.664
 367  154.912
 368  186.07
 369  278.357
 370  230.519
 371  190.715
 372  215.192
 373  294.778
 374  274.009
 375   89.4018
 376    2.66905
 377    1.11206
 378   26.8561
 379    2.88276
 380    2.07451
 381   15.4533
 382   10.8774
 383    2.84866
 384    2.24106
 385    1.65505
 386    0.07441
 387    1.80986
 388    1.25517
 389    2.50196
 390    9.10019
 391    6.08739
 392   19.6394
 393   42.6163
 394   29.0894
 395   44.7022
 396   44.3847
 397    9.03329
 398   31.6049
 399    7.25048
 400  316.986
 401  307.782
 402  194.863
 403  235.539
 404  262.79
 405  215.834
 406  188.25
 407   72.2256
 408  263.053
 409  362.706
 410  314.327
 411  266.966
 412  227.558
 413  230.374
 414  149.689
 415  104.706
 416  145.404
 417  150.783
 418  302.103
 419  299.163
 420  218.26
 421  156.364
 422  100.556
 423   43.0663
 424   44.028
 425   53.3169
 426   73.723
 427  108.2
 428  135.095
 429  113.168
 430   80.259
 431   45.922
 432   17.5196
 433   47.5356
 434   24.8013
 435   32.9167
 436   12.8995
 437    9.14136
 438   22.5361
 439    2.46972
 440    1.17759
 441    2.49238
 442   14.237
 443    1.76214
 444    1.46175
 445    0.66339
 446    0.84361
 447    1.85532
 448    0.06001
 449    2.76596
 450    1.90589
 451    0.34778
 452    2.15917
 453    1.265
 454    0.14073
 455    0.59886
 456    0.66069
 457    3.17835
 458    2.19987
 459    1.83393
 460    2.52571
 461    2.51692
 462   11.5634
 463    0.9211
 464   27.1484
 465   30.072
 466   32.6493
 467   52.9686
 468   26.1368
 469   26.7043
 470   27.103
 471    1.1989
 472    2.46291
 473    2.09209
 474    1.79413
 475    3.82747
 476   30.3203
 477   17.5015
 478    1.27735
 479   19.3682
 480    4.92415
 481    5.07265
 482    3.31391
 483    7.14707
 484   12.6803
 485    2.76194
 486    1.48661
 487    2.73431
 488    2.10042
 489    0
 490    0.94757
 491    3.64207
 492    2.62691
 493   20.0944
 494    7.02113
 495    4.66208
 496    0.22675
 497    1.75052
 498    2.20483
 499    1.79817
 500    1.57614
 501    2.20085
 502    0.4383
 503    0.66573
 504    2.56341
 505    1.69259
 506    2.42117
 507    1.36556
 508    1.78608
 509    0
 510    0
 511    0.43095
