This file was gnenerated on 2021-06-22 18:20:25.295548 by Grant Finneman. This contains the extracted data from the Gate simulations
The edep for each bar was summed up and printed to this file. The only math operation done has been addition.

  id        edep
   0     2.10643
   1     1.42901
   2     1.17489
   3     1.16484
   4     1.43773
   5     1.16864
   6     0
   7     0.35271
   8     1.71108
   9     2.11179
  10     3.73125
  11     1.12447
  12     1.03071
  13     2.04414
  14     0.51847
  15     0.78175
  16     2.01667
  17     3.26732
  18     2.98406
  19     2.10677
  20     1.3481
  21     2.48643
  22     9.6882
  23     3.00007
  24     2.1077
  25     1.359
  26     1.30949
  27     2.44718
  28     2.94427
  29     1.35045
  30    12.1376
  31    20.3332
  32     0.6455
  33     2.09547
  34     1.76228
  35     1.19953
  36     1.30671
  37     4.8254
  38     2.82119
  39     1.99428
  40     0.45756
  41     1.0144
  42     1.69176
  43     1.80126
  44     2.98019
  45     1.88726
  46     0.97251
  47     2.91904
  48     0.64602
  49     0.85116
  50     0.72793
  51     0.64948
  52     0
  53     0.02475
  54     1.63049
  55     2.49162
  56     0
  57     0.3224
  58     0
  59     0.85339
  60     0
  61     0.132
  62     0
  63     0.46263
  64     2.90769
  65     1.98177
  66     1.3316
  67     0.19084
  68     0.53833
  69     0.72913
  70     0.67003
  71    22.5266
  72     1.83844
  73     2.95087
  74     1.79506
  75     1.28779
  76     3.52302
  77     4.33643
  78     2.58495
  79     0
  80    24.4117
  81    17.4171
  82     2.21961
  83    25.5757
  84     3.51281
  85    29.4639
  86    14.1583
  87    26.0384
  88   120.452
  89   140.426
  90   151.423
  91   114.638
  92   114.13
  93   106.842
  94    55.3142
  95    21.0928
  96     4.24134
  97    29.8463
  98     2.53261
  99    41.0806
 100    52.5516
 101     1.53943
 102     2.44559
 103     2.19559
 104     2.14771
 105     4.30241
 106     4.3099
 107     2.52686
 108     3.07244
 109     3.43129
 110     1.40287
 111     3.56478
 112     0.17076
 113     0.31408
 114     3.79925
 115     0.83059
 116     4.40588
 117     0.27195
 118     2.78907
 119     1.54837
 120     0.3781
 121     0.00425
 122     0
 123     0.88623
 124     1.35631
 125     1.29904
 126     0.26496
 127    13.3869
 128     2.07834
 129     1.28405
 130     0.66657
 131     0.52478
 132     3.29673
 133     1.56917
 134     2.84671
 135     0.30566
 136     2.71724
 137     6.16917
 138    17.7348
 139     6.70955
 140     3.62679
 141    16.6058
 142    10.5592
 143     8.81403
 144   390.914
 145   487.044
 146   480.409
 147   436.757
 148   362.885
 149   409.048
 150   294.342
 151   153.523
 152   943.036
 153  1069.51
 154  1296.48
 155  1155.48
 156  1028.11
 157  1059.61
 158   782.236
 159   321.238
 160   300.589
 161   168.022
 162   218.418
 163   211.241
 164   180.645
 165   281.461
 166   238.698
 167   110.077
 168     2.7175
 169     3.79223
 170     4.53872
 171     4.7938
 172     8.60768
 173     2.71797
 174     2.35147
 175    17.4857
 176     3.31903
 177     1.04345
 178     4.40344
 179     1.9441
 180     5.14872
 181     3.45584
 182     1.19673
 183     0.10077
 184     5.02293
 185     3.36242
 186     0.60746
 187     3.39421
 188     1.29297
 189     0.67251
 190     0
 191    11.3292
 192     4.98839
 193     0.55903
 194     0.34743
 195     0.42314
 196     3.44875
 197     0
 198     2.40994
 199     0.64238
 200     3.13262
 201     2.40944
 202     5.27532
 203     0.88882
 204     5.41187
 205     6.11626
 206    12.1771
 207    22.8708
 208   308.46
 209   295.923
 210   297.524
 211   296.841
 212   365.391
 213   384.64
 214   227.162
 215    82.7316
 216  1191.59
 217  1327.19
 218  1237.5
 219  1279.31
 220  1292.84
 221  1293.74
 222   994.325
 223   453.374
 224   583.276
 225   850.513
 226   832.794
 227   837.706
 228   723.614
 229   641.428
 230   630.375
 231   294.318
 232    41.9612
 233    76.2727
 234   127.211
 235    49.6152
 236    39.6451
 237     7.52122
 238    68.1781
 239    13.6524
 240     4.71284
 241     3.69093
 242     2.45141
 243     0.90704
 244     3.78723
 245     1.55017
 246     2.72677
 247     6.4516
 248     4.64159
 249     0.4733
 250     2.28735
 251     0
 252     3.76694
 253     0
 254     3.06
 255     7.52056
 256     4.88665
 257     2.76893
 258     0
 259     0.22324
 260     2.44026
 261     0.97813
 262     2.20388
 263     3.79243
 264     1.64299
 265     5.59568
 266     1.24849
 267     3.78793
 268     3.34304
 269     2.93754
 270     2.95526
 271     3.86148
 272    27.3966
 273     6.16469
 274    55.612
 275    14.9902
 276    65.9347
 277    49.742
 278    15.0389
 279     9.03665
 280   683.332
 281   857.443
 282   740.05
 283   646.337
 284   866.568
 285   656.135
 286   506.722
 287   233.574
 288   995.324
 289  1248.11
 290  1182.23
 291  1406.7
 292  1347.92
 293  1375.6
 294   846.07
 295   403.68
 296   323.648
 297   263.607
 298   386.321
 299   418.158
 300   340.351
 301   414.472
 302   273.298
 303   148.066
 304     3.43255
 305     6.03678
 306     3.39797
 307     3.22219
 308     2.82313
 309     3.13268
 310     4.14153
 311     1.63534
 312     1.57742
 313     2.58526
 314     5.00317
 315     1.20907
 316     0.21483
 317     0.90831
 318     0.97489
 319    10.3757
 320     2.11415
 321     3.4662
 322     1.06363
 323     0.53257
 324     1.59021
 325     2.67368
 326     1.12074
 327    33.1024
 328     0.56479
 329     3.07899
 330     1.56985
 331     2.02642
 332     2.0825
 333     2.96036
 334     1.92996
 335    31.2011
 336     3.19635
 337     5.15586
 338     2.77625
 339     5.79662
 340     8.99995
 341    10.6808
 342     5.59095
 343     1.6054
 344   234.756
 345   236.454
 346   180.14
 347   190.691
 348   257.341
 349   170.882
 350   153.777
 351    61.2618
 352  1094.26
 353   952.649
 354   958.333
 355  1208.09
 356  1077.47
 357  1073.96
 358   899.904
 359   524.509
 360   330.007
 361   528.18
 362   539.664
 363   405.41
 364   434.969
 365   448.391
 366   446.667
 367   184.707
 368     0.61568
 369     3.46043
 370     5.99096
 371     4.81867
 372    24.771
 373     3.95343
 374     7.75636
 375     2.03145
 376     2.38433
 377     1.58089
 378     3.82624
 379     0.69898
 380     2.46673
 381     1.86339
 382     1.47228
 383    20.2195
 384     2.48495
 385     1.1877
 386     0.53106
 387     1.31388
 388     0.97318
 389     0.5758
 390     1.23169
 391     1.30429
 392     2.55815
 393     1.07465
 394     4.23939
 395     2.21854
 396     1.3501
 397     1.26463
 398     0
 399     0
 400     6.22749
 401     4.21793
 402     1.6481
 403     4.2705
 404     2.90449
 405     2.58787
 406     3.8903
 407     0.78425
 408    29.0677
 409    56.1138
 410    29.937
 411    22.6566
 412    45.6421
 413    13.7604
 414     4.01792
 415    20.8105
 416    52.4193
 417    92.8736
 418   126.545
 419   103.18
 420    78.114
 421    68.9024
 422    39.8014
 423     2.90673
 424    12.423
 425     4.25912
 426    46.8465
 427    38.4469
 428    30.0526
 429    24.5438
 430    22.1881
 431    17.5183
 432     0.96635
 433     2.95448
 434     1.99351
 435     4.03988
 436     1.32976
 437     1.02787
 438     1.91629
 439     2.24155
 440     8.42978
 441     2.32022
 442     2.81314
 443     0.90216
 444     3.07578
 445     2.09768
 446     0.83689
 447     0
 448     0.88271
 449     0.12939
 450     0.45146
 451     0.73564
 452     0
 453     1.18943
 454     0.59079
 455    10.4226
 456     2.85787
 457     0.8576
 458     0.65439
 459     1.59403
 460     0.52038
 461     0.61397
 462     0.80232
 463     0.41259
 464     0.68981
 465     1.64178
 466     2.02252
 467     4.00653
 468     3.18277
 469     1.38073
 470     2.71191
 471     1.10574
 472     0.66528
 473     2.29106
 474     1.68719
 475     0.62675
 476     3.03963
 477     2.05958
 478     0.96936
 479     2.57515
 480     1.9821
 481     0.6836
 482     3.15437
 483     1.70303
 484     1.5322
 485     1.06971
 486     1.11302
 487     7.06682
 488     1.36985
 489     1.19874
 490     0.89051
 491     0.37275
 492     2.75288
 493     1.40418
 494     1.72806
 495    23.8926
 496     1.16863
 497     0.95915
 498     1.68761
 499     1.21172
 500     0.92123
 501     0.73011
 502     0.71655
 503     1.05389
 504     0.78948
 505     1.20288
 506     0.3588
 507     1.61275
 508     0.55923
 509     0
 510     1.42918
 511     3.61578
