This file was gnenerated on 2021-06-21 16:41:49.229343 by Grant Finneman. This contains the extracted data from the Gate simulations
The edep for each bar was summed up and printed to this file. The only math operation done has been addition.

  id           edep
   0    0
   1    0
   2    0
   3    0
   4    0
   5    0
   6    0
   7    0
   8    0
   9    0
  10    0
  11    0
  12    0
  13    1.667
  14    0
  15    0
  16    0
  17    0
  18    0
  19    0
  20    0
  21    0
  22    1.0074
  23    0.837
  24    0
  25    0
  26    0
  27    0.6575
  28    0
  29    0
  30    0
  31    0
  32    0
  33    0.0658
  34    0
  35    0
  36    0.2461
  37    0
  38    0
  39    0
  40    0
  41    0
  42    0
  43    0
  44    1.6592
  45    0
  46    0
  47    0
  48    0.8528
  49    0
  50    0.6843
  51    0
  52    0
  53    0
  54    0
  55    0
  56    0
  57    0.0838
  58    0
  59    0
  60    0
  61    0.6013
  62    0
  63    1.7151
  64    0
  65    0
  66    0
  67    0.4044
  68    0
  69    0
  70    0
  71    0
  72    1.5931
  73    0
  74    0
  75    0
  76    0.5804
  77    0
  78    0
  79    0
  80    0
  81    0
  82    0.6907
  83    0.2438
  84    0
  85    0.4251
  86    0
  87    0
  88    0.6659
  89    0.2485
  90    0.5185
  91    1.9063
  92    0
  93    0.9468
  94    0.1704
  95   18.8108
  96    0.5479
  97    0
  98    1.2728
  99    0
 100    0.5538
 101    0.7797
 102    0
 103   17.8828
 104    0
 105    0
 106    0.6013
 107    0
 108    0.6575
 109    0
 110    0
 111    0
 112    0
 113    0.0023
 114    0.6182
 115    0.3946
 116    0
 117    0
 118    0
 119    0
 120    0
 121    0
 122    0.9433
 123    0
 124    0
 125    0
 126    0.5629
 127    0
 128    0
 129    0
 130    0.2022
 131    0
 132    0
 133    0
 134    0
 135    0.8166
 136    0.4483
 137    1.2512
 138    0.2022
 139    0
 140    1.6217
 141    0
 142    0
 143    0.4672
 144    0
 145    0.7967
 146    0
 147    1.107
 148    0
 149    0.4251
 150    0
 151    0
 152   44.2827
 153   14.446
 154   14.3519
 155    2.3704
 156   57.1041
 157   27.3536
 158    0
 159    0.2229
 160   47.3542
 161    3.462
 162    2.1805
 163    1.3986
 164    0.3867
 165    0.1501
 166    2.3987
 167    1.5159
 168    0.1944
 169    0.9097
 170    0.4101
 171    0.1736
 172    0
 173    1.0235
 174    0
 175    0
 176    0
 177    0.952
 178    1.6466
 179    0
 180    0
 181    0.4541
 182    0.7542
 183    0
 184    0
 185    0
 186    0
 187    0
 188    0
 189    0
 190    0
 191    0.0364
 192    0.2168
 193    0
 194    0
 195    0.1919
 196    0
 197    0
 198    0
 199    0
 200    0
 201    0
 202    0
 203    0
 204    0
 205    0
 206    0
 207    0
 208   20.0205
 209   20.9746
 210    0
 211    0
 212    4.3309
 213    2.0295
 214    1.4369
 215    1.3663
 216  330.113
 217  316.262
 218  220.148
 219  274.247
 220  275.343
 221  236.186
 222  232.416
 223  114.228
 224   94.1165
 225  159.624
 226  109.767
 227  108.724
 228  107.702
 229   68.1504
 230   99.7503
 231   28.8502
 232    0.4483
 233    0.0599
 234    1.7428
 235    0.3905
 236    0.6371
 237    0.7356
 238    0.0756
 239    1.3552
 240    0
 241    0.4848
 242    0
 243    0.337
 244    0
 245    0.704
 246    0.1463
 247    0
 248    0
 249    0
 250    0
 251    0
 252    0.1576
 253    0
 254    0
 255    0
 256    0.6538
 257    0.51
 258    0
 259    0
 260    0
 261    0
 262    0
 263    0
 264    0
 265    0.51
 266    0.1166
 267    0
 268    0
 269    0
 270    0
 271    0.2883
 272    0.6401
 273    0.1166
 274    0.5527
 275    0
 276    2.4469
 277    1.4441
 278    0
 279    0.1844
 280  162.448
 281  133.805
 282  191.543
 283  173.105
 284  123.422
 285  169.755
 286   94.6978
 287   45.4024
 288  271.657
 289  230.283
 290  213.773
 291  239.259
 292  252.241
 293  200.839
 294  154.767
 295  101.624
 296    1.9461
 297    0
 298    0
 299    0.7952
 300    0.3957
 301    0.0756
 302    0.9068
 303    0
 304    0
 305    0
 306    0
 307    0.5548
 308    0.2454
 309    0.2189
 310    0.864
 311    0.2303
 312    0.617
 313    0
 314    0
 315    1.2598
 316    0
 317    0
 318    1.4184
 319    0
 320    0
 321    0
 322    0
 323    0
 324    0
 325    0.7488
 326    0
 327    0.1182
 328    0
 329    0.3775
 330    0
 331    0
 332    0.685
 333    0
 334    0
 335    0
 336    1.2612
 337    0.1525
 338    1.9842
 339    0
 340    1.4581
 341    0
 342    0
 343    0
 344   40.0827
 345   25.708
 346   20.1102
 347    7.9368
 348    3.9684
 349    1.4598
 350   10.9268
 351   25.3001
 352   15.5989
 353   43.7003
 354   29.5389
 355   15.1906
 356    1.9621
 357   41.2692
 358   11.0413
 359   14.9042
 360    0
 361    0.6795
 362    0.5998
 363    1.7259
 364    0.000700001
 365    0.5857
 366    0.9836
 367   22.6563
 368    1.0359
 369    0.8488
 370    0
 371    0
 372    0
 373    0.285
 374    0
 375    0.2972
 376    0.0359
 377    0
 378    0
 379    0
 380    0
 381    0
 382    0
 383    0
 384    0
 385    0
 386    0
 387    0
 388    0
 389    0
 390    0
 391    0
 392    0.583
 393    0
 394    0
 395    0
 396    0.7276
 397    0.242
 398    0
 399    0
 400    0
 401    0.4999
 402    0
 403    0.944
 404    0
 405    0
 406    0.1632
 407    0
 408    0
 409    0
 410    0.0732
 411    0
 412    0.5827
 413    0
 414    0
 415    0
 416    0.9532
 417    0
 418    0
 419    0
 420    0.2972
 421    1.5374
 422    0.3479
 423    0
 424    0
 425    1.2034
 426    0.8543
 427    0.2372
 428    0
 429    0.7581
 430    0
 431    0
 432    0
 433    0
 434    0
 435    0.1447
 436    0
 437    0
 438    0
 439    0
 440    0
 441    0
 442    0.1716
 443    0.5239
 444    0
 445    0
 446    0.2372
 447    0
 448    0
 449    0
 450    0
 451    0
 452    0
 453    0
 454    0
 455    0
 456    0.9135
 457    0
 458    0
 459    0
 460    0
 461    0
 462    0
 463    0
 464    0
 465    0
 466    1.4268
 467    0
 468    0
 469    0
 470    0
 471    0
 472    0
 473    0
 474    0.987
 475    0
 476    0.5851
 477    0
 478    0
 479    0
 480    0.2999
 481    0
 482    0
 483    0
 484    0.2726
 485    0
 486    0.4217
 487    0.7786
 488    1.9304
 489    0.6658
 490    0
 491    0.9976
 492    0
 493    0
 494    0
 495    0
 496    0
 497    0
 498    0
 499    0
 500    0
 501    0
 502    0
 503    0.0127
 504    0
 505    0
 506    0
 507    0
 508    0
 509    0
 510    0
 511    0
