This file was gnenerated on 2021-06-17 21:17:07.801682 by Grant Finneman. This contains the extracted data from the Gate simulations
The edep for each bar was summed up and printed to this file. The only math operation done has been addition.

  id      edep
   9    0.1589
  10    0.3253
  11    0.8391
  12    0.1589
  18    0.7773
  19    0.7773
  20    0.7394
  23    0.8116
  27    0.5124
  36    0.5811
  39    0.0893
  41    0.1454
  43    0.3078
  44    0.3078
  48    0.1151
  52    0.5046
  58    0.1265
  59    0.087
  68    0.2449
  74    0.4567
  76    0.4975
  78    0.3332
  83    0.509
  84    0.732
  89    1.6438
  90    0.3351
  91    0.2993
  92    0.8116
  94    0.106
  96    0.0036
  98    2.027
  99    0.2285
 104    0.7905
 105    1.3198
 108    0.9605
 109    0.106
 114    0.9089
 117    0.7058
 122    0.0104
 123    0.6606
 125    0.7796
 129    0.8151
 132    1.172
 137    0.834
 140    0.5569
 142    0.4807
 144    1.0274
 146    1.275
 147    0.4249
 148   22.0298
 149    2.2389
 151    0.25
 152   83.2751
 153   13.3261
 154   25.6814
 155   28.521
 156   59.8789
 157   29.7862
 158   24.685
 159   13.7656
 160   62.0635
 161   69.5003
 162   37.3965
 163   17.4723
 164   24.7558
 165   20.5842
 166    4.7702
 167    5.8935
 168   11.264
 169   44.8294
 171   24.8637
 172    6.4414
 173    0.8411
 174    0.7369
 176    1.1348
 193    0.7367
 195    0.2745
 201    0.4259
 202    1.1364
 204    0.425
 206    0.806
 208   24.5468
 209   13.7352
 210   26.462
 211    9.7671
 212   10.6286
 213   24.691
 214    1.2396
 216  152.347
 217  181.901
 218  141.965
 219  161.443
 220  197.218
 221  156.542
 222  131.123
 223   76.5233
 224  162.203
 225  167.658
 226  132.309
 227  133.005
 228   70.3062
 229  121.584
 230  102.913
 231   82.1523
 232   42.5793
 233    4.194
 234    0.1667
 236   19.0088
 237    1.4049
 238   22.7062
 239    0.6248
 240    0.099
 241    1.3216
 242    0.2214
 243    0.9518
 245    0.2514
 249    0.9641
 254    0.0873
 259    0.8512
 261    0.9543
 265    0.4741
 267    0.7666
 271    0.9202
 272   29.4564
 273   24.4358
 274   27.3378
 275   69.4309
 276   53.7907
 277   12.1057
 278   24.1469
 279    0.8232
 280  234.91
 281  190.574
 282  226.322
 283  180.732
 284  200.512
 285  217.902
 286  192.788
 287   62.0235
 288  139.74
 289  149.877
 290  161.162
 291  155.145
 292   86.5956
 293  119.86
 294   70.5732
 295   40.0101
 296   45.4901
 297   10.1147
 298    0.2514
 299    5.1104
 300   28.6079
 301    9.6146
 302   23.0935
 303   31.62
 305    0.6436
 306    0.7497
 307    0.7696
 308    0.4244
 311    0.7796
 314    0.2268
 316    0.7973
 317    0.7973
 321    0.7407
 323    1.9451
 325    0.9321
 330    0.3065
 334    0.5889
 336    7.2938
 337    0.8982
 338    0.6396
 339   15.608
 340   20.7533
 341    1.0297
 342   19.0742
 343   14.913
 344   51.4676
 345   80.9059
 346  101.032
 347   89.5287
 348   41.4029
 349   32.8931
 350   17.4601
 351    8.9989
 352   61.7304
 353   73.1942
 354   90.3242
 355   29.2338
 356   17.5007
 357   32.7784
 358   45.1576
 359    7.0326
 362    0.8028
 363    1.344
 364    3.0141
 368    0.0844
 369    0.7176
 371    0.6018
 376    0.2993
 380    0.9308
 388    0.9543
 390    1.361
 391    0.4841
 393    2.7205
 394    0.7184
 395    0.5889
 399    0.3225
 403    0.3317
 404    0.5281
 405    0.302
 406    0.4022
 408    1.3444
 409    0.3759
 411    0.2474
 418    0.8759
 420    4.0332
 424    0.9739
 425    0.4092
 429    0.7197
 434    0.6177
 435    0.2783
 436    0.9074
 439    0.1518
 440    0.552
 447    0.5986
 448    0.6193
 461    1.022
 462    0.3412
 466    0.3727
 468    0.4281
 470    0.5555
 473    0.3697
 475    0.2253
 476    0.6177
 479    0.4992
 480    0.3697
 482    0.8617
 496    0.6134
 500    0.2696
 508    0.0319
