This file was gnenerated on 2021-06-22 18:16:35.569779 by Grant Finneman. This contains the extracted data from the Gate simulations
The edep for each bar was summed up and printed to this file. The only math operation done has been addition.

  id        edep
   0     3.44382
   1     0.92795
   2     0
   3     2.42422
   4     2.51666
   5     3.17516
   6     0.90989
   7     2.42863
   8     0.81574
   9     0.88443
  10     1.54111
  11     2.29153
  12     0.20095
  13     1.52172
  14     0
  15     4.35823
  16     1.22672
  17     1.25188
  18     4.07227
  19     0
  20     0.54429
  21     1.14521
  22     1.87504
  23     5.6598
  24     2.70922
  25     2.30913
  26     0.73621
  27     2.39137
  28     2.08242
  29     2.68873
  30     2.01504
  31     2.13941
  32     0.66916
  33     2.74048
  34     2.40679
  35     2.03162
  36     4.08979
  37     2.96737
  38     0
  39     2.91479
  40     2.80098
  41     3.75349
  42     1.86072
  43     5.23397
  44     1.266
  45     0.07335
  46     2.9074
  47     1.06154
  48     1.47244
  49     1.84596
  50     0.56269
  51     0
  52     2.19403
  53     0.20607
  54     0.04788
  55     0.07021
  56     8.66352
  57     0.06553
  58     0.44258
  59     0
  60     0
  61     1.48657
  62     0
  63     1.7893
  64     1.91361
  65     0.11743
  66     2.29831
  67     0.53066
  68     0.45891
  69     0.6516
  70     1.87682
  71    27.6718
  72     0
  73     1.05948
  74     2.05526
  75     1.84054
  76     0.66737
  77     2.21156
  78     1.06572
  79     3.29495
  80     1.25083
  81     1.98337
  82     4.21664
  83     2.71229
  84     4.14975
  85     4.74865
  86     1.80068
  87     1.18565
  88     2.54799
  89     6.45193
  90     6.3786
  91    25.9544
  92     4.55979
  93    26.2709
  94     2.96815
  95     6.40451
  96     5.48791
  97    19.6885
  98    10.7716
  99     6.4978
 100    16.6352
 101    18.9153
 102    20.9906
 103    21.0388
 104     1.83772
 105     2.77513
 106     3.384
 107     2.65886
 108     3.47117
 109     1.5462
 110    18.5061
 111    27.5308
 112     5.20956
 113     1.66732
 114     0.8037
 115     2.64109
 116     1.07229
 117     0.18341
 118     4.91392
 119     0
 120     2.36527
 121     0.99705
 122     0.91008
 123     0.52488
 124     1.43345
 125     1.06295
 126     1.24986
 127     0
 128     0.48928
 129     2.4099
 130     1.47858
 131     1.21358
 132     1.69116
 133     0.17046
 134    14.5584
 135     6.30345
 136     0
 137     2.74547
 138     2.15161
 139     2.7306
 140     2.20892
 141     3.72901
 142     0.94261
 143     5.83641
 144     6.16525
 145     9.17867
 146    24.343
 147    21.3858
 148     6.68389
 149    48.9533
 150    19.1138
 151    45.1297
 152   571.738
 153   771.135
 154   595.994
 155   659.62
 156   702.964
 157   732.963
 158   393.012
 159   208.77
 160   702.363
 161   800.775
 162   826.594
 163   680.239
 164   824.983
 165   673.862
 166   394.118
 167   210.97
 168     5.46975
 169     6.58572
 170     4.76615
 171    14.8535
 172    15.7904
 173    10.4314
 174     4.51413
 175     7.20391
 176     4.75833
 177     3.05152
 178     1.37033
 179     3.04383
 180     3.15483
 181     2.8582
 182     0.54473
 183     0.72639
 184     3.82707
 185     1.22965
 186     1.79489
 187     1.78908
 188     0.83787
 189     1.24029
 190     0.09803
 191    11.0468
 192     2.62866
 193     2.97306
 194     3.18843
 195     0.08195
 196     0.79582
 197     3.59369
 198     0
 199     0.98263
 200     1.8035
 201     3.40571
 202     5.8994
 203     0.55305
 204     0.9138
 205     1.59563
 206     0.95952
 207     3.16673
 208    12.6699
 209    32.0946
 210    27.4384
 211     6.70234
 212     3.64827
 213    25.4804
 214    37.8984
 215    34.5906
 216  1276.75
 217  1268.95
 218  1250.52
 219  1414.87
 220  1358.97
 221  1380.87
 222  1007.98
 223   554.842
 224  1329.7
 225  1326.78
 226  1354.12
 227  1435.38
 228  1559.69
 229  1276.76
 230  1047
 231   590.494
 232    10.1096
 233    25.741
 234    27.244
 235    18.3433
 236    10.7945
 237     9.15336
 238     6.49366
 239    12.7309
 240     4.95668
 241     5.21353
 242     4.35922
 243     5.70298
 244     1.23199
 245     4.76362
 246     4.44103
 247     4.91707
 248     3.04325
 249     1.46023
 250     2.87367
 251     4.72862
 252     0.44287
 253     1.38622
 254     0.61014
 255    16.4285
 256     2.60475
 257     2.7072
 258     0
 259     2.05698
 260     1.19354
 261     6.36
 262     2.0266
 263     0.65685
 264     5.7629
 265     3.84615
 266     2.78593
 267     2.306
 268     2.64156
 269     4.08621
 270     3.44793
 271     3.22205
 272     6.51323
 273    31.8464
 274    20.4859
 275    22.9451
 276    28.6394
 277     6.30176
 278     8.21447
 279    21.8258
 280  1440.05
 281  1423.54
 282  1339.54
 283  1376.87
 284  1534.5
 285  1507.62
 286  1073.13
 287   528.64
 288  1249.66
 289  1416.55
 290  1272.23
 291  1388.21
 292  1517.6
 293  1456.66
 294  1119.1
 295   422.283
 296    16.4517
 297    13.3224
 298    33.2361
 299    26.6041
 300    40.2008
 301     5.68287
 302     6.44269
 303     5.98294
 304     4.12561
 305     4.68228
 306     3.59921
 307     4.56497
 308     2.62351
 309     3.40036
 310     2.73478
 311     2.35207
 312     3.31366
 313     2.59349
 314     2.40665
 315     1.71203
 316     3.39128
 317     2.12934
 318     1.36458
 319     3.4825
 320     3.11884
 321     2.83238
 322     4.6253
 323     0.89411
 324     0.87929
 325     2.28151
 326     0.68658
 327     0
 328     3.45773
 329     0.08955
 330     1.14195
 331     0.67971
 332     3.38812
 333     1.20485
 334     2.38528
 335     1.0666
 336     5.05626
 337     3.37729
 338     4.54639
 339     7.669
 340     7.79596
 341     6.76464
 342     4.63248
 343    10.4722
 344   651.551
 345   728.605
 346   600.512
 347   606.234
 348   695.728
 349   545.678
 350   572.158
 351   386.409
 352   573.811
 353   998.097
 354   771.928
 355   723.809
 356   699.199
 357   647.306
 358   529.526
 359   249.609
 360     5.94844
 361     4.45677
 362    30.5011
 363    10.2794
 364    10.0162
 365    15.5401
 366     1.56863
 367     3.08517
 368     2.45612
 369     2.71517
 370     6.54656
 371     2.02031
 372     5.17723
 373     1.36519
 374     3.33785
 375     2.09556
 376     1.04205
 377     0.51544
 378     2.97689
 379     0
 380     0.77836
 381     2.24064
 382     1.95638
 383     3.20873
 384     0.38955
 385     2.08015
 386     1.67152
 387     3.00837
 388     0.54829
 389     0.22761
 390     1.72811
 391     1.35195
 392     3.35328
 393     2.87837
 394     3.23291
 395     1.55754
 396     6.3608
 397     0.88082
 398     1.0652
 399     1.54532
 400     1.81548
 401     4.31758
 402     1.25418
 403     5.54981
 404     3.48837
 405     2.7287
 406     4.34962
 407     1.77216
 408     3.43698
 409    22.7184
 410     0.90726
 411     9.30158
 412    33.6832
 413    14.5403
 414     5.92373
 415    34.573
 416    21.0147
 417    67.4011
 418    16.0886
 419    16.85
 420    37.1695
 421    27.6575
 422    30.669
 423    35.2587
 424     5.94739
 425     0.85267
 426     1.21799
 427     2.65055
 428     5.20254
 429     1.84592
 430    14.193
 431    26.8707
 432     2.75746
 433     1.10582
 434     1.06262
 435     2.55358
 436     2.57428
 437     0
 438     3.38298
 439     1.61897
 440     2.78408
 441     1.36479
 442     0.56054
 443     2.72285
 444     1.72179
 445     1.13162
 446     2.34962
 447     0.97171
 448     1.41278
 449     0
 450     1.40383
 451     0
 452     2.2474
 453     0
 454     0.17378
 455     0.34198
 456     2.42246
 457     0.52395
 458     0.81905
 459     0.79488
 460     0
 461     0.88206
 462     2.36899
 463     2.82176
 464     2.17905
 465     3.22906
 466     1.82686
 467     0.74839
 468     2.4829
 469     0.10962
 470     0.92968
 471     0.97521
 472     2.16898
 473     1.37858
 474     2.85629
 475     1.88002
 476     1.10743
 477     0
 478     1.21799
 479    14.2246
 480     1.99629
 481     0.36984
 482     2.45772
 483     0.17755
 484     0.50063
 485     2.38137
 486     7.16145
 487     2.85083
 488     2.70409
 489     3.75958
 490     0.94444
 491     0.94926
 492     3.5356
 493     1.57975
 494     1.18233
 495     1.81724
 496     0.90206
 497     0.8248
 498     1.43602
 499     1.2773
 500     0
 501     3.0393
 502     1.40217
 503     0.69589
 504     0.95749
 505     0.90259
 506     0.80662
 507     0.82563
 508     0.74056
 509     0.77995
 510     0.46075
 511     0
