This file was gnenerated on 2021-06-21 16:42:12.679644 by Grant Finneman. This contains the extracted data from the Gate simulations
The edep for each bar was summed up and printed to this file. The only math operation done has been addition.

  id      edep
   0    0
   1    0
   2    0
   3    0
   4    0
   5    0
   6    0
   7    0
   8    0
   9    0
  10    0
  11    0
  12    0
  13    0
  14    0
  15    0.7946
  16    0
  17    0
  18    0
  19    0
  20    0
  21    0.3086
  22    0
  23    0.7658
  24    0
  25    0
  26    0
  27    0
  28    0
  29    0
  30    0
  31    0.7658
  32    0
  33    0
  34    0
  35    0.8816
  36    0.8623
  37    1.3099
  38    0
  39    0
  40    0.5799
  41    0
  42    0
  43    0
  44    0
  45    0.604
  46    0
  47    0
  48    0.3668
  49    0
  50    0
  51    0
  52    0
  53    0
  54    0
  55    0
  56    0
  57    0
  58    0
  59    0.3668
  60    0
  61    0
  62    0
  63    0.4305
  64    0
  65    0
  66    0
  67    0
  68    0
  69    0
  70    0
  71    0
  72    0
  73    0
  74    0
  75    0.5535
  76    0
  77    0
  78    0
  79    0.9369
  80    0
  81    0.6473
  82    1.9681
  83    0.1786
  84    0
  85    0.1835
  86    0
  87   21.9664
  88    0
  89    0
  90    0.9699
  91    0.7626
  92    2.1228
  93    0
  94    0
  95    0
  96    0.9677
  97    0.7042
  98    0.4007
  99    0.9369
 100    0
 101    0.2324
 102    5.8872
 103    4.3144
 104    0
 105    0.9369
 106    0
 107    0.8377
 108    0
 109    1.0036
 110    0.7946
 111    0
 112    0
 113    0
 114    0.8781
 115    0.1652
 116    0
 117    0
 118    0
 119    0.9788
 120    0
 121    1.4891
 122    0
 123    0.8792
 124    0
 125    0
 126    0
 127    0
 128    0
 129    0
 130    0
 131    0
 132    0
 133    0.604
 134    0
 135    0
 136    0.6039
 137    0.9736
 138    0.9985
 139    0.7127
 140    0
 141    0.5446
 142    1.4058
 143    0
 144    0
 145   13.678
 146    0.201
 147    0
 148    0
 149    1.284
 150    9.1956
 151    0
 152    1.5243
 153   26.8265
 154    9.996
 155    0.6855
 156    0.3196
 157    1.1161
 158   19.4656
 159   15.257
 160   20.2779
 161   67.135
 162   16.8038
 163   30.6834
 164   27.7652
 165   31.563
 166   17.6611
 167    2.98
 168    1.6393
 169    1.677
 170    0.209
 171    0
 172    0
 173    0.9147
 174    0
 175    0
 176    0.8543
 177    0.8183
 178    0.2697
 179    0
 180    0.0308
 181    0
 182    0
 183    0.8517
 184    0.2182
 185    0
 186    0
 187    0
 188    0
 189    0
 190    0
 191    0
 192    0
 193    1.1057
 194    0
 195    0
 196    0
 197    0
 198    0
 199    0
 200    0
 201    0.6487
 202    0.8735
 203    0.046
 204    0
 205    3.5718
 206    0
 207    0
 208   23.6377
 209   65.1665
 210   46.37
 211   52.1679
 212   36.3027
 213    8.2798
 214    5.6555
 215   20.0452
 216  162.464
 217  110.915
 218  136.203
 219  101.094
 220   60.8282
 221   91.1706
 222   60.554
 223   26.2495
 224  192.089
 225  167.575
 226  169.871
 227  204.021
 228  193.005
 229  283.809
 230  207.725
 231   87.6805
 232  102.241
 233   89.3087
 234   42.6855
 235   31.9189
 236   16.7867
 237  111.914
 238   62.1917
 239   14.6676
 240    0
 241    0
 242    0
 243    0
 244    0.9757
 245    0
 246    1.023
 247    0.3571
 248    0
 249    0.6574
 250    0
 251    0
 252    0
 253    0
 254    0
 255    0
 256    0
 257    0.9369
 258    0
 259    0
 260    0
 261    0
 262    0
 263    0
 264    0
 265    0.9271
 266    0
 267    0
 268    0
 269    0.8377
 270    0
 271    1.2465
 272    5.0947
 273   27.1178
 274   78.6757
 275   50.6733
 276   23.9866
 277   14.4496
 278   39.5494
 279   12.5605
 280  159.518
 281  136.505
 282   98.1477
 283   89.6875
 284  202.833
 285  219.375
 286  116.043
 287   73.7679
 288  102.668
 289  122.377
 290  116.741
 291  163.962
 292  156.356
 293  203.201
 294  216.671
 295   93.6904
 296   21.6488
 297   12.9085
 298    9.7591
 299   19.7957
 300   10.1015
 301   42.5214
 302   17.4109
 303    1.9161
 304    0.7865
 305    0.4572
 306    0.9032
 307    0
 308    0.1494
 309    0
 310    0.9091
 311    0.1921
 312    0.7493
 313    0
 314    0
 315    1.0032
 316    0
 317    0
 318    0
 319    0
 320    0
 321    0.1274
 322    0
 323    0
 324    0.5698
 325    0
 326    0.8377
 327    0.5027
 328    0
 329    0
 330    0.6196
 331    0
 332    0.3814
 333    0.4317
 334    0
 335    0.8412
 336    3.8808
 337    3.3264
 338    0
 339    1.826
 340    1.5841
 341    2.4535
 342    5.4756
 343   16.6867
 344   50.7351
 345   47.1239
 346   42.536
 347   58.1576
 348   70.7377
 349   34.8646
 350   33.4847
 351    1.4593
 352    0.3171
 353    0
 354    3.7506
 355    0.4254
 356   13.7351
 357   13.4431
 358   22.9425
 359    0
 360    0
 361    0.9496
 362    0
 363    0
 364    0.1755
 365    0.838
 366    1.0354
 367    0.8463
 368    0
 369    0
 370    0
 371    0.7502
 372    0.1538
 373    0.7959
 374    0
 375    0.5899
 376    0
 377    0
 378    0
 379    0
 380    0
 381    0.6228
 382    0
 383    0
 384    0
 385    0.5388
 386    0
 387    0.5225
 388    0
 389    0
 390    0
 391    0
 392    0.4123
 393    0
 394    0
 395    0.57
 396    0
 397    0.0247
 398    0.2273
 399    0
 400    0
 401    0
 402    1.6058
 403    0
 404    0
 405    1.5626
 406    0
 407    0
 408    1.9389
 409    0
 410    1.8538
 411    0.9218
 412    1.2868
 413    0
 414    0
 415    0
 416    0.5844
 417    0
 418    0.2121
 419    0
 420    0
 421    0.6657
 422    1.5589
 423    0
 424    0.3707
 425    0
 426    0
 427    0
 428    0
 429    0.5201
 430    0.0476
 431    0
 432    0
 433    0
 434    0
 435    0
 436    0
 437    0
 438    0
 439    0
 440    0
 441    0
 442    0
 443    0
 444    0
 445    0.5183
 446    0
 447    0
 448    0
 449    0
 450    0
 451    0.8374
 452    0
 453    0.0247
 454    0
 455    0
 456    0
 457    0
 458    0.5234
 459    0.0382
 460    0
 461    0
 462    0
 463    0
 464    0
 465    0.4123
 466    1.8801
 467    0
 468    0.0382
 469    0.5526
 470    0.3098
 471    0
 472    0
 473    0
 474    0
 475    0
 476    0
 477    0
 478    0
 479    0.4168
 480    0.4245
 481    0
 482    0.8697
 483    1.3397
 484    0
 485    0
 486    0
 487    0
 488    0
 489    0
 490    0
 491    0
 492    0
 493    0
 494    0
 495    0
 496    0
 497    0
 498    0
 499    0
 500    0
 501    0
 502    0
 503    2.5937
 504    0
 505    0
 506    0
 507    0.5098
 508    0
 509    0
 510    0
 511    0
