This file was gnenerated on 2021-06-22 18:19:10.273671 by Grant Finneman. This contains the extracted data from the Gate simulations
The edep for each bar was summed up and printed to this file. The only math operation done has been addition.

  id       edep
   0    1.64699
   1    0.33555
   2    1.48274
   3    5.48402
   4   10.7413
   5    0.41185
   6    1.79271
   7    0.48564
   8    2.46901
   9    0.27139
  10    1.13935
  11    1.16607
  12    0.98964
  13    1.55908
  14    3.37499
  15    0.17524
  16    2.43296
  17    2.7399
  18    1.89911
  19    4.69347
  20    2.54968
  21   16.0173
  22    1.13962
  23    1.45319
  24    2.0051
  25    0.39206
  26    3.84152
  27    2.17725
  28    0.60018
  29    2.56288
  30    2.73518
  31    4.23722
  32    4.56681
  33    2.04884
  34    1.95904
  35    2.6108
  36    3.10002
  37    0.32097
  38    1.13412
  39    0.59636
  40    0.47111
  41    1.09302
  42    2.53803
  43    0.15281
  44    1.1227
  45    1.30026
  46    2.1446
  47    2.90821
  48    1.32327
  49    0.29982
  50    0
  51    0
  52    1.565
  53    0.05062
  54    1.33769
  55    1.20355
  56    1.86998
  57    0.54506
  58    0.30163
  59    0.84446
  60    0.65223
  61    1.63199
  62    0.82336
  63    2.28847
  64    0.23016
  65    0.50892
  66    1.41314
  67    1.23405
  68    1.31254
  69    1.64309
  70    1.61261
  71    2.11795
  72    1.75097
  73    4.6008
  74    5.48003
  75    3.76397
  76    3.63379
  77    1.65086
  78    0.98707
  79    2.47227
  80    4.41696
  81   13.6664
  82   16.5584
  83    5.71203
  84    2.991
  85   27.0543
  86   31.465
  87   22.7747
  88   41.6167
  89   54.085
  90   89.0837
  91   69.3937
  92   92.082
  93   77.3925
  94   36.236
  95   17.5705
  96   30.3895
  97   19.1074
  98   29.9807
  99   15.7205
 100   29.1116
 101   13.5507
 102    2.27265
 103    7.08848
 104    2.3986
 105    3.42386
 106    1.36873
 107    1.77982
 108    1.73876
 109    2.46641
 110    0.7998
 111   18.2579
 112    2.0671
 113    0.51796
 114    0.57468
 115    2.72938
 116    1.25733
 117    4.1157
 118    0
 119    1.72228
 120    2.91729
 121    2.1483
 122    0
 123    3.00517
 124    0
 125    0.20279
 126    0.03097
 127    1.16113
 128    4.95439
 129    4.84483
 130    1.9879
 131    1.42929
 132    2.76941
 133    3.14167
 134    4.77635
 135   38.7946
 136    4.84209
 137    2.74481
 138    3.94835
 139    8.15592
 140    6.13124
 141    4.17822
 142    2.11105
 143    3.37263
 144  159.884
 145  165.797
 146  177.499
 147  134.066
 148  177.046
 149  208.42
 150  152.202
 151   64.2441
 152  552.523
 153  616.129
 154  633.035
 155  628.439
 156  517.684
 157  573.044
 158  573.233
 159  284.609
 160  397.366
 161  455.194
 162  417.926
 163  301.31
 164  422.109
 165  360.645
 166  296.107
 167  158.112
 168   31.6558
 169   65.5437
 170   53.6371
 171  162.898
 172   46.7587
 173  144.461
 174   40.5221
 175   24.3262
 176    2.28878
 177    1.91876
 178    6.71418
 179    2.27115
 180    3.80519
 181   26.4577
 182    3.84659
 183   24.1015
 184    1.695
 185    0.47484
 186    0.99951
 187    2.75333
 188    0.69511
 189    0.27782
 190    1.79173
 191    0.82863
 192    1.74489
 193    0.39632
 194    2.6602
 195    4.58855
 196    3.52091
 197    2.40903
 198    1.35716
 199    0.815
 200    8.70364
 201   61.6993
 202   79.4269
 203   67.6003
 204   43.1244
 205   15.8895
 206   11.2728
 207    7.76289
 208  837.512
 209  722.943
 210  580.604
 211  566.137
 212  624.08
 213  504.037
 214  367.993
 215  191.78
 216  725.744
 217  708.056
 218  742.508
 219  661.521
 220  721.001
 221  799.1
 222  594.37
 223  326.458
 224  685.586
 225  736.302
 226  780.843
 227  785.979
 228  905.536
 229  738.987
 230  579.1
 231  336.46
 232  542.634
 233  610.808
 234  589.749
 235  653.904
 236  734.088
 237  642.522
 238  447.369
 239  170.038
 240   72.2624
 241  131.389
 242  133.212
 243   54.7556
 244  100.467
 245  115.268
 246   45.1188
 247   16.1157
 248    0.88501
 249    1.212
 250    0.1508
 251    3.35894
 252    3.09197
 253    0.99986
 254    1.46247
 255    7.8929
 256    1.81083
 257    0.15389
 258    2.52466
 259    1.43251
 260    2.32565
 261    2.71855
 262    0.73712
 263    1.13554
 264   54.259
 265   77.0569
 266  104.373
 267  111.657
 268  178.202
 269  173.121
 270   78.41
 271   27.9142
 272  594.816
 273  656.08
 274  638.247
 275  811.607
 276  717.025
 277  603.554
 278  435.586
 279  206.26
 280  656.132
 281  780.351
 282  884.368
 283  899.444
 284  786.697
 285  762.83
 286  466.227
 287  269.423
 288  916.765
 289  900.525
 290  801.951
 291  700.719
 292  704.706
 293  640.048
 294  665.509
 295  283.467
 296  629.476
 297  626.126
 298  594.039
 299  638.216
 300  579.795
 301  615.362
 302  438.615
 303  248.355
 304   53.8402
 305   76.2652
 306   62.3545
 307   18.639
 308   30.3159
 309   46.3984
 310   25.3636
 311   11.5809
 312    1.70799
 313    3.34123
 314    2.32698
 315    2.50173
 316    4.33599
 317    3.81381
 318    9.69001
 319   27.3258
 320    1.08599
 321    3.03928
 322    2.28213
 323    1.78001
 324    2.99846
 325    2.09624
 326    0.82556
 327   15.7766
 328    3.07794
 329    6.8627
 330   24.8163
 331   22.0094
 332   13.4547
 333    4.12066
 334    1.60386
 335    1.41043
 336   49.5992
 337  167.552
 338   49.4365
 339   46.5736
 340  120.755
 341   82.4442
 342   44.0309
 343   15.9878
 344  361.349
 345  375.748
 346  321.255
 347  373.615
 348  446.803
 349  509.917
 350  319.431
 351  146.821
 352  612.862
 353  721.998
 354  738.417
 355  621.286
 356  720.003
 357  658.862
 358  342.849
 359  190.383
 360  123.68
 361  189.963
 362  300.049
 363  136.269
 364  192.986
 365  212.253
 366  132.129
 367   45.4072
 368    2.83434
 369    5.627
 370    3.82114
 371    0
 372    2.88647
 373    1.87098
 374    3.751
 375    5.44955
 376    2.58262
 377    1.45707
 378    0.19544
 379    0.50253
 380    0.33552
 381    1.74101
 382    2.72666
 383    0.75191
 384    0.55648
 385    0.75298
 386    1.41002
 387    1.92179
 388    0.64487
 389    2.00882
 390    1.91486
 391    0.21116
 392    1.24284
 393    1.5302
 394    2.26264
 395    3.04177
 396    2.50482
 397    1.4305
 398    1.0208
 399   14.409
 400    4.80254
 401    1.7122
 402    3.55831
 403    1.92422
 404    2.90413
 405    5.2138
 406    2.49891
 407    6.1231
 408    6.1828
 409    8.65601
 410   98.5602
 411   37.0001
 412    7.90194
 413    4.35045
 414    4.33423
 415    2.37978
 416   71.1277
 417  107.812
 418   70.6486
 419   56.5417
 420   76.2182
 421   73.7379
 422   35.4378
 423   30.063
 424    1.6278
 425    4.25124
 426   30.8552
 427   16.8106
 428   24.9411
 429   30.5372
 430   10.8525
 431   53.7882
 432    1.45948
 433    0.89467
 434    2.08883
 435    2.37643
 436    2.1241
 437    0.55522
 438    2.29794
 439    1.43334
 440    2.67925
 441    1.32208
 442    1.06179
 443    0
 444    0.2528
 445    3.10357
 446    1.97121
 447    0.44257
 448    0
 449    0.97176
 450    0.45283
 451    1.37098
 452    0.63372
 453    0.97775
 454    0.399
 455    9.55893
 456    1.77762
 457    0.35884
 458    0
 459    0.78131
 460    1.52353
 461    0
 462    1.81876
 463    0.86992
 464    3.72066
 465    2.26612
 466    1.72573
 467    1.76643
 468    1.17105
 469    1.45596
 470    2.96869
 471   14.6733
 472    3.73541
 473    1.78105
 474    3.72809
 475    1.75973
 476    0.52092
 477    0.49178
 478    1.34913
 479    5.7778
 480    1.44681
 481    4.80688
 482    0.59616
 483    0.47314
 484    0.44313
 485    2.27393
 486    4.03603
 487   23.5209
 488    3.21086
 489    2.83546
 490    7.00696
 491    1.97725
 492    0.87902
 493    0.50332
 494   11.1813
 495    8.93678
 496    0.98344
 497    2.33438
 498    1.80157
 499    2.15343
 500    0.17388
 501    1.71409
 502    0.07614
 503    0.78628
 504    1.02551
 505    0.00297
 506    0.07253
 507    0.40432
 508    1.2587
 509    0.78074
 510    0.67333
 511    0.41424
