This file was gnenerated on 2021-06-17 21:16:08.551292 by Grant Finneman. This contains the extracted data from the Gate simulations
The edep for each bar was summed up and printed to this file. The only math operation done has been addition.

  id      edep
   0    0.6072
   7    0.8881
   9    0.1725
  15    0.9098
  21    1.8375
  22    0.5307
  24    0.9145
  30    1.7254
  33    0.7923
  34    0.3991
  35    0.5394
  42    0.3171
  47    0.3371
  52    0.6089
  56    0.0094
  57    1.0907
  58    2.3749
  70    0.8442
  73    0.8266
  77    0.6861
  80    0.7992
  82    1.0345
  83    0.8355
  84    0.636
  85    1.1667
  89    0.84
  90    0.2443
  93    0.5567
  94    0.4119
  96    0.0838
  97    0.524
  98    0.5773
  99    0.7938
 100    0.3991
 101    0.5808
 105    0.4678
 106    0.1829
 111    0.0632
 114    0.9226
 116    0.5789
 119    0.5747
 123    0.8062
 129    0.8659
 132    0.3425
 133    0.3049
 137    0.3425
 138    0.8659
 140    2.2821
 141    0.6399
 144    4.3622
 145    7.2226
 146   33.4507
 147   10.5513
 149    0.7898
 150    7.9322
 151    9.7767
 152   36.5462
 153   50.7068
 154   28.2094
 155   31.4122
 156   74.5838
 157   27.1689
 158   14.0784
 159    3.9125
 160    2.264
 161    1.2694
 162    1.4592
 163    0.5273
 166    0.151
 167    2.1876
 168    0.7384
 169    0.597
 172    0.006
 174    0.665
 175    0.2628
 178    0.5789
 180    0.2938
 181    0.1538
 182    0.1677
 184    0.5924
 185    0.7076
 190    0.7076
 191    0.4966
 195    0.2557
 196    0.4552
 199    6.2
 200    0.1682
 201    0.3425
 204    0.8338
 207    7.44
 208    8.7896
 209   10.8674
 210   21.1946
 211   11.4749
 212    8.4997
 213    2.4832
 214    6.106
 215    4.857
 216  203.278
 217  257.931
 218  233.147
 219  329.237
 220  309.372
 221  245.184
 222  176.848
 223   98.8718
 224   46.8159
 225   88.4008
 226  158.075
 227   36.6526
 228   51.757
 229  109.718
 230   35.4283
 231   33.2811
 232    0.5789
 233    3.533
 234    4.6776
 235    1.5011
 236   14.2259
 237    1.4925
 238    0.9569
 246    0.0665
 253    1.3854
 257    0.816
 259    0.436
 260    0.6235
 264    0.0132
 265    0.6053
 266    0.4151
 267    0.7503
 272    0.559
 273    0.3425
 274   12.8613
 276    0.7422
 277    0.5649
 279    0.5129
 280   28.2957
 281   84.7755
 282   71.8744
 283   95.0934
 284   47.373
 285   34.7928
 286   41.5126
 287   15.9276
 288  271.486
 289  176.176
 290  315.754
 291  356.982
 292  341.855
 293  339.661
 294  327.646
 295  137.332
 296    3.5498
 297    0.6561
 298   12.1708
 299    1.6172
 300   28.9545
 301   27.856
 302   21.8351
 303    5.5746
 304    1.8122
 305    1.1145
 306    0.4054
 308    0.3716
 315    1.135
 316    0.0866
 318    0.8348
 328    0.7948
 330    0.4151
 331    0.1265
 336    0.2132
 338    0.1318
 341    0.7441
 342    0.5912
 343    0.9544
 344    1.3755
 345    0.4741
 348    5.6373
 349    0.5084
 350   11.1284
 351    0.7018
 352   43.9542
 353   19.4924
 354   11.327
 355   26.3563
 356   58.1816
 357   55.6984
 358   39.0243
 359    0.9533
 360    2.8456
 361    8.7021
 362    1.6914
 363    9.9876
 364    9.0874
 365    0.8843
 366    0.9773
 367    3.9232
 371    1.0039
 372    0.6861
 373    2.0484
 374    0.8833
 375    1.6247
 377    0.1885
 379    0.6848
 381    0.3695
 383    0.2302
 389    1.3867
 392    0.7548
 395    0.8722
 397    0.0148
 403    0.8975
 406    0.195
 414    0.0515
 415    0.5277
 426    0.612
 427    0.9519
 430    0.9158
 438    0.0769
 456    1.6515
 466    0.4302
 477    0.2966
 482    0.1424
 484    0.6861
 485    0.7878
 490    0.612
 493    0.8884
 494    0.9182
 500    0.4058
 507    0.5132
