This file was gnenerated on 2021-06-17 21:16:21.314350 by Grant Finneman. This contains the extracted data from the Gate simulations
The edep for each bar was summed up and printed to this file. The only math operation done has been addition.

  id      edep
   1    0.0952
  14    1.2063
  15    6.5136
  16    1.636
  20    0.853
  23    4.6138
  24    0.4745
  26    0.9252
  27    0.6309
  39    0.522
  40    0.3046
  54    0.4435
  61    0.1907
  67    1.1
  71    0.8577
  73    0.7055
  78    0.7139
  80    1.0989
  81    2.6226
  82    0.7715
  83    0.1421
  85    0.5712
  86    0.3254
  87    0.8216
  88    0.553
  89    1.7566
  93    0.256
  98    0.1105
  99    0.4843
 100    0.1323
 104    0.418
 105    1.0034
 108    0.418
 110    0.0239
 112    0.3829
 113    0.8756
 115    0.4068
 120    0.7294
 124    0.6626
 130    0.0054
 131    0.9152
 132    0.8438
 138    0.4309
 141    1.4688
 143    0.2394
 144    0.4222
 146    0.7703
 147    0.974
 149    0.2799
 151    1.5735
 152    0.4181
 153    6.6903
 154    1.5187
 155    2.1826
 156    0.5724
 157   46.719
 158   43.1688
 159    1.6117
 160    9.9685
 161   35.8316
 162   17.2862
 163   17.9401
 164    1.1246
 165   12.1512
 166    0.2112
 167    0.6791
 168    0.7929
 169    0.2915
 170    2.0038
 171    0.6353
 172    0.2628
 175    0.1907
 176    0.5085
 178    0.4435
 179    0.015
 183    0.6651
 192    0.1237
 193    0.6702
 194    0.8104
 195    0.6791
 203    1.425
 204    0.853
 206    2.0592
 207    7.4543
 208    2.1835
 209    8.6129
 210    1.4566
 211   12.7014
 212    0.5056
 213   15.6239
 215    1.0296
 216  195.04
 217  258.425
 218  206.904
 219  216.924
 220  262.963
 221  238.213
 222  151.928
 223   81.1767
 224  167.778
 225  222.541
 226  239.061
 227  184.36
 228  239.101
 229  216.893
 230  128.093
 231   62.8556
 233    0.5405
 234    0.061
 236    0.8317
 237    2.4084
 238    1.018
 239    0.1902
 243    1.0217
 244    0.6346
 245    0.6003
 247    0.3141
 249    0.542
 251    0.3595
 258    0.8104
 264    0.4034
 265    0.7631
 270    0.2235
 272    0.0169
 273    6.1067
 274    5.3138
 275    0.0452
 276    0.7532
 277    0.8113
 278    0.8104
 280   93.9792
 281  139.502
 282  207.047
 283  196.702
 284   95.2262
 285  137.648
 286   73.0264
 287   21.6469
 288  208.534
 289  333.246
 290  352.517
 291  280.562
 292  251.82
 293  198.522
 294  141.697
 295   88.5927
 296    1.2575
 297    1.0498
 299    1.4035
 300    0.1131
 301   19.8052
 302   15.3215
 303   11.364
 305    1.1349
 309    0.0148
 315    0.5547
 316    1.1945
 321    0.2328
 323    0.0042
 329    1.8934
 330    0.6453
 331    0.2442
 332    0.2235
 336    0.8167
 338    0.7629
 340    0.9092
 341    0.8485
 342    0.1157
 344    0.8374
 345    0.7108
 346   10.686
 347   53.1861
 348   11.4699
 349    0.4036
 350    0.3308
 351    4.4706
 352   28.1232
 353   43.2688
 354    1.0001
 355   56.3277
 356   20.3739
 357   40.4088
 358    1.4349
 359    6.0676
 360    0.1463
 361    1.0166
 362    1.3056
 363    0.6453
 364    0.9226
 365    0.341
 368    0.5243
 369    0.7599
 371    1.5387
 372    0.0785
 373    0.0819
 378    0.706
 379    0.6409
 393    0.1478
 395    0.2442
 402    0.1296
 403    1.624
 406    0.1478
 407    0.3468
 408    0.0724
 409    0.1478
 410    0.1478
 412    0.8155
 413    0.4308
 424    1.0023
 427    1.7141
 434    1.0093
 436    0.0453
 437    0.6705
 439    1.0048
 444    0.6652
 448    0.3058
 451    0.7487
 461    0.7684
 464    0.907
 465    0.9566
 468    0.1241
 470    1.0564
 471    0.4441
 474    0.7482
 477    0.5647
 482    1.4555
 492    0.7599
 497    0.1082
 508    0.9421
