This file was gnenerated on 2021-06-22 18:21:33.936303 by Grant Finneman. This contains the extracted data from the Gate simulations
The edep for each bar was summed up and printed to this file. The only math operation done has been addition.

  id       edep
   0    0.44104
   1    1.68724
   2    0.38058
   3    0.58745
   4    2.44306
   5    0
   6    3.06587
   7    0.47866
   8    1.88952
   9    1.37338
  10    0.42847
  11    1.78801
  12    3.27897
  13    2.51827
  14    0.78252
  15    2.86488
  16    1.99894
  17    1.65064
  18    3.64914
  19   22.5181
  20    1.68344
  21    0.47398
  22    1.61899
  23    0
  24   12.7488
  25    1.65058
  26   20.7538
  27    7.8262
  28   28.2283
  29   70.2015
  30   15.557
  31    1.16465
  32   15.179
  33   57.4856
  34   54.3971
  35   27.1206
  36   24.9902
  37   46.2826
  38   11.6208
  39   19.0295
  40    1.68217
  41    1.39689
  42    3.77706
  43    2.06258
  44    1.48683
  45    7.50817
  46    3.42108
  47    1.96834
  48    1.64494
  49    3.38062
  50    1.65554
  51    0.83645
  52    1.67915
  53    2.243
  54    1.99402
  55    0.79108
  56    0.6229
  57    0.94498
  58    1.53701
  59    1.03068
  60    0.91075
  61    0
  62    0
  63    1.85959
  64    0.54159
  65    0.8152
  66    1.00185
  67    1.19502
  68    2.43171
  69    0
  70    0.98135
  71    2.88739
  72    4.68821
  73    0.54751
  74    2.62044
  75   24.944
  76   16.443
  77    1.44469
  78    2.1643
  79    3.00724
  80   38.7928
  81   39.0839
  82   67.7965
  83   21.7196
  84   33.0839
  85   15.0582
  86   73.827
  87   49.2073
  88  273.775
  89  224.244
  90  399.797
  91  321.653
  92  232.105
  93  233.907
  94  240.552
  95  179.718
  96  264.757
  97  310.259
  98  352.381
  99  329.894
 100  269.302
 101  318.761
 102  204.743
 103  115.942
 104   23.1952
 105   42.5374
 106   39.5088
 107   55.7935
 108   35.1385
 109   28.6864
 110   36.6437
 111   22.6791
 112    2.34764
 113    2.14253
 114    1.81449
 115    2.84584
 116    1.19226
 117    2.53421
 118    1.23238
 119    1.21648
 120    1.02953
 121    1.22068
 122    1.72493
 123    0.71492
 124    1.8686
 125    2.37064
 126    0.58348
 127   41.0544
 128    1.67448
 129    1.9695
 130    5.33434
 131   15.5761
 132    6.40845
 133   16.5235
 134   24.0685
 135    1.73336
 136  118.663
 137  114.783
 138  162.905
 139  245.094
 140  302.007
 141  306.465
 142  223.516
 143  137.246
 144  373.604
 145  352.45
 146  456.623
 147  360.435
 148  332.923
 149  373.17
 150  404.136
 151  160.036
 152  300.768
 153  334.305
 154  385.522
 155  309.615
 156  446.238
 157  527.489
 158  390.749
 159  176.873
 160  351.058
 161  465.457
 162  494.394
 163  467.208
 164  465.701
 165  523.095
 166  266.16
 167  148.286
 168  113.241
 169  199.719
 170  348.098
 171  211.408
 172  175.997
 173  260.344
 174  140.635
 175   81.9757
 176    6.04834
 177   31.5532
 178   17.4101
 179   15.6214
 180   11.5329
 181   21.7306
 182    5.36168
 183    0.96859
 184    1.71312
 185    6.52311
 186    1.27123
 187    0.97117
 188    0.71739
 189    0
 190    2.41301
 191   35.6935
 192    6.5216
 193   64.4425
 194   18.2555
 195   25.5719
 196    7.23292
 197    4.17586
 198    9.22538
 199    7.64274
 200  265.325
 201  175.433
 202  272.029
 203  368.84
 204  395.678
 205  340.828
 206  263.568
 207  106.233
 208  480.478
 209  478.251
 210  546.193
 211  468.249
 212  542.792
 213  449.911
 214  279.312
 215  144.653
 216  349.228
 217  426.108
 218  430.849
 219  358.566
 220  493.499
 221  463.192
 222  370.979
 223  172.158
 224  493.29
 225  540.936
 226  594.91
 227  520.282
 228  582.847
 229  585.928
 230  379.749
 231  168.124
 232  322.631
 233  400.891
 234  336.64
 235  282.875
 236  276.03
 237  343.914
 238  241.895
 239  142.911
 240   50.7864
 241   34.8616
 242   50.6236
 243   43.353
 244   43.0413
 245  123.452
 246   40.6897
 247   68.4263
 248    0.24769
 249    0.71406
 250    4.10802
 251    5.10779
 252   18.8459
 253    1.36082
 254   29.1048
 255   15.2612
 256    4.32538
 257    3.61322
 258    2.53788
 259    6.86261
 260   11.4855
 261    3.71751
 262    1.05771
 263    3.98619
 264   30.7433
 265   38.8104
 266   52.9483
 267   84.5418
 268   49.9896
 269   52.9623
 270   19.1549
 271    4.07505
 272  370.316
 273  394.952
 274  405.723
 275  319.203
 276  293.135
 277  457.301
 278  416.475
 279  207.327
 280  338.979
 281  350.516
 282  464.803
 283  499.352
 284  520.12
 285  582.205
 286  326.309
 287  220.611
 288  407.724
 289  478.595
 290  419.527
 291  436.126
 292  499.968
 293  475.069
 294  361.938
 295  167.008
 296  361.34
 297  418.848
 298  338.513
 299  387.206
 300  369.995
 301  299.259
 302  279.719
 303  171.371
 304  232.06
 305  197.147
 306  288.502
 307  265.166
 308  319.951
 309  291.293
 310  171.897
 311  110.362
 312   12.9706
 313    4.70598
 314    0.951
 315    0.98138
 316   34.4271
 317   44.7301
 318    2.75084
 319    2.95311
 320    0.31084
 321    1.90512
 322    0.78533
 323    2.24648
 324    1.02327
 325    0.74275
 326    5.32309
 327   11.8656
 328    4.9769
 329    4.56807
 330    4.43488
 331    5.34103
 332   10.3382
 333   21.8169
 334   10.4271
 335   16.4381
 336  197.37
 337  205.937
 338  266.499
 339  289.646
 340  176.468
 341  187.761
 342  233.19
 343   83.6204
 344  314.009
 345  335.966
 346  456.03
 347  500.238
 348  570.782
 349  488.436
 350  289.03
 351  139.969
 352  392.873
 353  467.955
 354  531.375
 355  524.513
 356  462.131
 357  382.015
 358  318.403
 359  174.723
 360  276.971
 361  259.547
 362  427.75
 363  496.122
 364  379.229
 365  422.534
 366  240.476
 367  117.537
 368  222.165
 369  177.125
 370  177.284
 371  231.646
 372  196.134
 373  208.77
 374  121.583
 375   89.8938
 376    0.39796
 377   12.6886
 378    3.44566
 379   14.6538
 380   27.4487
 381   11.3208
 382    2.14582
 383    0.00662
 384    1.26222
 385    0.63771
 386    0
 387    1.57889
 388    0.92158
 389    3.61161
 390    2.0665
 391   11.3461
 392    1.9944
 393    0.19636
 394    5.20607
 395    2.97217
 396    4.2477
 397    4.03837
 398    2.67832
 399   25.0288
 400   76.4577
 401   23.461
 402   23.6032
 403   25.0587
 404   22.083
 405   75.211
 406   44.4616
 407   13.9425
 408  257.937
 409  343.274
 410  343.05
 411  242.461
 412  278.609
 413  309.108
 414  313.607
 415  135.44
 416  256.426
 417  258.695
 418  161.535
 419  263.382
 420  260.148
 421  268.715
 422  196.22
 423   89.1328
 424   42.9655
 425   94.3593
 426   54.2747
 427  114.71
 428   92.0948
 429   82.1281
 430   46.122
 431   36.4189
 432   17.5157
 433   36.9452
 434    1.91313
 435   15.5634
 436    2.27958
 437   10.4556
 438   16.9777
 439   23.6194
 440    2.0134
 441    1.1982
 442    3.45063
 443    1.34899
 444    1.88928
 445    0.74488
 446    0.87663
 447    2.47151
 448    0.17023
 449    0.90368
 450    0.47602
 451    1.5519
 452    1.62478
 453    0
 454    0
 455   21.5487
 456    0.0307
 457    4.17063
 458    1.4283
 459    2.18959
 460    1.43551
 461    1.41797
 462    0.31033
 463   10.4437
 464   16.4616
 465    1.59744
 466    1.92099
 467    0.61389
 468   14.3166
 469    3.85928
 470    0.81527
 471   24.7399
 472  103.682
 473   91.6396
 474    9.06228
 475   13.6663
 476    2.94339
 477   12.8031
 478   47.4331
 479   16.1057
 480    8.06674
 481   47.3402
 482    1.75402
 483    7.84615
 484    1.32413
 485    1.79543
 486    4.07189
 487    0.98748
 488    1.20591
 489    2.10507
 490    1.12589
 491    5.66556
 492    1.18911
 493    0.36082
 494    3.1315
 495    1.62186
 496    1.33095
 497    3.28823
 498    0.57431
 499    1.99397
 500    3.65779
 501   11.1777
 502    1.33652
 503    0.83305
 504    1.64004
 505    0.34301
 506    1.28258
 507    1.21506
 508    1.89671
 509    0
 510    1.35273
 511    0.50631
