This file was gnenerated on 2021-06-17 21:16:52.287731 by Grant Finneman. This contains the extracted data from the Gate simulations
The edep for each bar was summed up and printed to this file. The only math operation done has been addition.

  id      edep
   1    0.6101
   4    0.6568
  10    0.8421
  11    1.0345
  17    0.537
  18    0.3589
  20    1.2725
  31    3.5305
  33    0.3189
  35    0.3189
  36    0.3539
  39    0.6225
  40    0.0754
  44    0.8392
  46    0.5895
  49    0.395
  56    0.0742
  57    0.0618
  58    0.4699
  62    0.284
  68    1.7136
  69    1.7144
  72    0.0354
  80    0.8086
  81    1.053
  82    0.5078
  84    0.1612
  86    0.1193
  87    0.9096
  89    0.5078
  91    0.9334
  93    0.1996
  94    0.9822
  95   14.0245
  98    0.9016
 100    0.6463
 101    0.6463
 102    0.7712
 103    0.7233
 105    1.7675
 113    0.7152
 114    0.2298
 117    0.4699
 118    0.4019
 120    0.1865
 122    0.8702
 124    0.5051
 125    0.5051
 129    0.5799
 130    0.9917
 131    0.0223
 132    0.1296
 136    0.4804
 137    1.2859
 139    0.7253
 140    0.3513
 141    0.6234
 142    0.6737
 143    7.2312
 145    1.3627
 146    1.6597
 147    0.3189
 149    0.5636
 150    0.9105
 152    0.5231
 153    1.0398
 154    1.7094
 155    2.3273
 156    0.6627
 157    0.4333
 158   19.6045
 159   35.185
 160   44.4808
 161   25.1847
 162   14.7167
 163    8.3334
 164    0.907
 165    1.9915
 166    6.41
 167   16.824
 168   61.04
 169   22.9703
 170   49.2117
 171   50.8985
 172   45.6961
 173   26.9058
 174    4.5636
 175    5.7828
 177    2.2394
 179    1.1538
 181    0.4572
 184    0.7981
 185    0.679
 195    0.484
 200   21.0947
 201    5.2576
 202    2.2797
 203    0.4842
 204    1.0241
 205    8.5682
 206    6.0732
 207    2.6195
 208   47.7995
 209   61.5569
 210   20.3663
 211   38.6977
 212   88.6282
 213   53.7837
 214   18.583
 215   11.7363
 216   53.8606
 217   68.0611
 218  109.455
 219   91.0674
 220  110.802
 221   19.4776
 222   26.4083
 223   28.6349
 224   77.5544
 225   40.1909
 226  132.073
 227  106.976
 228  140.717
 229   99.8085
 230   77.859
 231   45.9158
 232   72.3615
 233   42.7707
 234   48.1186
 235   49.1475
 236   35.8113
 237   46.7946
 238   78.9137
 239   37.6903
 240   12.5475
 241   32.6136
 242   56.8134
 243   15.5335
 244    7.2754
 245   25.517
 246   39.9502
 247    5.8418
 248    0.962
 249    0.366
 251    1.437
 253    0.1701
 257    0.5625
 260    1.2128
 264   13.0836
 265   35.3209
 266   12.9116
 267   23.6512
 268   11.9673
 269    4.0484
 270    9.3421
 271   12.3109
 272  138.703
 273  141.856
 274  103.764
 275   74.9624
 276   65.8069
 277  117.83
 278  112.666
 279   77.7657
 280  101.403
 281   92.5314
 282  134.607
 283  166.177
 284  142.053
 285   85.7272
 286  116.05
 287   44.1462
 288   70.8996
 289   44.6762
 290   84.7128
 291  126.664
 292  118.59
 293   85.4759
 294   52.3632
 295   22.8429
 296   32.0286
 297   27.3492
 298   51.7919
 299   24.4596
 300   39.3225
 301   57.2477
 302   18.2248
 303   10.4172
 304    9.687
 305   36.5969
 306   29.9381
 307    7.979
 308    1.06
 309   23.5892
 310   14.4879
 311    4.9189
 312    1.9068
 314    1.3282
 317    0.3152
 320    1.2247
 321    2.7292
 322    0.7711
 323    0.3335
 326    0.5107
 328    9.3824
 329   10.44
 331   23.2163
 332    0.3568
 333    0.8104
 335    0.614
 336   13.0148
 337   10.9794
 338   54.7672
 339   40.6522
 340   19.075
 341   40.146
 342   44.7778
 343   25.2219
 344    2.1648
 345   24.248
 346   36.9517
 347   39.7645
 348    4.6555
 349   19.1968
 350    1.0264
 351   23.1268
 352    0.8086
 353    0.8734
 354    0.259
 355    0.3807
 356    1.7403
 357    0.4616
 358    0.0311
 359    0.4012
 362    0.3807
 363    0.9608
 364    0.3807
 365    0.9896
 366    0.1624
 369    0.2176
 370   15.2232
 371    0.288
 373    0.144
 375    1.5682
 385    0.7785
 390   18.24
 391    1.8492
 392    0.0505
 393    0.97
 394    0.9256
 395    0.2236
 396    0.458
 398    5.472
 399    7.296
 400    0.3752
 401    1.9246
 402    0.0927
 403    1.1472
 405    0.9246
 406    0.9152
 407    0.9814
 409    0.9902
 412    0.7662
 415    0.4615
 417    0.1017
 420    0.4613
 423    0.4506
 424    0.1495
 429    0.9896
 430    0.9752
 432    0.8939
 436    0.0814
 437    0.144
 438    0.144
 442    0.691
 448    0.2165
 455    0.3469
 457    0.889
 458    0.101
 462    0.3807
 464    0.7339
 477    0.2333
 478    0.8036
 482    0.7253
 485    0.1744
 486    0.0761
 487   18.5097
 488    0.8939
 501    0.3897
