This file was gnenerated on 2021-06-21 16:43:06.875550 by Grant Finneman. This contains the extracted data from the Gate simulations
The edep for each bar was summed up and printed to this file. The only math operation done has been addition.

  id      edep
   0    0
   1    0.4271
   2    0
   3    0
   4    0
   5    0.4896
   6    0
   7    0.2115
   8    0
   9    0
  10    0
  11    0
  12    0
  13    0
  14    0.4461
  15    0.4505
  16    0.1617
  17    0
  18    0.7756
  19    0.7309
  20    0.646
  21    0
  22    0
  23    0.7016
  24    0
  25    0
  26    0
  27    0
  28    0
  29    0.1242
  30    0
  31    0
  32    0
  33    0
  34    0
  35    0
  36    0.1233
  37    0
  38    0.9919
  39    0.1103
  40    0
  41    0
  42    0
  43    0
  44    0
  45    0
  46    0.2193
  47    0
  48    0
  49    0.991
  50    0
  51    0
  52    0
  53    0
  54    0
  55    0
  56    0
  57    0
  58    0
  59    0
  60    0.35
  61    0
  62    0
  63    0
  64    0.3951
  65    0.104
  66    0
  67    0
  68    0
  69    0.2337
  70    0
  71    0
  72    0
  73    0.8197
  74    0
  75    0
  76    0.4896
  77    0
  78    0
  79    0.2258
  80    0.449
  81    0
  82    0
  83    0.8377
  84    0
  85    0
  86    0
  87    0
  88    6.9344
  89    2.2473
  90    6.9497
  91    7.4257
  92    0.24
  93    3.8479
  94    0.816
  95    0.6854
  96    0.9305
  97   10.2756
  98    8.1018
  99    8.4378
 100   16.4649
 101    0.4535
 102    0.621
 103    0.1085
 104    0.0927
 105    0.8399
 106    0.5708
 107    0.1853
 108    0
 109    0
 110    0
 111    1.0536
 112    0
 113    0
 114    0
 115    0
 116    0
 117    0
 118    0
 119    0
 120    0
 121    0
 122    0
 123    0
 124    0.2067
 125    0
 126    0
 127    0.6637
 128    0.9196
 129    0.0067
 130    0
 131    0
 132    0
 133    0.1338
 134    0.1338
 135    0
 136    0
 137    0
 138    0
 139    0.3512
 140    0
 141    0
 142    1.0878
 143    0
 144    0
 145    0
 146    0.9725
 147    0
 148    0.0754
 149    0.4031
 150   16.7618
 151    0.2258
 152   49.3788
 153   87.037
 154   98.1147
 155   72.7849
 156   42.1781
 157   56.9397
 158   26.9892
 159   23.5961
 160   51.5128
 161   68.3575
 162   91.0183
 163   71.8813
 164   60.3256
 165   63.3623
 166   65.4224
 167   27.5271
 168    0.3562
 169    0.0595
 170    1.2639
 171    0.8216
 172    0
 173    0.8057
 174    0
 175    0.2103
 176    0.3659
 177    0
 178    0.245
 179    0
 180    1.3837
 181    0.5189
 182    0
 183    0
 184    0
 185    0.7141
 186    0.7452
 187    0
 188    0
 189    0
 190    0
 191    0
 192    0
 193    0
 194    0
 195    0
 196    0
 197    0.3346
 198    0.827
 199    0
 200    0.2115
 201    0
 202    0
 203    0
 204    0.2252
 205    0.2256
 206    0
 207    0
 208    0.6958
 209    1.6567
 210    1.6896
 211    1.7178
 212    0.9248
 213    0.9149
 214    4.5714
 215    0.8378
 216  122.28
 217  105.142
 218  114.578
 219   63.9971
 220   34.1224
 221   21.1466
 222   66.2172
 223   57.7543
 224   93.8761
 225   70.2519
 226  130.077
 227   88.0364
 228   66.9908
 229   81.798
 230   54.4702
 231   87.6692
 232    0.8026
 233    0.8391
 234    0.3471
 235    1.7808
 236    0.8391
 237    0
 238    0
 239    0.4815
 240    0
 241    0
 242    0
 243    0.5939
 244    0.4743
 245    0
 246    0
 247    0.7058
 248    0
 249    0
 250    0
 251    0.2377
 252    0
 253    0
 254    0
 255    0
 256    0
 257    0
 258    0.5946
 259    0
 260    0
 261    1.0038
 262    0
 263    0
 264    0.3287
 265    0
 266    0
 267    0.951
 268    0
 269    0.8274
 270    0
 271   16.2603
 272    0.6119
 273    0
 274    2.0895
 275    1.7395
 276   16.4956
 277    0
 278    0
 279    0
 280  103.186
 281   85.2564
 282   80.6558
 283   83.2506
 284  110.425
 285  130.887
 286  107.944
 287   31.7056
 288   77.9254
 289   56.7439
 290  105.601
 291  116.096
 292  217.665
 293  175.231
 294   72.7732
 295   49.6986
 296    0.2377
 297    1.8277
 298    0
 299    1.8412
 300    0.915
 301    0.9864
 302    0.1103
 303   25.3999
 304    0.9999
 305    0.0017
 306    1.2898
 307    0
 308    0
 309    0
 310    0.9178
 311    0
 312    0
 313    0.8506
 314    0
 315    0
 316    0
 317    0.6428
 318    0
 319    6.7599
 320    0.8222
 321    0.7939
 322    0
 323    0
 324    0.5946
 325    0.5946
 326    0
 327    0.3346
 328    0
 329    0.5047
 330    0.8261
 331    0
 332    0.8367
 333    0
 334    0
 335    0
 336    0.4942
 337    0.7001
 338    0.3851
 339    0.0033
 340   10.7984
 341   17.5891
 342    0.7725
 343    0.3838
 344   86.3814
 345   61.2871
 346   42.6433
 347   68.9588
 348  120.494
 349  192.357
 350   82.231
 351   39.4267
 352   72.1361
 353  124.129
 354   60.5228
 355   70.6265
 356   79.8367
 357   92.2594
 358   79.0978
 359   29.3273
 360    1.3223
 361    0
 362    0
 363    0.184
 364    1.0389
 365    0.0623
 366    0.2077
 367    0
 368    0
 369    0
 370    0.2877
 371    0.8401
 372    0
 373    0
 374    0
 375    0.9251
 376    0
 377    0
 378    0
 379    0
 380    0
 381    0
 382    8.8859
 383    2.5752
 384    0
 385    0
 386    0
 387    0
 388    0.3531
 389    0
 390    0
 391    0.239
 392    0.3103
 393    0
 394    0.4901
 395    0
 396    0
 397    0
 398    0.3959
 399    0.0256
 400    0
 401    0
 402    0
 403    0.6308
 404    0.1245
 405    0
 406    0
 407    0
 408    8.5492
 409   26.4248
 410    3.6018
 411   35.669
 412    4.3682
 413   22.4482
 414    4.7415
 415    0
 416    1.7251
 417    8.9638
 418    0
 419   46.7906
 420   22.713
 421    0.9485
 422    0
 423    0
 424    0.0138
 425    0
 426    0
 427    0
 428    0.8483
 429    0
 430    0
 431    0
 432    0
 433    0.2743
 434    0.518
 435    1.26
 436    0
 437    0.0559
 438    0.1231
 439    0
 440    0.0706
 441    0
 442    0
 443    0.1192
 444    0
 445    0
 446    0
 447    0
 448    0
 449    0.6932
 450    0
 451    0.8557
 452    0.6581
 453    0.3531
 454    0
 455    0
 456    0
 457    0
 458    0
 459    0
 460    0.3531
 461    0.3531
 462    0.4631
 463    0
 464    0.4809
 465    0
 466    0
 467    0
 468    0
 469    0
 470    0
 471    0
 472    0
 473    0.1111
 474    0
 475    0
 476    0
 477    0.6885
 478    0
 479    0
 480    0.0143
 481    1.8642
 482    0.7766
 483    0
 484    0.1801
 485    0.8166
 486    0.1801
 487    0.4238
 488    0
 489    1.7924
 490    0
 491    0
 492    0
 493    0.1569
 494    0
 495    0
 496    0
 497    0
 498    0
 499    0
 500    0
 501    0
 502    0
 503    0
 504    0
 505    0
 506    0.1098
 507    0
 508    0
 509    0.6612
 510    0
 511    0
