This file was gnenerated on 2021-06-21 16:43:35.829427 by Grant Finneman. This contains the extracted data from the Gate simulations
The edep for each bar was summed up and printed to this file. The only math operation done has been addition.

  id      edep
   0    0
   1    0
   2    0
   3    0
   4    0
   5    0
   6    0
   7    0
   8    0.3273
   9    0
  10    1.918
  11    0.5277
  12    0
  13    0
  14    0
  15    0
  16    0.5185
  17    0
  18    0
  19    0.7419
  20    0
  21    0
  22    0.6786
  23    0
  24   18.3268
  25    0
  26    0
  27    0
  28    0
  29    0
  30    0.6786
  31    0
  32    0.4747
  33    0
  34    0
  35    0
  36    0.6786
  37    0
  38    0
  39    0
  40    0
  41    0
  42    0.839
  43    0.4611
  44    0
  45    0
  46    0
  47    0.5508
  48    0
  49    0
  50    0
  51    0
  52    0
  53    0
  54    0.2824
  55    0
  56    0
  57    0
  58    0
  59    0.5593
  60    0
  61    0
  62    0
  63    0
  64    0.0214
  65    0
  66    0
  67    0
  68    0
  69    0
  70    0.9389
  71    0
  72    0
  73    0
  74    0
  75    0.3826
  76    0
  77    0
  78    0
  79    0.3488
  80    0.1891
  81    0.7528
  82    0.1347
  83    0.959
  84    1.6457
  85    0
  86    0.814
  87    0
  88   45.0479
  89    0
  90    0
  91    0
  92    0
  93    0
  94    0
  95    0
  96    0.8049
  97   24.9262
  98    6.0725
  99    0.4041
 100    0
 101    0
 102    0
 103    0
 104    0
 105    0
 106    0.4747
 107    0
 108    0.385
 109    0
 110    0.92
 111    0.7487
 112    0
 113    1.1509
 114    0.2896
 115    0.0533
 116    0
 117    0
 118    0
 119    0.536
 120    0
 121    0
 122    0.2896
 123    0
 124    0
 125    0.905
 126    0
 127    0
 128    0
 129    0
 130    0
 131    0.0781
 132    0.522
 133    0
 134    0
 135    0
 136   38.5892
 137   28.8938
 138    5.3439
 139   10.6213
 140   24.6244
 141    6.5454
 142   12.805
 143    8.2893
 144   31.4997
 145   24.4284
 146   14.2497
 147    4.9136
 148    9.8991
 149   51.8842
 150   21.3361
 151   10.5754
 152  123.764
 153   12.3253
 154   18.7129
 155   35.6105
 156   58.3297
 157   19.188
 158    2.7045
 159    3.8657
 160   26.7335
 161   16.049
 162   86.0369
 163   49.6778
 164   25.0214
 165   28.8274
 166   23.7699
 167   11.1317
 168    2.8788
 169    6.8672
 170    8.6764
 171   30.747
 172   43.4471
 173   11.5025
 174    5.343
 175    4.1944
 176   17.0128
 177   11.8
 178   11.7211
 179   13.7564
 180   18.8449
 181   11.4247
 182    1.5432
 183    1.7189
 184    0
 185    0
 186    0
 187    0.3739
 188    0
 189    0.1693
 190    0.4711
 191    0
 192    0.9794
 193    0
 194    0.9111
 195    0.4955
 196    0
 197    0
 198    1.1317
 199    0
 200   13.6554
 201   20.4075
 202   18.9068
 203    9.7278
 204    2.8817
 205   18.7171
 206    9.0163
 207   17.605
 208   49.6205
 209   46.7834
 210   31.7308
 211   38.2269
 212   42.4685
 213   45.9033
 214   40.896
 215    8.9391
 216   56.0651
 217   69.0509
 218   38.8515
 219   53.514
 220   15.0797
 221   40.7592
 222   11.8178
 223   28.4353
 224   58.2581
 225   51.6754
 226   85.0097
 227   89.7838
 228   50.4828
 229   47.4991
 230   14.1804
 231   12.4726
 232   28.0438
 233   25.0329
 234   67.2942
 235   22.2386
 236   94.7597
 237   69.7375
 238   17.0599
 239   10.4914
 240   73.8996
 241   25.9905
 242   37.1319
 243   57.0186
 244   25.0507
 245   34.4223
 246   22.5041
 247   18.4914
 248   18.7553
 249    0.0794
 250    0
 251    0.5491
 252    0.5735
 253    1.179
 254    0
 255    0.0611
 256    0
 257    0.2563
 258    0.0099
 259    0.4058
 260    0.4058
 261    0
 262    0
 263    0
 264   15.5109
 265   19.6601
 266   14.1483
 267   12.979
 268   25.0175
 269   34.6636
 270   18.2934
 271   13.2787
 272   54.3978
 273   19.792
 274   34.2313
 275   38.8542
 276   27.2626
 277   37.5298
 278   34.4832
 279   12.5214
 280   47.5423
 281   39.0566
 282   32.3805
 283   13.9252
 284   53.2849
 285   46.0427
 286   28.5817
 287   12.7442
 288   30.9632
 289   17.4438
 290   82.1812
 291   64.1353
 292   19.7977
 293    8.38
 294   30.4696
 295    4.0842
 296   18.4711
 297   33.0215
 298   30.7811
 299   21.1011
 300   41.7413
 301    9.5455
 302   15.991
 303    6.8931
 304   13.4805
 305    6.261
 306   10.1114
 307   32.7673
 308   12.8806
 309    3.6647
 310    5.7913
 311    3.0405
 312    0
 313    0.7856
 314    0
 315    0.0324
 316    0
 317    0
 318    0
 319    0
 320    0
 321    0
 322    0
 323    0
 324    0
 325    0
 326    0
 327    0
 328    9.947
 329   20.2698
 330   26.7388
 331    5.4649
 332    2.1185
 333    2.6236
 334   12.1071
 335    6.2289
 336   37.0708
 337   18.2398
 338   24.2325
 339   20.6548
 340   45.5998
 341    6.2916
 342    6.6764
 343    2.3735
 344   23.7627
 345    9.8495
 346    4.67
 347   19.6413
 348   12.3232
 349   20.2659
 350   13.2227
 351    7.3978
 352    3.5907
 353    2.6238
 354   12.3926
 355    8.0303
 356    5.153
 357   11.4693
 358   16.4919
 359   12.704
 360   22.8801
 361   19.2982
 362   16.3039
 363   13.368
 364   14.1829
 365   13.0593
 366   23.2741
 367   14.0473
 368   28.168
 369   14.9168
 370   11.3363
 371   10.0625
 372   26.6399
 373   44.3604
 374   64.1542
 375   25.4624
 376    0
 377    0
 378    0
 379    0
 380    0
 381    0
 382    0.138
 383    0
 384    0
 385    0
 386    0
 387    0
 388    0
 389    0
 390    0
 391    0
 392    0.4282
 393    0.9181
 394    0
 395    0
 396    0.6482
 397    0.8366
 398    0.9232
 399    0.6943
 400    0
 401    0
 402    0
 403    0.6943
 404    0
 405    0.5032
 406    0
 407    0
 408    0.9917
 409    0.1259
 410    0
 411    0
 412    0.4228
 413    0
 414    0
 415    0
 416    0.3644
 417    0
 418    0
 419    0.5188
 420    0
 421    5.2814
 422    6.9603
 423    0
 424    0.7748
 425    0
 426    0
 427    1.6478
 428    0
 429    6.2593
 430    5.9145
 431    0
 432    1.5765
 433    0.7656
 434    0.7656
 435    0.6369
 436    0
 437   21.045
 438    0
 439    0
 440    0
 441    0
 442    0
 443    0
 444    0
 445    0
 446    0
 447    0
 448    0
 449    0
 450    0
 451    0
 452    0
 453    0
 454    0
 455    0
 456    0
 457    0
 458    0
 459    0.6216
 460    0.6482
 461    0.6482
 462    0
 463    0
 464    0
 465    0.332
 466    0
 467    0
 468    0
 469    0
 470    0
 471    0
 472    0
 473    0
 474    0
 475    0
 476    0
 477    0
 478    0.1284
 479    0.4176
 480    0
 481    0
 482    0
 483    0.657
 484    0
 485    0
 486    0.3257
 487    0
 488    0.5719
 489    0
 490    1.3863
 491    1.5838
 492    0
 493    0
 494    0
 495    0
 496    0.8523
 497    0
 498    1.5119
 499    0
 500    0.189
 501    0
 502    0
 503    0
 504    0
 505    0
 506    0
 507    0
 508    0.5487
 509    0
 510    0.517
 511    0
