This file was gnenerated on 2021-06-21 16:42:40.910064 by Grant Finneman. This contains the extracted data from the Gate simulations
The edep for each bar was summed up and printed to this file. The only math operation done has been addition.

  id      edep
   0    0
   1    0
   2    0
   3    0.9214
   4    0
   5    0
   6    0
   7    0
   8    0
   9    0
  10    0
  11    0
  12    0
  13    0
  14    0
  15    0
  16    1.7118
  17    0
  18    0.6905
  19    0
  20    0
  21    0
  22    0
  23    0
  24    0
  25    0
  26    0
  27    0
  28    0
  29    0
  30    0
  31    0
  32    0
  33    0
  34    0.6232
  35    0
  36    0
  37    0
  38    0
  39    0
  40    0
  41    0
  42    0
  43    0
  44    0
  45    0
  46    0
  47    0
  48    0
  49    0
  50    0.3648
  51    0
  52    0
  53    0
  54    0.6296
  55    0
  56    0
  57    0
  58    0
  59    0
  60    0.1752
  61    0
  62    0.6532
  63    0
  64    0
  65    0
  66    0
  67    0
  68    0
  69    0
  70    0
  71    0
  72    0
  73    0
  74    0
  75    0
  76    0
  77    0.6215
  78    0.5493
  79    0
  80    0.5117
  81    0
  82    0
  83    0.6686
  84    0
  85    0
  86    1.0149
  87    0.2921
  88    0.7088
  89    0.6618
  90    0
  91    0.3204
  92    0
  93    0
  94    0
  95    0
  96    0.7714
  97    0.3632
  98    0
  99    0
 100    1.1228
 101    0.6686
 102    0.6947
 103    0
 104    1.0194
 105    1.6458
 106    0.558
 107    0.2416
 108    0.4061
 109    1.1489
 110    0.4214
 111    0.1983
 112    0.7449
 113    0
 114    0
 115    0.9539
 116    0
 117    0
 118    0
 119    0
 120    0
 121    0.9589
 122    0.1797
 123    0
 124    0
 125    0
 126    0
 127    0
 128    0
 129    0
 130    0
 131    0
 132    0
 133    0
 134    0
 135    0
 136    0
 137    0
 138    0.182
 139    0
 140    0
 141    0
 142    0
 143    0
 144    0.7475
 145    0.1197
 146    0.4951
 147    0.182
 148    0
 149    0
 150    1.893
 151    0.7218
 152    2.5601
 153   19.9004
 154    2.8968
 155    4.0342
 156   28.412
 157   10.5074
 158    5.2452
 159    2.1235
 160   23.0886
 161   51.2979
 162   42.3956
 163   18.5735
 164   30.9362
 165   46.4071
 166    9.4175
 167    9.1035
 168   63.7805
 169   64.2979
 170   40.6276
 171   59.4045
 172   45.7252
 173   47.3495
 174    6.0013
 175    8.0831
 176    1.8193
 177   12.3532
 178    6.9286
 179    1.0139
 180    1.0363
 181    1.3662
 182    0
 183    0
 184    0
 185    0.4075
 186    0
 187    0
 188    0
 189    0
 190    0
 191    0
 192    0
 193    0.865
 194    0
 195    0.4122
 196    0
 197    0
 198    0.9235
 199    0
 200    0.3444
 201   19.5705
 202   18.827
 203    4.4175
 204    0.3653
 205    0.7156
 206   24.4442
 207    0.6052
 208   45.7468
 209   19.9144
 210   31.9683
 211   27.2142
 212  107.499
 213   44.6506
 214   14.319
 215    5.7931
 216   67.8677
 217   31.1002
 218   22.6654
 219   56.4975
 220   67.3455
 221   89.5036
 222   24.8969
 223   11.0248
 224   67.6647
 225   63.1611
 226   57.376
 227  103.915
 228   88.2746
 229   59.7344
 230   63.8236
 231   29.2475
 232   46.056
 233   40.2672
 234   21.5294
 235   40.2239
 236   67.1203
 237   88.2732
 238   55.0068
 239   26.5493
 240   62.9695
 241   48.8935
 242   40.9495
 243   29.2999
 244    5.8591
 245   21.8325
 246   16.1249
 247    3.3357
 248    0
 249    0.3594
 250    0.8349
 251    0
 252    0.3437
 253    0
 254    0
 255    0.0727
 256    0
 257    0.1444
 258    0.5493
 259    0.6836
 260    0.3705
 261    0
 262    1.1396
 263    0
 264   11.1956
 265    3.3893
 266   22.7521
 267   34.7392
 268   25.7239
 269    2.5401
 270   19.1006
 271    3.1742
 272   66.4194
 273   85.7759
 274  125.798
 275   99.9411
 276  112.017
 277  113.588
 278   60.2348
 279   36.4003
 280   99.74
 281   90.4994
 282   70.1706
 283   88.2209
 284  108.093
 285  113.85
 286   43.2594
 287   36.473
 288   95.3591
 289   49.364
 290   59.4623
 291   91.4745
 292  138.874
 293   98.183
 294   60.1135
 295   16.4029
 296   43.3505
 297   44.2269
 298   17.8705
 299   41.7893
 300   54.6425
 301   57.6304
 302   33.0312
 303   21.3045
 304   13.1361
 305    5.0433
 306    2.9198
 307    9.0194
 308   10.5126
 309    0.4765
 310    0.421
 311    0.1757
 312    0
 313    0.013
 314    0
 315    0
 316    0
 317    0
 318    0
 319    0
 320    0
 321    0
 322    0
 323    0.4939
 324    0
 325    0
 326    0.9097
 327    0
 328    0.9158
 329    0.7128
 330    0.7775
 331    0
 332    0
 333    0
 334    1.0299
 335    0
 336   16.3461
 337   58.5881
 338   52.928
 339   51.1171
 340   76.4878
 341   56.8595
 342   70.7621
 343   45.7664
 344   54.3952
 345   71.4704
 346   53.8037
 347   53.5443
 348   45.4275
 349   49.747
 350   54.9966
 351   14.341
 352    4.7791
 353   30.9709
 354   14.752
 355    8.4693
 356    4.7351
 357   23.0901
 358   28.0056
 359    4.4725
 360    0
 361    0
 362    0.8455
 363    2.1888
 364    0.4084
 365    1.3042
 366    0.8246
 367    0
 368    0
 369    0.9434
 370    0
 371    0.013
 372    0
 373    0
 374    0.5919
 375    0
 376    0
 377    0
 378    0
 379    0
 380    0
 381    0.9366
 382    0
 383    0
 384    0.5949
 385    0
 386    0
 387    1.0714
 388    0
 389    0
 390    0
 391    0
 392    0.5957
 393    0.7001
 394    0
 395    0.6825
 396    1.3884
 397    3.0362
 398    0
 399    0.2939
 400    5.0337
 401    0
 402   18.5984
 403   12.654
 404   35.766
 405    0.7468
 406   44.0394
 407   16.4529
 408    0
 409    0
 410   12.2048
 411   21.7745
 412    0
 413   15.0328
 414    5.0641
 415    0.7257
 416    0
 417    0.3525
 418    0.8666
 419    0.5012
 420    0
 421    0
 422    0
 423    0.6645
 424    0.7352
 425    0
 426    0
 427    0
 428    0.0356
 429    0.505
 430    0
 431    0
 432    0.6726
 433    0
 434    0
 435    0
 436    0.2299
 437    0
 438    0.9366
 439    0.0912
 440    0
 441    0
 442    0.4796
 443    0
 444    0.0625
 445    0
 446    0
 447    0
 448    0.4445
 449    0
 450    0
 451    0.9568
 452    0
 453    0
 454    0
 455    0
 456    0.4736
 457    0
 458    0.9568
 459    0
 460    0
 461    0.3403
 462    0
 463    0
 464    0
 465    0.5645
 466    0.3537
 467    0
 468    0.1306
 469    0.7775
 470    0.5905
 471    0
 472    0
 473    0
 474    0
 475    0
 476    0
 477    0
 478    0
 479    0
 480    0.8248
 481    0
 482    0
 483    0.7958
 484    0.7958
 485    0
 486    0
 487    0.4657
 488    0.2261
 489    0
 490    0
 491    0.2118
 492    0.3363
 493    0
 494    0
 495    0
 496    0
 497    0
 498    0
 499    0
 500    0
 501    0
 502    0
 503    0
 504    0
 505    0
 506    0
 507    0
 508    0
 509    0
 510    0
 511    0
