This file was gnenerated on 2021-06-17 21:17:34.739276 by Grant Finneman. This contains the extracted data from the Gate simulations
The edep for each bar was summed up and printed to this file. The only math operation done has been addition.

  id      edep
   7    0.2501
  14    0.5911
  15    5.3946
  18    1.107
  24    0.9089
  26    0.3709
  27    0.016
  28    1.8136
  30    0.404
  31    1.2668
  33    0.7581
  34    0.123
  35    0.9655
  37    0.9781
  42    0.6934
  46    1.7445
  49    0.8116
  64    1.4991
  73    0.2646
  75    0.8269
  80    6.7356
  81    8.7958
  82    6.3512
  83    0.1419
  84    6.4957
  85    4.6254
  86    3.4836
  87    7.3051
  88    0.9029
  89   19.6591
  90   29.9342
  91   57.0093
  92   15.3014
  93   26.9306
  94   34.6033
  95   12.3448
  98    0.5377
  99    0.6988
 100    0.2646
 101    1.6908
 102    1.8366
 103   13.7823
 111   13.126
 113    0.9407
 125    0.0112
 133    0.7409
 136    8.5306
 137   16.001
 138    0.2946
 139   20.621
 140    7.067
 141    0.5992
 143    0.527
 144   56.136
 145   31.7735
 146   15.3317
 147   29.215
 148   52.3001
 149   37.1351
 150   26.864
 151   13.7043
 152   60.0643
 153   53.9279
 154   63.3653
 155   77.4035
 156  113.058
 157   65.6285
 158   17.7638
 159    6.0386
 160   40.6003
 161   74.1853
 162   47.0951
 163   35.2468
 164   64.5704
 165   60.9297
 166   17.9132
 167    7.9046
 168   68.5269
 169   41.0165
 170   19.7706
 171   42.5201
 172    5.8832
 173    0.6504
 174   15.1334
 175    8.9326
 177   12.6021
 179   18.62
 180    4.655
 184    0.9859
 189    0.9883
 194    3.9649
 197    1.7488
 198    0.7774
 200   33.688
 201   24.9283
 202    8.79
 203    4.0964
 204   32.0392
 205   11.2837
 206    3.933
 207    2.1236
 208    7.9028
 209   53.4682
 210   17.697
 211   50.3808
 212   32.4888
 213   25.4291
 214   25.3435
 215   18.0953
 216   29.7926
 217  116.445
 218   54.6254
 219   50.8302
 220   72.8888
 221   75.2153
 222   68.7642
 223   30.0634
 224   41.3154
 225   63.0139
 226   29.8807
 227   42.3471
 228   66.635
 229   49.3568
 230   26.6159
 231   18.6714
 232   57.0954
 233   48.9367
 234   33.9157
 235   53.7745
 236   47.7012
 237   40.9547
 238   13.1708
 239    8.8608
 240   41.6088
 241   12.0688
 242   10.5132
 243   23.0985
 244   28.0002
 245   31.3443
 246   14.364
 247    3.171
 250    0.9396
 252    4.4165
 255    0.7709
 257    0.6567
 260    0.0072
 264   10.5672
 265   20.8061
 266   17.0117
 267    6.2148
 268    7.4877
 269   12.2096
 270   15.5683
 271    4.4948
 272   38.6821
 273   53.056
 274   42.2327
 275   31.0013
 276   31.3983
 277  108.231
 278   42.5956
 279   15.6965
 280   48.2894
 281   38.7673
 282   63.7635
 283   94.3349
 284   93.704
 285   67.9244
 286   21.6452
 287   18.2611
 288   35.1725
 289   27.7335
 290   36.1032
 291   47.0501
 292   85.4231
 293   67.696
 294   39.3751
 295    9.3601
 296   70.9351
 297   30.4855
 298   21.574
 299    6.4755
 300   38.5948
 301   45.3322
 302   57.5362
 303   30.6327
 304   32.2294
 305   19.2834
 306    6.1234
 307   20.1308
 308   34.2231
 309   50.9277
 310    9.6639
 311    3.3066
 313    0.9396
 316    0.8222
 317    0.5777
 320    0.4844
 324    0.2064
 325    0.5566
 326    1.2574
 328    0.8795
 331    0.5725
 336    6.8236
 337   12.2052
 338    4.943
 339   13.5986
 340   15.7538
 341   17.6121
 342    4.1769
 343   12.3073
 344   53.2633
 345   78.9015
 346   23.055
 347   19.3624
 348   20.7518
 349   49.1539
 350   17.8192
 351   16.7763
 352   71.6495
 353   65.0467
 354   26.7604
 355   25.9082
 356   71.1798
 357   28.0491
 358   25.8473
 359    6.7161
 360   36.021
 361   39.6693
 362   82.6447
 363   88.0908
 364   48.5869
 365   55.0896
 366   16.4157
 367   16.0698
 368    0.941
 369    0.1273
 370    1.4571
 374    0.4413
 377    0.8039
 381    1.0028
 383    0.7453
 390    1.247
 396    0.6412
 397    0.4928
 402    0.4993
 403    1.6896
 405    0.4084
 410    0.525
 411    0.1261
 412    1.1017
 413    0.7775
 415    1.0622
 416    3.8132
 417   15.4369
 418   46.6333
 419   27.8059
 420   55.0311
 421   13.4754
 422    3.1366
 423    1.5207
 424   16.3798
 425   29.7711
 426   48.3672
 427    5.278
 428   12.9754
 429    2.915
 430    1.2954
 431    0.6027
 434    0.1087
 435    0.8558
 438    0.7003
 442    0.8664
 450    0.8727
 458    0.194
 459    0.9947
 461    0.6412
 463    0.6235
 466    0.5911
 467    0.0422
 471    0.9947
 473    1.1081
 475    1.989
 476    0.1878
 477    0.9729
 478    0.576
 479    0.9375
 481   16.0268
 484    0.6866
 485    0.6853
 486    2.1109
 488    1.1866
 490    0.7464
 491    1.1132
 493    0.1921
 494    0.1738
 495    0.2732
 496    1.665
 507    0.0421
