This file was gnenerated on 2021-06-22 18:17:34.992379 by Grant Finneman. This contains the extracted data from the Gate simulations
The edep for each bar was summed up and printed to this file. The only math operation done has been addition.

  id        edep
   0     1.19214
   1     1.1867
   2     0
   3     1.52997
   4     0.14767
   5     2.05485
   6     1.60142
   7     0
   8     1.12689
   9     0.99562
  10     2.78717
  11     1.30441
  12     1.84942
  13     1.19659
  14    12.4911
  15     9.41445
  16     2.4343
  17     0.63998
  18     2.29752
  19     0.08704
  20     2.10256
  21     0.17007
  22     0
  23     0.31308
  24     3.59755
  25     0.86496
  26     1.85785
  27     3.14002
  28     4.32176
  29     1.28865
  30     0
  31     2.52264
  32     3.16716
  33     2.68554
  34     2.71927
  35     4.10149
  36     0.7979
  37     2.46537
  38     0.55193
  39     0.9587
  40     0.87135
  41     2.80868
  42     0.61869
  43     3.49469
  44     1.22721
  45     0.41413
  46     0.23889
  47     0.58588
  48     2.46368
  49     0.67176
  50     0
  51     1.5188
  52     0.92013
  53     0.96629
  54     1.07453
  55     0.505
  56     0.98805
  57     0.3423
  58     0.65927
  59     0
  60     0
  61     0
  62     0.52704
  63     0.26237
  64     0.76401
  65     0.87014
  66     1.20224
  67     1.90614
  68     0.13405
  69     0.40486
  70     1.50186
  71     0.33342
  72     3.59606
  73     1.82232
  74     2.04988
  75     4.46383
  76     4.83169
  77     1.99203
  78     1.87487
  79     1.20666
  80    21.0463
  81     3.27752
  82     3.12621
  83     4.7786
  84     6.39117
  85     3.35819
  86     3.19789
  87    19.141
  88   180.241
  89    60.1192
  90    41.3668
  91    50.3775
  92    62.2083
  93   138.393
  94    68.6586
  95    48.2663
  96    37.4325
  97    37.6686
  98    26.3981
  99    25.3181
 100    38.1674
 101    22.1115
 102    44.976
 103    29.9218
 104     4.96891
 105     4.36077
 106    16.6023
 107     3.15551
 108     3.99726
 109     3.14659
 110    27.3868
 111     6.35208
 112     1.11998
 113     2.14066
 114     5.99354
 115     3.38475
 116     0.68672
 117     1.64432
 118     1.41251
 119    10.7862
 120     1.42537
 121     1.78838
 122     2.46495
 123     2.65481
 124     0.64167
 125     1.38497
 126     0.39382
 127     2.71341
 128     3.1331
 129     1.34558
 130     2.95413
 131     1.65591
 132     2.83862
 133     1.35383
 134     1.54845
 135    16.9587
 136     2.71828
 137    13.1349
 138     5.11559
 139     2.62017
 140     2.60476
 141     9.46107
 142     7.40512
 143    22.3868
 144    64.5214
 145    78.1522
 146    61.8971
 147   134.826
 148    52.1423
 149    60.6099
 150    34.9661
 151    49.7616
 152   587.511
 153   644.161
 154   499.019
 155   557.078
 156   697.65
 157   659.67
 158   489.157
 159   223.435
 160   639.061
 161   683.341
 162   690.978
 163   612.232
 164   669.462
 165   614.218
 166   428.885
 167   214.043
 168   187.603
 169   136.112
 170   175.021
 171   172.177
 172   269.708
 173   213.799
 174   120.447
 175    26.836
 176    14.0237
 177    39.6014
 178    37.8335
 179    22.0074
 180    22.1088
 181     3.88508
 182     2.24721
 183     0.77977
 184     1.0619
 185     2.8267
 186     2.07977
 187     1.52886
 188     5.14217
 189     1.22246
 190     1.24324
 191     0.27367
 192     4.15659
 193     0.9118
 194     1.95892
 195     2.21358
 196     1.31173
 197     0.62471
 198     2.15159
 199     6.20228
 200     1.73526
 201    13.2163
 202    29.4955
 203     4.55365
 204     2.30596
 205    16.4191
 206     3.36405
 207    29.1097
 208   379.192
 209   309.055
 210   441.944
 211   438.61
 212   373.843
 213   408.702
 214   270.608
 215   159.167
 216   778.428
 217   803.453
 218   781.334
 219   926.59
 220  1069.03
 221   848.589
 222   591.392
 223   258.056
 224   821.999
 225   896.845
 226   809.274
 227   986.808
 228   887.777
 229   749.065
 230   597.622
 231   273.682
 232   610.291
 233   638.907
 234   532.685
 235   688.931
 236   752.951
 237   773.68
 238   570.052
 239   186.456
 240    52.102
 241   113.621
 242    80.4541
 243   111.309
 244    45.8314
 245    40.0207
 246     9.94755
 247    24.3725
 248     2.15063
 249     3.84076
 250     1.91023
 251     2.16044
 252     3.47735
 253     0.802
 254    12.8231
 255    20.5104
 256     1.33722
 257     0.51282
 258     2.873
 259     0.12613
 260     1.2761
 261     4.8845
 262     1.01698
 263     0.62789
 264   113.042
 265   104.256
 266   118.253
 267    82.5073
 268   146.879
 269   148.297
 270    36.7376
 271     9.13496
 272   651.041
 273   552.637
 274   638.995
 275   692.379
 276   769.321
 277   756.631
 278   473.801
 279   191.399
 280   763.985
 281   625.431
 282   534.238
 283   753.272
 284   989.338
 285   963.76
 286   702.614
 287   331.6
 288   502.807
 289   644.452
 290   866.063
 291   807.809
 292  1072.12
 293   869.737
 294   597.781
 295   218.168
 296   333.332
 297   441.184
 298   372.287
 299   325.484
 300   318.371
 301   468.032
 302   425.029
 303   152.889
 304    11.1086
 305    17.176
 306    10.2718
 307    31.3957
 308     2.51814
 309     2.63481
 310     3.06943
 311     8.21715
 312     0.99084
 313     0.46078
 314     1.72451
 315     0
 316     1.25342
 317     1.28601
 318     3.69538
 319     7.01519
 320     0
 321     2.80419
 322     1.62955
 323     3.68439
 324     2.00044
 325     0.6251
 326     3.35397
 327     2.57782
 328    38.2732
 329    32.506
 330    30.3195
 331    47.5848
 332    67.953
 333    15.1703
 334    21.8994
 335     1.67473
 336   151.661
 337   169.714
 338   189.53
 339   168.408
 340   219.558
 341   130.914
 342   148.207
 343    68.1525
 344   422.036
 345   425.723
 346   516.895
 347   568.727
 348   610.433
 349   623.425
 350   531.388
 351   241.985
 352   620.64
 353   792.736
 354   747.587
 355   663.326
 356   706.809
 357   662.131
 358   442.722
 359   273.306
 360    38.8878
 361   107.773
 362    67.0763
 363    30.3378
 364    64.6629
 365   108.438
 366    86.2618
 367    35.9379
 368     3.56625
 369     2.03871
 370     3.52986
 371     3.88823
 372     5.82404
 373     3.65996
 374     1.62362
 375     3.44922
 376     1.03213
 377     0.93235
 378     2.39532
 379     1.71966
 380     1.42578
 381     1.56691
 382     2.6016
 383     0.38154
 384     1.49942
 385     1.33733
 386     0.45055
 387     0.79673
 388     0.64613
 389     2.35475
 390     0.72302
 391     2.19932
 392     2.06826
 393     1.03195
 394     4.63295
 395     3.47519
 396     3.14003
 397     2.75823
 398     3.1343
 399     9.49719
 400     5.79313
 401    13.6216
 402     4.46573
 403    21.6607
 404     2.84001
 405     8.20349
 406     1.89642
 407     7.69811
 408    68.6928
 409    59.763
 410    10.331
 411    53.2473
 412    73.7467
 413    87.6188
 414    45.6667
 415     6.80912
 416   137.203
 417    90.0626
 418    58.9141
 419    59.6963
 420   103.034
 421    87.1681
 422    46.4505
 423    20.682
 424    24.3371
 425     2.5941
 426     1.929
 427     4.22826
 428     5.2326
 429     6.18535
 430     1.11015
 431    10.5387
 432     2.93146
 433     4.69158
 434     0.04958
 435     1.66877
 436     0
 437     3.2196
 438     0.28265
 439    10.4164
 440     1.39721
 441     0.25276
 442     3.06935
 443     2.40029
 444     1.19563
 445     0.44658
 446     1.84114
 447     0.63048
 448     0.26159
 449     0.06451
 450     0
 451     1.02637
 452     1.26546
 453     0.98627
 454     0
 455     0.46996
 456     1.64813
 457     3.42234
 458     4.03669
 459     0.21389
 460     0.92751
 461     1.99174
 462     0.38839
 463    12.4856
 464     1.16622
 465     2.03727
 466     1.97507
 467     1.24083
 468     0.80552
 469     4.50862
 470     6.3874
 471     6.12772
 472     0.92309
 473     1.05882
 474     5.01354
 475     1.07128
 476     0.96517
 477     2.19712
 478     1.91724
 479     1.82104
 480     5.26716
 481     1.31533
 482     4.77961
 483     1.72857
 484     3.59807
 485     3.84121
 486     1.32581
 487     1.14321
 488     0.68069
 489     0
 490     1.16739
 491     0.8771
 492     1.48078
 493     1.18031
 494     1.28895
 495     0.99117
 496     1.66114
 497     0
 498     0.3731
 499     1.89229
 500     1.60843
 501     1.69052
 502     0.84002
 503     2.31648
 504     2.53088
 505     0
 506     0
 507     0.55312
 508     0
 509     0.78523
 510     1.13775
 511     0
