This file was gnenerated on 2021-06-17 21:16:50.390673 by Grant Finneman. This contains the extracted data from the Gate simulations
The edep for each bar was summed up and printed to this file. The only math operation done has been addition.

  id      edep
   9    0.7025
  11    0.3328
  13    1.1822
  16    0.3191
  21    0.8757
  22    1.8998
  29    0.4335
  30    0.5799
  35    0.1328
  36    0.0458
  40    0.4751
  42    0.4129
  43    0.087
  45    0.0507
  47    0.3185
  50    0.4061
  51    0.7463
  52    0.7014
  53    0.4335
  54    0.4335
  63    0.7014
  64    0.012
  72    0.9294
  74    0.3758
  75    0.3328
  76    1.1542
  81    0.9308
  82    0.644
  83    0.7025
  84    2.4431
  85    0.1814
  86    0.0623
  88    0.9966
  89    1.0277
  90    0.494
  91    0.9609
  93    0.4636
  95    0.7175
  96    0.1512
  97    0.9781
 101    0.0647
 102    0.4507
 105    0.3494
 106    0.8705
 107    1.8483
 110   13.0437
 116    0.0467
 117    0.0467
 121    0.5722
 123    0.3258
 124    0.7463
 127    0.7014
 128    0.6127
 133    0.7012
 134    0.9232
 144    0.7528
 145    0.1556
 146    0.4747
 148    1.2366
 150    0.4009
 151    0.8069
 152    5.2976
 153   25.215
 154    1.0948
 155    7.5097
 156    4.8741
 157    1.5584
 158   11.7214
 159    0.0329
 160   21.5463
 161   85.1556
 162   97.9886
 163   84.5086
 164   54.4663
 165   51.9855
 166   32.7665
 167   14.8271
 168   18.5709
 169   82.0888
 170   21.3587
 171   35.5296
 172   15.6899
 173   44.8683
 174   13.3831
 175    4.6038
 176    0.4152
 177    1.7324
 181    0.375
 183    0.9014
 186    0.2584
 200    0.4424
 201    0.7187
 202    0.5555
 205    0.45
 206    1.7089
 207    0.0623
 209    1.8946
 210    0.9219
 211    0.2018
 212    1.8373
 213    0.7125
 214    1.5928
 215    0.4225
 216   51.0676
 217   70.9555
 218   75.0051
 219  117.502
 220  108.655
 221   80.1324
 222   88.7045
 223   36.7522
 224  141.032
 225  179.343
 226  158.064
 227  145.29
 228  202.421
 229  103.75
 230  133.5
 231   75.7797
 232   23.6857
 233  168.899
 234  130.863
 235   61.6494
 236   34.1143
 237   71.3252
 238   55.8478
 239   26.1343
 242    0.4616
 243    0.6908
 244    1.4609
 245    0.3506
 247    0.9449
 256    1.1224
 258    1.3323
 259    1.3241
 262    0.2267
 265    2.0987
 266    0.0984
 267    0.7939
 270    0.1119
 271    0.6626
 272   80.0973
 273   57.9601
 274   56.2418
 275   39.87
 276   59.6655
 277   77.2564
 278   48.022
 279   16.1012
 280  194.033
 281  221.659
 282  134.355
 283   94.4539
 284  147.175
 285  132.187
 286   88.4436
 287   58.7277
 288   51.3532
 289   55.5263
 290   91.8689
 291   72.3822
 292  100.864
 293   84.4049
 294   29.7084
 295   10.8074
 296    0.6905
 297    1.8681
 298    1.5275
 299    0.9429
 300    1.3407
 301    0.2719
 302   10.9386
 303    0.9526
 306    1.1506
 309    0.5824
 311    0.7725
 313    0.604
 314    1.8074
 319    0.1344
 321    0.5872
 322    0.7723
 324    1.4028
 326    0.5551
 329    0.8667
 331    0.8281
 332    0.3796
 333    0.8613
 335    0.3416
 336   43.7524
 337   54.3711
 338   20.9224
 339   23.8266
 340   11.351
 341   15.7079
 342    3.0015
 343    2.8963
 344   90.7024
 345   54.8165
 346   48.8667
 347  137.623
 348   71.0935
 349   67.8837
 350   61.0318
 351   42.1188
 352    3.8677
 353    2.0462
 354    0.4718
 355   22.0305
 356   36.4707
 357    2.1622
 358    9.1643
 359   10.2864
 361    0.7914
 362    0.9673
 364    0.4686
 367    1.6049
 369    1.1227
 370    0.2931
 372    0.5824
 373    0.4454
 377    1.085
 378    0.1253
 381    0.7161
 390    0.7089
 392    0.7023
 397    0.4751
 400    0.9886
 401    0.1886
 402    0.8495
 403    1.757
 406    1.212
 408    8.668
 409   19.839
 410    0.8154
 411    0.4264
 412    0.1256
 415    0.6601
 418    0.6788
 420    0.0271
 422    1.9274
 425    0.0172
 427    0.1926
 429    0.0172
 433    0.9322
 436    0.2559
 440    1.78
 443    0.2157
 447    0.6202
 449    0.9083
 452    0.1886
 458    0.4678
 466    0.6635
 469    0.1303
 472    0.4272
 474    0.0875
 476    0.2361
 481    0.4914
 490    0.7692
 493    0.0271
 494    0.6202
 497    0.2629
 499    0.5554
 504    0.9957
 505    0.5071
 506    0.1312
