This file was gnenerated on 2021-06-22 18:38:27.851296 by Grant Finneman. This contains the extracted data from the Gate simulations
The edep for each bar was summed up and printed to this file. The only math operation done has been addition.

  id        edep
   0     0.42296
   1     0.95486
   2     0
   3     0.8799
   4     0
   5     0.61051
   6     0
   7     0
   8     0
   9     1.71202
  10     2.29387
  11     1.84823
  12     3.33606
  13     0.14311
  14     0.68435
  15    14.996
  16     1.15803
  17     0.03304
  18     0.62573
  19     2.8471
  20     0.77195
  21     0
  22     1.55996
  23    18.7155
  24     0
  25     0.02408
  26     1.85247
  27     2.68841
  28     0.91924
  29    11.9134
  30     8.37849
  31     6.12685
  32     1.6228
  33     3.40319
  34     0.72319
  35     1.98226
  36     1.23128
  37     3.0505
  38     0.88123
  39     0.96898
  40     1.9516
  41     0.95715
  42     0
  43     0.99928
  44     0.99475
  45     0.3945
  46     1.76568
  47     5.19169
  48     0
  49     0.57184
  50     0.06136
  51     2.95205
  52     0.68719
  53     0.93258
  54     2.11835
  55     0.90987
  56     0.9515
  57     1.46678
  58     1.10871
  59     0.4752
  60     0.70436
  61     0.95312
  62     0
  63     0.50001
  64     0
  65     0.77989
  66     1.91795
  67     1.05854
  68     0.60762
  69     2.31504
  70     0
  71     0.78638
  72     1.49837
  73     2.13745
  74     4.24925
  75     1.2958
  76     0
  77     0.11575
  78     0.62592
  79     0.04585
  80     2.35701
  81     3.34431
  82     3.50247
  83     2.30748
  84     5.0895
  85     1.52979
  86     1.22047
  87     1.88815
  88     6.11287
  89     0.74453
  90     2.86035
  91     3.69066
  92     6.99821
  93    16.0473
  94    12.1878
  95     4.17093
  96     2.52011
  97     0.01684
  98     2.32235
  99    11.1384
 100    35.1503
 101    26.8608
 102     6.08448
 103     7.64484
 104     2.99315
 105     0.51408
 106     1.43078
 107     2.25722
 108     0.4812
 109     1.72004
 110     2.42432
 111     1.61663
 112     0.44076
 113     1.43952
 114     2.27828
 115     1.47006
 116     1.13491
 117     1.73338
 118     1.48711
 119     0.37062
 120     0.47752
 121     1.94991
 122     1.16661
 123     0.94652
 124     3.51799
 125     0.68847
 126     0.05171
 127     0
 128     1.01947
 129     1.19143
 130     1.59387
 131     0.32294
 132     0.99948
 133     0.73267
 134     0.94194
 135     0
 136     2.21618
 137     1.66955
 138     1.8465
 139     1.52915
 140     0.71745
 141     1.4121
 142     2.43403
 143     2.50695
 144    73.1897
 145    51.4489
 146    77.9705
 147    24.528
 148    65.6202
 149    26.1855
 150     5.9978
 151    14.2726
 152   618.588
 153   727.991
 154   799.419
 155   654.372
 156   773.22
 157   683.276
 158   473.16
 159   107.369
 160   719.719
 161   686.328
 162   598.062
 163   613.864
 164   626.952
 165   707.077
 166   449.238
 167   168.285
 168    88.0531
 169    77.1515
 170    10.4155
 171    43.3997
 172    41.1484
 173     9.50374
 174    18.67
 175    13.4772
 176     0.94273
 177     1.41968
 178     1.64433
 179     2.08845
 180     2.60008
 181     0.92735
 182    31.5098
 183    28.9947
 184     2.93434
 185     0.25404
 186     0
 187     1.83926
 188     0.93696
 189     0.88788
 190     0.72401
 191     1.39386
 192     1.68013
 193     3.18651
 194     4.68808
 195     1.26366
 196     1.39397
 197     0.71178
 198     0.74508
 199     1.78645
 200    17.4534
 201     4.49524
 202     2.56474
 203     1.61232
 204     1.94299
 205     1.32549
 206     2.96015
 207    32.4968
 208   668.529
 209   603.167
 210   599.898
 211   728.264
 212   552.289
 213   490.748
 214   364.641
 215   143.7
 216  3345.48
 217  3691.04
 218  4302.56
 219  4259.31
 220  4170.56
 221  3980.39
 222  2482.89
 223  1031.29
 224  3210.02
 225  3704.68
 226  3900.46
 227  3579.77
 228  3685.6
 229  3280.38
 230  2293.88
 231   796.326
 232   663.87
 233   699.871
 234   678.449
 235   624.054
 236   827.614
 237   671.598
 238   352.213
 239   132.097
 240     8.3086
 241    11.7189
 242    43.9014
 243     3.62695
 244    23.7225
 245     2.23943
 246    15.7449
 247    11.1892
 248     2.60517
 249     0.54356
 250     2.39914
 251     1.29214
 252     0.66201
 253     1.29385
 254     1.54353
 255    25.5895
 256     1.45874
 257     0.49956
 258     0.64649
 259     2.65604
 260     0.54888
 261     0.48647
 262     0.75546
 263     0.55894
 264     2.02115
 265    12.4045
 266     2.38676
 267    12.7707
 268    23.9122
 269    16.893
 270     2.01315
 271     6.69248
 272   492.068
 273   645.932
 274   657.454
 275   859.795
 276   883.138
 277   594.695
 278   414.882
 279   111.252
 280  3527.6
 281  3629.87
 282  3824.71
 283  4206.11
 284  3980.27
 285  3559.7
 286  2578.79
 287   852.688
 288  3569.11
 289  3789.48
 290  3959.41
 291  3833.66
 292  3655.85
 293  3455.18
 294  2363.27
 295   937.903
 296   660.1
 297   749.882
 298   783.775
 299   881.336
 300   678.289
 301   611.346
 302   367.6
 303   144.029
 304    17.4337
 305    43.3679
 306    16.0013
 307     4.2244
 308    59.3744
 309    18.5635
 310     1.9024
 311    12.1424
 312     0
 313     0.0592
 314     0.5627
 315     0.96541
 316     1.3604
 317     1.70875
 318     3.49719
 319     0
 320     2.39057
 321     0
 322     0.71874
 323     1.2562
 324     1.41784
 325     1.53113
 326    22.1596
 327    19.98
 328     1.34657
 329     3.61222
 330     0.52567
 331     3.20782
 332     1.72497
 333     0.31216
 334     2.39479
 335     2.53274
 336    11.4351
 337    13.8278
 338    49.4085
 339    36.9638
 340    25.4155
 341    35.9088
 342    45.1353
 343    18.4506
 344   738.47
 345   518.246
 346   711.692
 347   936.193
 348   743.747
 349   632.966
 350   437.446
 351   119.057
 352   763.265
 353   532.836
 354   743.628
 355   791.592
 356   752.046
 357   730.803
 358   404.023
 359   117.998
 360    38.2333
 361    44.2578
 362    30.8813
 363   119.836
 364    25.1411
 365     9.83573
 366    10.0039
 367     8.36135
 368     3.72987
 369     0.85111
 370     4.25664
 371     2.11201
 372     2.3507
 373     1.78038
 374     7.9702
 375    20.886
 376     0.50057
 377     2.40509
 378     2.56468
 379     1.1678
 380     0.56148
 381     1.13934
 382     0.15144
 383     1.23815
 384     3.98503
 385     0.41136
 386     0
 387     0
 388     1.33162
 389     0.80014
 390     0
 391     1.31904
 392    14.5798
 393     2.31869
 394     1.42056
 395     1.98486
 396     3.01749
 397     1.53068
 398     1.51058
 399    26.8363
 400     0
 401     2.03596
 402     4.16945
 403     3.44918
 404     1.1677
 405     2.26002
 406     2.1735
 407    12.3515
 408     3.87983
 409     4.14887
 410     3.67546
 411    10.6343
 412    29.9428
 413    28.0487
 414    12.4367
 415    16.3656
 416     2.49359
 417     9.61793
 418     1.04347
 419    16.7031
 420    45.9842
 421    12.2631
 422     1.90907
 423    11.8194
 424     4.15188
 425     2.79987
 426     2.11927
 427     0.88191
 428     3.5431
 429     3.95972
 430     1.27047
 431     3.82799
 432     2.34181
 433     3.86307
 434     1.41103
 435     1.56267
 436     1.23657
 437     3.36143
 438     2.33344
 439     0.13669
 440     0.30584
 441     0.61743
 442     0.50694
 443     1.1534
 444     2.3983
 445     0.18764
 446     0
 447     0
 448     0.87557
 449     0.06604
 450     1.7662
 451     0.67162
 452     1.65758
 453     1.3101
 454     0.63739
 455     0.46552
 456     0.89546
 457     0.79323
 458     0.60053
 459     0.69541
 460     1.60033
 461     1.02784
 462     2.06437
 463    18.1981
 464     2.89605
 465     0.40412
 466     0.38053
 467     1.50424
 468     3.16024
 469     0.33162
 470     0.52089
 471     0.76223
 472     0.37734
 473     0.8354
 474     1.03123
 475     1.83905
 476     0.77357
 477     2.89068
 478     0.37355
 479     1.38842
 480     1.62694
 481     2.66258
 482     0.77706
 483     1.45604
 484     2.87874
 485     0.46446
 486     0.73782
 487     1.02219
 488     0.36899
 489     1.58932
 490     1.96166
 491     0.07845
 492     1.65459
 493     0.35229
 494     0.3275
 495     2.03636
 496     0
 497     0
 498     1.74642
 499     1.65559
 500     0.49115
 501     1.34845
 502     1.69318
 503     0
 504     0.87649
 505     0.97037
 506     0
 507     0
 508     0
 509     0.99811
 510     1.58882
 511     0
