This file was gnenerated on 2021-06-22 18:37:15.752263 by Grant Finneman. This contains the extracted data from the Gate simulations
The edep for each bar was summed up and printed to this file. The only math operation done has been addition.

  id        edep
   0     0
   1     0.55029
   2     0
   3     0.71464
   4     1.42928
   5     0.51031
   6     0
   7     0
   8     0
   9     1.44613
  10     0
  11     0.84743
  12     1.42764
  13     0
  14     0.59996
  15     0.209
  16     1.82944
  17     1.61332
  18     1.22831
  19     0
  20     2.13023
  21     2.13709
  22     0
  23     0.95289
  24     2.28403
  25     1.53366
  26     1.64622
  27     0.7486
  28     2.91024
  29     2.43887
  30     1.98642
  31     5.84496
  32     1.31721
  33     3.30549
  34     1.91291
  35     2.59838
  36     0.54997
  37     1.80005
  38     0.65186
  39    22.376
  40     1.36111
  41     1.76229
  42     1.05885
  43     1.07977
  44     0.61353
  45     0.36714
  46     0
  47     1.34108
  48     0.81292
  49     1.5847
  50     1.3143
  51     0.28737
  52     2.50141
  53     0
  54     0
  55     0
  56     0.68635
  57     0.36423
  58     0.08274
  59     0.82982
  60     0.69728
  61     0.76294
  62     0
  63    21.6145
  64     1.15057
  65     1.11942
  66     0.31885
  67     1.39804
  68     1.73305
  69     1.4091
  70     0
  71     0
  72     1.17047
  73     1.07747
  74     4.33065
  75     2.2636
  76     0.7411
  77     2.21888
  78     3.10356
  79     0.42084
  80     1.85961
  81     1.43502
  82     1.57123
  83     1.11768
  84     3.79201
  85     0.91736
  86     0.49181
  87     0
  88     3.18077
  89     2.93626
  90     2.17499
  91     4.03439
  92     2.38413
  93     1.29866
  94     0.58411
  95    13.6637
  96    12.7486
  97     3.19735
  98     0.60338
  99     2.95415
 100     3.5006
 101     5.9591
 102    11.6436
 103    39.1877
 104     0.82284
 105     3.74827
 106     2.05637
 107     2.17957
 108     3.84318
 109     1.10834
 110     3.1191
 111     4.05466
 112     0.9495
 113     0.03396
 114     1.9154
 115     4.52574
 116     2.83115
 117     0
 118     1.21354
 119     1.42124
 120     0
 121     1.29296
 122     0.94718
 123     1.55852
 124     1.83034
 125     2.00779
 126     0.63447
 127     0.95068
 128     1.47993
 129     2.58543
 130     2.52833
 131     0.51111
 132     0.73152
 133     2.62722
 134     1.97326
 135     0
 136     2.85046
 137     1.15661
 138     3.83586
 139     4.64731
 140     4.09314
 141     1.78532
 142     1.64714
 143     0.71345
 144     4.6649
 145     4.93775
 146     3.92471
 147     4.02652
 148     2.55981
 149     3.61039
 150     1.25453
 151     2.02688
 152    88.781
 153    95.8285
 154   143.988
 155    27.6293
 156    74.8097
 157    79.2277
 158   118.726
 159    44.6735
 160   226.707
 161   283.342
 162   340.232
 163   309.632
 164   240.233
 165   253.512
 166   239.138
 167    34.0324
 168     9.13035
 169    60.9994
 170    19.8447
 171    99.5744
 172    27.0606
 173    31.8201
 174    20.0734
 175    14.0782
 176     2.09446
 177     3.20157
 178     5.58526
 179     1.14047
 180     2.9281
 181     4.2687
 182     2.51354
 183     1.43609
 184     2.79252
 185     2.6245
 186     0.60287
 187     0.00223
 188     3.80916
 189     0.48058
 190     1.19741
 191     0.5772
 192     1.54152
 193     0
 194     0.63614
 195     0.53499
 196     0.82679
 197     0.37407
 198     6.23734
 199     4.11477
 200     3.70814
 201     5.58909
 202     1.48968
 203     3.65424
 204    25.1464
 205     1.99323
 206    15.1978
 207    12.763
 208   135.919
 209   150.805
 210   148.957
 211   211.739
 212   260.797
 213   227.853
 214   125.6
 215    47.4495
 216  2648.07
 217  3101.23
 218  2698.8
 219  2982.4
 220  2895.29
 221  2804.18
 222  1755.57
 223   510.308
 224  5963.91
 225  6643.15
 226  6720.75
 227  6431.8
 228  6000.49
 229  5724.71
 230  4478.65
 231  1986.26
 232   531.141
 233   516.281
 234   628.437
 235   666.723
 236   612.156
 237   416.122
 238   327.925
 239    86.5828
 240     5.73308
 241     2.86101
 242    22.3062
 243     4.34715
 244     1.82446
 245     3.72073
 246    24.5308
 247    28.2283
 248     1.11421
 249     1.09758
 250     0
 251     1.3178
 252     1.08057
 253     0.14579
 254     1.1246
 255    12.6405
 256     2.21183
 257     2.78775
 258     2.41742
 259     0.996
 260     0.34671
 261     0.04045
 262     1.57752
 263     6.41592
 264     3.79569
 265    18.1033
 266    18.0854
 267     3.46951
 268    13.2135
 269     1.18277
 270    33.3066
 271    25.2721
 272   595.473
 273   705.446
 274   708.38
 275   617.966
 276   739.742
 277   609.935
 278   326.371
 279    23.4451
 280  6437.32
 281  6875.44
 282  6761.2
 283  6524.13
 284  6335.64
 285  6601.27
 286  4429.66
 287  1618.79
 288  2610.32
 289  2759.77
 290  2537.89
 291  2920.56
 292  2521.11
 293  2586.63
 294  1440.62
 295   364.323
 296   355.363
 297   189.455
 298   251.73
 299   318.826
 300   192.866
 301   192.412
 302    76.8254
 303    29.0696
 304     2.21326
 305     3.76644
 306     3.13698
 307     1.93203
 308    15.2179
 309     2.80457
 310     3.41925
 311     5.1005
 312     0.2617
 313     0
 314     0.69644
 315     0
 316     1.72499
 317     0.87599
 318     0.35856
 319     0
 320     0
 321     2.02332
 322     0.28956
 323     0.61392
 324     0.75471
 325     2.76705
 326     0.76452
 327     0.4001
 328     2.95947
 329     3.40893
 330     2.5148
 331     1.96138
 332     2.95089
 333    27.9059
 334    16.9214
 335    15.9287
 336    33.3215
 337   145.774
 338   124.582
 339    76.2158
 340    70.976
 341    32.9338
 342    43.0367
 343     2.58223
 344   241.183
 345   307.437
 346   340.913
 347   157.248
 348   224.405
 349   256.872
 350   191.243
 351    40.6993
 352    34.4415
 353   104.162
 354    47.5759
 355    10.8613
 356    46.8462
 357    37.0336
 358    29.1841
 359    10.1198
 360     8.38255
 361     6.78124
 362     4.06284
 363     3.81443
 364     5.78783
 365     3.02599
 366    25.8966
 367    52.6868
 368     0.91859
 369     0.91859
 370     2.39188
 371     0.4443
 372     2.80832
 373     0.04985
 374    17.2329
 375     6.43084
 376     0.97436
 377     0.96109
 378     0.64089
 379     2.50664
 380     1.58586
 381     0.83365
 382     0.41757
 383     3.47705
 384     1.79002
 385     0
 386     1.15636
 387     0
 388     0
 389     0.06805
 390     1.42456
 391     6.35072
 392    17.9028
 393     3.10398
 394     2.14128
 395     1.17226
 396     0.85925
 397     0.756
 398     1.80066
 399    23.2248
 400     1.62812
 401     1.47278
 402     0.02624
 403     1.14557
 404     1.85039
 405     0.44223
 406     0.9005
 407     0.72201
 408    18.0745
 409     1.28596
 410     3.2357
 411     2.73469
 412     5.14613
 413     0.72263
 414     4.24065
 415     2.79121
 416     0.96438
 417     1.61883
 418     3.12028
 419     2.21127
 420     3.42901
 421     2.72949
 422    10.5154
 423    32.5598
 424     2.36202
 425     2.34199
 426     2.31405
 427     2.30657
 428     1.09521
 429     1.53865
 430    14.9367
 431    32.5916
 432     1.77767
 433     1.41135
 434     3.64418
 435     2.45522
 436     1.26753
 437     1.60137
 438     1.49866
 439     1.75219
 440     0
 441     0.54547
 442     0.4479
 443     1.0217
 444     1.42939
 445     0.44807
 446     0.57435
 447     0.14975
 448     0.22539
 449     1.29574
 450     1.80964
 451     1.12675
 452     0.0392
 453     0.24006
 454     0
 455     1.23339
 456     0
 457     1.6724
 458     0
 459     0
 460     1.24575
 461     1.65011
 462     1.8429
 463     0.74527
 464     0.83692
 465     0.66071
 466     0.68513
 467     0.13069
 468     2.36608
 469     1.62348
 470     0.48682
 471     0
 472     1.70216
 473     0
 474     1.60438
 475     0.57323
 476     2.08159
 477     1.32479
 478     1.70642
 479     2.58336
 480     1.18912
 481     2.41871
 482     1.12276
 483     1.00443
 484     3.00297
 485     1.45662
 486     1.64199
 487     1.50994
 488     0.36852
 489     1.11095
 490     2.2219
 491     0.63096
 492     1.61938
 493     1.66605
 494     0
 495     0
 496     0
 497     0.50799
 498     0.88851
 499     0.09801
 500     0.9705
 501     0.73688
 502     0.75072
 503     7.40556
 504     0.29692
 505     0.39819
 506     0.80579
 507     1.18992
 508     0.938
 509     0.34206
 510     0
 511     7.32088
