This file was gnenerated on 2021-06-22 18:39:21.774584 by Grant Finneman. This contains the extracted data from the Gate simulations
The edep for each bar was summed up and printed to this file. The only math operation done has been addition.

  id        edep
   0     0.84032
   1     0.74894
   2     0
   3     0.44119
   4     0
   5     0.66675
   6     0.75559
   7     0.03169
   8    13.7663
   9     0
  10     3.2189
  11     0
  12     0.23778
  13     2.08546
  14     5.8203
  15     1.09486
  16     1.64656
  17     2.67553
  18     0.02708
  19     2.04508
  20     0.81374
  21     1.80397
  22     0.19252
  23     0
  24     0.40638
  25     0
  26     1.87552
  27     4.99955
  28     2.00457
  29     0
  30     1.37137
  31     1.89759
  32     3.23702
  33     2.51146
  34     1.14088
  35     2.12015
  36     1.61639
  37     0.73799
  38     1.3793
  39     2.05828
  40     1.62151
  41     2.14376
  42     1.83858
  43     2.42454
  44     1.60014
  45     1.21951
  46     1.56974
  47     2.74579
  48     0.6444
  49     0.74905
  50     0.4736
  51     0.2749
  52     1.87455
  53     0.49613
  54     0
  55     0.78844
  56     2.82529
  57     0
  58     0.18182
  59     1.22289
  60     0.25414
  61     0
  62     0.5738
  63     0.56153
  64     1.57931
  65     0.75473
  66     0.82722
  67     0
  68     0
  69     0
  70     0.16168
  71     0
  72     0.19626
  73     2.93181
  74     1.0268
  75     1.23799
  76     0.82721
  77     0.86482
  78     3.57843
  79     5.48116
  80     1.44075
  81     0.96383
  82     0.72681
  83     0.64956
  84     1.42243
  85     0.82756
  86     1.24972
  87     1.33699
  88     4.59389
  89    13.5074
  90    58.4927
  91    45.4855
  92    30.2605
  93    34.9489
  94     3.37629
  95    21.541
  96    41.2056
  97   129.964
  98    56.9931
  99    53.1323
 100    64.743
 101    11.7367
 102    29.5345
 103     1.67247
 104     2.60857
 105     2.68159
 106     2.24817
 107     1.73491
 108     4.93481
 109     1.04185
 110    13.8858
 111     2.40681
 112     4.94412
 113     0.56773
 114     3.24789
 115     1.34245
 116     1.15343
 117     1.58614
 118     2.05634
 119     1.03538
 120     0
 121     0.34132
 122     0.78147
 123     3.11112
 124     0
 125     0
 126     0.60755
 127     1.53774
 128     3.01321
 129     0.84355
 130     0.75102
 131     0.36252
 132     1.1231
 133     0.35827
 134     2.8624
 135     1.87442
 136     3.06262
 137     1.92293
 138     2.93101
 139     0.25774
 140     1.56234
 141     1.04645
 142    26.0652
 143    46.0603
 144    84.7343
 145    25.5822
 146    43.7974
 147     6.19674
 148    33.3553
 149    12.5957
 150     4.89985
 151     1.07179
 152   662.318
 153   526.353
 154   622.5
 155   488.418
 156   303.402
 157   469.819
 158   368.585
 159   132.799
 160  1293.66
 161  1703.88
 162  1529.52
 163  1565.98
 164  1333.92
 165  1313.92
 166  1002.99
 167   401.268
 168   176.003
 169   364.595
 170   316.742
 171   277.544
 172   275.383
 173   299.309
 174   177.119
 175    53.5887
 176     3.52619
 177    10.3214
 178     3.22833
 179     2.23931
 180     5.69786
 181     7.07415
 182     9.96533
 183     3.33246
 184     2.58171
 185     1.13742
 186     0.52594
 187     1.45125
 188     2.11073
 189     3.90327
 190     1.21369
 191     0
 192     3.53812
 193     0
 194     1.43462
 195     0.99132
 196     0.85697
 197     2.39669
 198     1.27071
 199    16.1844
 200     2.27467
 201     2.67342
 202    73.3175
 203    62.2149
 204     2.79428
 205     4.62031
 206     4.85761
 207     3.16424
 208   604.971
 209   649.055
 210   701.633
 211   472.795
 212   692.722
 213   556.079
 214   284.803
 215   133.735
 216  2787.78
 217  2537.31
 218  2850.68
 219  2532.74
 220  2516.67
 221  2592
 222  1902.07
 223   674.114
 224  2668.31
 225  3341.94
 226  3190.31
 227  2963.6
 228  2768.1
 229  3031.52
 230  2163.67
 231   690.789
 232  1212.85
 233  1408.19
 234  1625.64
 235  1326.02
 236  1379.85
 237  1422.97
 238  1022.18
 239   428.248
 240    31.8668
 241    87.1139
 242    48.7333
 243    32.3083
 244    57.8614
 245    29.664
 246    11.989
 247    12.0994
 248     1.83378
 249     2.5752
 250     0.05292
 251     2.00407
 252     1.42466
 253     1.8306
 254     0
 255    21.9417
 256     1.93589
 257     1.58698
 258     2.67598
 259     0.78164
 260     3.88155
 261     1.26243
 262     1.07371
 263     2.18042
 264    61.2151
 265    45.2566
 266    67.6408
 267    41.3822
 268    88.4033
 269    22.2178
 270     2.71735
 271    30.7686
 272  1208.14
 273  1353.82
 274  1437.28
 275  1660.27
 276  1670.46
 277  1586.64
 278   965.907
 279   294.722
 280  3103.06
 281  3150.52
 282  3357.39
 283  3259.01
 284  3187.29
 285  3264.53
 286  2302.46
 287   933.838
 288  2110.91
 289  2229.33
 290  2434.29
 291  2512.85
 292  2913.24
 293  2636.2
 294  1709.16
 295   634.62
 296   307.701
 297   690.521
 298   638.88
 299   582.56
 300   559.123
 301   384.818
 302   275.28
 303   120.525
 304     3.40325
 305    25.927
 306    29.0458
 307    63.9531
 308    21.5787
 309     4.76988
 310    23.3444
 311     1.96925
 312     2.15473
 313     4.87426
 314     3.28236
 315     0.44382
 316     2.8644
 317     0.61437
 318     3.09403
 319     1.48126
 320     0.43254
 321     0.42804
 322     0.99752
 323     2.4386
 324     1.78351
 325     1.12251
 326     0.97098
 327     0.48903
 328    10.5078
 329     3.01876
 330     7.3677
 331     1.90316
 332     3.61325
 333     1.17035
 334     2.41773
 335     1.97991
 336   289.639
 337   241.309
 338   295.164
 339   291.974
 340   207.551
 341   271.57
 342   168.449
 343    34.8184
 344  1375.19
 345  1425.04
 346  1466.05
 347  1366.68
 348  1416.84
 349  1341.17
 350   981.764
 351   379.018
 352   571.42
 353   443.541
 354   529.631
 355   685.258
 356   622.866
 357   651.424
 358   427.867
 359   142.041
 360    22.3726
 361    18.4934
 362    34.8865
 363    44.0822
 364     4.96534
 365    14.4558
 366    17.2656
 367     4.12537
 368     1.1422
 369     2.46075
 370     4.37561
 371     1.12644
 372     5.21856
 373     2.2406
 374     0.36255
 375     1.10597
 376     0.48124
 377     0.65952
 378     0.16519
 379     2.76227
 380     1.18741
 381     1.80933
 382     0.9211
 383     0.27475
 384     1.87543
 385     0.14069
 386     0.86165
 387     1.03156
 388     2.08877
 389     1.51075
 390     1.88028
 391     2.08747
 392     3.72574
 393     2.19473
 394     0.77395
 395     1.66691
 396     2.87376
 397     2.97056
 398    24.967
 399    12.3329
 400     0.68011
 401    18.9557
 402    17.7583
 403     2.05894
 404    11.9906
 405     7.61385
 406    29.593
 407    11.9121
 408    53.9275
 409    93.6219
 410   109.538
 411    37.4198
 412     8.26232
 413    66.2739
 414    23.9183
 415    34.1535
 416     2.50366
 417    11.3321
 418    20.6407
 419    30.462
 420     4.57338
 421    17.0471
 422    12.8503
 423    34.4854
 424     2.49181
 425     2.49114
 426     2.93867
 427     4.62243
 428     8.33455
 429     2.71813
 430     3.20554
 431    12.2053
 432     2.75989
 433     0.85582
 434     4.34712
 435     2.64407
 436     0.6675
 437     1.25537
 438     1.90548
 439     1.16602
 440     0.73982
 441     0.54368
 442     0
 443     0.98038
 444     0.89552
 445     0.86306
 446     0.28544
 447     1.07515
 448     0.58199
 449     0
 450     0.04129
 451     0
 452     0.7412
 453     1.6826
 454     0.56253
 455     0.23311
 456     0.04129
 457     0
 458     0.76842
 459     0.13144
 460     1.41768
 461     0
 462     0.9308
 463     0.27242
 464     0.99241
 465     1.02011
 466     0.33665
 467     0.69785
 468     2.20173
 469     0.20146
 470     0
 471     0
 472     0.65209
 473     0.8342
 474     1.37762
 475     0.96088
 476     0
 477     2.70579
 478     1.25638
 479     1.70591
 480     1.64109
 481     0
 482     2.00165
 483     1.76607
 484     0
 485     0.34347
 486     2.67215
 487    15.3832
 488     0.87652
 489     0.79092
 490     0
 491     2.33263
 492     1.14591
 493     0.14709
 494    18.1448
 495    28.0262
 496     0.95459
 497     0.73913
 498     0.89743
 499     0.94404
 500     3.5686
 501     3.02101
 502     0.2278
 503     0.77491
 504     0.22235
 505     0.29801
 506     0
 507     1.13211
 508     0.17127
 509     0.84374
 510     0
 511     0.75338
