This file was gnenerated on 2021-06-22 18:53:18.846853 by Grant Finneman. This contains the extracted data from the Gate simulations
The edep for each bar was summed up and printed to this file. The only math operation done has been addition.

  id        edep
   0     0
   1     0
   2     0.93906
   3     0.99549
   4     0.11055
   5     0.60301
   6     0.39178
   7     1.60861
   8     1.58793
   9     0
  10     0
  11     0
  12     0
  13     0.56505
  14     0.02902
  15     0
  16     0.91003
  17     0.23025
  18     1.26737
  19     2.29086
  20     0
  21     0.79856
  22     1.36754
  23     0
  24     1.47063
  25     0
  26     0.16638
  27     2.64905
  28     0.22725
  29     2.4754
  30     0.85021
  31     1.30973
  32     2.35336
  33     0.98906
  34     1.65002
  35     1.25046
  36     1.98764
  37     1.09276
  38     1.24637
  39     4.73251
  40     1.59756
  41     1.51236
  42     3.06193
  43     1.52284
  44     0.34242
  45    14.8547
  46    10.3148
  47     1.72412
  48     3.45049
  49     0.82066
  50     1.31979
  51     1.37327
  52     0.24688
  53     0
  54     0.74121
  55     1.03469
  56     0.55954
  57     0
  58     0
  59     0.10947
  60     0.57744
  61     0.8909
  62     0
  63     0
  64     0.81103
  65     0
  66     1.85257
  67     3.64535
  68     0
  69     0
  70    18.8088
  71     1.14093
  72     0.98703
  73     2.84733
  74     2.21006
  75     0.56505
  76     2.99796
  77     0.47056
  78     0.7609
  79     0.43143
  80     0.42568
  81     1.37926
  82     1.89638
  83     6.0217
  84     1.26376
  85     3.4578
  86     2.16731
  87     0.2874
  88     4.13002
  89     1.47845
  90     2.35177
  91     3.01682
  92     0.60599
  93     3.63863
  94     0.49865
  95     2.06481
  96     1.47268
  97     1.54613
  98     6.42272
  99     2.51737
 100     2.01263
 101     3.36249
 102     1.05299
 103     2.49873
 104    22.8535
 105     9.06963
 106    10.9974
 107     4.85897
 108     2.02537
 109    15.5327
 110     5.87989
 111     7.27352
 112     1.65692
 113    24.8612
 114     3.55611
 115     2.60013
 116     3.44508
 117     1.75659
 118     0.64487
 119     0.46855
 120     2.14737
 121     1.52046
 122     0.28559
 123     2.66998
 124     1.94789
 125     0.36111
 126    10.2703
 127     0.79442
 128     0
 129     0.89447
 130     0.78099
 131     1.62933
 132     0.27857
 133     1.42278
 134     4.72396
 135    10.4345
 136     2.89694
 137     1.82394
 138     0.17305
 139     3.60224
 140     2.57485
 141     1.16113
 142     0.85391
 143     4.09591
 144     4.08722
 145     7.09539
 146     3.16796
 147    10.7919
 148     1.11893
 149     2.90801
 150     0.85766
 151     2.6112
 152    42.5126
 153    47.3156
 154    73.2274
 155    38.8957
 156    34.0607
 157    23.1359
 158    25.4663
 159     6.79557
 160   324.449
 161   415.816
 162   375.136
 163   254.186
 164   415.203
 165   262.672
 166   106.775
 167    35.1668
 168   940.251
 169   935.556
 170   909.259
 171   832.275
 172   977.185
 173   823.538
 174   491.913
 175   212.489
 176   109.325
 177   116.152
 178   170.792
 179    93.7098
 180    59.2351
 181    84.9197
 182    12.0699
 183     1.88461
 184     2.91408
 185     0.8045
 186     1.50835
 187     3.67141
 188     1.68
 189     0.94129
 190     2.77411
 191     9.02454
 192     0.50506
 193     0
 194     1.61886
 195     1.40903
 196     0.9111
 197     0.33904
 198     3.33082
 199     4.48097
 200     8.17524
 201    12.7736
 202     3.82225
 203    21.5277
 204    84.9205
 205     5.22885
 206    23.3783
 207    15.618
 208   207.64
 209   162.007
 210   268.588
 211   185.034
 212   268.837
 213   204.399
 214   120.405
 215    18.4682
 216  1095.95
 217  1406.36
 218  1381.36
 219  1374.53
 220  1329.8
 221  1289.91
 222   567.036
 223   276.472
 224  3515.42
 225  3926.94
 226  3883.8
 227  3651.13
 228  3824.8
 229  3755.24
 230  2752.73
 231   951.848
 232  2902.44
 233  3156.43
 234  2686.04
 235  2831.53
 236  3098.1
 237  2910.43
 238  1960.13
 239   679.985
 240   212.577
 241   145.305
 242   316.7
 243   146.644
 244   151.994
 245   178.77
 246    90.3283
 247    21.372
 248     2.58423
 249     2.5154
 250     1.28711
 251     1.17848
 252     5.93112
 253    15.4177
 254     0.62023
 255     0.87632
 256     1.16577
 257     0.92991
 258     1.17634
 259     1.79111
 260     1.52202
 261     1.22013
 262     0
 263     0.3829
 264   192.684
 265   155.326
 266   147.643
 267   188.75
 268   129.633
 269   158.226
 270    83.9094
 271    35.7044
 272  3118.48
 273  3362.23
 274  2745.14
 275  2955.17
 276  3262.97
 277  2843.27
 278  2139.83
 279   805.459
 280  3555.64
 281  3662.45
 282  4033.44
 283  4172.01
 284  4034.83
 285  3818.93
 286  2582.55
 287  1037.39
 288  1255.22
 289  1501.9
 290  1296.64
 291  1449.22
 292  1589.72
 293  1525.42
 294   837.778
 295   242.989
 296   189.533
 297   330.957
 298   209.965
 299   174.694
 300   166.253
 301   154.735
 302    77.309
 303    27.7846
 304     3.954
 305    22.6082
 306    19.354
 307    37.6365
 308    40.2594
 309    24.8531
 310    33.2986
 311    13.3694
 312     0.1184
 313     0.63658
 314     3.31386
 315     1.15498
 316     0
 317     0.13426
 318     1.27485
 319     1.67449
 320     0
 321     0
 322     1.48999
 323     2.36102
 324     1.84494
 325    23.9798
 326    12.0416
 327     9.27333
 328   102.78
 329   116.816
 330    96.7471
 331   108.354
 332   160.464
 333   147.165
 334    83.9374
 335     1.17042
 336  1177.15
 337   968.444
 338   945.715
 339   951.66
 340   705.607
 341   773.176
 342   603.447
 343   159.867
 344   324.421
 345   341.304
 346   318.799
 347   352.251
 348   279.887
 349   317.511
 350   196.376
 351    37.0993
 352    29.1036
 353    11.4822
 354    36.0835
 355    39.8041
 356     3.62612
 357    10.9426
 358    39.1701
 359    18.881
 360     3.19699
 361     5.62966
 362     5.28293
 363     4.46863
 364     2.04542
 365     1.21995
 366     0.81713
 367    10.6497
 368     2.03743
 369     3.51944
 370     0.96371
 371     2.26743
 372     3.38322
 373     0.77877
 374     2.11963
 375     7.32598
 376     1.81869
 377     0.05663
 378     1.43225
 379     3.70526
 380     0.59985
 381     1.35291
 382     0.73547
 383     2.12274
 384     0.11588
 385     0.4597
 386     0
 387     1.23308
 388     0.61506
 389     0.95397
 390     1.10856
 391     0
 392     1.5258
 393     4.1343
 394     2.87873
 395     1.03251
 396    14.3853
 397     2.43039
 398     1.29656
 399     1.54431
 400     3.88411
 401     4.20682
 402    11.9297
 403    20.1656
 404     3.09163
 405     0.91912
 406     1.08661
 407     6.72235
 408     5.63553
 409     3.0225
 410     3.72244
 411     3.80224
 412     2.74082
 413     1.31564
 414     1.69285
 415     2.35681
 416     3.91071
 417     3.60171
 418     0.4804
 419     1.55888
 420     6.04922
 421     0
 422     1.04637
 423    19.1379
 424     6.75742
 425     0.79634
 426     0.91205
 427     1.72535
 428     2.88798
 429     1.75728
 430     3.29045
 431     1.74852
 432     1.04714
 433     1.3921
 434     0.73239
 435     0.23064
 436     2.53952
 437     1.47065
 438     1.09104
 439     0
 440     0.55027
 441     0.24466
 442     1.25818
 443     1.35222
 444     0.739
 445     0
 446     0.35438
 447     0.00959
 448     0.71929
 449     0
 450     0.23421
 451     1.44656
 452     0.88349
 453     1.79958
 454     0
 455     0.77152
 456     1.42528
 457     0
 458     3.06739
 459     2.05336
 460     0
 461     0.98127
 462     0.56634
 463     0.87586
 464     0.96451
 465     3.89232
 466     0.81445
 467     2.58269
 468     0.89813
 469     1.8316
 470     0.18253
 471     7.8196
 472     2.45713
 473     1.19517
 474     0.21604
 475     1.3654
 476     3.19278
 477     0
 478     1.62613
 479     4.17333
 480     1.6834
 481     0.75803
 482     0
 483     0.39815
 484     0
 485     0.3603
 486    17.6449
 487    11.1611
 488     0.59964
 489     0.93584
 490     1.65947
 491     1.23838
 492     1.472
 493     2.11312
 494     1.26374
 495     0.29629
 496     1.45823
 497     0
 498     0.87191
 499     0.63125
 500     0.64738
 501     0.10807
 502     0
 503     0.75796
 504     0
 505     1.69391
 506     1.13652
 507     0.31511
 508     0.34955
 509     0.76276
 510     1.66253
 511     0.38691
