This file was gnenerated on 2021-06-22 19:04:22.835645 by Grant Finneman. This contains the extracted data from the Gate simulations
The edep for each bar was summed up and printed to this file. The only math operation done has been addition.

  id        edep
   0     0.67143
   1     2.08814
   2     1.58871
   3     2.51128
   4     0
   5     0
   6     0.57788
   7     1.02765
   8     1.38943
   9     0.94588
  10     1.52938
  11     1.38586
  12     1.24074
  13     1.45424
  14     1.31418
  15     9.26753
  16     1.08046
  17    15.1168
  18     0.04153
  19     5.53397
  20     1.67045
  21     1.25942
  22     0.57154
  23     4.9014
  24    39.3652
  25    56.9701
  26    44.7762
  27    25.2109
  28    15.0674
  29    36.2345
  30    12.2912
  31     1.8526
  32   116.374
  33   164.51
  34   190.894
  35    96.3082
  36    53.7474
  37    67.185
  38    56.3517
  39     8.82323
  40     1.49691
  41     1.14881
  42     4.00406
  43    14.8594
  44    12.2504
  45    18.0182
  46     5.45843
  47     0.89191
  48     0.57831
  49     2.98104
  50     0.64304
  51     0.39457
  52     2.01905
  53     0.62431
  54     1.1482
  55     0.97837
  56     0
  57     2.89887
  58     0.85259
  59     0.49331
  60     0.98662
  61     0
  62     1.73752
  63     0.49331
  64     0.14567
  65     2.03847
  66     4.26582
  67     0.44703
  68     1.89433
  69     4.29492
  70     3.10984
  71     1.04478
  72    86.6029
  73    35.8861
  74    24.891
  75    18.5823
  76    48.7916
  77     8.11952
  78     8.54464
  79     0
  80   151.222
  81   216.266
  82   208.54
  83   217.849
  84   203.518
  85   152.601
  86    91.9039
  87    29.0425
  88   521.413
  89   564.784
  90   510.644
  91   581.273
  92   569.388
  93   571.696
  94   409.322
  95   140.594
  96   810.604
  97   817.545
  98   867.329
  99   662.002
 100   698.943
 101   635.357
 102   421.61
 103   168.279
 104    68.1571
 105   143.924
 106    62.2121
 107   106.239
 108   134.956
 109    42.376
 110    31.4433
 111     8.1574
 112     8.56679
 113     2.51025
 114     1.66411
 115     0
 116     2.90559
 117     0.88296
 118     1.09168
 119     0.27624
 120     1.54218
 121     2.21087
 122     1.28148
 123     1.00944
 124     0
 125     1.31431
 126     0.26017
 127     0.69877
 128     7.6338
 129    15.6406
 130    13.5248
 131     3.60055
 132    23.3828
 133     9.31713
 134     7.38224
 135    10.9717
 136   520.775
 137   554.044
 138   522.197
 139   525.967
 140   487.334
 141   451.353
 142   335.227
 143   123.732
 144   951.607
 145   843.963
 146   755.631
 147   960.711
 148   813.512
 149   697.985
 150   550.224
 151   188.196
 152   854.751
 153   880.986
 154  1037.86
 155   924.475
 156   842.28
 157   750.522
 158   566.512
 159   181.111
 160   996.373
 161  1108.23
 162   915.147
 163   883.157
 164   964.218
 165   987.627
 166   772.791
 167   245.541
 168   421.861
 169   563.972
 170   446.085
 171   433.03
 172   625.506
 173   521.331
 174   266.404
 175    97.7012
 176    11.8924
 177    16.157
 178    10.3616
 179    19.2253
 180    52.7622
 181    58.452
 182    16.6606
 183     1.90456
 184     0.28494
 185     0.41546
 186     0.68834
 187     0.52923
 188     1.25056
 189     0.6458
 190     0
 191     2.32461
 192     7.37571
 193     0.01055
 194     2.32323
 195    43.1831
 196    58.4423
 197    27.186
 198     0.65058
 199     9.20677
 200   589.034
 201   553.928
 202   699.832
 203   652.594
 204   511.163
 205   476.978
 206   315.697
 207   110.765
 208   933.03
 209   937.301
 210   876.136
 211  1037.54
 212  1031.63
 213   936.635
 214   639.991
 215   233.079
 216   899.373
 217   995.17
 218  1136.97
 219  1244.94
 220   830.733
 221   839.183
 222   630.273
 223   269.737
 224  1132.54
 225   911.336
 226   899.012
 227  1030.14
 228  1069.93
 229   937.989
 230   746.762
 231   283.49
 232   839.332
 233   866.498
 234   876.979
 235   937.766
 236  1037.62
 237   897.847
 238   677.216
 239   223.395
 240   158.495
 241   275.223
 242   114.472
 243   181.249
 244   278.796
 245   167.347
 246   142.14
 247    13.1799
 248     1.71728
 249     1.06455
 250     2.39349
 251     1.14766
 252     1.27365
 253     0.61432
 254     0.19401
 255     1.00406
 256     1.90454
 257     2.82277
 258     3.79174
 259     4.35026
 260     0.39586
 261    13.0386
 262     9.18043
 263    16.794
 264   110.983
 265   184.576
 266   186.534
 267   144.994
 268   212.106
 269   230.927
 270    94.8599
 271    31.0475
 272   859.145
 273   880.91
 274   871.377
 275  1024.79
 276  1063.97
 277   991.149
 278   585.652
 279   220.468
 280   989.396
 281  1042.52
 282   974.671
 283   992.585
 284  1105.83
 285  1017.84
 286   680.655
 287   221.375
 288   982.066
 289   860.057
 290  1132.52
 291  1001.78
 292  1059.2
 293   911.497
 294   607.933
 295   209.321
 296   839.802
 297   932.362
 298   880.178
 299  1080.63
 300   937.593
 301  1015.73
 302   704.625
 303   268.278
 304   743.647
 305   508.275
 306   517.962
 307   592.493
 308   563.88
 309   563.678
 310   523.016
 311   153.051
 312     3.16879
 313    16.2209
 314    33.5648
 315    20.3052
 316    15.852
 317    38.7822
 318     2.18077
 319     2.94987
 320     3.08836
 321     1.34205
 322     0.75548
 323     0.36836
 324     3.50708
 325     5.4623
 326    37.9391
 327    16.8365
 328     4.85413
 329     5.68139
 330    33.8339
 331    14.2751
 332    19.0433
 333    12.3034
 334     0
 335     2.19429
 336   340.752
 337   408.094
 338   506.59
 339   518.516
 340   559.806
 341   428.556
 342   263.246
 343   122.17
 344   860.553
 345   901.388
 346  1042.44
 347  1100.65
 348  1131.89
 349  1023.87
 350   784.008
 351   388.938
 352   916.505
 353   942.326
 354   871.046
 355   951.709
 356   986.359
 357  1224.95
 358   632.86
 359   209.155
 360   903.642
 361   944.97
 362   969.695
 363   807.78
 364   865.04
 365   991.559
 366   696.463
 367   251.738
 368   332.168
 369   440.578
 370   376.078
 371   288.723
 372   215.97
 373   448.094
 374   361.188
 375   140.437
 376    21.157
 377     7.67813
 378    31.4773
 379    21.4601
 380    42.1218
 381    22.783
 382    32.5676
 383    15.711
 384     0
 385     0.34174
 386     2.1042
 387     0
 388     0.89644
 389     0
 390     2.33178
 391     2.10572
 392     0.73961
 393     1.22363
 394     2.81511
 395     2.45889
 396     0.24988
 397    14.5982
 398    13.4672
 399     0
 400   107.553
 401    73.8442
 402   111.344
 403    59.4223
 404   140.62
 405    67.5552
 406    63.5925
 407    16.0375
 408   680.084
 409   742.167
 410   633.527
 411   592.673
 412   612.531
 413   496.113
 414   352.331
 415   122.143
 416   505.527
 417   562.718
 418   611.774
 419   660.547
 420   605.053
 421   594.796
 422   494.621
 423   187.009
 424   180.633
 425   189.827
 426   170.229
 427   194.189
 428   162.347
 429   164.757
 430    80.474
 431    27.5583
 432    20.5816
 433    22.9702
 434    27.5275
 435     3.14748
 436     8.53932
 437     3.65238
 438     4.19099
 439     1.3686
 440     0.8536
 441     2.74901
 442     1.00721
 443     4.77983
 444     0.09005
 445     0
 446     1.15908
 447     0
 448     0.61271
 449     1.0315
 450     0
 451     0
 452     0
 453     0
 454     2.16809
 455     0.36223
 456     0.73054
 457     1.11035
 458     2.61847
 459     1.80049
 460     0
 461     3.27151
 462     0
 463     1.27505
 464     0
 465     1.85314
 466     0.16797
 467     1.40646
 468     1.0717
 469     3.67026
 470    42.1102
 471    19.0496
 472    68.7512
 473   135.656
 474   189.274
 475    57.6143
 476    71.4926
 477    56
 478    54.0543
 479    24.7262
 480    75.7856
 481    38.7686
 482    45.5163
 483    21.0736
 484    16.2911
 485    50.6226
 486     8.08937
 487    14.3985
 488     0.57575
 489     1.31572
 490     3.81493
 491     5.20683
 492     1.30646
 493     1.98525
 494     0
 495     0.72992
 496     1.97765
 497     0.59104
 498     2.57189
 499     0.84248
 500     3.97229
 501     0.41312
 502     0.81162
 503     1.1919
 504     2.37311
 505     0.63967
 506     0.7201
 507     0.64057
 508     1.57724
 509     0.65669
 510     0
 511     1.61923
