This file was gnenerated on 2021-06-22 18:31:15.322427 by Grant Finneman. This contains the extracted data from the Gate simulations
The edep for each bar was summed up and printed to this file. The only math operation done has been addition.

  id        edep
   0     0
   1     0.11516
   2     1.61886
   3     0.58186
   4     0
   5     1.00572
   6     0
   7     0.67002
   8     0.53438
   9     0.07048
  10     2.96293
  11     0.87891
  12     0.20909
  13     0
  14     1.63738
  15     1.11171
  16     0.26098
  17     1.19762
  18     0
  19     3.17276
  20     3.48707
  21     1.83141
  22     1.04321
  23     1.01266
  24     3.05746
  25     1.61387
  26     0.99382
  27     0.73558
  28     2.10838
  29     1.12847
  30     0.46122
  31     0
  32     1.09212
  33     2.24661
  34     0
  35     1.3026
  36     2.85804
  37     2.14813
  38    14.4044
  39    10.0778
  40     1.58958
  41     1.09807
  42     0
  43     2.05821
  44     1.35357
  45     1.33068
  46     1.51273
  47    13.7623
  48     0.40658
  49     1.47215
  50     0.88231
  51     0.70222
  52     1.3514
  53     1.32454
  54     0
  55    30.762
  56     0
  57     0
  58     0.63162
  59     0.3734
  60     0
  61     0.68093
  62     0
  63     0
  64     2.74979
  65     0.29668
  66     0.11028
  67     0.15295
  68     0.34879
  69     1.17659
  70     0.49422
  71     1.00969
  72     0
  73     2.16198
  74     2.34703
  75     1.51497
  76     0.35546
  77     0.26618
  78     1.82683
  79    23.3083
  80     3.04587
  81     3.70394
  82     0.94138
  83     3.51218
  84     1.5937
  85     4.44867
  86     1.39089
  87    45.6336
  88    58.8618
  89    39.5264
  90    64.5895
  91   110.186
  92     1.72259
  93     3.9687
  94     5.81291
  95     5.12514
  96    65.8471
  97    18.2255
  98    48.0291
  99    67.074
 100    40.5525
 101    81.3839
 102     3.72707
 103     4.52542
 104     0.82535
 105     2.66505
 106     3.04274
 107     3.70287
 108     1.14846
 109     3.28919
 110     1.34536
 111     1.74815
 112     0.69065
 113     0.46085
 114     0.6675
 115     1.71206
 116     2.05806
 117     1.32219
 118     1.36992
 119     0.80066
 120     0.0768
 121     0.79521
 122     0.9586
 123     1.83685
 124     1.13461
 125     1.29559
 126     0.55136
 127     1.28552
 128     1.39232
 129     0.02775
 130     2.20524
 131     2.54828
 132     0.49628
 133     0.42497
 134     0.41995
 135     0
 136     3.24534
 137     0.86625
 138     3.40276
 139     2.24542
 140     1.95943
 141     0.53508
 142     2.02395
 143     1.89434
 144    32.3022
 145    54.6724
 146    25.6896
 147     5.70336
 148     3.79194
 149     3.5066
 150     5.07408
 151     1.25461
 152   870.896
 153   953.271
 154   899.525
 155  1071.36
 156   856.905
 157   766.929
 158   537.574
 159   205.016
 160  1976.14
 161  2088.07
 162  2219.91
 163  2393.03
 164  2374.99
 165  2157.5
 166  1459.78
 167   517.813
 168   192.381
 169   207.968
 170   137.934
 171   183.827
 172    53.1767
 173   103.913
 174    63.183
 175    39.9817
 176     1.17932
 177     1.45023
 178     1.00241
 179     1.39316
 180     1.24348
 181     0.51019
 182     2.02312
 183     1.33142
 184     0.62908
 185     1.82599
 186     0
 187     2.69753
 188     0.73482
 189     0.6215
 190     1.17909
 191    13.2105
 192     1.22408
 193     1.89815
 194     1.94206
 195     2.69932
 196     1.33303
 197     0.36341
 198     1.49628
 199     1.34585
 200     4.11251
 201     3.26173
 202     2.38217
 203     2.97798
 204     0.93637
 205     0.80946
 206     0
 207     2.86706
 208    34.7073
 209    46.4407
 210    64.9946
 211    79.832
 212    23.8835
 213    26.3716
 214    29.888
 215    10.1997
 216  2643.83
 217  2856.93
 218  2502.18
 219  2600.02
 220  2725.7
 221  2864.16
 222  1621.71
 223   710.907
 224  3772.29
 225  3678.81
 226  3762.86
 227  4225.34
 228  4045.06
 229  4179.89
 230  2688.36
 231  1103.67
 232   220.658
 233   174.894
 234   220.902
 235   220.524
 236   151.358
 237   119.751
 238   114.477
 239    30.1993
 240     2.30037
 241     2.83481
 242     4.24468
 243     6.23995
 244     1.25216
 245     0.99431
 246     0.73084
 247     1.07174
 248     0.21162
 249     2.53956
 250     2.14277
 251     0.3158
 252     0.85511
 253     0.95349
 254     0
 255    17.261
 256     0
 257     0.02848
 258     1.60244
 259     0.6282
 260     1.19723
 261     6.42656
 262     6.64423
 263     7.02934
 264     0.49573
 265     4.98688
 266     5.06417
 267     2.65378
 268     2.06663
 269     0.06167
 270     2.76546
 271    17.181
 272   192.35
 273   146.571
 274    96.7967
 275   253.185
 276   199.831
 277   183.586
 278   144.782
 279    42.4416
 280  3614.28
 281  4109.87
 282  3973.12
 283  4384.11
 284  4652.29
 285  3992.39
 286  2376.7
 287   968.794
 288  2528.6
 289  2682.96
 290  2816.81
 291  2824.89
 292  2751.86
 293  2791.84
 294  1790.11
 295   738.54
 296    52.4561
 297   104.736
 298    23.092
 299    63.3727
 300    73.3596
 301    45.5861
 302    27.0256
 303    38.8781
 304     2.34707
 305     4.04108
 306     0.81661
 307     2.83251
 308     5.08388
 309     2.5054
 310     1.19771
 311     1.28872
 312     0.87131
 313     0.21611
 314     1.14466
 315     3.65315
 316     1.16872
 317     0.76152
 318     1.06267
 319     1.496
 320     0.49994
 321     0.97787
 322     2.52086
 323     0.47957
 324     1.05058
 325     1.21294
 326     2.39909
 327     1.84291
 328     0.49054
 329     1.55442
 330     1.53661
 331     1.93965
 332     2.52892
 333     2.3949
 334    16.8476
 335    11.9827
 336    94.6716
 337   126.855
 338   192.471
 339   199.77
 340    98.821
 341   110.549
 342   131.312
 343    55.2964
 344  1872.24
 345  2124.59
 346  2256.88
 347  2377.89
 348  2301.27
 349  2009.55
 350  1400.91
 351   566.18
 352   823.358
 353   793.581
 354   870.964
 355   947.89
 356  1265.37
 357  1158.95
 358   599.649
 359   260.392
 360    17.1514
 361    33.6081
 362    19.768
 363    32.454
 364    48.957
 365    40.6388
 366    24.3338
 367     0.58171
 368     3.18151
 369     1.86618
 370     3.12701
 371     3.55132
 372     4.4766
 373     1.13179
 374     1.11548
 375     0.5912
 376     0.76703
 377     0.54446
 378     2.06905
 379     3.84843
 380     3.54072
 381     0.59587
 382     0.65086
 383     1.83576
 384     0
 385     0.49211
 386     0
 387     1.11435
 388     1.16402
 389     0.83635
 390     0.31006
 391     0
 392     1.98024
 393     1.74656
 394     2.00947
 395     0
 396     0.20032
 397     0.60998
 398     1.97413
 399     0.12957
 400     4.31593
 401     8.86834
 402     9.09726
 403     1.27278
 404     1.79566
 405     0.76446
 406     3.61558
 407    15.6298
 408    26.8634
 409    52.8219
 410    66.0383
 411   115.958
 412    36.6794
 413     4.9527
 414    24.8937
 415    34.8824
 416     2.83741
 417    35.6302
 418    82.3967
 419    66.3408
 420    20.4943
 421    72.0708
 422    26.6616
 423     5.39012
 424     2.16273
 425     2.09235
 426     1.54372
 427     1.86433
 428     2.08356
 429     0.24057
 430     4.4984
 431     1.52325
 432     1.13849
 433     3.15949
 434     0.81994
 435     1.91852
 436     1.57831
 437     0
 438     1.53581
 439     0.54916
 440     0
 441     1.17779
 442     1.92245
 443     1.52475
 444     1.541
 445     0.17409
 446     3.07696
 447     2.16186
 448     1.33105
 449     1.51526
 450     1.21297
 451     0.88811
 452     0.80208
 453     0
 454     1.56959
 455     0.55083
 456     1.90285
 457     0.29943
 458     0
 459     1.2982
 460     2.22259
 461     1.91684
 462     0.93623
 463     3.32044
 464     1.30976
 465     2.2405
 466     0.58958
 467     0.97181
 468     0.33257
 469     2.33804
 470     3.23461
 471     0.01083
 472     2.99353
 473     3.94477
 474     0
 475     3.10694
 476     1.76045
 477     2.96297
 478     0.65066
 479     8.93032
 480     0.59281
 481     2.43579
 482     1.39044
 483     1.6998
 484     1.55571
 485     0.01763
 486    25.2435
 487    19.2867
 488     2.00555
 489     1.07901
 490     0
 491     0.14969
 492     2.47319
 493     0.13139
 494     0.40075
 495    11.6781
 496     0.42158
 497     0
 498     0.13925
 499     2.28149
 500     0.14377
 501     3.06723
 502     2.50992
 503     1.20873
 504     0.97995
 505     0.59781
 506     0.58535
 507     0
 508     0.82982
 509     0
 510     0
 511     1.53373
