This file was gnenerated on 2021-06-22 19:02:19.410623 by Grant Finneman. This contains the extracted data from the Gate simulations
The edep for each bar was summed up and printed to this file. The only math operation done has been addition.

  id        edep
   0     0.42007
   1     0
   2     0.93083
   3     1.70788
   4     0
   5     0.63365
   6     0.40428
   7     0.01598
   8     0.98069
   9     4.87128
  10     1.18209
  11     0.46356
  12     0.56651
  13     0.70759
  14     0.15712
  15     0.2805
  16     0.5892
  17     0.98888
  18     0.68278
  19     2.81867
  20     2.48588
  21     1.08248
  22     0.52108
  23     9.10344
  24     2.7051
  25    11.556
  26     2.36511
  27     0.73958
  28    31.7466
  29    12.9457
  30    27.9403
  31     0.52108
  32    10.1728
  33    35.8555
  34    54.4213
  35    27.7192
  36    21.4995
  37     3.31017
  38    44.9881
  39    21.359
  40     4.09228
  41     1.48265
  42     1.04697
  43     0.17133
  44    25.6723
  45    18.2031
  46     1.83047
  47     0
  48     0.84911
  49     0.62903
  50     0.89504
  51     1.62121
  52     1.38222
  53     0.81221
  54     0
  55     9.03392
  56     0.64296
  57     0.23163
  58     0.22477
  59     0.84237
  60     0
  61     0.72216
  62     0
  63     1.31295
  64     0.50643
  65     1.52718
  66     2.0759
  67     1.61398
  68     0
  69     0
  70     0.92651
  71    12.2184
  72     3.31617
  73     0.98087
  74     2.43202
  75     1.59261
  76     1.10877
  77     3.06085
  78     0.2168
  79     0.93399
  80     7.01286
  81     4.32873
  82     0.88099
  83     1.90048
  84     1.29066
  85     0.02684
  86     1.44605
  87     0.79196
  88   366.634
  89   358.233
  90   346.697
  91   158.802
  92   198.873
  93   302.268
  94   178.389
  95    93.3832
  96  1016.44
  97  1176.96
  98   969.068
  99   836.511
 100   938.03
 101   940.027
 102   689.287
 103   371.41
 104   299.623
 105   256.122
 106   221.678
 107   216.069
 108   245.976
 109   327.53
 110   183.671
 111    39.8931
 112     0.57726
 113     0.25171
 114    15.7114
 115     1.77974
 116     2.18349
 117    31.3089
 118     5.39558
 119     1.07518
 120     0.13103
 121     1.22694
 122     1.62929
 123     0.25273
 124     0
 125     1.71693
 126     0.15445
 127     0.00802
 128     1.11691
 129     0.9397
 130     2.17852
 131     0.06804
 132     1.88754
 133     0
 134     1.20853
 135     4.17384
 136     0
 137     2.42271
 138     1.58843
 139     1.51495
 140     2.4736
 141     0.77638
 142     1.19625
 143     1.88451
 144    22.3746
 145    18.3757
 146     3.02198
 147    13.1369
 148     6.42896
 149    17.9494
 150    29.0204
 151     2.53585
 152  1185.81
 153  1133.76
 154  1009.29
 155  1169.39
 156   847.36
 157   922.561
 158   693.54
 159   217.88
 160  2366.3
 161  2352.21
 162  2635.1
 163  2463.15
 164  2310.38
 165  2111.87
 166  1494.49
 167   682.191
 168   514.544
 169   653.65
 170   583.311
 171   663.017
 172   565.934
 173   514.192
 174   301.459
 175   101.592
 176    16.7039
 177     5.51525
 178    35.7625
 179     2.77589
 180     4.42341
 181     3.53168
 182    30.0313
 183    14.7143
 184     0.79784
 185     0.24019
 186     1.81125
 187     0.34266
 188     3.08584
 189     2.05588
 190     1.11187
 191     0.81485
 192     0.70322
 193     1.76274
 194     1.96412
 195     0
 196     0.82418
 197     0.96875
 198     0.93337
 199     1.20305
 200     5.18004
 201     2.92537
 202     1.43793
 203     3.27014
 204     0.62801
 205     3.41612
 206     0.8553
 207     1.15022
 208    84.9818
 209    69.2298
 210   169.47
 211    68.8268
 212    14.4211
 213    44.7884
 214    35.0131
 215    33.9308
 216  1432.95
 217  1739.45
 218  1762.58
 219  1620.68
 220  1761.16
 221  1611.43
 222   908.286
 223   321.011
 224  2035.33
 225  2313.58
 226  2116.26
 227  2040.39
 228  2387.76
 229  2086.5
 230  1394.31
 231   639.652
 232   140.46
 233   240.519
 234   351.503
 235   279.472
 236   347.16
 237   373.322
 238   145.902
 239    74.1798
 240    21.9432
 241    17.6481
 242    14.7707
 243     0.67289
 244     0.37697
 245     2.51739
 246     1.59349
 247    27.2711
 248     2.44006
 249     1.9328
 250     0.89359
 251     1.22153
 252     0.53415
 253     2.26474
 254     0.83239
 255     2.2349
 256     0.94943
 257     0.80567
 258     0.43141
 259     0.2874
 260     0
 261     2.2678
 262     0
 263     1.81722
 264     2.8486
 265     1.92311
 266    17.0766
 267     1.8668
 268     1.16443
 269     2.20591
 270     1.20074
 271     8.82456
 272   167.658
 273   192.711
 274   301.693
 275   229.56
 276   112.662
 277   155.378
 278   129.659
 279    37.4558
 280  1884.16
 281  2161.45
 282  2076.26
 283  2061.08
 284  2029.94
 285  1455.54
 286  1163.9
 287   339.13
 288  1442.83
 289  1553.47
 290  1662.17
 291  1570.22
 292  1761.04
 293  1697.11
 294  1242.97
 295   455.834
 296   136.728
 297    64.8759
 298    57.8114
 299   109.226
 300    86.0982
 301    57.8864
 302    52.7988
 303    41.2729
 304     2.96218
 305     3.40313
 306     1.39088
 307     0.34768
 308     3.07227
 309     2.88545
 310     1.42968
 311     0.33707
 312     0.7377
 313     0.51492
 314     1.79973
 315     1.12042
 316     1.69074
 317     2.6
 318     0.969
 319     0
 320     0
 321     0.7297
 322     0.35153
 323     0
 324     0.04018
 325     0.98215
 326     0.81029
 327     0.25763
 328    11.3085
 329    11.414
 330    27.4938
 331    14.028
 332     1.07829
 333     1.36672
 334    17.6836
 335    15.0267
 336   522.216
 337   813.898
 338   792.19
 339   667.56
 340   638.726
 341   549.404
 342   233.138
 343   136.499
 344  2048.62
 345  2616.39
 346  2487
 347  2567.18
 348  2393.19
 349  2248.03
 350  1607.32
 351   472.625
 352  1189.94
 353  1259.17
 354  1124.12
 355  1155.76
 356  1199.39
 357   966.14
 358   722.02
 359   251.339
 360     6.47743
 361    12.577
 362    38.4622
 363    63.714
 364    16.1556
 365    11.7599
 366    19.7095
 367    27.5995
 368     1.58927
 369     2.14154
 370     1.40461
 371     3.69807
 372     1.54513
 373     0.01261
 374     1.30463
 375     1.84292
 376     1.00021
 377     1.6019
 378     1.53344
 379     0.15792
 380     0
 381     2.44345
 382     0
 383     3.42977
 384     0.90889
 385     2.03765
 386     1.47857
 387     0.04523
 388     0.04362
 389     1.89531
 390     0.46611
 391     0.22364
 392     1.35984
 393     1.31123
 394     1.4832
 395     2.0028
 396     0.80624
 397    25.5781
 398     1.1692
 399    19.6641
 400   213.313
 401   558.478
 402   502.485
 403   475.392
 404   260.35
 405   263.807
 406   218.558
 407    86.2056
 408  1177.69
 409  1289.77
 410  1220.9
 411  1241.59
 412  1029.86
 413   910.926
 414   610.194
 415   280.342
 416   262.977
 417   450.213
 418   418.851
 419   328.496
 420   336.07
 421   192.074
 422   163.956
 423    86.7106
 424     2.49494
 425     1.16686
 426     7.05456
 427     0.76747
 428    15.4665
 429    29.5467
 430    23.1328
 431     2.48271
 432     1.9756
 433     1.01962
 434     2.24875
 435     0.74917
 436     1.38461
 437     2.10624
 438     2.44136
 439     1.23366
 440     1.58415
 441     3.61271
 442     0.50187
 443     0.67554
 444     1.78351
 445     2.67506
 446     1.12271
 447     0
 448     0
 449     0.19086
 450     1.35899
 451     2.81149
 452     0
 453     3.10623
 454     0.75804
 455     0.94889
 456     2.19568
 457     0.09543
 458     1.14905
 459     1.51953
 460     0.99734
 461     1.68737
 462     1.08857
 463     1.38511
 464    13.6266
 465    19.537
 466    29.9058
 467     5.77457
 468    14.404
 469    22.9164
 470     0
 471     1.21547
 472    40.1046
 473    32.4511
 474    33.9785
 475    16.7787
 476     3.93712
 477     3.36247
 478     4.12298
 479    25.9808
 480     0.72652
 481    35.1895
 482    17.9381
 483    15.6225
 484    16.274
 485     2.50528
 486    14.7069
 487    19.7568
 488     0.95291
 489     1.5988
 490     2.43011
 491     1.32705
 492     0.60931
 493     2.63661
 494     0.64313
 495     4.77522
 496     0.88144
 497     1.48419
 498     2.16925
 499     1.69443
 500     2.62577
 501     0.22452
 502     0
 503     0.90668
 504     0
 505     0.87801
 506     1.91776
 507     1.51875
 508     1.74242
 509     0
 510     1.11306
 511     1.06149
