This file was gnenerated on 2021-06-22 19:00:01.079984 by Grant Finneman. This contains the extracted data from the Gate simulations
The edep for each bar was summed up and printed to this file. The only math operation done has been addition.

  id        edep
   0     0.35909
   1     0.96632
   2     1.12277
   3     0.08563
   4     1.42154
   5     0.68544
   6     0
   7     0
   8     0.90778
   9     0.31976
  10     0.88836
  11     0.36054
  12     0.92692
  13     2.08866
  14     0
  15     0.95229
  16     1.65984
  17     0.81249
  18     2.7157
  19     2.24281
  20     0.33802
  21     0
  22     1.08062
  23     1.20515
  24     1.69588
  25     1.02696
  26     0.14167
  27     1.42022
  28     0.38281
  29     1.1757
  30     0.78712
  31    19.8148
  32     2.44386
  33     3.51161
  34     0
  35     5.82218
  36     2.63101
  37     2.62385
  38     0.71293
  39     2.36628
  40    17.6014
  41     1.51303
  42     0
  43     1.5934
  44     4.74112
  45     2.26441
  46    19.0124
  47    16.4938
  48     0.8101
  49     0.68212
  50     2.1743
  51     0.46692
  52     1.83885
  53     0.44115
  54     1.03397
  55     0.04094
  56     0
  57     0.69241
  58     1.39847
  59     0.63181
  60     0.91976
  61     0
  62     9.72933
  63    24.198
  64     0.1252
  65     0.96998
  66     2.97946
  67     1.78039
  68     1.98702
  69     2.85436
  70     1.59192
  71     0.80626
  72     1.77524
  73    80.5037
  74    73.4157
  75     5.79586
  76    10.699
  77    15.7986
  78     3.21661
  79     3.25398
  80    38.7803
  81    31.0954
  82    37.4976
  83    55.2921
  84    17.6093
  85    66.678
  86    30.2853
  87    16.4078
  88    15.214
  89    41.5541
  90    54.6641
  91    64.9978
  92    38.729
  93    49.1114
  94    29.3277
  95     9.97443
  96    79.7615
  97    82.135
  98    48.4831
  99    75.0871
 100    68.7926
 101    18.9967
 102     9.28538
 103    20.6168
 104   107.603
 105    55.6331
 106    29.4482
 107    24.0479
 108    24.1362
 109    29.403
 110    41.6093
 111    34.3526
 112    20.2693
 113     7.0477
 114    28.1966
 115    20.9281
 116    32.1289
 117    19.0423
 118     2.56153
 119     3.83014
 120     0.46165
 121     0.79817
 122     0.20578
 123     1.12059
 124     1.11983
 125     2.45262
 126     0.86057
 127     1.3887
 128     1.46463
 129     2.11734
 130     0.32336
 131     1.4063
 132     2.09564
 133     0
 134     1.29727
 135     0.37075
 136   249.558
 137   257.037
 138   242.679
 139   241.962
 140   351.073
 141   209.562
 142   136.234
 143    57.8744
 144   777.606
 145  1015.5
 146   930.769
 147   913.122
 148   937.772
 149   804.15
 150   489.58
 151   162.068
 152   909.437
 153   669.986
 154   801.272
 155   769.666
 156   779.643
 157   742.648
 158   810.512
 159   190.411
 160   951.324
 161   896.755
 162   971.064
 163   951.999
 164  1020.62
 165   814.388
 166   545.163
 167   196.338
 168   863.353
 169   892.469
 170  1079.67
 171  1160.94
 172  1222.27
 173   895.126
 174   599.011
 175   299.783
 176   239.418
 177   218.025
 178   210.081
 179   277.9
 180   268.987
 181   204.345
 182    95.0795
 183    12.7057
 184     0.86562
 185     0.80557
 186     0.93343
 187    16.7203
 188     0.8923
 189     0.54187
 190     1.54783
 191     1.33531
 192     1.53701
 193     1.40801
 194    22.7016
 195     0.48404
 196     0.96161
 197    26.1215
 198     8.18387
 199     0.92481
 200   371.184
 201   383.059
 202   436.772
 203   573.735
 204   546.828
 205   356.462
 206   254.793
 207    62.4658
 208  1025.18
 209  1219.99
 210  1153.83
 211  1138.62
 212  1233.13
 213  1074.75
 214   690.826
 215   291.663
 216  1208.41
 217  1232.37
 218  1095.37
 219  1301.69
 220  1309.86
 221  1327.43
 222   950.989
 223   238.422
 224  1180.76
 225  1089.51
 226  1131.24
 227  1206.02
 228  1464.29
 229  1504.98
 230   925.49
 231   385.422
 232  1026.89
 233  1265.19
 234  1519.28
 235  1601.99
 236  1652
 237  1498.8
 238   792.188
 239   340.857
 240   344.617
 241   413.737
 242   333.651
 243   421.826
 244   306.345
 245   392.437
 246   207.638
 247    54.4437
 248     3.64179
 249     7.99133
 250     1.53248
 251     1.63071
 252     1.41148
 253     6.98155
 254     4.64143
 255     3.87011
 256     1.99527
 257     3.53917
 258    10.3258
 259    27.3956
 260     3.17104
 261     2.33932
 262     0.4136
 263     0.61178
 264   332.006
 265   231.182
 266   368.75
 267   470.9
 268   456.29
 269   491.853
 270   312.886
 271   109.671
 272  1108.55
 273  1155.2
 274  1381.21
 275  1443.55
 276  1408.74
 277  1432
 278  1004.96
 279   313.449
 280   913.966
 281  1108.99
 282  1253.82
 283  1146.97
 284  1378.68
 285  1233.66
 286   977.823
 287   387.65
 288  1141.23
 289  1112.15
 290  1360.89
 291  1644.06
 292  1429.18
 293  1124.77
 294   900.897
 295   293.496
 296  1379.68
 297  1478.78
 298  1344.87
 299  1480.51
 300  1462.98
 301  1268.07
 302   912.819
 303   294.66
 304   344.708
 305   344.846
 306   550.121
 307   629.642
 308   346.075
 309   311.895
 310   170.221
 311    73.5902
 312    11.8024
 313    15.5832
 314     0.95778
 315     1.58372
 316     1.1669
 317     2.7289
 318     2.26341
 319     2.91218
 320     0
 321     1.86159
 322     0.92027
 323     9.04413
 324     3.98154
 325    17.1845
 326     0.23245
 327     4.58649
 328   289.898
 329   285.309
 330   278.018
 331   219.45
 332   334.636
 333   250.716
 334   179.271
 335    80.2995
 336  1041.2
 337  1071.11
 338  1145.15
 339   904.997
 340   741.879
 341  1039.06
 342   519.309
 343   212.613
 344   893.563
 345   865.14
 346   923.75
 347   857.317
 348  1003.93
 349  1013.08
 350   604.191
 351   213.264
 352  1014.73
 353   950.897
 354   839.062
 355  1071.33
 356   912.415
 357  1049.52
 358   716.753
 359   241.919
 360   979.967
 361   895.317
 362   827.236
 363  1084.1
 364   933.019
 365   901.693
 366   625.148
 367   229.596
 368   277.228
 369   238.209
 370   250.444
 371   308.413
 372   243.472
 373   244.883
 374   264.072
 375    55.9296
 376     1.56156
 377    16.8522
 378     1.41374
 379    12.1951
 380     8.16313
 381     0.23922
 382    29.8065
 383     0.27613
 384     1.85956
 385     0
 386     0.93085
 387     0.41385
 388     0.78971
 389    15.4821
 390    10.7079
 391     1.02165
 392    18.0118
 393    17.899
 394     6.11656
 395    23.9036
 396    13.9608
 397     1.21476
 398    19.5958
 399     4.82808
 400    20.4253
 401    82.2747
 402    61.0879
 403    37.7113
 404    51.4316
 405    98.6479
 406     9.24416
 407    13.9526
 408    39.9395
 409    91.81
 410    76.266
 411    44.7454
 412    47.4158
 413    38.537
 414    28.8677
 415     6.41426
 416    56.3086
 417    18.671
 418    22.7822
 419    95.5429
 420    20.5341
 421    24.4931
 422     3.90835
 423     5.10083
 424    49.1912
 425    30.9362
 426    57.8442
 427    49.2938
 428    68.9156
 429    60.681
 430    13.2709
 431     3.37244
 432    31.9711
 433    12.325
 434     8.64533
 435    24.2878
 436     9.79045
 437    31.0401
 438    26.2816
 439    14.4319
 440     1.5089
 441    15.1084
 442     2.61858
 443     0.88317
 444    10.1758
 445     1.09913
 446     0.81647
 447     0
 448     0.88594
 449     0
 450     0
 451     0.95712
 452     1.38714
 453     0
 454     0
 455     0.69166
 456     1.84641
 457     1.0566
 458     1.17592
 459     1.66901
 460     0.85569
 461     3.08581
 462     0
 463     0.78699
 464     1.75519
 465     0.92742
 466     1.2588
 467     2.40034
 468     2.7579
 469     1.09798
 470     0
 471     1.19894
 472     0
 473     0.53896
 474     0
 475     0
 476     2.56283
 477     0
 478     0.50872
 479     1.97472
 480     1.11879
 481     1.45591
 482     1.96074
 483     1.21865
 484     2.11911
 485     1.0461
 486    21.1519
 487    13.5661
 488     0.59741
 489     2.09958
 490     1.39133
 491     2.00226
 492     0.43464
 493     0
 494     1.28608
 495     2.54342
 496     0.51925
 497     1.19556
 498     0
 499     1.3083
 500     1.31828
 501     1.41914
 502     1.71511
 503     1.1552
 504     0
 505     0.94945
 506     0
 507     0
 508     0.9162
 509     0.54893
 510     1.65081
 511     3.45405
