This file was gnenerated on 2021-06-22 18:31:42.132710 by Grant Finneman. This contains the extracted data from the Gate simulations
The edep for each bar was summed up and printed to this file. The only math operation done has been addition.

  id        edep
   0     0.62617
   1     0.02104
   2     0
   3     0.37873
   4     0
   5     0.59874
   6     0
   7     0.87789
   8     0.41235
   9     1.43641
  10     0.00143
  11     0.75697
  12     0
  13     2.19142
  14     1.1929
  15     0
  16     0.59457
  17     2.09326
  18     0.49412
  19     1.37045
  20     2.09389
  21     0
  22     2.70252
  23     1.3768
  24     1.92975
  25     0.61562
  26     0.76468
  27     1.51756
  28     3.07393
  29     0.64883
  30     0.67705
  31    14.6582
  32     0.1317
  33     2.38187
  34     0.84703
  35     0.51293
  36     2.77901
  37     1.45315
  38     0.26244
  39     0.61297
  40     1.68065
  41     3.16113
  42     0.82871
  43     1.36628
  44     0.81872
  45     9.09596
  46     8.49814
  47     0.51424
  48     0.62977
  49     1.64005
  50     0.81811
  51     0
  52     0
  53    14.4753
  54     1.83958
  55    10.599
  56     1.43214
  57     0.65986
  58     2.79913
  59     0.47845
  60     1.57559
  61     1.28062
  62     0
  63     0
  64     1.18477
  65     1.3041
  66     1.12197
  67     1.70454
  68     2.47883
  69     2.39393
  70     0
  71     0.95357
  72     1.43116
  73     1.2328
  74     4.02503
  75     1.70306
  76     1.65649
  77     0.36918
  78     3.38997
  79     1.66855
  80    40.0118
  81     5.4608
  82    82.3577
  83    45.9406
  84    54.2066
  85     0.62025
  86    42.3399
  87     6.07024
  88    81.4833
  89   109.185
  90   195.047
  91   118.073
  92   127.861
  93    88.826
  94    41.1435
  95     2.47619
  96    16.3042
  97    26.622
  98     6.36606
  99    16.8994
 100    26.2891
 101    31.197
 102     4.88785
 103     4.56523
 104     4.33076
 105     3.95501
 106     0.91139
 107     0.98855
 108     4.32197
 109     2.91062
 110     5.50179
 111    22.5972
 112     2.28189
 113     0.46207
 114     2.17213
 115     2.95105
 116     0
 117     0.64169
 118     1.35027
 119     0
 120     0.84769
 121     0
 122     0.74938
 123     1.6157
 124     0.80621
 125     0.43132
 126     1.02745
 127    13.2148
 128     2.1316
 129     1.9493
 130     1.39099
 131     0.88784
 132     2.1614
 133     1.24206
 134     3.31772
 135     0.26772
 136    17.4527
 137     4.53258
 138     1.78838
 139    36.8082
 140    51.3779
 141     7.06336
 142     1.57134
 143     6.91164
 144   620.094
 145   759.947
 146   781.818
 147   828.605
 148   828.204
 149   737.334
 150   403.77
 151    94.1519
 152  1782.01
 153  2453.44
 154  2481.74
 155  2431.04
 156  2502.05
 157  2450.95
 158  1519.7
 159   725.549
 160   322.471
 161   234.083
 162   248.54
 163   360.018
 164   435.661
 165   398.987
 166   320.489
 167    51.1541
 168    20.6805
 169     9.44094
 170     5.8503
 171     3.50014
 172     1.80725
 173    17.8981
 174    26.4056
 175    15.4224
 176     0.90055
 177     2.73827
 178     2.10721
 179     0.7454
 180     0.05845
 181     3.86796
 182     1.00288
 183     0.55504
 184     1.07506
 185     2.21085
 186     1.78543
 187     1.37103
 188     0.66747
 189     1.59377
 190     0
 191     2.4436
 192     6.23551
 193     1.18804
 194     2.49203
 195     0.65603
 196     2.29573
 197     1.70238
 198     2.09703
 199     0
 200     0.39024
 201     4.23201
 202     9.56452
 203    22.0107
 204    21.6211
 205     7.84001
 206    28.8292
 207    19.8642
 208   643.383
 209   562.061
 210   556.943
 211   665
 212   790.991
 213   644.483
 214   303.914
 215    88.9556
 216  3482.01
 217  4123.92
 218  4246.57
 219  4184.04
 220  4156.39
 221  4108.7
 222  2634.3
 223   982.308
 224  2003.06
 225  1962.6
 226  1780.27
 227  1729.27
 228  1715.49
 229  1744.65
 230  1111.22
 231   429.568
 232   161.118
 233    35.8461
 234    99.4154
 235    51.5332
 236    52.7703
 237    84.485
 238    80.0905
 239    22.2055
 240     2.72387
 241     5.44654
 242     3.75198
 243     2.38842
 244     4.46349
 245     2.80474
 246     6.09156
 247     9.92489
 248     1.51093
 249     2.58417
 250     0
 251     1.89562
 252     0.81508
 253     1.57778
 254    14.6515
 255    11.0807
 256     1.1729
 257     0.88209
 258     0
 259     0.80346
 260     1.5469
 261     2.14731
 262     0.3321
 263     0.73441
 264     2.63724
 265     1.97676
 266     2.36195
 267     1.58296
 268     0.56948
 269    27.586
 270     5.54927
 271    33.4795
 272    45.015
 273    59.8718
 274    64.266
 275    36.9853
 276   141.729
 277   130.5
 278    64.5074
 279    30.145
 280  1800.48
 281  2077.52
 282  2159.65
 283  2233.99
 284  2189.83
 285  1984.31
 286  1414.87
 287   473.669
 288  3821.47
 289  4366.18
 290  4245.09
 291  4187.31
 292  4240.33
 293  3871.26
 294  2752.63
 295   996.713
 296   523.58
 297   829.364
 298   636.866
 299   524.008
 300   555.834
 301   437.329
 302   304.445
 303   151.274
 304     3.58613
 305     5.09744
 306     2.2758
 307    27.0691
 308    20.3611
 309     1.39139
 310     4.17372
 311     8.41472
 312     1.22694
 313     2.48775
 314     1.27406
 315     1.97177
 316     1.56589
 317     0.13764
 318     0.43132
 319     1.26308
 320     1.68039
 321     1.0177
 322     0
 323     0.78289
 324     1.63397
 325     0.77187
 326     0.92535
 327     2.47326
 328     0.27882
 329     0.45276
 330     1.16531
 331     2.52349
 332     2.6404
 333     1.16456
 334     0.35701
 335     0
 336     4.82645
 337     1.30262
 338     6.65095
 339     2.24313
 340    15.6113
 341    18.1757
 342    12.8631
 343    17.8362
 344   260.864
 345   433.484
 346   477.008
 347   454.845
 348   411.457
 349   410.02
 350   197.491
 351    52.4179
 352  2201.43
 353  2345.85
 354  2684.41
 355  2595.69
 356  2592.51
 357  2435.28
 358  1590.22
 359   619.983
 360   619.161
 361   810.212
 362   992.512
 363   694.636
 364   740.26
 365   619.678
 366   334.648
 367   128.342
 368    12.4241
 369    29.6417
 370    17.7149
 371    31.7554
 372     1.57589
 373     1.37962
 374    26.4578
 375     9.85878
 376     0
 377     1.10116
 378     3.18345
 379     1.87997
 380     0.40856
 381     1.37697
 382     4.60397
 383     0
 384     0.35373
 385     2.85635
 386     2.59296
 387     0.41395
 388     0.65931
 389     0
 390     0.37891
 391     0.70523
 392     1.93485
 393     2.42696
 394     0.732
 395     1.40119
 396     0.95936
 397     0.69693
 398     3.88685
 399     1.83216
 400     2.72435
 401     3.23047
 402     1.9218
 403     1.52006
 404     2.28549
 405     2.5892
 406    27.5592
 407    14.9303
 408    11.8705
 409     4.06307
 410    20.0137
 411    62.2955
 412     8.46645
 413     0.3144
 414     5.56983
 415     1.68827
 416    46.9509
 417    72.6727
 418   132.353
 419   123.464
 420    72.5418
 421    86.9253
 422     7.13071
 423    16.4806
 424    15.8719
 425    29.6093
 426    17.262
 427    74.4177
 428    64.262
 429    22.8656
 430    28.9126
 431    17.7689
 432     1.13682
 433     3.04104
 434     0.80994
 435     0.79493
 436     1.17987
 437     1.95093
 438     6.03311
 439     3.8139
 440     1.2251
 441     0.66444
 442     1.10482
 443     1.56407
 444     1.71275
 445     0.22001
 446     4.97623
 447     0
 448     0.24809
 449     0.73676
 450     0.03862
 451     0.62184
 452     0.91845
 453     0.45397
 454    12.0647
 455    15.4529
 456     1.11428
 457     1.53581
 458     0.1526
 459     0.33168
 460     0.61608
 461     2.27857
 462     1.38106
 463     0
 464     0.59249
 465     1.14691
 466     1.68569
 467     0.88467
 468     2.88507
 469     0.42107
 470     2.78901
 471    15.8701
 472     0.53266
 473     0
 474     1.41379
 475     3.48006
 476     2.72389
 477     1.58041
 478     0.31049
 479     0.14737
 480     1.20404
 481     2.97396
 482     2.57189
 483     1.07918
 484     0.99636
 485     0.93286
 486     3.09772
 487     1.74128
 488     1.09091
 489     4.85699
 490     3.66419
 491     0.44435
 492     2.82134
 493     2.10131
 494     0
 495     1.82228
 496     1.83438
 497     1.89504
 498     0
 499     0.34191
 500     0.22377
 501     0.83479
 502     0
 503     1.45987
 504     0.13625
 505     1.2291
 506     0.20312
 507     0
 508     1.93928
 509     0
 510     1.09667
 511     0
