This file was gnenerated on 2021-06-22 18:55:38.363093 by Grant Finneman. This contains the extracted data from the Gate simulations
The edep for each bar was summed up and printed to this file. The only math operation done has been addition.

  id        edep
   0     0.9507
   1     0.99868
   2     1.25961
   3     0.21284
   4     2.45751
   5     0
   6     0
   7     0.43856
   8     0.67189
   9     0.7938
  10     0.19119
  11     3.16686
  12     3.92497
  13     0
  14     0.66348
  15     0.56623
  16     0.73355
  17     0.46885
  18     3.36137
  19     2.01593
  20     1.44177
  21     0.86163
  22     0.93845
  23     0.3057
  24     2.68752
  25     1.65554
  26     2.23791
  27     3.42153
  28     0
  29     6.61031
  30     2.1229
  31     1.07406
  32     1.80916
  33     1.33156
  34     1.92177
  35     0
  36     1.8292
  37     1.7671
  38     0.87449
  39     0
  40     0.16756
  41     1.98384
  42     3.03164
  43     1.0425
  44     1.26104
  45     0.14758
  46     0
  47     1.02923
  48     0.8238
  49     0.18346
  50     0.39935
  51     3.5883
  52     0
  53     1.37366
  54     0
  55     0.95805
  56     0.74648
  57     0.97646
  58     0
  59     0.13148
  60     3.12193
  61     0
  62     0.62373
  63     0.88936
  64     0.05988
  65     1.44777
  66     2.46787
  67     0.0176
  68     0.9677
  69     0.8824
  70     1.55871
  71     1.19872
  72     2.31712
  73     2.36019
  74     5.26199
  75     4.25777
  76     1.05744
  77     0.88387
  78    26.5522
  79     7.65975
  80   117.131
  81   184.694
  82   150.036
  83    57.7927
  84    94.1208
  85    59.6095
  86    82.3112
  87    17.7272
  88   271.289
  89   286.78
  90   216.969
  91   216.728
  92   222.494
  93   254.322
  94    91.4115
  95    40.5882
  96   284.031
  97   293.513
  98   263.566
  99   161.891
 100   174.987
 101   137.48
 102   122.991
 103    74.5455
 104   142.528
 105    79.5034
 106   111.574
 107    66.6037
 108   110.619
 109    51.2991
 110    45.0045
 111     9.07026
 112     1.74319
 113     3.09633
 114     4.05843
 115     2.70643
 116    20.001
 117     1.27874
 118     2.4914
 119     0.61518
 120     0.57991
 121     0.921
 122     0.57726
 123     0.73893
 124     0
 125     2.17488
 126     0.2784
 127     0.85891
 128     0.86418
 129     0.56071
 130     0.71708
 131     1.26959
 132     0.27088
 133     0
 134     0
 135     0
 136     3.45294
 137    39.7633
 138    20.9495
 139     0.52007
 140     4.73898
 141    12.7687
 142     0.55454
 143     0.98929
 144   543.689
 145  1008.48
 146   848.12
 147   817.813
 148   667.575
 149   672.169
 150   446.098
 151   173.327
 152  1340.99
 153  1591.66
 154  1757.59
 155  1406.8
 156  1331.14
 157  1434.28
 158   818.635
 159   342.097
 160  1441.2
 161  1677.57
 162  1909.19
 163  1517.28
 164  1409.67
 165  1396.74
 166  1035.94
 167   407.001
 168   746.533
 169   630.786
 170   670.688
 171   718.482
 172   673.347
 173   768.692
 174   436.527
 175   163.257
 176    22.2885
 177    36.8445
 178    27.0164
 179     2.90414
 180    36.6872
 181     7.57212
 182     4.89867
 183    11.1582
 184     4.00903
 185     1.23876
 186     2.16945
 187     1.72693
 188     1.49639
 189     1.92245
 190    17.5861
 191     0.57072
 192     0.88738
 193     1.4678
 194     0.91783
 195     1.59264
 196     0.30183
 197     1.91982
 198     1.38801
 199     0.60276
 200    29.9842
 201    60.5316
 202    54.354
 203    38.752
 204     1.05196
 205     9.90717
 206     1.63023
 207     0.32562
 208   836.932
 209   957.173
 210   949.385
 211   865.958
 212   580.487
 213   673.679
 214   531.526
 215   270.9
 216  1611.93
 217  1681.47
 218  1787.92
 219  1564.6
 220  1533.83
 221  1446.75
 222  1074.03
 223   359.549
 224  1912.13
 225  2023.21
 226  2004.62
 227  1615.34
 228  2077.08
 229  1680.71
 230  1009.03
 231   321.591
 232   889.158
 233   876.361
 234   767.999
 235   998.494
 236   844.611
 237   782.401
 238   517.071
 239   266.736
 240     4.34905
 241    21.3336
 242     6.81363
 243     5.25705
 244    30.7923
 245    13.4287
 246    15.5849
 247    10.5437
 248     0.86628
 249     2.29598
 250     0.21467
 251     2.73099
 252     2.13326
 253     2.34333
 254    24.6194
 255     0.645
 256     1.69068
 257     1.58882
 258     0.77072
 259     0.58879
 260     0.21824
 261     2.25028
 262     2.82635
 263     2.3025
 264    58.1455
 265    18.0787
 266    29.8975
 267    27.3223
 268    16.5404
 269     4.06297
 270     3.86549
 271    32.0285
 272   609.059
 273   735.531
 274   898.561
 275  1017.79
 276   899.693
 277   906.587
 278   623.095
 279   283.781
 280  1581.37
 281  1989.44
 282  1820.85
 283  1718.71
 284  1279.08
 285  1202.19
 286  1072.14
 287   412.322
 288  1363.5
 289  1875.7
 290  2037.39
 291  1922.63
 292  2047.67
 293  1856.38
 294  1136.39
 295   239.198
 296   917.28
 297   892.422
 298   918.687
 299   958.264
 300   990.292
 301   872.521
 302   513.193
 303   176.133
 304    11.5829
 305    35.3071
 306    60.3423
 307    19.7731
 308    35.7862
 309    15.8028
 310    11.9576
 311     2.44149
 312     1.33071
 313     1.66612
 314     0.81888
 315     0.47818
 316     2.32876
 317     1.79187
 318     5.44154
 319     2.01541
 320     3.59795
 321     0.93732
 322     0.37358
 323     0.72343
 324     1.14623
 325     2.92538
 326    20.8995
 327    15.679
 328    21.7331
 329    26.5908
 330     6.82419
 331     5.9576
 332    17.738
 333    15.382
 334     0.83813
 335     6.99701
 336   567.298
 337   734.39
 338   774.459
 339   734.792
 340   856.573
 341   714.957
 342   526.425
 343   214.774
 344  1278.02
 345  1237.44
 346  1548.42
 347  1401.63
 348  1490.29
 349  1276.4
 350  1032.37
 351   308.592
 352  1341.86
 353  1238.02
 354  1334.05
 355  1645.71
 356  1705.88
 357  1348.5
 358   889.773
 359   321.94
 360   610.906
 361   605.003
 362   811.058
 363   854.835
 364   753.809
 365   691.885
 366   336.692
 367   180.019
 368    33.5734
 369    21.984
 370    93.7188
 371    12.2692
 372    28.9691
 373    11.6626
 374    23.9385
 375    43.235
 376     0
 377     1.42429
 378     0.82819
 379     1.73699
 380     1.01321
 381     2.23322
 382     2.04681
 383     1.12813
 384     0.70238
 385     0
 386     0.92283
 387     0.15248
 388     0.78601
 389     0.81183
 390     0.44258
 391     0
 392     2.76047
 393     2.36489
 394     1.76834
 395    26.8239
 396     8.10513
 397    26.0924
 398     0.70497
 399     0.84526
 400    34.7015
 401    50.8215
 402    50.2614
 403   108.069
 404    90.3832
 405   119.38
 406    60.1493
 407     6.4851
 408   120.993
 409   270.497
 410   294.244
 411   146.447
 412   160.471
 413    99.1003
 414   155.476
 415     5.41531
 416   114.773
 417   293.889
 418   245.46
 419   231.293
 420   179.332
 421   217.245
 422   187.079
 423    22.4682
 424   103.419
 425   147.959
 426   106.184
 427   136.018
 428   107.97
 429    25.1893
 430    11.4343
 431    34.9231
 432    14.3241
 433     2.25132
 434     4.99118
 435     2.78972
 436     1.78227
 437     3.69157
 438     1.13256
 439     1.8029
 440     1.38003
 441     2.12527
 442     1.30162
 443     0.47548
 444     1.01414
 445     0.25894
 446     0.43202
 447     0.47628
 448     0.77865
 449     1.0946
 450     0.63988
 451     0.58379
 452     0.30507
 453     1.59731
 454     1.12348
 455     1.22284
 456     0.41715
 457     0.8445
 458     0
 459     0
 460     0.63968
 461     2.56397
 462     1.21869
 463     0.20131
 464     1.73709
 465     0.80491
 466     2.01614
 467     0.47932
 468     0.35391
 469     0.17989
 470     0.44545
 471     1.21437
 472     1.43033
 473     1.67057
 474     1.62413
 475     1.61057
 476     1.51051
 477     0.98532
 478     2.49224
 479     2.1957
 480     1.12497
 481    10.4337
 482     2.76747
 483     0.81168
 484     0.44004
 485     3.06407
 486     1.5565
 487     2.20585
 488     1.079
 489     2.80685
 490     1.30525
 491     0.29651
 492     0.86397
 493     1.00016
 494     0.81804
 495    12.8027
 496     0.43485
 497     0.54272
 498     0.9811
 499     1.57373
 500     2.18447
 501     1.30857
 502     0
 503     0.08888
 504     0.3523
 505     1.58329
 506     3.50835
 507     0.0607
 508     0.43858
 509     0.26534
 510     1.15741
 511     4.12577
