This file was gnenerated on 2021-06-22 18:44:36.529285 by Grant Finneman. This contains the extracted data from the Gate simulations
The edep for each bar was summed up and printed to this file. The only math operation done has been addition.

  id        edep
   0     0.26276
   1     0.18901
   2     0
   3     0.48148
   4     0.17235
   5     0.95456
   6     0
   7     3.1653
   8     0
   9     0.62358
  10     0
  11     0
  12     1.20464
  13     0.95882
  14     0.40853
  15     0.70596
  16     0.78402
  17     0.0018
  18     0
  19     0
  20     1.06814
  21     0.71729
  22     0
  23     0.54336
  24     0.03952
  25     4.39247
  26    23.8233
  27    53.7746
  28     2.76042
  29     0.59044
  30    15.6893
  31    14.9399
  32    14.1598
  33    36.3661
  34    28.544
  35    14.6214
  36     5.00484
  37     5.0131
  38    11.2758
  39     0.33758
  40     2.53151
  41     1.29686
  42     7.09726
  43     1.75892
  44     1.4049
  45    17.232
  46    20.5444
  47     8.98415
  48     0.95839
  49     0.96921
  50     2.30592
  51     1.67944
  52     0.77476
  53     1.31213
  54     1.03846
  55    10.5833
  56     0
  57     0.81782
  58     0
  59     1.82558
  60     0.061
  61     0.59441
  62     0.95768
  63     1.38266
  64     0.55186
  65     1.20301
  66     0.00729
  67     0.30529
  68     1.63918
  69     0.97998
  70     0.52543
  71     0
  72     0
  73     2.1627
  74     0.95339
  75     0.82889
  76     0.82582
  77     1.46043
  78     2.65991
  79     3.23012
  80     1.03893
  81     2.27655
  82     1.0758
  83     3.54439
  84    14.7757
  85     2.55602
  86     4.43101
  87    17.2029
  88   206.274
  89   213.717
  90   286.935
  91   260.35
  92   308.789
  93   177.819
  94    91.992
  95    22.1088
  96   506.022
  97   510.189
  98   471.23
  99   652.332
 100   525.486
 101   510.827
 102   286.004
 103   104.24
 104   151.587
 105   101.364
 106   110.881
 107    76.9564
 108    65.8888
 109    45.9183
 110    52.678
 111     2.10463
 112     1.97634
 113     5.807
 114     1.77268
 115    48.2405
 116    10.7389
 117     7.27803
 118     2.37964
 119     0.69455
 120     0.2405
 121     0.95552
 122     0.7468
 123     0.72793
 124     2.35686
 125     1.10794
 126     1.08148
 127     0
 128     1.72265
 129     0.33831
 130     0.05557
 131     0
 132     0.90861
 133     1.05399
 134     0.27985
 135     1.87937
 136     0.83441
 137     1.70065
 138     1.78213
 139     2.5375
 140    15.2909
 141    13.5091
 142    10.9899
 143     3.48676
 144    67.5042
 145    64.2165
 146    91.9118
 147   103.818
 148    36.4145
 149    52.0271
 150     7.38687
 151     3.43047
 152   810.812
 153   912.656
 154   972.452
 155   902.594
 156   813.996
 157   940.13
 158   543.95
 159   270.211
 160  1629.37
 161  1750.47
 162  1695.07
 163  1540.91
 164  1558.55
 165  1545.69
 166  1163.26
 167   317.259
 168  1023.29
 169  1158.79
 170  1170.25
 171   986.549
 172  1090.58
 173  1187.53
 174   921.07
 175   340.812
 176   142.029
 177   158.227
 178   110.632
 179   205.014
 180   213.305
 181   147.021
 182    59.8305
 183    44.2641
 184    20.7387
 185     3.48597
 186     1.77186
 187     1.37679
 188     1.82745
 189     2.72339
 190     3.8401
 191     1.22376
 192     1.97808
 193     3.85598
 194     1.31816
 195     0.34347
 196     0.79585
 197     0.83738
 198     2.08367
 199     0
 200    12.6528
 201    25.3068
 202     2.80128
 203    11.6813
 204     1.24201
 205    15.3801
 206    12.7004
 207     6.61874
 208   479.545
 209   467.843
 210   486.08
 211   401.214
 212   487.8
 213   603.415
 214   221.23
 215    57.7383
 216  1704.69
 217  1414.36
 218  1572.77
 219  1730.62
 220  1672.44
 221  1663.76
 222  1338.88
 223   488.351
 224  1742.88
 225  1891.32
 226  2050.37
 227  2074.61
 228  2188.07
 229  1587.02
 230  1213.04
 231   368.715
 232  1160.44
 233  1295.13
 234  1382.57
 235  1196.69
 236  1066.74
 237   961.715
 238   885.303
 239   318.678
 240   115.311
 241    59.6338
 242   167.969
 243    80.7861
 244    68.0522
 245    92.8114
 246    71.8883
 247    33.5002
 248     3.57924
 249     0.86385
 250     1.02074
 251     0.364
 252     1.8627
 253     2.7361
 254     1.05427
 255     0.94951
 256    12.312
 257     0.68503
 258     1.83659
 259     1.62365
 260     2.21378
 261     2.47272
 262     0.69356
 263     2.39222
 264   140.863
 265    68.5179
 266   124.122
 267   228.119
 268   120.215
 269    84.3339
 270    72.1059
 271     0.29282
 272  1187.3
 273  1265.91
 274  1263
 275  1466.24
 276  1481.69
 277  1269.36
 278   782.345
 279   317.799
 280  1708.25
 281  1706.44
 282  1848.23
 283  1748.26
 284  1875.2
 285  1774.38
 286  1093.03
 287   406.937
 288  1491.85
 289  1670.27
 290  1776.5
 291  1597.81
 292  1748.44
 293  1510.79
 294   977.615
 295   372.416
 296   236.19
 297   519.808
 298   512.355
 299   481.052
 300   489.004
 301   455.69
 302   203.216
 303    51.8371
 304     5.37947
 305     4.934
 306     2.17975
 307     0.47668
 308     5.25462
 309     5.34569
 310     6.25434
 311     2.984
 312     1.30871
 313     2.74064
 314     0.89169
 315     1.34832
 316     0.80091
 317     3.36541
 318     0.85103
 319     0.51564
 320     5.6382
 321    12.1585
 322     1.40958
 323     0.91528
 324     0.48607
 325     6.9357
 326     3.27993
 327     1.31246
 328   194.035
 329   128.961
 330   198.807
 331   249.805
 332   231.405
 333   190.229
 334    84.7665
 335    43.9289
 336  1045.98
 337  1024.99
 338  1083.55
 339  1157.08
 340  1231.21
 341  1119.47
 342   580.721
 343   291.054
 344  1677.74
 345  1712.82
 346  1839.06
 347  1871.23
 348  1924.82
 349  1713.3
 350  1026.11
 351   384.427
 352   884.879
 353  1092.85
 354   936.36
 355  1042.07
 356   912.934
 357   973.75
 358   679.819
 359   245.382
 360    57.117
 361    78.0063
 362   131.521
 363   121.358
 364   184.711
 365   156.04
 366    92.7304
 367     1.60681
 368     7.6326
 369     4.61299
 370     1.12616
 371     0.33272
 372     2.10856
 373    10.1801
 374     1.24774
 375     0.93407
 376     0.28778
 377     1.49601
 378     0.98397
 379     0
 380     1.79316
 381     0.81806
 382     0.23252
 383     0.40948
 384     1.0446
 385     2.73716
 386     0
 387     1.17108
 388     0.86091
 389     0.19852
 390     0.7731
 391     0.46577
 392    11.4857
 393    11.1994
 394     1.61153
 395    22.2807
 396    26.6685
 397     7.29945
 398    12.838
 399    10.9114
 400    38.4842
 401   120.737
 402   160.72
 403   152.301
 404   158.832
 405    94.4641
 406    51.3163
 407    50.6187
 408   676.544
 409   578.081
 410   749.107
 411   697.543
 412   548.684
 413   654.353
 414   257.86
 415   150.84
 416   340.91
 417   168.477
 418   200.376
 419   171.472
 420   296.953
 421   257.238
 422   195.294
 423    35.3914
 424    13.3466
 425     2.18264
 426     0.49611
 427     1.52448
 428    11.3238
 429     1.18087
 430    32.2109
 431     0.86575
 432     2.74586
 433     0.49512
 434     1.04648
 435     1.28455
 436     1.32296
 437     2.50621
 438     0.98293
 439     3.20678
 440     0.71217
 441     0.0193
 442     0.9494
 443     1.08707
 444     0
 445     0.91304
 446     2.56788
 447     0.32824
 448     0.98752
 449     0
 450     0
 451     1.09546
 452     0.65291
 453     2.04364
 454     0.26941
 455     0.56941
 456     2.0714
 457     0
 458     0.6159
 459     0.47828
 460     2.78186
 461     3.41915
 462     0.94405
 463     0.24429
 464     2.55187
 465     2.53584
 466     1.81554
 467     1.39081
 468     8.2424
 469     1.13458
 470     0.87572
 471    29.0931
 472    25.3938
 473    50.364
 474    30.7946
 475     9.59631
 476    24.9388
 477    15.5083
 478     2.57585
 479     1.33983
 480    39.3456
 481     4.3413
 482     0.64069
 483     1.64591
 484     5.38503
 485     3.09826
 486     4.25854
 487     1.45225
 488     9.75407
 489     0.2741
 490     1.19656
 491     0.2348
 492     1.71951
 493     0.44048
 494     1.35735
 495     1.8863
 496     1.12528
 497     1.49247
 498     2.54435
 499     0
 500     0.98524
 501     2.42069
 502     0.56049
 503     0
 504     1.30236
 505     0.90924
 506     0.75557
 507     0.84294
 508     0.72636
 509     1.44775
 510     0.75502
 511     0
