This file was gnenerated on 2021-06-22 18:41:17.239419 by Grant Finneman. This contains the extracted data from the Gate simulations
The edep for each bar was summed up and printed to this file. The only math operation done has been addition.

  id        edep
   0     1.31883
   1     0
   2     0.49424
   3     1.35015
   4     2.83836
   5     0.48893
   6     0.00275
   7     1.77141
   8     0.36082
   9     0.88755
  10     1.94836
  11     0.553
  12     0.86451
  13     1.70013
  14    21.1943
  15     0.41862
  16     0.21489
  17     0.50455
  18     0.16085
  19     3.09571
  20     2.92119
  21     1.20927
  22     0.75327
  23     0
  24     2.10536
  25     3.10094
  26     3.453
  27     3.77927
  28     0.21152
  29     1.28886
  30     0.50135
  31     0.28594
  32     2.92866
  33     2.31906
  34     0.65784
  35     2.37407
  36     0.95005
  37     2.27808
  38     2.2883
  39    15.694
  40     0.19991
  41     1.39149
  42     1.83014
  43     1.24904
  44     0.30248
  45     1.13088
  46    23.9142
  47     1.78263
  48     0.15086
  49     0.61257
  50     2.3755
  51     0
  52     0.08108
  53     1.61836
  54     1.55719
  55     0
  56     0
  57     0
  58     0.15442
  59     0.06466
  60     0.65789
  61     0.60751
  62     0.90731
  63     1.05124
  64     2.71033
  65     1.14281
  66     0
  67     0.76119
  68     0.82867
  69     0.05317
  70     1.34333
  71    12.8413
  72     4.15626
  73     4.17227
  74     2.31121
  75     1.56439
  76     1.53917
  77     1.7916
  78    24.3979
  79    30.0285
  80     3.37652
  81     4.46384
  82     2.15254
  83     4.8459
  84     1.57844
  85     2.82718
  86     1.01159
  87    39.369
  88     2.59947
  89     3.89304
  90    46.8203
  91    16.4217
  92    36.0739
  93    47.9277
  94    52.9285
  95    16.665
  96    33.3038
  97     6.71841
  98    16.0304
  99     4.41407
 100     2.46288
 101     3.07694
 102     2.7234
 103    17.6176
 104     3.19659
 105     4.07657
 106     3.72458
 107     3.94375
 108     4.29873
 109     2.37368
 110    16.4862
 111    12.5534
 112     0.16138
 113     0.58389
 114     2.64999
 115     2.62723
 116     2.4072
 117     1.34898
 118     2.54583
 119     4.31938
 120     0.72649
 121     1.37374
 122     1.12617
 123     0.8433
 124     0.35285
 125     0.97508
 126     0
 127     8.62785
 128     2.22169
 129     0.94964
 130     0.5444
 131     1.1535
 132     2.72253
 133     0.57151
 134     1.32548
 135     1.19512
 136     6.17211
 137     0.92698
 138     1.51196
 139     1.9003
 140     3.76952
 141     1.6677
 142    13.7179
 143    13.555
 144     3.39388
 145    50.7942
 146    19.0274
 147    32.523
 148    23.3844
 149    25.2704
 150    46.2141
 151    16.4817
 152  1094.74
 153  1352.69
 154  1343.87
 155  1258.36
 156  1195.32
 157  1354.91
 158   756.975
 159   218.644
 160  1207.67
 161  1383.6
 162  1402.22
 163  1107.71
 164  1242.34
 165   969.179
 166   807.316
 167   295.145
 168    22.4959
 169    26.0518
 170     3.29933
 171     4.89455
 172    32.2189
 173     3.59285
 174     8.94872
 175     2.95041
 176     2.21963
 177     1.21697
 178     0.63002
 179     3.15677
 180     1.90891
 181     1.94633
 182     2.0541
 183     2.6903
 184     2.01761
 185     1.48764
 186     1.64056
 187     4.81355
 188     0
 189     1.11077
 190     1.14841
 191     0.91547
 192     2.0429
 193     1.53268
 194     1.22968
 195     1.75026
 196     0.89833
 197     1.2145
 198     0
 199     9.29598
 200     3.05838
 201     2.07478
 202     4.91604
 203     3.98534
 204     1.70733
 205     3.19169
 206    22.7305
 207     1.3446
 208    12.1043
 209    84.9206
 210    21.9998
 211    36.3828
 212    47.3205
 213    62.3587
 214    25.6582
 215     2.87036
 216  3423.61
 217  3866.37
 218  4178.07
 219  4207.69
 220  4140.42
 221  3907.96
 222  2181.22
 223   889.622
 224  3710.67
 225  3986.2
 226  4045.63
 227  4051.22
 228  4241.74
 229  3661.14
 230  2548.78
 231  1062.32
 232    95.698
 233    70.0199
 234    53.589
 235    90.941
 236    90.2819
 237   137.404
 238    39.9878
 239     3.26713
 240     0.72736
 241     3.05454
 242     4.0604
 243     3.63473
 244     1.38861
 245     5.67671
 246     4.16514
 247     1.26134
 248     2.04213
 249     0.63936
 250     2.90282
 251     3.5065
 252     0.30239
 253     1.96294
 254     1.14598
 255     2.70886
 256     2.1816
 257     0.56862
 258     4.22182
 259     0
 260     1.16097
 261     0
 262     0.48228
 263     1.68664
 264     2.90363
 265     2.60234
 266     2.00301
 267     1.12368
 268     1.03513
 269     3.44154
 270     1.99986
 271     1.84152
 272    50.4
 273    95.8516
 274    31.308
 275    27.6025
 276    38.8528
 277    62.9305
 278    37.2253
 279    15.7599
 280  3386.57
 281  3709.62
 282  4042.54
 283  3928.18
 284  3977.96
 285  3396.31
 286  2282.89
 287   905.399
 288  3602.35
 289  3947.48
 290  4175.33
 291  3919.75
 292  4102.58
 293  3921.03
 294  2258.39
 295  1043.96
 296   127.982
 297    95.9138
 298    85.6769
 299    46.092
 300    76.1635
 301    33.8232
 302    15.0004
 303     3.0627
 304     1.75266
 305     0.62423
 306     5.29923
 307     4.71301
 308     6.22879
 309     2.68104
 310     2.49344
 311     1.15126
 312     0.95695
 313     0.84999
 314     0.43864
 315     0.18907
 316     0.80098
 317     0.65706
 318     0.74142
 319     0.72674
 320     1.06745
 321     1.57318
 322     0
 323     0.38093
 324     0.27648
 325     0
 326     0.53034
 327     0.48228
 328     1.94604
 329     0.3543
 330     5.59226
 331     5.20434
 332     0.23426
 333     2.16172
 334     1.92478
 335    10.6933
 336    35.2862
 337    54.8573
 338    33.5866
 339    12.1172
 340    55.265
 341    52.4791
 342    30.8984
 343     0.69701
 344  1172.47
 345  1210.14
 346  1195.94
 347  1306.18
 348  1569.17
 349  1340.77
 350   763.77
 351   225.829
 352  1181.52
 353  1140.41
 354  1224.5
 355  1455.81
 356  1374.34
 357  1275.48
 358   799.301
 359   247.77
 360    12.2038
 361    60.6985
 362     9.49813
 363    20.7577
 364     3.86963
 365     2.87837
 366    28.4062
 367    14.9393
 368     2.68481
 369     1.45339
 370     1.04086
 371     3.40136
 372     3.10917
 373     0.9024
 374     1.60616
 375     1.52972
 376     5.88725
 377     1.34434
 378     2.88316
 379     1.14079
 380     1.1948
 381     0.99437
 382     0.90134
 383     1.48275
 384     0
 385     0.44328
 386     1.67587
 387     1.04486
 388     1.53552
 389     2.40897
 390     3.22709
 391     0.07497
 392     3.23986
 393     1.64335
 394     0.74242
 395     1.06008
 396     4.36729
 397     0.14567
 398     0.84805
 399     3.86286
 400     2.27177
 401     1.78045
 402     3.88529
 403     4.66685
 404     1.44347
 405     0.79736
 406    37.8661
 407    18.4056
 408    20.7439
 409     3.9456
 410     5.85582
 411    18.0519
 412    14.8097
 413    30.5784
 414    27.4556
 415    11.9134
 416    32.3497
 417    15.892
 418     6.38909
 419    44.441
 420    29.1159
 421     4.45824
 422     2.30246
 423     3.70614
 424     1.64515
 425     3.51629
 426     1.35313
 427     3.65247
 428     2.14376
 429     1.25369
 430     1.47095
 431    19.3677
 432     0
 433     1.22522
 434     3.14032
 435     0
 436     1.85762
 437     0
 438     1.76693
 439     1.69333
 440     0
 441     0
 442     0.17458
 443     0.80464
 444     1.04457
 445     0.54408
 446     0.65721
 447     0.12837
 448     0
 449     1.21782
 450     2.428
 451     0.28575
 452     1.37709
 453     0.14664
 454     0.15269
 455     0
 456     1.33741
 457     0.55574
 458     0.20244
 459     0.03211
 460     0.43139
 461     0.37784
 462     0.96014
 463     0
 464     2.25139
 465     2.62149
 466     2.01239
 467     1.63669
 468     2.8644
 469     1.12647
 470     0.90751
 471    12.4967
 472     0.7243
 473     1.68987
 474     0
 475     0.39182
 476     0.94315
 477     0.55994
 478     1.9968
 479     0.62205
 480     2.35
 481     1.96197
 482     0
 483     0.14082
 484     2.04169
 485     2.75895
 486     1.40893
 487     1.03477
 488     0.57287
 489     3.17153
 490     1.71352
 491     2.31765
 492     1.02157
 493     0
 494     0.05309
 495     0.62265
 496     0.28126
 497     1.61323
 498     1.56344
 499     1.4049
 500     0
 501     0.96765
 502     1.33675
 503     0.19588
 504     0.98122
 505     0.12814
 506     0.43327
 507     0.86289
 508     0.82647
 509     0.33555
 510     0
 511     1.91121
