This file was gnenerated on 2021-06-22 18:31:08.378471 by Grant Finneman. This contains the extracted data from the Gate simulations
The edep for each bar was summed up and printed to this file. The only math operation done has been addition.

  id        edep
   0     0.75218
   1     0.03543
   2     4.21274
   3     0.94264
   4     0.68187
   5     0.85347
   6     0.8319
   7     0.4098
   8     1.8088
   9     2.24662
  10     0.7839
  11     2.11693
  12     0.50204
  13     1.42751
  14    20.9031
  15     1.48565
  16     3.92739
  17     1.15653
  18     1.67524
  19     3.03072
  20     0.81364
  21     0
  22    12.9924
  23     9.4213
  24     3.07947
  25     0.8593
  26     0.56205
  27     1.25473
  28     0.19557
  29     2.04289
  30     0.44345
  31     1.24631
  32    19.7699
  33     0.76059
  34     0.98262
  35     0
  36     0.03329
  37     1.05917
  38     0
  39     0.79589
  40     2.79322
  41     3.05433
  42     2.14565
  43     3.35049
  44     1.54917
  45     0.59474
  46     0
  47     0
  48     0.99277
  49     0.95694
  50     1.62712
  51     0.65164
  52     1.38744
  53     0.93425
  54     0
  55     0.96682
  56     0
  57     0.28495
  58     0.51654
  59     0.6583
  60     1.73469
  61     0
  62     0
  63    23.2084
  64     0.67549
  65     2.28391
  66     0.62039
  67     2.05472
  68     0
  69     1.02453
  70     0.28292
  71     0
  72     0.65454
  73     1.83095
  74     0.61186
  75     1.86341
  76     3.49974
  77     1.44414
  78     0.7589
  79    10.3268
  80     3.34433
  81     2.41634
  82     1.96758
  83     3.40311
  84     3.55174
  85     1.06111
  86    13.7907
  87    27.1072
  88    18.4226
  89     0.84982
  90     4.14173
  91     3.43236
  92     2.92046
  93     5.2225
  94     0.04588
  95     3.09603
  96     3.22803
  97     4.79986
  98     1.88068
  99     0
 100     3.83291
 101     1.94157
 102     0.56187
 103    18.7893
 104     2.35323
 105     0.5087
 106     2.69307
 107     3.22157
 108     0.3893
 109     2.57708
 110     1.30317
 111     2.2319
 112     0.82348
 113     1.53725
 114     0.58897
 115     0.41286
 116     0
 117     2.88266
 118     4.25577
 119     2.21574
 120     0.53272
 121     1.57576
 122     1.24009
 123     0
 124     1.45034
 125     0.4333
 126     0.54209
 127    20.0702
 128     0.45329
 129     0.69052
 130     0
 131     0
 132     1.54168
 133     0.44886
 134     3.30694
 135     4.71503
 136     3.40368
 137    26.6133
 138     1.16946
 139    29.6903
 140    12.0271
 141     2.06586
 142     0.94497
 143    10.6808
 144   325.457
 145   401.382
 146   472.998
 147   324.273
 148   399.784
 149   274.793
 150   161.058
 151    58.3702
 152   549.953
 153   598.388
 154   617.02
 155   637.474
 156   509.623
 157   533.354
 158   224.817
 159    24.3609
 160    71.3627
 161    96.1635
 162    68.702
 163    27.0342
 164    95.4548
 165    81.3933
 166     5.85106
 167     9.44246
 168     2.08926
 169    10.8976
 170     4.28768
 171     2.18354
 172     6.03443
 173     3.15808
 174     1.67242
 175     1.61432
 176     1.41142
 177     3.86518
 178     2.46817
 179     1.00881
 180     2.62637
 181     2.57298
 182     1.85568
 183     0.54617
 184     2.07308
 185     1.54915
 186     0
 187     1.72394
 188     1.37992
 189     1.13281
 190     2.82763
 191     1.54752
 192     0.55591
 193     0.59093
 194     3.85369
 195     1.7809
 196     1.37532
 197     1.17587
 198     2.61989
 199    12.5436
 200    53.2001
 201    22.2372
 202     0.02901
 203    15.8052
 204    23.9344
 205    95.1825
 206    35.2394
 207    12.7163
 208  2027.62
 209  1945.36
 210  1859.44
 211  2099.39
 212  2175.78
 213  1803.43
 214  1150.42
 215   431.794
 216  4595.64
 217  4869.6
 218  4699.16
 219  4786.41
 220  4999.46
 221  4779.16
 222  2950.64
 223  1077.06
 224  2095.53
 225  2191.09
 226  2105.41
 227  2157.3
 228  2186.7
 229  1895.12
 230  1075.79
 231   404.885
 232   207.11
 233   324.315
 234   428.641
 235   472.399
 236   336.874
 237   370.781
 238   248.364
 239    54.0249
 240     4.06015
 241     3.29038
 242     3.90472
 243     8.58514
 244    29.8701
 245     1.79139
 246     3.69153
 247     2.29565
 248     3.08041
 249     0.6002
 250     0.64541
 251     3.4195
 252     1.54127
 253     0.97018
 254     1.2546
 255     1.70551
 256     2.32167
 257     2.19085
 258     0.79776
 259     2.28497
 260     1.78776
 261     2.23706
 262     1.34894
 263    25.1113
 264     7.04256
 265    10.9721
 266    16.2463
 267    20.4873
 268    14.0226
 269     0.65376
 270    17.1147
 271    39.6159
 272   267.936
 273   214.446
 274   311.658
 275   432.967
 276   426.737
 277   316.026
 278   287.459
 279    56.7916
 280  2133.28
 281  2103.22
 282  2250.4
 283  2334.72
 284  2388.23
 285  1871.47
 286  1157.95
 287   439.001
 288  4208.02
 289  4344.98
 290  4547.38
 291  4885.54
 292  5007.36
 293  4689.62
 294  2972.57
 295  1048.43
 296  1632.11
 297  2099.94
 298  2024.31
 299  1894.11
 300  2044.15
 301  2201.48
 302  1463.67
 303   475.742
 304    43.6357
 305    38.1527
 306    58.0156
 307    41.0725
 308     2.71497
 309    69.9815
 310    69.5994
 311    15.5466
 312     1.4741
 313     0.36117
 314     0
 315     0
 316     0.60342
 317     0.6483
 318     0.6746
 319     1.58402
 320     0.74032
 321     2.1574
 322     1.1135
 323     0.08007
 324     1.50626
 325     1.79642
 326     2.56099
 327     0.94891
 328     1.02678
 329     1.09213
 330     3.44962
 331     3.25783
 332     2.19404
 333     2.74435
 334     5.30613
 335     3.48281
 336     3.86174
 337     5.26791
 338     2.89377
 339     4.76628
 340    17.5353
 341    37.0466
 342    27.8288
 343    41.3159
 344   110.254
 345    79.8539
 346    92.8274
 347    79.63
 348    62.4587
 349    89.2477
 350    31.12
 351    32.4463
 352   438.554
 353   671.148
 354   570.747
 355   750.564
 356   709.203
 357   444.754
 358   293.917
 359   157.665
 360   337.934
 361   392.48
 362   307.718
 363   433.812
 364   432.679
 365   293.324
 366   109.153
 367    40.0193
 368     2.53468
 369     7.33101
 370    23.1327
 371    19.2158
 372    25.5996
 373     1.0493
 374    10.4561
 375    15.7352
 376     2.2301
 377     1.40427
 378     2.54855
 379     2.04404
 380     1.37259
 381     0.54777
 382     1.53769
 383     2.41777
 384     2.75454
 385     0
 386     1.75798
 387     0.72954
 388     0
 389     0.41362
 390     0.77655
 391     1.11215
 392     0.44124
 393     1.79755
 394     0.1158
 395     2.4659
 396     1.82713
 397     9.08628
 398     4.62082
 399     0.97594
 400     1.17963
 401     0.41448
 402     0.35777
 403     1.34705
 404     3.4482
 405     0.79589
 406     1.668
 407     0.62111
 408     1.72922
 409    19.7986
 410     2.35752
 411     2.74634
 412     1.36176
 413     2.93836
 414     2.62535
 415     0.73472
 416     3.14017
 417     2.02553
 418     0.44923
 419     2.33868
 420     4.73519
 421     0.17731
 422     3.28368
 423    34.0676
 424     0.88022
 425     3.46219
 426     2.20449
 427     1.56786
 428     1.64354
 429    12.0862
 430     1.19739
 431     0.87323
 432     0.72163
 433     2.4486
 434     1.79381
 435     1.42022
 436     0.13714
 437     0.81128
 438     1.65238
 439     0.48925
 440     0.62068
 441     1.03529
 442     1.3407
 443     0.65989
 444     2.49502
 445     1.15484
 446     0.0193
 447     0
 448     0.38475
 449     0.40923
 450     0.91162
 451     0
 452     0.15602
 453     0
 454     0.04804
 455     0.0612
 456     0.75568
 457     0.17203
 458     0
 459     0
 460     0.58897
 461     0.39032
 462     0.52922
 463     0.4537
 464     1.86892
 465     1.27752
 466     0.55324
 467     2.59768
 468     1.49522
 469    19.484
 470    20.095
 471    18.6175
 472     1.92854
 473     2.0495
 474     1.44221
 475     0.70283
 476     1.09159
 477     1.97535
 478     0.76395
 479     0.23465
 480     1.5574
 481     4.21477
 482     2.15117
 483     0.83366
 484     0.50416
 485     0.28212
 486     1.14685
 487     0.3449
 488     0.07181
 489     1.0874
 490     0.2702
 491     3.03584
 492     3.37375
 493     0.71218
 494     0.32526
 495     0
 496     0.12822
 497     0.2926
 498     1.4162
 499     2.40074
 500     0
 501     0
 502     0.64133
 503     0.57532
 504     0.93629
 505     0
 506     1.84346
 507     0.51314
 508     0
 509     1.00287
 510     0.09025
 511     0.13419
