This file was gnenerated on 2021-06-22 18:56:38.355183 by Grant Finneman. This contains the extracted data from the Gate simulations
The edep for each bar was summed up and printed to this file. The only math operation done has been addition.

  id        edep
   0     0
   1     0
   2     0
   3     0.17791
   4     0.40408
   5     0.39929
   6     1.27717
   7     0
   8     1.2627
   9     1.67505
  10     8.18156
  11     0
  12     0.23957
  13     0.7976
  14     1.84563
  15     0
  16    19.3399
  17     2.38262
  18     0.84114
  19     1.52257
  20     7.86409
  21    10.516
  22     0.10473
  23     0.97787
  24     4.18314
  25    23.0024
  26     2.64148
  27     2.62143
  28    16.7564
  29     8.04973
  30     1.81158
  31     0.93371
  32     1.82334
  33     2.16824
  34     0.70744
  35     0
  36     1.81025
  37     0
  38     0.14966
  39     1.18107
  40     0
  41     0.85125
  42     0.63052
  43     1.59585
  44     1.45035
  45    10.5792
  46    13.0549
  47     4.31269
  48     0
  49     0.92725
  50     0.12006
  51     0
  52     1.85287
  53     1.21691
  54     2.35909
  55     1.01829
  56     0
  57     1.33238
  58     0.78739
  59     1.1251
  60     0.60197
  61     1.24648
  62     0
  63     0.31559
  64     2.95595
  65     1.40543
  66     2.20882
  67     0.35976
  68     0.50591
  69     2.22601
  70     0
  71     0.85576
  72    46.8393
  73    61.2642
  74    19.0564
  75    60.9635
  76    63.5096
  77    34.4228
  78    10.9978
  79     1.39045
  80   396.386
  81   354.12
  82   409.357
  83   357.2
  84   396.294
  85   300.066
  86   200.455
  87    65.0617
  88   327.732
  89   338.326
  90   322.533
  91   296.969
  92   227.242
  93   179.513
  94   119.441
  95    52.1749
  96   112.274
  97    50.4366
  98   139.231
  99   137.642
 100   109.532
 101    62.8148
 102    28.1835
 103    28.7008
 104    22.3898
 105    25.0732
 106    26.3538
 107     7.65163
 108    59.2167
 109    88.7958
 110    13.4854
 111     8.40914
 112     0.97966
 113    15.5587
 114    12.5432
 115    15.3546
 116    10.3031
 117    24.2775
 118     2.59368
 119     1.92666
 120    19.9211
 121     0
 122     0.41464
 123     0.57305
 124     1.00298
 125     1.56288
 126     1.77914
 127     1.46495
 128     2.29459
 129     0.30341
 130     0
 131     3.57474
 132     2.38919
 133     2.89095
 134     2.0175
 135     1.45501
 136   112.025
 137   229.731
 138   191.793
 139   132.421
 140   140.567
 141   110.753
 142    62.6113
 143    20.9248
 144   973.443
 145  1021.15
 146  1181.22
 147  1092.79
 148  1083.44
 149   852.554
 150   585.581
 151   267.068
 152   919.922
 153  1007.43
 154  1191.25
 155  1272.54
 156  1221.39
 157   975.247
 158   771.989
 159   247.628
 160   926.838
 161  1085.11
 162  1168.37
 163   841.769
 164  1100.05
 165   945.355
 166   545.919
 167   197.635
 168   733.245
 169   763.277
 170   951.176
 171   815.308
 172   765.455
 173   829.601
 174   448.515
 175   148.247
 176   304.802
 177   345.548
 178   533.066
 179   380.137
 180   299.249
 181   495.383
 182   283.895
 183   120.132
 184    10.3521
 185    24.014
 186     0.86788
 187     1.10636
 188     1.06837
 189    49.9352
 190    13.0226
 191     3.61105
 192     2.37508
 193    17.9032
 194     3.07954
 195     2.7522
 196     8.49713
 197     1.40227
 198     6.57922
 199     1.28114
 200   258.115
 201   346.68
 202   359.085
 203   259.857
 204   280.089
 205   314.25
 206   173.177
 207    71.0155
 208   928.959
 209  1007.68
 210  1120.53
 211  1071.7
 212  1205.89
 213  1272.32
 214   693.117
 215   226.815
 216   991.614
 217  1188.92
 218  1142.02
 219  1079.78
 220  1178.19
 221  1063.08
 222   687.212
 223   277.934
 224  1014.04
 225  1171.01
 226  1149.08
 227   974.816
 228  1244.66
 229  1012.53
 230   636.223
 231   242.355
 232  1056.47
 233  1058.81
 234  1143.1
 235   956.722
 236   858.933
 237   842.564
 238   656.884
 239   239.178
 240   459.377
 241   527.004
 242   600.284
 243   762.872
 244   664.117
 245   560.977
 246   253.874
 247   136.134
 248     6.92065
 249     3.11281
 250     3.91278
 251    14.5019
 252    35.337
 253    22.6741
 254    10.8806
 255     3.93319
 256    36.4405
 257    61.5088
 258    32.0466
 259    36.8109
 260    32.912
 261    21.2924
 262    33.909
 263    24.2814
 264   556.758
 265   558.325
 266   608.798
 267   646.527
 268   553.864
 269   530.979
 270   298.788
 271    90.6113
 272  1041.45
 273   980.35
 274  1098.08
 275  1119.14
 276  1107.54
 277  1085.78
 278   763.17
 279   302.2
 280   856.65
 281  1004.25
 282  1092.67
 283  1144.23
 284  1191.79
 285  1251.72
 286   817.77
 287   254.437
 288   918.429
 289  1276.47
 290  1192.56
 291  1130.62
 292  1095.8
 293  1146.37
 294   695.995
 295   237.07
 296   964.507
 297  1095.47
 298  1274.07
 299  1076.75
 300  1001.79
 301  1066.71
 302   744.745
 303   222.604
 304   260.412
 305   311.588
 306   260.888
 307   222.537
 308   294.332
 309   235.199
 310   160.526
 311    99.3286
 312     1.33934
 313     0.99298
 314     1.36714
 315     3.60542
 316     2.2336
 317     1.74506
 318     1.05306
 319     0.39832
 320     3.87228
 321    68.5644
 322     1.5324
 323     1.25499
 324    28.5722
 325    21.6095
 326    42.9428
 327    31.6535
 328   453.374
 329   490.021
 330   242.953
 331   263.494
 332   344.834
 333   307.246
 334   262.293
 335   129.695
 336   620.057
 337   652.526
 338   759.318
 339   634.412
 340   774.162
 341   789.986
 342   426.474
 343   198.906
 344   839.118
 345   914.696
 346  1173.65
 347  1023.04
 348  1086.33
 349   948.986
 350   634.061
 351   246.968
 352   733.355
 353   889.868
 354  1160.9
 355  1104.7
 356  1060.62
 357   969.004
 358   661.028
 359   283.318
 360   989.709
 361   861.941
 362   919.236
 363   881.945
 364  1000.8
 365   916.607
 366   724.801
 367   275.595
 368    69.5991
 369   173.475
 370   165.98
 371   104.59
 372    94.8257
 373    85.5144
 374    65.6267
 375    27.2357
 376     2.71927
 377     1.61519
 378     2.5022
 379     0.8472
 380     0.40477
 381     0.5101
 382     3.31385
 383    12.0248
 384     0.34734
 385     0.36977
 386     2.05055
 387     0.3508
 388     2.20029
 389     0.45246
 390     2.14302
 391     0.74201
 392    28.895
 393     1.81915
 394    34.4224
 395     4.66285
 396    22.4974
 397     4.03658
 398     0.45848
 399     2.31193
 400    16.9337
 401    38.9574
 402    42.6623
 403    58.0279
 404    52.5257
 405     9.33969
 406    40.3873
 407     1.93776
 408   104.207
 409    92.5645
 410   194.163
 411   147.857
 412    82.0004
 413   174.169
 414   106.847
 415    23.0945
 416   360.44
 417   308.65
 418   263.955
 419   212.156
 420   258.485
 421   227.794
 422   202.748
 423    62.3134
 424   344.145
 425   285.389
 426   386.052
 427   346.051
 428   274.122
 429   402.499
 430   212.571
 431   105.967
 432     5.03293
 433    19.4713
 434    43.7822
 435    22.8694
 436    21.6449
 437    28.7574
 438    38.9105
 439     0.94887
 440     0
 441     0.61732
 442     3.86587
 443     1.53412
 444     0.33886
 445     0.80865
 446     0.33444
 447     1.34692
 448     0.85107
 449     1.4256
 450     0
 451     0.78391
 452     0.53331
 453     0.69701
 454     0
 455     0
 456     1.95
 457     0.48008
 458     0.39145
 459     0.63987
 460     0.97308
 461     1.50712
 462     0.67883
 463    21.4702
 464     1.58248
 465     0.74388
 466     0.86559
 467     2.4458
 468     0.67883
 469     1.9388
 470     1.40297
 471    39.9504
 472     1.34018
 473     1.78812
 474     1.06957
 475     2.80605
 476     0.40915
 477     2.11109
 478     1.54905
 479     0
 480     8.15222
 481     0.56229
 482     2.8151
 483     5.86132
 484     0
 485     4.19106
 486     1.46585
 487     0
 488     9.83779
 489    17.8924
 490     0
 491     2.19187
 492     1.0384
 493     0.84417
 494     1.81858
 495     0.91362
 496     0.11122
 497     0.61835
 498     1.1355
 499     2.25224
 500     1.0234
 501     0
 502     1.41625
 503     2.20439
 504     0
 505     0
 506     0.18961
 507     1.72766
 508     0.99813
 509     1.75413
 510     2.25517
 511     6.70319
