This file was gnenerated on 2021-06-22 18:46:41.101030 by Grant Finneman. This contains the extracted data from the Gate simulations
The edep for each bar was summed up and printed to this file. The only math operation done has been addition.

  id        edep
   0     0.41977
   1     0
   2     0.30646
   3     1.25703
   4     0
   5     0.18177
   6     0.58217
   7     0
   8     0
   9     0.30646
  10     0.69525
  11     1.06343
  12     1.7743
  13     2.54857
  14     0.19246
  15     1.82758
  16     1.0522
  17     0.53522
  18     2.65435
  19     0.75664
  20     1.25549
  21     0.73757
  22     0.29548
  23     0.24404
  24     2.20068
  25     2.60419
  26     1.37333
  27     0.37197
  28     0
  29     2.20307
  30     0.63292
  31     0.46625
  32     0.35311
  33     0.4664
  34     0.77978
  35     3.06557
  36     1.93393
  37     1.6302
  38     9.98584
  39    15.6398
  40     0.85945
  41     1.39452
  42     0
  43     0.18398
  44     0.7465
  45     0.37379
  46     0
  47     2.33487
  48     0.78084
  49     0.84888
  50     1.48213
  51     0
  52     1.38856
  53     0.29932
  54     0
  55     0
  56     1.37914
  57     0.42643
  58     0
  59     1.7179
  60     1.81444
  61     1.53131
  62     2.34172
  63     0
  64     0.8712
  65     0.0745
  66     0.86032
  67     0
  68     2.71895
  69     0.33442
  70     0.5535
  71     0
  72     3.22998
  73     1.44947
  74     0.60585
  75     1.7922
  76     1.49355
  77     1.93932
  78     1.68393
  79     0.94781
  80     0.45407
  81     2.30256
  82     2.31094
  83     5.12028
  84     1.45176
  85     2.71834
  86     2.55582
  87     1.44276
  88    13.8174
  89     3.89079
  90    12.4173
  91     3.55002
  92     1.70104
  93    27.7787
  94    12.7256
  95     2.13184
  96    37.1241
  97    67.1035
  98    94.9923
  99   112.018
 100    99.0177
 101    85.7702
 102    13.3276
 103    14.8047
 104    11.0943
 105     8.65176
 106    31.1241
 107    49.1457
 108    38.443
 109     6.45235
 110    19.3213
 111     7.15336
 112     1.38124
 113     1.07069
 114     0.9223
 115     2.6715
 116     2.74051
 117     0.76645
 118     4.51618
 119     4.13006
 120     0.16691
 121     0
 122     1.4243
 123     0.61858
 124     1.55152
 125     0.83798
 126     0.87364
 127     1.64423
 128     0.63375
 129     0.11039
 130     1.17164
 131     0
 132     1.38024
 133     0.31831
 134     2.25408
 135     1.31731
 136     3.0127
 137     1.56146
 138    20.7983
 139     5.08421
 140     8.60254
 141     1.09128
 142     1.44839
 143     2.70176
 144    36.1866
 145   132.598
 146   196.203
 147    58.5946
 148   149.229
 149    98.4828
 150    44.8124
 151    31.918
 152   638.785
 153   871.415
 154   835.887
 155   684.912
 156   745.931
 157   675.154
 158   388.684
 159   119.55
 160  1221.81
 161  1429.81
 162  1328.39
 163  1348.53
 164  1376.36
 165  1192.03
 166   955.312
 167   312.88
 168   264.973
 169   304.691
 170   218.884
 171   313.703
 172   230.16
 173   238.372
 174   116.318
 175    36.3306
 176     3.69515
 177     9.21525
 178     3.20979
 179     4.10936
 180     2.28266
 181     1.97811
 182    23.6449
 183    11.8608
 184     0.18837
 185     0.45515
 186     3.09703
 187     2.43582
 188     3.10156
 189     1.85603
 190     0
 191     0.65466
 192     0.8438
 193     2.09024
 194     6.88356
 195     6.4788
 196     0.56502
 197     2.09252
 198     1.79665
 199     0
 200    49.9927
 201    48.7946
 202   148.862
 203    99.7585
 204    59.9517
 205    70.0215
 206    34.8476
 207     1.75464
 208  1161.08
 209  1225.81
 210  1355.41
 211  1333.49
 212  1496.84
 213  1382.86
 214   876.181
 215   307.771
 216  2365.81
 217  2350.7
 218  2614.33
 219  2303.26
 220  2488.87
 221  2488.97
 222  1625.16
 223   627.617
 224  2408.78
 225  2797.28
 226  2615.17
 227  2514.97
 228  2624.78
 229  2281.55
 230  1628.57
 231   562.244
 232  1236.88
 233  1211.26
 234  1293.57
 235  1254.04
 236  1260.02
 237  1212.65
 238   703.636
 239   332.321
 240     7.37961
 241    44.9976
 242    69.3173
 243    57.9553
 244    54.907
 245     8.77293
 246     1.80327
 247     1.86739
 248     0.44185
 249     1.45238
 250     0
 251     3.28288
 252     4.46608
 253     2.89931
 254     1.42921
 255     0.87134
 256     0.37628
 257     0.74376
 258     2.23608
 259     0
 260     1.23821
 261     2.59067
 262     0.94937
 263     1.33659
 264    26.9477
 265    68.7069
 266    52.5951
 267    25.5242
 268    53.2975
 269    54.088
 270    38.8251
 271    14.2327
 272  1233.02
 273  1312.52
 274  1431.61
 275  1229.79
 276  1347.21
 277  1272.46
 278   852.668
 279   271.694
 280  2482.23
 281  2601.59
 282  2779.34
 283  2745.76
 284  2766.3
 285  2496.97
 286  1641.88
 287   713.862
 288  2547.17
 289  2636.74
 290  2453.33
 291  2590.64
 292  2530.1
 293  2106.86
 294  1562.56
 295   589.038
 296  1310.36
 297  1317.79
 298  1205.67
 299  1137.61
 300  1214.42
 301  1169.92
 302   886.352
 303   387.592
 304   156.778
 305    84.2776
 306    58.0607
 307    47.3188
 308    94.5442
 309    44.5475
 310    20.1091
 311    21.6046
 312     0.10865
 313     2.3703
 314     1.28803
 315     2.18832
 316     0
 317     2.10605
 318     1.46517
 319     1.63452
 320     1.71493
 321     0.82068
 322     0
 323     2.78519
 324     0
 325     1.58088
 326     0.59154
 327     1.03214
 328     3.92233
 329     2.4107
 330     6.29943
 331    13.5258
 332    15.6111
 333     0.62328
 334     6.81186
 335     4.61689
 336   312.012
 337   381.016
 338   391.743
 339   321.557
 340   360.213
 341   317.188
 342    90.1878
 343    16.5134
 344  1209.98
 345  1310.71
 346  1535.82
 347  1590.08
 348  1459.93
 349  1247.43
 350   899.205
 351   378.222
 352   654.858
 353   661.259
 354   603.066
 355   671.128
 356   649.538
 357   614.597
 358   380.482
 359   113.841
 360   122.702
 361   141.315
 362    65.8988
 363    95.1917
 364   168.758
 365    99.0365
 366    38.0941
 367    36.8663
 368     1.0498
 369     8.92303
 370     8.43683
 371     3.74512
 372    17.5855
 373     2.34146
 374     0.80114
 375     0.07659
 376     1.71606
 377     2.21415
 378     3.17603
 379     1.64746
 380     2.39429
 381     0.57286
 382     1.23343
 383     0
 384     0.95918
 385     1.95785
 386     0.9039
 387     0.60808
 388     1.94443
 389     0.99021
 390     1.28037
 391     6.4561
 392     3.34633
 393     0.9633
 394     1.93489
 395     0.92925
 396     0.62301
 397     1.074
 398     2.44808
 399     1.36521
 400     3.89252
 401    26.9256
 402     2.23426
 403     1.39246
 404    42.3409
 405     3.99832
 406     0.51206
 407     6.52985
 408    46.5776
 409   102.354
 410    46.729
 411    78.7117
 412    72.475
 413    47.696
 414    52.7229
 415    22.8895
 416    29.6658
 417    16.2889
 418    32.1775
 419    23.8609
 420    25.5369
 421    66.7211
 422     4.31046
 423     0.65436
 424     2.60133
 425     2.30485
 426     2.36899
 427     1.31013
 428     3.09077
 429     1.21804
 430     3.20424
 431     0
 432     1.60108
 433     0.66936
 434     0.97785
 435     1.4875
 436     3.08966
 437     0.85723
 438     2.0227
 439     0.05112
 440     0.46463
 441     0.70603
 442     1.35618
 443     0
 444     0
 445     1.97539
 446     0.8121
 447     0.22292
 448     0
 449     2.14431
 450     0.83468
 451     1.09134
 452     0.58551
 453     0.2147
 454     0.44536
 455     3.93833
 456     0.15288
 457     0
 458     4.92452
 459     0.56158
 460     0.32385
 461     0
 462     0.54551
 463     1.06223
 464     1.59118
 465     0.67185
 466     2.00758
 467     2.80428
 468     1.72089
 469     2.1757
 470     0
 471     1.42404
 472     1.41085
 473     1.00849
 474     2.91755
 475     0.84012
 476     0.44584
 477     2.17681
 478     0.63946
 479     0.77823
 480     3.53888
 481     1.16814
 482     0
 483     0
 484     0
 485     0
 486     0.22678
 487    10.0594
 488     3.03833
 489     1.64773
 490     1.57569
 491     0.60891
 492     2.64763
 493     0.67121
 494     0.56869
 495     0.88004
 496     0
 497     1.93172
 498     1.27236
 499     0
 500     1.30772
 501     1.97186
 502     0
 503     0.89773
 504     0.57869
 505     1.05404
 506     0.20991
 507     0
 508     0.19371
 509     2.51767
 510     0.9587
 511     0
