This file was gnenerated on 2021-06-22 18:39:45.303580 by Grant Finneman. This contains the extracted data from the Gate simulations
The edep for each bar was summed up and printed to this file. The only math operation done has been addition.

  id        edep
   0     0
   1     0
   2     0.42938
   3     0.08021
   4     1.44257
   5     0
   6     2.02181
   7     1.93582
   8     0.32339
   9     2.306
  10     1.06799
  11     1.89143
  12     2.17073
  13     0.55586
  14     0
  15     0.83264
  16     1.79284
  17     1.09927
  18     0.8787
  19     3.07671
  20     1.25501
  21     0.65645
  22     0.75004
  23     2.20623
  24     2.23447
  25     0.71579
  26     0.37919
  27     3.95303
  28     3.95557
  29     0.49808
  30     3.31901
  31     2.63295
  32     1.06515
  33     2.47225
  34     2.17904
  35     0.63205
  36     2.37444
  37     0.79619
  38     2.57639
  39     1.32157
  40     0.80349
  41     1.79335
  42     0
  43     1.68846
  44     1.70035
  45     1.54413
  46     0.32331
  47     0.87126
  48     2.48908
  49     0.66036
  50     0.82507
  51     1.74874
  52     0.74871
  53     1.35378
  54     1.49911
  55     7.40993
  56     1.63151
  57     0
  58     0
  59     1.03711
  60     0.90827
  61     0
  62     0.45269
  63     0
  64     1.22716
  65     1.44211
  66     1.47192
  67     0
  68     0
  69     0
  70     0
  71     2.55731
  72     1.88294
  73     1.11057
  74     0
  75     1.94535
  76     1.67578
  77     0.47396
  78     0
  79     0.82107
  80     1.91861
  81     3.39115
  82     3.41389
  83     1.2179
  84     6.4235
  85     2.79249
  86     1.37661
  87     4.48381
  88    65.2616
  89    31.1371
  90    29.3181
  91    20.8662
  92    11.3567
  93    43.9874
  94    32.9835
  95    41.9691
  96   206.226
  97   142.896
  98   108.66
  99    66.0357
 100    63.2247
 101    80.491
 102    46.5106
 103     3.55721
 104    29.3648
 105    16.9497
 106    14.6658
 107    24.264
 108    39.4949
 109    37.4805
 110    30.5829
 111    25.5237
 112     3.32011
 113     2.11876
 114     0.03658
 115     1.21909
 116     2.84845
 117     4.50381
 118     0
 119     2.40448
 120     1.02237
 121     0
 122     0.94983
 123     3.27902
 124     0
 125     0.82801
 126     0.45867
 127    13.9084
 128     0.75259
 129     1.7257
 130     0
 131     0.44922
 132     0.53392
 133     0.69159
 134     1.85149
 135     0.89042
 136     1.1109
 137     1.61446
 138     1.60048
 139     3.65287
 140     1.33985
 141     1.92584
 142     1.09526
 143     1.1309
 144    30.5509
 145    29.0804
 146    43.3203
 147    26.2261
 148     6.11049
 149     6.73398
 150    13.2667
 151     1.72674
 152   595.504
 153   723.525
 154   602.101
 155   425.849
 156   521.217
 157   395.272
 158   210.691
 159    96.8594
 160  1952.39
 161  1739.55
 162  1963.97
 163  1590.44
 164  1710.74
 165  1700.8
 166  1074.25
 167   501.948
 168   473.409
 169   547.692
 170   436.819
 171   615.806
 172   487.766
 173   531.385
 174   234.547
 175   136.122
 176    18.713
 177    31.9211
 178     9.6131
 179    35.8389
 180     1.54799
 181    18.7395
 182     1.32013
 183     0.19784
 184     0.68638
 185     2.21601
 186     0.76942
 187     1.69019
 188     1.4068
 189     0
 190     0
 191     0
 192     1.19017
 193     1.85901
 194     0.29303
 195     0.78403
 196     3.38302
 197     2.64222
 198     2.33016
 199     0.13719
 200    19.8133
 201    48.0374
 202    34.2318
 203     4.38459
 204    51.7763
 205    14.0572
 206    26.7572
 207     1.94515
 208   573.127
 209   514.465
 210   662.518
 211   561.253
 212   511.228
 213   534.367
 214   299.264
 215    73.3688
 216  2162.35
 217  2573.82
 218  2534.56
 219  2605.37
 220  2454.48
 221  2185.45
 222  1466.39
 223   586.819
 224  2906.93
 225  3262.3
 226  3254.38
 227  3101.71
 228  2903.12
 229  2539.86
 230  1511.7
 231   494.636
 232  1466.57
 233  1525.74
 234  1747.17
 235  1778.37
 236  1770.13
 237  1617.43
 238  1203.4
 239   387.172
 240    74.9675
 241    90.8752
 242    77.2714
 243    68.0002
 244    80.1653
 245   109.775
 246    20.4567
 247    19.852
 248     0
 249     1.42752
 250     1.70932
 251     1.6862
 252     2.68912
 253     1.67586
 254     2.11204
 255     1.49394
 256     0.38589
 257     1.63213
 258     1.62789
 259     1.49381
 260     6.46638
 261     2.94412
 262     0.55639
 263     0.43995
 264    59.8552
 265   109.303
 266   125.303
 267    89.8194
 268   111.263
 269   139.087
 270    33.5292
 271     4.84082
 272  1465.68
 273  1610.56
 274  2032.37
 275  1763.41
 276  1589.52
 277  1842.62
 278  1125.74
 279   493.002
 280  2870.89
 281  2883.16
 282  2635.67
 283  3014.68
 284  3408.87
 285  2893.01
 286  1764.52
 287   685.756
 288  2223.54
 289  2305.26
 290  2425.02
 291  2390.91
 292  2311.95
 293  2107.18
 294  1278.25
 295   530.257
 296   504.843
 297   448.856
 298   541.92
 299   506.631
 300   481.598
 301   351.008
 302   327.559
 303   119.645
 304     7.24543
 305    21.7314
 306    17.3485
 307     8.73942
 308    26.1439
 309    13.9095
 310    36.9504
 311     2.76679
 312     2.31626
 313     1.23513
 314     0.09542
 315     2.09019
 316     0.70691
 317     0.25352
 318     3.38192
 319     3.52503
 320     3.04988
 321     0
 322     0.06021
 323     0.93698
 324     1.8704
 325     1.35578
 326     0.03842
 327     8.53007
 328    18.8348
 329    40.416
 330   101.697
 331    18.7857
 332    12.1005
 333    22.2904
 334    21.0303
 335    28.0845
 336   478.096
 337   639.554
 338   608.633
 339   449.297
 340   625.001
 341   541.001
 342   293.389
 343    83.9631
 344  1659.97
 345  1909.2
 346  1829.41
 347  1564.87
 348  1681.67
 349  1559.74
 350   961.669
 351   407.943
 352   591.998
 353   595.366
 354   628.107
 355   473.014
 356   517.174
 357   490.403
 358   273.852
 359   117.268
 360    89.7156
 361    22.0444
 362    23.2308
 363    32.0587
 364    13.6924
 365    32.1097
 366    22.7149
 367    22.3273
 368     1.68438
 369    26.877
 370     1.32021
 371    20.2044
 372     2.17099
 373     1.06763
 374     2.43416
 375     7.65404
 376     3.10773
 377     0.74498
 378     2.76957
 379     0.70202
 380     1.38017
 381     0.45908
 382     5.96011
 383    11.1114
 384     0.70024
 385     0.12601
 386     0
 387     0.57579
 388     1.03422
 389     0.60417
 390     0
 391     0.95227
 392     1.52238
 393     0.58738
 394     1.17888
 395     3.14102
 396     1.00507
 397     1.33084
 398     0.58965
 399     0.82216
 400     4.63758
 401    27.4843
 402    39.277
 403    46.7677
 404    50.3839
 405     1.72296
 406    21.8657
 407    20.5805
 408    40.9967
 409   126.688
 410    97.6895
 411    81.9433
 412    81.1179
 413    95.0393
 414    69.7927
 415     3.84765
 416    19.1856
 417    15.9341
 418     7.60831
 419    22.3188
 420    31.0172
 421    12.4271
 422    27.7339
 423     7.09268
 424     3.08547
 425     3.2262
 426     1.15851
 427     3.07149
 428     2.50245
 429     1.58427
 430    38.6547
 431    31.9828
 432     3.44645
 433     0.23254
 434     1.45106
 435     3.1818
 436     2.26695
 437     1.04355
 438    12.5103
 439     5.62665
 440     0.49586
 441     0.72793
 442     0.79104
 443     2.86788
 444     0.8994
 445     0.44354
 446     1.19997
 447     0.34786
 448     0
 449     0.00752
 450     0
 451     0.93143
 452     0.14744
 453     0.97379
 454     1.65348
 455     0
 456     0.37578
 457     0.37578
 458     0.10373
 459     1.18047
 460     0.88981
 461     2.74838
 462    17.9285
 463    28.4138
 464     0
 465     2.87259
 466     0.72662
 467     1.24231
 468     3.69107
 469     1.29715
 470     2.09968
 471    17.5078
 472     1.4516
 473     3.71944
 474     0.87667
 475     1.02343
 476     1.45199
 477     0.36544
 478    27.0003
 479    19.3031
 480     0.64986
 481     0.95443
 482     0.8944
 483     2.48505
 484     0.39936
 485     0.57477
 486     9.87173
 487     2.60337
 488     0.56497
 489     2.21892
 490     1.58905
 491     0.79095
 492     0.84658
 493     0.65861
 494     1.2732
 495     1.01821
 496     4.7029
 497     0.76024
 498     0.96072
 499     1.41442
 500     0.718
 501     0
 502     0.18917
 503     1.46313
 504    24.7277
 505     0.83298
 506     0
 507     0.77366
 508     0
 509     0.68694
 510     0.7143
 511     1.70243
