This file was gnenerated on 2021-06-22 18:28:22.988994 by Grant Finneman. This contains the extracted data from the Gate simulations
The edep for each bar was summed up and printed to this file. The only math operation done has been addition.

  id        edep
   0     0
   1     2.7335
   2     1.44426
   3     0.69528
   4     0.78823
   5     0.33101
   6     1.20751
   7     0.94398
   8     2.43663
   9     0.82103
  10     0.61505
  11     0.71611
  12     0.55467
  13     1.02364
  14     0
  15     0.37902
  16     2.44737
  17     2.63866
  18     0.14915
  19     0.93421
  20     0
  21     0.21534
  22     2.04164
  23     0
  24     1.66967
  25     0
  26     2.81938
  27     1.96184
  28     0.60232
  29     0
  30     0
  31     0
  32     2.83779
  33     0.15955
  34     3.40418
  35     3.35145
  36     1.14382
  37     0.3146
  38     2.98276
  39     1.09103
  40     2.50902
  41     0.48642
  42     0.55434
  43     0.90029
  44     2.94836
  45     2.4359
  46     1.37553
  47     0.65165
  48     1.86347
  49     1.59135
  50     0.59244
  51     2.38369
  52     2.77689
  53     1.20478
  54     1.43898
  55     0.10573
  56     0.24073
  57     0.73988
  58     1.13525
  59     1.8052
  60     0.85924
  61     0.0713
  62     0.43014
  63     2.74332
  64     0.48689
  65     0
  66     1.79738
  67     2.17731
  68     0
  69     0.40603
  70     0
  71    21.6479
  72     0.08324
  73     2.38364
  74     0.93163
  75     1.24149
  76     0
  77     1.9022
  78     0.30673
  79     2.10971
  80     0.63958
  81     0.52049
  82     1.15774
  83     1.24765
  84     0
  85     0.80041
  86     2.50389
  87     0.0713
  88     2.5373
  89     1.46569
  90     2.95554
  91     2.30409
  92     1.84991
  93     1.08167
  94     3.95671
  95     2.25352
  96     3.4707
  97     2.78556
  98     2.39886
  99     4.08137
 100     2.70693
 101     2.33394
 102     1.35942
 103     3.27634
 104     7.45621
 105     1.46149
 106    22.9125
 107    14.0856
 108    47.8661
 109    46.9703
 110     2.62925
 111     3.38775
 112     1.97087
 113     1.78569
 114    21.9825
 115     1.8654
 116    14.9781
 117    22.5655
 118     1.93914
 119    40.885
 120     0.74199
 121     0.056
 122     0
 123     3.2327
 124     0.99102
 125     0.37273
 126     0
 127     1.05894
 128     0.08267
 129     0.78309
 130     3.53692
 131     1.45609
 132     0
 133     0.0534
 134     0.8256
 135     0
 136     1.46722
 137     2.52981
 138     1.13512
 139     1.05688
 140     1.48393
 141     1.83573
 142     1.45004
 143     0.38978
 144     7.11376
 145     0.61606
 146     3.78159
 147     5.7675
 148     2.94094
 149     3.26587
 150     1.11153
 151     1.22394
 152    51.9065
 153    69.2321
 154    18.2963
 155    27.1897
 156    33.6934
 157    44.0464
 158    11.2786
 159     3.04892
 160   287.498
 161   401.201
 162   347
 163   376.055
 164   403.172
 165   291.144
 166   131.24
 167    43.5823
 168  1366.06
 169  1320.56
 170  1348.25
 171  1304.07
 172  1254.33
 173  1391.08
 174   990.508
 175   358.567
 176   291.523
 177   299.715
 178   216.074
 179   304.613
 180   238.221
 181   189.566
 182   261.092
 183    41.5118
 184     0.29047
 185     2.3992
 186     1.30864
 187     2.96894
 188     2.7822
 189     1.12588
 190     1.03388
 191     2.81342
 192     1.87993
 193     0.87739
 194     2.75514
 195     1.1341
 196     2.97416
 197     1.10032
 198     2.61991
 199     1.12185
 200     2.78688
 201     2.69966
 202     2.51494
 203     3.16283
 204    27.086
 205     1.78368
 206     1.57718
 207    35.8955
 208   216.898
 209   177.489
 210   212.809
 211   287.057
 212   169.676
 213   172.365
 214    69.7358
 215    30.5351
 216  1346.53
 217  1253.69
 218  1109.37
 219  1082.8
 220  1198.64
 221  1004.34
 222   621.566
 223   181.295
 224  3505.21
 225  3755.5
 226  3575.07
 227  3481.86
 228  3497.34
 229  3382.71
 230  2405.33
 231   985.425
 232  2730.73
 233  2781.5
 234  2652.99
 235  3123.86
 236  2884.43
 237  3358.35
 238  2303.65
 239   743.99
 240   191.626
 241   349.173
 242   289.802
 243   303.035
 244   195.639
 245   179.527
 246   190.576
 247    14.8367
 248     0
 249    18.3543
 250     3.41117
 251     4.48463
 252     3.09084
 253     1.81879
 254     2.34293
 255    10.5417
 256     1.87684
 257    10.0112
 258     1.66097
 259     1.3008
 260     4.09025
 261     0.36671
 262     2.3032
 263     0.99671
 264   277.55
 265   395.316
 266   380.512
 267   282.024
 268   330.559
 269   168.043
 270   131.313
 271    18.1171
 272  2736.3
 273  2969.31
 274  2836.17
 275  2858.2
 276  3080.09
 277  2666.45
 278  1885.59
 279   745.273
 280  3187.8
 281  3718.19
 282  3954.86
 283  3793.82
 284  3423.27
 285  3300.74
 286  2272.74
 287   924.704
 288   880.765
 289  1272.27
 290  1112.44
 291  1295.68
 292  1284.62
 293  1367.22
 294   801.817
 295   208.522
 296   132.422
 297   167.298
 298   216.449
 299   168.358
 300   256.29
 301   212.48
 302    91.1778
 303    48.2407
 304    30.1636
 305     1.82098
 306     2.14876
 307    31.4462
 308    11.5849
 309    24.4487
 310     0.81738
 311     1.36701
 312     1.02258
 313     1.86114
 314     2.38608
 315     0.21534
 316     2.27451
 317     2.77236
 318     1.30663
 319     0.95773
 320     0.50354
 321     2.05258
 322     1.70973
 323     0
 324     0.87717
 325     3.21669
 326     0.63241
 327     2.1031
 328   256.442
 329   242.011
 330   231.725
 331   232.125
 332   283.019
 333   310.266
 334   181.312
 335    33.6422
 336  1037.56
 337  1084.98
 338  1119.25
 339  1087.24
 340  1315.51
 341  1238.2
 342   828.698
 343   342.06
 344   265.848
 345   326.523
 346   269.036
 347   328.445
 348   298.684
 349   174.166
 350   112.364
 351    31.3303
 352    21.3371
 353    58.2275
 354    62.3381
 355    66.5687
 356    18.0888
 357    19.1686
 358    26.6846
 359    20.7555
 360     1.48273
 361     2.77526
 362     2.83164
 363     4.36862
 364     3.26777
 365     3.6637
 366     0.19618
 367     3.28423
 368     0.60439
 369     1.73911
 370     0.30819
 371     1.06208
 372     5.53884
 373     1.94252
 374     2.90269
 375    17.3701
 376     0
 377     1.28962
 378     0.29519
 379     0
 380     0.57208
 381     0.91939
 382     0.99736
 383     0.76614
 384     1.38136
 385     1.30931
 386     0.61924
 387     0.20869
 388     0.54325
 389     2.74644
 390     0
 391     0
 392     1.77732
 393     0.57392
 394     1.80918
 395     0.49684
 396    25.1653
 397    15.088
 398    16.7618
 399     8.21709
 400     2.71167
 401    21.3184
 402    10.3286
 403     3.57377
 404    20.5696
 405    39.8298
 406    33.7788
 407    29.5579
 408     2.19414
 409     8.01757
 410     2.9888
 411     3.23651
 412     1.5443
 413     5.5882
 414     2.51581
 415     2.47391
 416     1.81333
 417     4.38263
 418     1.63805
 419     3.83086
 420     0.29147
 421     2.37886
 422     1.41516
 423     4.16185
 424     1.53869
 425     0.78171
 426     1.92967
 427     0.67163
 428     1.25024
 429     4.20176
 430     1.08015
 431     0
 432     1.09125
 433     0
 434     3.28897
 435     1.70548
 436     1.49447
 437     0.84932
 438     0.98684
 439    25.6145
 440     0.87281
 441     1.07688
 442     1.35461
 443     0
 444     2.06613
 445     0.60708
 446     1.67077
 447     0
 448     0.81268
 449     0
 450     0
 451     1.97631
 452     6.85017
 453     7.86772
 454     5.60953
 455     3.31764
 456     1.37399
 457     0.34417
 458     1.44568
 459     0.49027
 460     0.62362
 461     1.12046
 462     1.27131
 463     0.72392
 464     1.65299
 465     1.44385
 466     1.11702
 467     0.0779
 468     0.89442
 469    15.7264
 470    16.8601
 471     0
 472     1.79146
 473     0
 474     0.33042
 475     1.54447
 476     1.17744
 477     1.39901
 478     0
 479     0.02546
 480     4.05921
 481     4.40788
 482     0
 483     2.81299
 484     0.81795
 485     0
 486     1.36308
 487     0.53097
 488     0.42619
 489     0.39042
 490     2.30683
 491     1.99435
 492     1.57856
 493     0.91927
 494     1.33534
 495     0
 496     0.56765
 497     0
 498     0.7259
 499     0.54794
 500     0.67068
 501     0.98294
 502     0.08375
 503     0.72268
 504     1.2057
 505     0.05015
 506     0.94537
 507     0.07608
 508     0
 509     0.65713
 510     0.9938
 511     0
