This file was gnenerated on 2021-06-22 18:42:20.497695 by Grant Finneman. This contains the extracted data from the Gate simulations
The edep for each bar was summed up and printed to this file. The only math operation done has been addition.

  id        edep
   0     0.47116
   1     1.25566
   2     0
   3     0
   4     0
   5     0.07269
   6     2.2332
   7     1.42551
   8     0.96969
   9     0
  10     2.18586
  11     0.77893
  12     0.52461
  13     0.50393
  14     1.54655
  15     1.54427
  16     0
  17     2.13284
  18     0
  19     3.15839
  20     1.59983
  21     1.64779
  22     0.81265
  23     2.69176
  24     1.72524
  25     2.53329
  26     0.61667
  27     1.8858
  28     2.45309
  29     2.10676
  30     1.14431
  31     0.69589
  32     1.52119
  33     0.95011
  34     2.00193
  35     2.20555
  36     4.64601
  37     0
  38     3.14769
  39     1.30013
  40     1.4039
  41     0.43325
  42     1.60437
  43     0.17643
  44     3.67956
  45     1.76396
  46     0.10438
  47     0.10438
  48     1.49586
  49     2.12462
  50     0.94796
  51     1.2017
  52     0.38185
  53     1.54195
  54     2.19395
  55     0.22633
  56     0.13156
  57     0.08755
  58     0.84984
  59     1.2213
  60     0
  61     0.05238
  62     2.13605
  63     0.96254
  64     0.78011
  65     0
  66     0.79175
  67     2.23582
  68     0.24816
  69     0.28283
  70     0
  71     0.98335
  72     0.64076
  73     1.53652
  74     0.81271
  75     2.96834
  76     2.09808
  77     1.92688
  78     0
  79     1.89219
  80     3.29418
  81     1.89732
  82     1.32943
  83     2.08552
  84     3.22365
  85     5.8045
  86    15.8349
  87     6.00455
  88    15.304
  89     4.48255
  90     2.82282
  91     4.47102
  92    17.7961
  93    36.5381
  94    22.3536
  95    12.6227
  96     2.92083
  97    52.1575
  98    69.6557
  99     3.27265
 100     9.30047
 101    19.9548
 102     2.37286
 103     5.81146
 104     2.87979
 105     0.88752
 106     3.38538
 107     1.65018
 108     1.19503
 109    12.6231
 110     0.96928
 111     1.8843
 112    22.4395
 113     1.93778
 114     0.61709
 115     1.9038
 116     1.83731
 117     1.69149
 118    13.7995
 119    33.9322
 120     0
 121     0.41427
 122     0.60619
 123     0.65476
 124     0.66457
 125     2.46153
 126    14.9759
 127     8.78402
 128     1.45317
 129     1.77897
 130     1.31273
 131     1.33525
 132     1.44137
 133     0.75775
 134     2.66245
 135     0.89707
 136    15.5857
 137    16.8389
 138     1.65028
 139     0.98365
 140     1.6903
 141     4.35923
 142     4.82012
 143    10.3162
 144    92.701
 145   195.372
 146   154.981
 147   151.093
 148   117.442
 149   122.46
 150    80.7278
 151     9.23308
 152   937.712
 153  1055.14
 154  1019.89
 155   985.63
 156   838.766
 157   976.821
 158   557.4
 159   291.954
 160  1065.91
 161   936.556
 162  1063.16
 163  1108.6
 164   868.792
 165   855.214
 166   431.329
 167   181.154
 168   106.661
 169   102.513
 170    86.465
 171    69.7365
 172    43.8665
 173    72.6902
 174     2.09748
 175     3.65531
 176     3.20092
 177     1.18367
 178     1.30234
 179     4.73214
 180     1.61823
 181     2.79578
 182     4.11525
 183    12.198
 184     0.19923
 185     1.44947
 186     2.51089
 187     1.24809
 188     0
 189     0.43824
 190     3.31119
 191     0.95454
 192     1.60326
 193     4.59997
 194     2.15079
 195     0.4883
 196     0.15034
 197     0.60156
 198     0.4728
 199    18.1764
 200    17.2161
 201    21.003
 202    31.9469
 203    16.8636
 204    37.5428
 205    22.0349
 206     1.38332
 207     1.05439
 208   976.433
 209  1090.02
 210  1097.87
 211  1105.25
 212  1106.1
 213   908.277
 214   614.128
 215   214.185
 216  3526.78
 217  3473.68
 218  3817.48
 219  4045.25
 220  4132.43
 221  3500.61
 222  2176.97
 223   784.159
 224  3040.47
 225  2984.24
 226  2832.47
 227  3163.11
 228  3228.01
 229  3063.47
 230  1956.03
 231   814.034
 232   400.97
 233   420.402
 234   504.479
 235   450.179
 236   408.088
 237   407.363
 238   167.873
 239    50.6558
 240    11.3754
 241    15.3744
 242    22.5448
 243     3.47087
 244     2.03487
 245     0.69809
 246     1.59869
 247     1.89322
 248     4.37822
 249     2.8529
 250     0.93132
 251     2.06183
 252     1.93486
 253     0.13881
 254     2.17135
 255     0.54911
 256     1.01225
 257     0.97336
 258     1.65003
 259     2.34399
 260     1.69372
 261     2.82349
 262     3.99116
 263    30.8937
 264    28.4729
 265     3.5856
 266     6.8979
 267    11.3084
 268    26.8576
 269    21.8074
 270    22.9705
 271     0.5197
 272   428.61
 273   489.746
 274   512.51
 275   593.708
 276   379.518
 277   371.802
 278   226.643
 279    72.5052
 280  3218.21
 281  2985.79
 282  3106.33
 283  3665.86
 284  3517.01
 285  2936.78
 286  1949.28
 287   572.258
 288  3319.92
 289  3502.22
 290  3724.14
 291  3627.48
 292  3743.52
 293  3521.67
 294  2551.97
 295   989.056
 296   912.573
 297  1063.41
 298  1258.84
 299  1092.18
 300   943.246
 301   880.149
 302   673.869
 303   243.594
 304     3.30211
 305    24.817
 306     9.3347
 307    21.3491
 308    36.9735
 309     8.47572
 310    11.2586
 311     3.91312
 312     0.90252
 313     3.98084
 314     0
 315     1.25523
 316     0.62327
 317    22.8968
 318    24.0228
 319    15.4929
 320     0.48749
 321     3.09703
 322     1.17728
 323     2.77733
 324     0.96338
 325     1.75973
 326     0.60581
 327     0.30422
 328     0.02924
 329     2.93104
 330     2.54837
 331     1.87752
 332     1.75875
 333     1.06853
 334     9.88339
 335    26.964
 336   105.368
 337    65.4051
 338    46.4463
 339    20.4953
 340    29.5029
 341    59.1279
 342    20.1627
 343    43.4454
 344   906.338
 345   894.61
 346  1039.9
 347  1075.4
 348   931.456
 349   854.646
 350   565.676
 351   258.546
 352   758.006
 353   981.747
 354  1254.65
 355  1094.59
 356   944.921
 357   982.26
 358   465.816
 359   171.753
 360   165.582
 361   142.383
 362   257
 363   143.346
 364    59.2425
 365   112.687
 366    57.5802
 367     0.34978
 368     2.65855
 369     2.26752
 370     4.36806
 371     0.30264
 372     4.93293
 373     1.11484
 374     0.69672
 375     1.32608
 376     2.47911
 377     0.57164
 378     1.2035
 379     1.31757
 380     3.56946
 381     0.49359
 382     3.06643
 383     0.95228
 384     0.83436
 385     0.84667
 386     0
 387     1.75676
 388     1.51081
 389     2.91842
 390     1.06851
 391     0.80931
 392     1.80353
 393     2.15578
 394     2.74755
 395     1.59715
 396     1.1749
 397     1.98519
 398     9.26269
 399     5.74824
 400     2.85761
 401    16.2983
 402    19.7524
 403     0.94041
 404    20.5189
 405    18.7433
 406     8.62302
 407     9.60933
 408     5.40662
 409    17.5558
 410    39.2245
 411    58.9986
 412    21.4071
 413     9.79554
 414    13.2751
 415    17.1017
 416     8.13544
 417     2.97288
 418    22.116
 419    28.2432
 420     4.84066
 421     5.52716
 422     6.44245
 423    22.4101
 424     7.0785
 425     0.64028
 426     1.47627
 427     2.62723
 428     3.97852
 429     3.30005
 430     3.41354
 431     5.17501
 432     1.87784
 433     2.47354
 434     1.59801
 435     1.20547
 436     0
 437     1.50823
 438     1.43381
 439    14.2786
 440     0.73595
 441     0.90268
 442     1.40743
 443     0.38223
 444     0.89052
 445     1.19394
 446     0.46382
 447     0.69163
 448     0.98282
 449     0.73578
 450     0.85261
 451     0.56688
 452     0.3596
 453     0
 454     0.87826
 455     0
 456     1.64218
 457     1.01957
 458     0
 459     0
 460     1.25107
 461     0.17973
 462     0.75751
 463     0.30477
 464     1.34995
 465     1.5266
 466     2.09694
 467     0
 468     1.66651
 469     1.59654
 470     0
 471     0.9462
 472     0.67438
 473     4.94884
 474     1.24458
 475     2.71946
 476     3.27793
 477     1.43624
 478     0.99922
 479     1.71287
 480     1.1858
 481     0.14363
 482     0.37384
 483     0.76535
 484     1.60865
 485     2.65902
 486     0.57197
 487     1.65516
 488     0
 489     1.35896
 490     0
 491     1.97614
 492     0.32869
 493     1.13535
 494     0.51827
 495     0.42161
 496     0.80975
 497     0.57172
 498     1.70496
 499     1.04523
 500     1.03548
 501     1.49531
 502     0.78058
 503     7.07641
 504     1.66896
 505     0.89447
 506     0.31253
 507     0.21733
 508     0
 509     0
 510     0
 511     0.4313
