This file was gnenerated on 2021-06-22 18:27:49.516846 by Grant Finneman. This contains the extracted data from the Gate simulations
The edep for each bar was summed up and printed to this file. The only math operation done has been addition.

  id        edep
   0     0.08843
   1     0
   2     1.42134
   3     1.11513
   4     0
   5     0.44191
   6     1.07479
   7     0
   8     0
   9     1.40461
  10     0.83181
  11     0.78013
  12     1.54282
  13     0.17088
  14     0
  15     2.52152
  16     9.38451
  17     0.54744
  18     1.71452
  19     3.68016
  20     1.57323
  21     0.48925
  22     0.80452
  23     2.43787
  24     0.76279
  25     2.00814
  26     2.01523
  27     1.35247
  28     0.84546
  29     1.84301
  30     0.98352
  31     0.65494
  32     0.85783
  33     1.63752
  34     3.92673
  35     1.88879
  36     0.81228
  37     1.19255
  38     0.56581
  39     1.5176
  40     2.75611
  41     0.56246
  42     0.51108
  43     3.73416
  44     0.6178
  45     0.58248
  46     0.3359
  47     1.93337
  48     1.95596
  49     0.32817
  50     0.9035
  51     1.84554
  52     0.17937
  53     0.64545
  54     0
  55     0
  56     0.94038
  57     2.55997
  58     1.05476
  59     0.29059
  60     0
  61     0.48595
  62     0.04597
  63     0.96018
  64     0
  65     0
  66     2.2175
  67     1.43459
  68     0.59876
  69     0.65939
  70     0
  71    19.1777
  72     2.25972
  73     1.4484
  74     2.70033
  75     0.27536
  76     3.1771
  77     1.6896
  78     1.68855
  79     8.82411
  80     0
  81     1.11234
  82     2.5937
  83     0.96926
  84     1.44106
  85     0.67206
  86     2.23564
  87     1.51074
  88     1.37475
  89     0.26258
  90    11.2991
  91    26.6599
  92     1.42907
  93     8.64549
  94    12.3369
  95     8.20593
  96    84.7443
  97   102.736
  98    39.5454
  99    89.5305
 100    83.1618
 101    61.8494
 102    81.2108
 103     2.37161
 104    38.4532
 105     7.53778
 106    63.7109
 107    34.4977
 108    26.6841
 109    13.0941
 110     3.80622
 111     2.88455
 112    19.3986
 113     2.05262
 114     0.73651
 115     4.39054
 116     0.4261
 117     0.86401
 118     0.5203
 119     1.88755
 120     3.19971
 121     1.43666
 122     0
 123     2.1927
 124     0
 125     0.52771
 126     2.18777
 127     4.87901
 128     0.29996
 129     1.0661
 130     2.68813
 131     0.65473
 132     0.10953
 133     1.32757
 134     0
 135     3.23258
 136     2.19395
 137     0.97237
 138     2.19521
 139     2.40767
 140     0
 141     0.10953
 142     2.35706
 143     2.69365
 144     1.73713
 145     1.1606
 146     3.20871
 147     6.18918
 148     1.65208
 149    11.2247
 150     5.70305
 151     2.47982
 152   217.777
 153   315.162
 154   153.164
 155   177.748
 156   254.404
 157   191.51
 158    71.2596
 159    21.3606
 160  2650.57
 161  3088.69
 162  3067.79
 163  2988.58
 164  3159
 165  2601.02
 166  1735.39
 167   575.448
 168   631.54
 169   577.597
 170   552.355
 171   554.916
 172   630.36
 173   443.207
 174   294.307
 175   148.436
 176     2.21889
 177     1.85397
 178    13.1063
 179     2.85257
 180     4.86324
 181    23.867
 182     5.95625
 183     4.85797
 184     2.26329
 185     0
 186     0.90136
 187     2.80286
 188     1.64359
 189     1.41176
 190     3.7959
 191     0.83817
 192     2.22284
 193     0
 194     1.43878
 195     1.42826
 196     0.94262
 197     0.20853
 198     1.11174
 199     1.16466
 200     0.21475
 201     3.50874
 202     2.84834
 203     2.35934
 204     2.17193
 205     1.35945
 206     1.10909
 207     0.29046
 208    32.6923
 209    43.2414
 210    48.5112
 211    52.699
 212    43.4401
 213    20.9104
 214    32.8474
 215    47.4484
 216  1291.38
 217  1760.16
 218  1761.64
 219  1583.1
 220  1913.39
 221  1691.2
 222   705.809
 223   270.058
 224  3766.04
 225  4617.83
 226  4992.35
 227  4898.88
 228  4641.13
 229  4528.95
 230  3041.57
 231  1191.36
 232   320.641
 233   464.771
 234   387.803
 235   276.282
 236   470.198
 237   233.428
 238   231.635
 239   175.135
 240     5.21822
 241     3.91197
 242     4.9384
 243     0.1306
 244     2.08962
 245     2.88033
 246    24.592
 247     1.367
 248    21.6501
 249     2.13146
 250     0.54953
 251     4.72582
 252     1.30386
 253     0.9469
 254     0
 255     2.4274
 256     1.79703
 257     2.56809
 258     2.84977
 259     0.64991
 260     1.1174
 261     3.76843
 262     1.48445
 263     2.34312
 264     2.66227
 265     2.60752
 266     4.03706
 267     3.93052
 268     2.00865
 269     3.62507
 270     2.72358
 271     7.1331
 272   289.923
 273   457.324
 274   525.549
 275   423.546
 276   283.222
 277   381.211
 278   267.789
 279    35.9481
 280  4019.11
 281  4434.41
 282  4738.82
 283  5052.22
 284  5310.04
 285  4629.63
 286  3418.17
 287  1241.71
 288  1291.78
 289  1558.04
 290  1742.23
 291  1616.56
 292  1765.92
 293  1687.86
 294   950.023
 295   255.879
 296    25.4817
 297    62.7838
 298    57.5506
 299    45.466
 300    27.6438
 301    19.8581
 302    20.7701
 303     7.44916
 304     0.24843
 305     1.9868
 306     2.57311
 307     1.6521
 308     1.70513
 309     4.9301
 310     5.71963
 311     7.24369
 312     3.20454
 313     2.38103
 314     0.22148
 315     2.62275
 316     0.98342
 317     0.53461
 318     0.47686
 319     0
 320     0.51257
 321     1.50087
 322     0.83332
 323     3.71847
 324     1.42795
 325     1.6391
 326     0.81896
 327     0
 328     1.85584
 329     1.98474
 330     2.58391
 331     5.49161
 332     3.95801
 333     1.64627
 334     1.84962
 335     1.371
 336   453.058
 337   631.541
 338   589.194
 339   568.79
 340   484.183
 341   567.082
 342   324.143
 343    47.2494
 344  2702.54
 345  2760.1
 346  3122.48
 347  2886.93
 348  2800.68
 349  2591.07
 350  1809.6
 351   679.605
 352   125.293
 353   163.647
 354   148.279
 355   283.704
 356   274.425
 357   206.793
 358    80.9831
 359    30.3416
 360     3.01325
 361     5.83077
 362     3.16511
 363     3.25633
 364    19.4928
 365     8.51645
 366    10.3104
 367     5.53368
 368     1.64823
 369     1.82834
 370     1.74706
 371     2.15169
 372     0.36261
 373     2.02386
 374     4.40603
 375     8.87465
 376     0.05169
 377     1.54982
 378     0.61671
 379     0.53818
 380     2.65637
 381     0.18577
 382     0.45314
 383    25.523
 384     1.66563
 385     1.03489
 386     2.39849
 387     1.27927
 388     0.96505
 389     1.44451
 390     0
 391     2.46136
 392     2.12358
 393     1.15351
 394     1.02357
 395     0.56253
 396     1.21385
 397     0.09897
 398     0.10987
 399     0.19744
 400    34.1474
 401    44.392
 402    49.0971
 403    35.6195
 404    50.1777
 405    47.2877
 406    24.1681
 407    21.291
 408    92.2201
 409   103.716
 410   115.709
 411   174.862
 412   110.127
 413    54.5917
 414    35.411
 415    10.3729
 416     2.09247
 417     5.50749
 418     4.00339
 419    10.0343
 420     8.50381
 421    29.1347
 422     3.13042
 423    33.9387
 424     0.71036
 425     2.20701
 426     1.23701
 427     0.4956
 428     3.327
 429     1.95222
 430     0
 431    20.7662
 432     1.87227
 433     1.00878
 434     2.48571
 435     0.97277
 436     1.41714
 437     2.02076
 438     2.48411
 439     2.64521
 440     1.43723
 441     1.61124
 442     0.72695
 443     0.68644
 444     0.91611
 445     1.5307
 446     0.89046
 447     0
 448     0.70216
 449     0.12988
 450     0.09687
 451     0
 452     1.37157
 453     0.79997
 454     1.45076
 455     0
 456     1.42274
 457     1.91436
 458     1.21655
 459     0
 460     0.86066
 461     1.21374
 462     0.40036
 463     0.78527
 464     1.21486
 465     0.87926
 466     0.74839
 467     2.05671
 468     0
 469     1.36627
 470     0.87363
 471     1.48251
 472     0.7487
 473     0.67408
 474     1.0224
 475     2.47055
 476     2.44896
 477     0
 478     6.03973
 479     5.74121
 480     0
 481     2.32878
 482     2.00735
 483     4.36152
 484     0.50967
 485     1.55258
 486     0.99827
 487     9.77226
 488     1.71332
 489     1.35804
 490     2.57135
 491     3.32005
 492     1.3045
 493     0
 494     0.63205
 495     0.18608
 496     0.86365
 497     0.93762
 498     0.49685
 499     2.08801
 500     1.09002
 501     1.7102
 502     2.11588
 503     2.65603
 504     0
 505     0.82122
 506     0
 507     0.6249
 508     0
 509     0.29103
 510     0
 511     2.22747
