This file was gnenerated on 2021-06-22 18:27:56.245139 by Grant Finneman. This contains the extracted data from the Gate simulations
The edep for each bar was summed up and printed to this file. The only math operation done has been addition.

  id        edep
   0     0
   1     0.4261
   2     3.02665
   3     0.76523
   4     1.18575
   5     0.23734
   6     0
   7     0.59624
   8     2.25868
   9     0
  10     2.50252
  11     1.88375
  12     0.87056
  13     1.62763
  14     0.26727
  15     0
  16     0.5492
  17     1.54355
  18     1.95097
  19     3.76923
  20     1.27598
  21     0.42858
  22     0.10903
  23     2.34614
  24     3.83383
  25     0.603
  26     0.92482
  27     1.01454
  28     0.99299
  29     0
  30     1.55805
  31     0.2991
  32     1.8254
  33     1.55507
  34     0.8223
  35     0.394
  36     2.19694
  37     3.4016
  38     2.35218
  39     1.41798
  40     0.61524
  41     1.68813
  42     2.64562
  43     3.18395
  44     0.21846
  45     0
  46     0
  47     0.57838
  48     0.13312
  49     0
  50     0.48644
  51     1.69764
  52     0.91718
  53     0
  54     0.01692
  55     1.03311
  56     0
  57     0
  58     0
  59     0
  60     0.9539
  61     0
  62     2.19266
  63     0
  64     1.0656
  65     4.21125
  66     3.0667
  67     0
  68     0.36731
  69     0.67955
  70     0
  71     0.86382
  72     0.54201
  73     1.39808
  74     1.38112
  75     2.02153
  76     1.98369
  77     2.33443
  78     1.07736
  79     0
  80     2.21226
  81    12.1697
  82    11.7992
  83     1.19644
  84     2.93092
  85     0.01622
  86    12.3882
  87     7.37373
  88     3.79555
  89     2.81537
  90     3.61572
  91     0.52053
  92     1.01213
  93     0.28654
  94     3.17474
  95     6.26503
  96     0.8622
  97     2.16556
  98     2.79106
  99     4.25436
 100     0.03341
 101     1.1848
 102     0.9135
 103     0.86694
 104     1.74373
 105     2.09898
 106     2.85338
 107     0.46618
 108     2.69813
 109     1.70589
 110     0.80768
 111     0.12918
 112     0
 113     0.39112
 114     0
 115     1.41194
 116     2.10155
 117     0.36197
 118     0.23939
 119     4.53478
 120     0
 121     1.66643
 122     1.4052
 123     0.90921
 124     0.27161
 125     0.50519
 126     0
 127     0
 128     0.26648
 129     1.01792
 130     1.77167
 131     5.37651
 132     1.10089
 133     2.10542
 134     1.54409
 135     0
 136    48.9681
 137    20.1805
 138    57.9842
 139   131.641
 140    46.7799
 141    31.3409
 142    16.2285
 143     0.06468
 144   251.472
 145   168.12
 146   291.228
 147   354.967
 148   252.469
 149   157.196
 150    69.7049
 151    33.5832
 152    79.0114
 153   155.766
 154   101.697
 155    95.4571
 156   161.815
 157    42.4433
 158    42.0791
 159    46.5393
 160    35.5939
 161    26.2919
 162     5.33365
 163    18.1918
 164     9.72755
 165    10.0412
 166     4.09664
 167    50.3482
 168     2.9655
 169    22.9943
 170    23.5767
 171     1.97924
 172     3.17908
 173     4.91524
 174     4.28623
 175     2.63791
 176     1.61669
 177     5.33113
 178     1.84945
 179     2.2318
 180     2.71665
 181     1.10504
 182     1.74949
 183     5.56661
 184     3.19406
 185     1.17634
 186     1.10075
 187     1.48397
 188     2.03743
 189     0.94533
 190     1.53969
 191     0.63061
 192     5.38744
 193     2.94844
 194     2.27995
 195    18.2285
 196     1.21051
 197     3.5567
 198     4.12429
 199     1.84443
 200   392.504
 201   555.124
 202   583.119
 203   457.832
 204   391.205
 205   451.413
 206   211.813
 207    50.7789
 208  3089.31
 209  3397.18
 210  3464.72
 211  3797.27
 212  4009.52
 213  3658.42
 214  2452.71
 215   896.401
 216  2962.02
 217  3239.58
 218  3803.77
 219  3817.32
 220  3747.9
 221  3584.88
 222  2473.4
 223   991.23
 224  1473.88
 225  1658.52
 226  1834.28
 227  1959.83
 228  1751.23
 229  1930.7
 230  1113
 231   383.469
 232   575.548
 233   861.69
 234   692.448
 235   774.978
 236   705.803
 237   636.838
 238   327.003
 239    54.0142
 240    16.6147
 241    68.4699
 242    44.7504
 243   117.463
 244    91.6085
 245    11.5728
 246    19.5853
 247    10.6269
 248     1.80247
 249     1.42003
 250     1.21804
 251     2.14912
 252     1.55433
 253     0.29944
 254     0
 255     1.10678
 256     1.39468
 257     1.49351
 258     0.76149
 259     0.76276
 260     0
 261     3.34055
 262     0.85084
 263     7.2762
 264    32.0173
 265    85.3925
 266    74.9886
 267    83.8035
 268    98.6447
 269    90.7057
 270    90.6483
 271    21.7222
 272   593.436
 273   623.972
 274   640.086
 275   680.314
 276   724.289
 277   783.085
 278   457.051
 279    99.9403
 280  1841.04
 281  2230.94
 282  2031.57
 283  2044.89
 284  2092.58
 285  1970.78
 286  1205.52
 287   314.645
 288  3213.02
 289  3192.91
 290  3343.44
 291  3392.38
 292  2981.03
 293  3064.62
 294  2077.5
 295   805.558
 296  3466.09
 297  3245.83
 298  3269.39
 299  3479.78
 300  3543.72
 301  3651.25
 302  2372.18
 303   890.685
 304   225.758
 305   187.583
 306   257.502
 307   418.799
 308   407.314
 309   402.833
 310   180.565
 311    46.5393
 312    23.1983
 313     0.56544
 314     2.6986
 315     2.96575
 316     2.32126
 317     4.0077
 318     4.17587
 319     0.9655
 320     2.67527
 321     0
 322     0.43335
 323     3.39834
 324     2.42998
 325     1.85035
 326     0
 327     2.25023
 328     0.65925
 329     2.37317
 330     1.48124
 331     1.95772
 332    13.5
 333     1.61933
 334     0.77441
 335    33.7774
 336     3.06948
 337    11.6205
 338     6.56196
 339    32.8238
 340    32.0247
 341     4.46813
 342     1.49948
 343    12.4843
 344    56.5289
 345    77.3175
 346    43.3142
 347    32.3053
 348    25.8828
 349    31.5588
 350     1.61678
 351    13.6329
 352   155.342
 353   123.19
 354    58.5308
 355    63.2841
 356    64.4975
 357    59.61
 358    54.8306
 359    44.7754
 360   219.991
 361   235.617
 362   233.776
 363   179.37
 364   207.659
 365   192.083
 366   124.301
 367    36.2448
 368    21.7824
 369    36.4741
 370    64.9388
 371    86.6617
 372    50.8613
 373     3.16063
 374     2.7858
 375     4.51945
 376     0.64115
 377     0.62132
 378     1.73378
 379     2.89498
 380     1.20709
 381     0.90946
 382     0.81744
 383    29.9713
 384     1.82226
 385     1.79073
 386     1.82542
 387     1.45142
 388     0.8398
 389     0.51904
 390     0.28282
 391     1.06962
 392     0
 393     1.61703
 394     1.74276
 395     1.91484
 396     2.04507
 397     2.21534
 398     0.08391
 399     1.56984
 400     1.76648
 401     0.41116
 402     1.34647
 403     0
 404     1.64605
 405     1.85161
 406     2.24578
 407     0.51167
 408     2.21884
 409     1.68932
 410     2.90468
 411     1.2843
 412     2.87866
 413     0.35631
 414     0.83405
 415    15.3296
 416     2.68399
 417     1.41835
 418     1.3625
 419     0
 420     0.18044
 421     3.33661
 422     0.9053
 423     3.64893
 424     1.34255
 425     1.24825
 426     1.69451
 427    24.035
 428     0.89495
 429     0.76899
 430     1.62158
 431     0.58558
 432     4.0672
 433     2.3587
 434     0.99117
 435     0
 436     0.96141
 437     0
 438     1.01098
 439     9.11326
 440     1.01468
 441     0.89916
 442     2.32299
 443     0
 444     0.41126
 445     0.97666
 446     0.79724
 447     0.79225
 448     0.31316
 449     0
 450     0.98965
 451     0.43782
 452     0
 453     0.82151
 454     0
 455     0
 456     0.62102
 457     1.0639
 458     0.83966
 459     1.73981
 460     1.09412
 461     1.40051
 462     0.79846
 463     0.47606
 464     0.83781
 465     1.16916
 466     0
 467     1.54556
 468     0.48644
 469     0.84268
 470     0
 471     2.36709
 472     0.17205
 473     2.47683
 474     0.32909
 475     2.02288
 476     2.50385
 477     2.13426
 478     2.20641
 479     0.4543
 480     0.68676
 481     1.63811
 482     3.62326
 483     1.08381
 484     1.35746
 485     0.22908
 486     0.19997
 487     0.9898
 488     0.92101
 489     2.37303
 490     0
 491     0.61271
 492     2.83097
 493     0
 494     0.84525
 495     1.24549
 496     0.64754
 497     0
 498     0.54272
 499     1.86759
 500     0.78306
 501     1.30915
 502     1.57071
 503     0.05921
 504     1.0132
 505     0
 506     0.87955
 507     0.36352
 508     1.24947
 509     0.74551
 510     0.37374
 511     0.03375
