This file was gnenerated on 2021-06-22 18:48:20.762466 by Grant Finneman. This contains the extracted data from the Gate simulations
The edep for each bar was summed up and printed to this file. The only math operation done has been addition.

  id        edep
   0     0
   1     1.18933
   2     0.66089
   3     0
   4     0
   5     0.71722
   6     0.55844
   7     0
   8     2.31484
   9     2.04378
  10     0.84774
  11     0
  12     0.91352
  13     0.54279
  14     0.98402
  15     0
  16     0.05029
  17     2.5923
  18     2.24139
  19     3.53697
  20     1.4624
  21     1.9808
  22     0.82552
  23     1.7346
  24    12.7449
  25     2.50538
  26     0.72328
  27    17.3233
  28     7.24158
  29    21.0519
  30    39.8343
  31    17.5552
  32     2.86947
  33    16.1099
  34     1.42257
  35     4.48937
  36     1.91566
  37    10.8492
  38    15.2685
  39     1.2367
  40     0.81657
  41     0.95787
  42     1.49208
  43     2.55032
  44     0.60129
  45     1.17175
  46     0.87831
  47     0.08772
  48     0
  49     1.28206
  50     0.9221
  51     2.10491
  52     1.16413
  53     0.9372
  54     0.02459
  55     0.84471
  56     0.98071
  57     1.63637
  58     0
  59     0.10141
  60     0
  61     0
  62     0.43914
  63     0.78256
  64     2.25387
  65     1.22089
  66     1.76946
  67    14.7023
  68     2.36206
  69     0.6469
  70     1.129
  71     0.00825
  72    23.8871
  73    20.3673
  74    20.681
  75    53.8117
  76    23.0729
  77     8.47594
  78    25.7838
  79    25.449
  80    91.0916
  81   119.535
  82    85.5059
  83   128.625
  84   145.457
  85    51.4335
  86    64.0118
  87     7.90912
  88   572.719
  89   668.048
  90   548.83
  91   578.881
  92   522.586
  93   539.731
  94   255.544
  95    69.1915
  96   272.487
  97   414.5
  98   326.039
  99   426.985
 100   455.268
 101   406.674
 102   296.057
 103    91.9664
 104    25.3919
 105    10.6095
 106    13.3347
 107     1.33282
 108    10.724
 109     7.65644
 110     9.69584
 111     0.55809
 112     2.30092
 113     1.94865
 114     0.82562
 115     2.01168
 116     1.47432
 117     2.55092
 118     0
 119    32.3031
 120     0.73116
 121     0.41235
 122     0
 123     0.67238
 124     1.27375
 125     1.4427
 126     7.66226
 127     8.55594
 128     0.44244
 129     2.78271
 130     1.45369
 131     6.18885
 132     8.78617
 133     1.42693
 134     2.22376
 135     0.78877
 136   175.224
 137   123.715
 138   103.142
 139   248.898
 140   225.587
 141   160.733
 142   160.648
 143    54.2304
 144   818.41
 145  1014.23
 146  1089.34
 147  1125.04
 148  1172.21
 149   783.338
 150   723.426
 151   246.858
 152  1355.75
 153  1613.14
 154  1516.41
 155  1488.62
 156  1642.71
 157  1292.12
 158   871.1
 159   341.731
 160  1275.98
 161  1163.92
 162  1087.97
 163  1212.1
 164  1225.35
 165  1058.33
 166   750.896
 167   299.808
 168   161.162
 169   154.337
 170   118.957
 171   195.009
 172   123.068
 173    40.4299
 174    38.9257
 175    24.0769
 176    37.3341
 177     9.88497
 178     1.09822
 179     3.20511
 180    18.0389
 181    18.3401
 182    10.4413
 183    23.7952
 184     1.33731
 185     0
 186     0
 187     0
 188     0.30556
 189     1.66812
 190     2.47168
 191     0.61596
 192     2.81542
 193     3.41509
 194     0.24704
 195     3.54955
 196     1.28721
 197    15.486
 198     0.94074
 199     2.18617
 200   208.071
 201   145.95
 202   223.866
 203   218.337
 204   127.379
 205   190.36
 206   136.284
 207    50.2048
 208  1225.71
 209  1210.99
 210  1213.15
 211  1229.22
 212  1158.37
 213  1348.5
 214   982.665
 215   297.969
 216  1482.37
 217  1577.34
 218  1582.77
 219  1471.96
 220  1476.3
 221  1363.53
 222  1110.36
 223   425.12
 224  1433.28
 225  1391.22
 226  1498.59
 227  1416.18
 228  1466.59
 229  1498.67
 230   944.256
 231   319.353
 232   764.813
 233   798.737
 234   699.236
 235   638.278
 236   868.483
 237   736.427
 238   482.829
 239   125.237
 240     9.16977
 241    32.2853
 242    22.1949
 243    19.0834
 244    49.3792
 245    58.2938
 246    29.6796
 247     4.73466
 248     0.24214
 249     0.04235
 250     2.09741
 251     2.98412
 252     2.97907
 253     1.24619
 254    12.8719
 255     0.55641
 256     2.46556
 257     0.8733
 258     1.00378
 259     1.30047
 260     1.61858
 261     0.59075
 262     2.41477
 263     1.53439
 264    50.25
 265    53.6545
 266    33.8946
 267    23.0604
 268    36.3788
 269    60.5859
 270     2.95905
 271     7.96108
 272   605.895
 273   702.536
 274   835.021
 275   756.503
 276   871.866
 277   603.734
 278   454.602
 279   169.636
 280  1319.38
 281  1447.43
 282  1389.02
 283  1451.52
 284  1380.29
 285  1442.17
 286  1031.12
 287   317.026
 288  1265.33
 289  1512.47
 290  1438.09
 291  1403.9
 292  1444.97
 293  1414.6
 294   931.809
 295   371.659
 296  1021.44
 297  1092.71
 298  1367.87
 299  1517.75
 300  1318.45
 301  1120.7
 302   711.29
 303   298.105
 304   150.609
 305   143.042
 306   195.68
 307   232.107
 308   289.753
 309   330.532
 310   168.867
 311    49.8615
 312     0
 313     8.65742
 314     0.3978
 315    45.7891
 316    14.7348
 317     3.21954
 318     9.09693
 319     8.6545
 320     0.12986
 321     2.40817
 322     0.69324
 323     1.38648
 324     0.25318
 325     0.09166
 326     0.24324
 327     0.766
 328     2.19536
 329     1.86867
 330     0.79097
 331     2.43756
 332     1.36513
 333     0.38714
 334     0.57374
 335     0.99597
 336   145.098
 337   162.615
 338   135.699
 339   133.09
 340   254.044
 341   336.268
 342   143.833
 343     9.01706
 344   962.928
 345  1098.5
 346  1099.15
 347  1058.26
 348  1038.18
 349   875.488
 350   710.039
 351   250.615
 352  1115.16
 353  1458.75
 354  1615.96
 355  1313.31
 356  1342.8
 357  1264.31
 358   909.199
 359   411.568
 360   790.21
 361   850.3
 362   986.739
 363  1062.62
 364  1040.96
 365   745.55
 366   553.16
 367   214.363
 368   232.371
 369   190.648
 370   213.586
 371   265.291
 372   240.973
 373   178.26
 374   108.334
 375    69.5587
 376     0
 377     0.31625
 378     1.01609
 379    42.508
 380     3.50275
 381     2.12088
 382     1.90657
 383    16.1806
 384     1.85595
 385     0.31005
 386     0.78107
 387     1.49768
 388     0.48818
 389     0.73028
 390     1.41397
 391    23.3532
 392     0.56587
 393     4.45778
 394     2.04691
 395     0.77341
 396     0.42545
 397     0.00309
 398     0
 399     1.15589
 400    40.9992
 401    20.3395
 402    50.2499
 403    29.2556
 404    20.5874
 405    47.5733
 406     6.2536
 407    25.4686
 408   430.357
 409   333.481
 410   454.394
 411   433.75
 412   473.628
 413   388.526
 414   207.214
 415    71.7735
 416   438.664
 417   440.3
 418   383.286
 419   378.815
 420   512.835
 421   420.824
 422   371.95
 423   168.428
 424    76.0174
 425   129.914
 426   199.791
 427    66.3389
 428    89.2413
 429   119.11
 430    46.536
 431    12.5794
 432     3.66324
 433     4.01413
 434     3.75175
 435     2.28961
 436    23.7703
 437    26.4177
 438    10.0714
 439     5.88893
 440     0.51638
 441     1.17607
 442     1.50169
 443     0.74656
 444     2.86932
 445    41.3834
 446    21.9384
 447     8.75421
 448     0
 449     2.62711
 450     0.85626
 451     0
 452     0.78879
 453     0.48677
 454     0
 455     0.97724
 456     0.50987
 457     0.67997
 458     0.66465
 459     1.04853
 460     2.04299
 461     0.44197
 462     2.00142
 463     1.34378
 464     3.62825
 465     0.15219
 466     0.20033
 467    13.8522
 468     0.91325
 469     0.67198
 470     1.13101
 471     1.8469
 472     7.47107
 473    13.5092
 474    23.7631
 475     2.16525
 476     2.94485
 477    19.9899
 478     1.73606
 479     1.30457
 480     1.06581
 481     5.34969
 482     0.19905
 483    23.25
 484    27.2581
 485     4.92588
 486     0.82593
 487    15.2872
 488     2.27979
 489     1.08946
 490     0.51121
 491     0.53825
 492     0.14992
 493     2.1609
 494     2.73881
 495     0.69598
 496     0
 497     1.05996
 498     1.13698
 499     2.07444
 500     0.23337
 501     0
 502     3.37978
 503     0.16431
 504     1.62754
 505     1.19583
 506     1.44462
 507     0
 508     1.30533
 509     1.65832
 510     0.12161
 511     0
