This file was gnenerated on 2021-06-22 18:35:22.161098 by Grant Finneman. This contains the extracted data from the Gate simulations
The edep for each bar was summed up and printed to this file. The only math operation done has been addition.

  id        edep
   0     1.56466
   1     0.89723
   2     0
   3     0
   4     1.42917
   5     0.96444
   6     1.68736
   7     1.19123
   8     0
   9     0.89344
  10     1.57998
  11     1.01031
  12     1.82721
  13     1.08806
  14     1.82475
  15     4.32015
  16     0.96198
  17     1.27532
  18     2.34794
  19     0.1802
  20     1.64792
  21     8.84355
  22    14.1107
  23     4.40026
  24     0.1646
  25     2.56314
  26     1.77267
  27     0.5498
  28     1.60909
  29    15.2197
  30    16.7229
  31    14.0604
  32     1.26198
  33     0.0093
  34     1.17701
  35     1.99942
  36     1.16578
  37     0.2208
  38     1.30195
  39     0.54037
  40     0.73346
  41     1.65806
  42     0.31112
  43     1.04027
  44     0.61668
  45     0
  46     1.46383
  47     0.85805
  48     1.23781
  49     1.39985
  50     1.23273
  51     1.83319
  52     1.30303
  53     0.62946
  54     0.2671
  55     0.55784
  56     0.81071
  57     2.08173
  58     0.38227
  59     0.54448
  60     2.98447
  61     0.62323
  62     0.8791
  63     1.60346
  64     0.93355
  65     0.80025
  66     0.96616
  67     0.27105
  68     0.48005
  69     0
  70     0
  71     2.24829
  72     1.47194
  73     1.04103
  74     0.08569
  75     2.38949
  76     1.69261
  77     0
  78     1.89162
  79     1.03659
  80     1.281
  81     1.32703
  82     0.92706
  83     0.63433
  84     3.67179
  85     2.35638
  86     2.45886
  87     5.86455
  88     2.15027
  89     2.21088
  90     6.22679
  91     1.49193
  92    17.3666
  93    18.2369
  94    14.0836
  95     0.56209
  96     0.9308
  97     1.01262
  98     8.76404
  99     3.82274
 100     4.61748
 101    15.5948
 102    23.167
 103     8.40321
 104     0.93991
 105     2.52069
 106     5.72323
 107     8.6152
 108     1.643
 109     4.01153
 110     1.0738
 111     0.22571
 112     2.24839
 113     0
 114     0.16111
 115     0.54526
 116     1.81085
 117     0
 118     0.61645
 119     4.00613
 120     2.54662
 121     2.44571
 122     0
 123     0.72076
 124     1.49014
 125     1.35462
 126     0.01838
 127     1.59337
 128     0.8957
 129     1.82395
 130     1.77055
 131     0
 132     2.33345
 133     2.05416
 134     0.80025
 135     2.31486
 136     4.85385
 137     0.44595
 138     3.08802
 139     0.74594
 140     0.59881
 141     2.60382
 142     2.03082
 143     3.34715
 144    29.7293
 145     6.74417
 146    21.5867
 147    26.7112
 148    38.2184
 149     2.28086
 150    18.9084
 151     7.0287
 152    88.0869
 153   178.074
 154   206.507
 155   226.851
 156   247.38
 157   184.943
 158   158.454
 159    58.8033
 160   745.362
 161   963.926
 162   817.746
 163  1012.84
 164   703.446
 165   716.877
 166   518.292
 167   154.762
 168   137.243
 169   233.624
 170   406.135
 171   386.136
 172   412.165
 173   280.318
 174   227.639
 175    84.1133
 176     1.14511
 177     3.16826
 178     1.71369
 179     4.34004
 180     0.38254
 181     6.11576
 182    14.8192
 183    12.2639
 184     1.65753
 185     0.63414
 186     2.29757
 187     3.20728
 188     2.36734
 189     0.45312
 190     0
 191     1.03877
 192     0.49485
 193     1.80971
 194     1.16732
 195     1.22526
 196     1.25609
 197     1.49571
 198     0.19488
 199     3.28155
 200    23.7122
 201    34.617
 202    64.3754
 203     7.1078
 204    20.3276
 205    22.0659
 206     3.46713
 207     3.94517
 208   486.754
 209   630.017
 210   585.167
 211   624.592
 212   668.887
 213   405.008
 214   301.47
 215   111.879
 216  2403.08
 217  2715.11
 218  2652.18
 219  2715.64
 220  2483.29
 221  2269.45
 222  1642.16
 223   660.764
 224  3726.62
 225  3962.93
 226  3724.96
 227  3971.87
 228  4278.5
 229  3708.67
 230  2552.68
 231   890.177
 232  1650.46
 233  1686.58
 234  1646.4
 235  1775.99
 236  1978.93
 237  1823.3
 238  1049.13
 239   414.075
 240     9.19619
 241    21.1985
 242    31.7267
 243    30.6634
 244    53.797
 245    86.7989
 246     7.4199
 247    17.109
 248     2.24539
 249     2.05596
 250     2.32831
 251     1.23526
 252     3.76556
 253     2.50085
 254     0
 255     0
 256     0.89766
 257     0.92059
 258     0.45507
 259     2.31016
 260     0.99945
 261     0.7105
 262     2.79151
 263     1.3698
 264    84.1327
 265    63.6532
 266    71.4612
 267    42.335
 268    75.842
 269    42.2963
 270    31.0468
 271    11.4995
 272  1532.13
 273  1832.96
 274  1798.19
 275  1770.46
 276  1820.83
 277  1830.62
 278  1124.67
 279   439.585
 280  3415.17
 281  3951.4
 282  3950.37
 283  4074.01
 284  4455.71
 285  3756.84
 286  2610.28
 287  1039.05
 288  2286.52
 289  2615.76
 290  2761.45
 291  2634.62
 292  2899.59
 293  2410.96
 294  1619.74
 295   573.343
 296   577.608
 297   683.952
 298   712.306
 299   831.844
 300   855.435
 301   738.783
 302   471.265
 303   136.618
 304    76.383
 305    31.4243
 306    56.3905
 307     7.58025
 308     3.99513
 309    35.9336
 310     1.39836
 311    12.5009
 312     5.07684
 313    17.3417
 314     3.21027
 315     0.92904
 316     2.61727
 317     1.76811
 318     7.15361
 319    13.4936
 320     0
 321     0.79887
 322     0.63003
 323     2.12001
 324     1.6675
 325     2.40639
 326     0.75138
 327    23.6466
 328    15.0705
 329     1.19669
 330    30.4163
 331    19.0606
 332    24.1158
 333    17.0635
 334     5.63226
 335     5.80898
 336   433.564
 337   342.094
 338   334.211
 339   317.034
 340   388.758
 341   208.133
 342   131.231
 343    63.4937
 344   987.276
 345   992.368
 346   898.604
 347   979.584
 348   829.085
 349   653.977
 350   414.657
 351   153.004
 352   217.706
 353   135.34
 354   226.834
 355   104.801
 356   176.484
 357   226.87
 358    58.601
 359     7.74362
 360     3.16693
 361     8.91398
 362    34.2531
 363    49.6354
 364    23.0115
 365    28.8489
 366    12.4229
 367    10.6274
 368     6.48638
 369     3.28392
 370     2.66268
 371     0.61077
 372     1.18158
 373     0
 374     2.31628
 375     1.53791
 376     2.68166
 377     1.37917
 378     1.92535
 379     3.27537
 380     0.9588
 381    19.0116
 382    22.1211
 383    10.8928
 384     2.92591
 385     1.0319
 386     1.33312
 387     2.21403
 388     0.33439
 389     0.60775
 390     0
 391     1.00388
 392     2.37778
 393     0.06504
 394     1.56158
 395     2.98461
 396     0.98176
 397     3.38434
 398     0.63745
 399     5.0531
 400     2.98496
 401     1.98395
 402     0
 403     2.04746
 404    31.9713
 405     1.82606
 406     2.74756
 407     5.89798
 408     6.20966
 409     3.83969
 410     4.35982
 411    16.3221
 412    31.1335
 413     1.90321
 414     1.96939
 415     0.32451
 416     2.33619
 417     5.27429
 418     2.15873
 419     3.66756
 420     4.14815
 421     2.52803
 422     4.59202
 423     2.1155
 424     0
 425     2.08468
 426     1.05784
 427     4.12949
 428     6.37381
 429     0
 430    20.1871
 431     2.57632
 432     1.72955
 433     2.2145
 434     0.73429
 435     0
 436     0.65174
 437     1.43354
 438     1.68978
 439     0.45978
 440     1.49807
 441     0.96183
 442     1.74723
 443     0.40766
 444     0.68966
 445     0.81103
 446     0.98819
 447     0.97917
 448     0.66672
 449     0.73067
 450     0.49818
 451     0.82719
 452     0
 453     0.42995
 454     0
 455     0.5812
 456     0.95676
 457     0.66093
 458     1.18949
 459     0.72497
 460     0.77959
 461     1.1014
 462     4.39146
 463     1.48871
 464     1.2757
 465     1.71249
 466     0.9486
 467     0.80096
 468     1.00024
 469    22.7874
 470    21.6757
 471    22.4827
 472     0.66085
 473     0.06056
 474     1.0414
 475     0.03516
 476     0
 477     0.93411
 478    10.0035
 479     0.34007
 480     0.9986
 481     1.40301
 482     0.28034
 483     2.78292
 484     0.94408
 485     0
 486     1.16692
 487     3.32872
 488     0.32375
 489     1.42545
 490     0.87592
 491     2.17406
 492     0.29487
 493     0.97062
 494     0.25351
 495     0.32948
 496     0
 497     0.8808
 498     2.72235
 499     1.46553
 500     0.81229
 501     0
 502     0
 503     0.51032
 504     0.6841
 505     1.53918
 506     0
 507     0.99695
 508     0.99287
 509     0.19738
 510     0
 511     0
