This file was gnenerated on 2021-06-22 18:41:39.141183 by Grant Finneman. This contains the extracted data from the Gate simulations
The edep for each bar was summed up and printed to this file. The only math operation done has been addition.

  id        edep
   0     0
   1     2.67457
   2     0.32532
   3     2.0073
   4     0
   5     0.24113
   6     0
   7     0.78236
   8     0.74529
   9     0.23319
  10     1.58494
  11     0.02174
  12     0.1009
  13     0
  14    31.9157
  15    12.8419
  16     0.4678
  17     1.59044
  18     3.01976
  19     0.7828
  20     1.32398
  21     5.46368
  22     0.45729
  23    40.6764
  24     1.31936
  25     2.65233
  26     2.11291
  27     0
  28     0.67688
  29     1.82797
  30     2.28372
  31     0.34525
  32     1.36263
  33     0.95825
  34     1.26398
  35     2.20711
  36     0
  37     0
  38     1.27274
  39     0
  40     0
  41     0.69576
  42     1.04418
  43     1.20702
  44     0
  45     1.48171
  46     0.97279
  47     1.76404
  48     0.37835
  49     0.86962
  50     0.89345
  51     0.39509
  52     1.92921
  53     0.53856
  54     0.70786
  55     1.11081
  56     0
  57     1.23572
  58     1.77093
  59     0.84836
  60     0.61267
  61     0.50859
  62     0.32185
  63     0.10884
  64     0
  65     0.73511
  66     1.43267
  67     0
  68     0.86762
  69     0.97373
  70     0.37182
  71     2.604
  72     1.31221
  73     1.31193
  74     1.52722
  75     1.67762
  76     2.51628
  77     2.92524
  78     0.29964
  79     1.05063
  80     1.22678
  81     0
  82     1.09572
  83     1.69731
  84     0.57024
  85     0
  86     0.19413
  87     2.35298
  88     4.99722
  89     2.59806
  90     2.38255
  91    10.629
  92     4.17644
  93    16.5612
  94     3.3863
  95     3.55512
  96    19.8314
  97     2.58299
  98     1.93247
  99     2.65167
 100    14.617
 101    18.9072
 102    15.8861
 103    22.9713
 104     2.68831
 105     2.56026
 106     2.21052
 107     3.6477
 108     1.3929
 109     3.34106
 110     1.6354
 111     1.93151
 112     0.3782
 113     0.6701
 114     2.86416
 115     0.41015
 116     0.7538
 117     1.06661
 118     3.61347
 119     0.89111
 120     0.2562
 121     0.78499
 122     0.75192
 123     1.64695
 124     0.55651
 125     1.746
 126     2.61616
 127     0.86285
 128     0.81264
 129     1.40433
 130     0.28257
 131     0.95752
 132     0.48983
 133     1.02337
 134     0
 135     0.9857
 136     0.0039
 137     0.30866
 138     0.38185
 139     2.28438
 140     1.1896
 141     2.45909
 142     1.90462
 143     1.56158
 144     3.06981
 145    10.5543
 146     2.42383
 147     4.32237
 148     1.39952
 149     3.31148
 150    19.3408
 151    10.5749
 152   248
 153   327.439
 154   382.311
 155   306.729
 156   342.428
 157   325.671
 158   126.186
 159    26.2324
 160  1195.85
 161  1261.32
 162  1368.4
 163  1110.68
 164  1404.46
 165  1096.05
 166   676.731
 167   207.552
 168   204.996
 169   174.029
 170   149.754
 171   162.564
 172   110.979
 173    78.0229
 174    53.0916
 175    37.1467
 176     0.55733
 177     2.14858
 178     0
 179     1.30238
 180     2.09944
 181     1.37449
 182     1.75292
 183     0
 184     2.61642
 185     1.53281
 186     1.02441
 187     2.73845
 188     0.8027
 189     0.32238
 190     0.94419
 191     1.15367
 192     0.67828
 193     1.50164
 194     0.06127
 195     2.31482
 196     1.15282
 197     1.05806
 198     0.53523
 199     2.59498
 200     2.41649
 201     1.46537
 202     2.60493
 203     1.02154
 204     5.33397
 205     1.73335
 206     2.5458
 207     4.08452
 208   116.147
 209   118.45
 210   104.019
 211   119.846
 212   158.517
 213   193.323
 214    81.147
 215    48.4377
 216  2719.94
 217  2726.76
 218  3065.77
 219  2798.27
 220  2813.07
 221  2771.03
 222  1689.02
 223   461.499
 224  4796.07
 225  5054.36
 226  5501.81
 227  5364.85
 228  5207.21
 229  4804.05
 230  3425.32
 231  1274.32
 232   415.177
 233   482.057
 234   557.761
 235   524.842
 236   486.003
 237   466.102
 238   216.889
 239    95.425
 240     4.73383
 241     2.49461
 242     2.17443
 243     0.8203
 244     4.65714
 245     2.28623
 246     5.54966
 247    13.5297
 248     0.88627
 249     0
 250     0.54622
 251     0.42704
 252     1.19298
 253     1.51437
 254     0.29474
 255     0.00595
 256     1.25404
 257     0.62404
 258     0.26843
 259     0.53327
 260     2.95962
 261     1.81472
 262     0.34225
 263     0
 264     1.37675
 265     2.3512
 266     3.68902
 267    14.9629
 268     2.09875
 269    17.4995
 270    19.7834
 271    31.0272
 272   339.117
 273   619.311
 274   536.617
 275   361.286
 276   549.392
 277   456.752
 278   255.2
 279    97.4414
 280  4466.43
 281  5001.55
 282  5044.96
 283  4967.19
 284  5199.45
 285  4999.32
 286  3406.84
 287  1451.4
 288  2557.68
 289  2572.8
 290  2860.28
 291  2356.04
 292  2759.75
 293  2239.98
 294  1615.77
 295   670.011
 296   101.293
 297   107.897
 298   114.367
 299    94.8336
 300    33.2434
 301    45.8877
 302    79.5465
 303    54.9071
 304     1.24625
 305     1.06974
 306     3.60692
 307    26.3038
 308    20.5517
 309    35.5608
 310    16.5229
 311     6.18426
 312     0
 313     2.63146
 314     4.30121
 315     1.57588
 316     0.98757
 317    11.0538
 318     0.39197
 319     3.85466
 320     1.39381
 321     1.87066
 322     0.55674
 323     0.57796
 324     1.93981
 325     1.90192
 326     3.61424
 327    14.8565
 328     0.63598
 329     1.31096
 330     3.92414
 331     0.06827
 332     2.81845
 333     0.56144
 334     2.31411
 335     1.46706
 336   105.123
 337   120.423
 338   120.442
 339   184.117
 340   248.17
 341   196.014
 342    95.8201
 343    68.0014
 344   901.986
 345  1099.63
 346  1195.14
 347  1236.97
 348  1311.85
 349  1597.5
 350   909.51
 351   305.902
 352   108.378
 353   370.881
 354   303.276
 355   339.989
 356   295.063
 357   308.222
 358   257.021
 359    69.892
 360    29.2384
 361     1.18953
 362     8.59986
 363     5.24043
 364     4.85405
 365    26.0897
 366     6.20327
 367     4.73382
 368     0.97655
 369     0.35114
 370     2.65768
 371     1.48582
 372     5.56494
 373     4.02652
 374     2.54956
 375     1.79672
 376     1.11215
 377     0.18154
 378     0.57127
 379     0.80352
 380     0.76072
 381     0.59659
 382     0
 383     0.3882
 384     0.99724
 385     0.24215
 386     1.83658
 387     1.10222
 388     0.22595
 389     1.34025
 390     0.26393
 391     0.38132
 392     2.30471
 393     2.23769
 394     4.12947
 395     2.73148
 396     2.44638
 397     3.40491
 398     1.5624
 399     0.79163
 400     5.86814
 401     1.29552
 402     0.59491
 403    32.4833
 404     3.98695
 405     3.90267
 406     7.74816
 407     6.52884
 408     4.03907
 409     0.99489
 410     2.76432
 411     6.59369
 412    24.6018
 413    26.7927
 414    49.8626
 415     1.27567
 416     3.408
 417     2.28945
 418    11.4235
 419     4.46988
 420     2.07014
 421    14.0298
 422     2.56557
 423     6.13883
 424     4.04893
 425     1.59292
 426     2.09853
 427     1.02835
 428     1.64389
 429    14.8586
 430    15.8593
 431    18.9268
 432     0.44946
 433     0
 434     0.7565
 435     0.43184
 436     0.75823
 437     0
 438     0.92633
 439     2.27985
 440     1.23692
 441     2.2922
 442     0.19513
 443     0.66338
 444     1.28729
 445     1.07587
 446     0.01497
 447     0
 448     0
 449     0.96723
 450     0.04779
 451     2.19175
 452     1.2739
 453     1.31699
 454     0
 455     0.18134
 456     0.95372
 457     1.20685
 458     0.55708
 459     2.75612
 460     1.72033
 461     1.89458
 462     1.0129
 463     0.61427
 464     0.62954
 465     0.66637
 466     0.85738
 467     0.72358
 468     1.7954
 469     0.73765
 470    10.7305
 471     0
 472     2.70607
 473     2.46445
 474     1.02168
 475     1.28145
 476     0.33859
 477     0.59331
 478     0.70415
 479     0.82796
 480     2.35058
 481     0.9473
 482     1.73559
 483     2.11128
 484     0.33027
 485     2.5526
 486     1.05783
 487     1.71955
 488     2.18856
 489     2.10501
 490     0
 491     0.84565
 492     1.58643
 493     1.36867
 494     1.51647
 495    22.1797
 496     0.23358
 497     1.37098
 498     1.34904
 499     1.49038
 500     0
 501     1.17266
 502     2.02946
 503     0
 504     0.93342
 505     0
 506     0.98401
 507     0.68864
 508     0.9906
 509     1.745
 510     0.47583
 511     0
