This file was gnenerated on 2021-06-22 18:43:12.805052 by Grant Finneman. This contains the extracted data from the Gate simulations
The edep for each bar was summed up and printed to this file. The only math operation done has been addition.

  id        edep
   0     1.44892
   1     1.12091
   2     0.87644
   3     0.1512
   4     0.26387
   5     1.08593
   6     0.66174
   7     0
   8     0
   9     0.65949
  10     0.35279
  11     0.9884
  12     0.42983
  13     0.50336
  14     1.4015
  15     0.27466
  16     1.66137
  17     0.76613
  18     0
  19     1.97287
  20     1.06018
  21     0.48136
  22     1.89006
  23     1.58549
  24     0.98903
  25     0.64257
  26     3.30232
  27     1.95397
  28     3.10603
  29     3.8049
  30     1.82783
  31     0.36138
  32     2.2285
  33     0.87013
  34     3.59643
  35     2.13705
  36     0.13076
  37     2.16587
  38     2.12476
  39     0.95429
  40     1.51011
  41     1.87072
  42     2.02019
  43     2.88166
  44     2.20647
  45     0.45071
  46     1.16375
  47     0
  48     0.64244
  49     2.59307
  50     1.77714
  51     1.83071
  52     2.72151
  53     0
  54    10.0502
  55     7.25415
  56     0.83757
  57     0.4424
  58     0.02149
  59     0.89642
  60     1.28778
  61     0.84232
  62     1.52603
  63     0.44972
  64     2.48015
  65     3.38282
  66     1.07355
  67     0.83224
  68     1.09711
  69     1.11853
  70     0
  71     0.83425
  72     0.98171
  73     3.64526
  74     0
  75     1.67209
  76     1.5029
  77     0.25295
  78     1.60264
  79     0.54476
  80     2.79837
  81     8.92573
  82    25.6204
  83     6.10745
  84    36.3427
  85    11.3226
  86     3.9642
  87     1.6091
  88    76.2856
  89   143.58
  90    36.2381
  91    57.4842
  92    27.213
  93    50.4218
  94    41.6904
  95     1.81915
  96    19.9678
  97    31.7174
  98     2.6702
  99    54.8277
 100    30.026
 101     1.74481
 102     9.85532
 103     2.27443
 104     7.08172
 105     4.99541
 106     1.89469
 107    30.1182
 108    11.8459
 109     3.06478
 110     3.55641
 111     2.35824
 112     1.18329
 113     2.54511
 114     1.99897
 115     1.24723
 116     2.8005
 117    14.0521
 118     5.73275
 119     0
 120     2.38862
 121     0.87477
 122     0.70966
 123     0.66822
 124     1.61002
 125     0.23466
 126     0.05555
 127     0.89503
 128     2.03764
 129     0.47726
 130     0.92826
 131     0
 132     0.93708
 133     3.57444
 134     0.08557
 135     0
 136     5.54127
 137     7.03107
 138     0.92607
 139     2.03456
 140     0.21497
 141     0.64631
 142     1.76393
 143     1.24962
 144   151.236
 145   191.459
 146   209.872
 147   214.7
 148   246.743
 149   120.858
 150    45.7376
 151    21.871
 152  1586.12
 153  1368.12
 154  1321.6
 155  1297.47
 156  1318.38
 157  1281.11
 158   956.237
 159   335.989
 160  1376.42
 161  1171.27
 162  1054.91
 163  1208.75
 164  1167.25
 165  1251.85
 166   782.138
 167   231.185
 168   414.693
 169   509.989
 170   421.39
 171   421.497
 172   333.604
 173   379.753
 174   299.804
 175    62.8628
 176    38.6483
 177    36.7175
 178    22.7459
 179     7.82271
 180    34.8495
 181     8.82175
 182     0.9285
 183     1.63665
 184     0.9421
 185     3.35424
 186     0.72428
 187     1.03578
 188     2.50793
 189     0.32622
 190     0.33776
 191     1.54011
 192     1.07673
 193     1.5539
 194     2.13141
 195     2.08949
 196     3.11433
 197     0.88268
 198     0
 199     0.09136
 200    19.3658
 201     4.82441
 202    30.8791
 203    34.0673
 204    26.0625
 205     2.83466
 206     1.65579
 207    12.9811
 208   547.605
 209   547.589
 210   746.934
 211   760.943
 212   542.522
 213   541.918
 214   443.835
 215   127.519
 216  2275.05
 217  2552.72
 218  2629.32
 219  2875.9
 220  2453.65
 221  2423.22
 222  1686.01
 223   669.22
 224  2375.72
 225  2404.62
 226  2368.05
 227  3014.65
 228  2937.09
 229  2633.15
 230  1775.21
 231   631.841
 232  1308.34
 233  1102.55
 234   977.744
 235  1043.17
 236  1105.61
 237  1066.32
 238   630.924
 239   195.717
 240     9.96716
 241     3.5927
 242     2.6195
 243    34.5699
 244    25.6325
 245     7.97363
 246     6.34999
 247    20.7616
 248     1.36508
 249     1.97337
 250     1.75428
 251     4.00621
 252     0.89982
 253     0.32309
 254     0.78597
 255     2.26481
 256     0
 257     2.58959
 258     0.91186
 259     1.07227
 260     1.64767
 261     3.37005
 262     0
 263     0.85109
 264    17.0186
 265    71.5314
 266    50.6712
 267     5.83623
 268    12.5322
 269    19.6233
 270     5.50676
 271    12.4035
 272   817.039
 273  1171.54
 274  1333.79
 275  1306.4
 276  1207.57
 277  1182.23
 278   768.504
 279   326.738
 280  2628.11
 281  2598.15
 282  2632.16
 283  2614.98
 284  2739.7
 285  2775.82
 286  1870.52
 287   600.175
 288  2180.64
 289  2515.6
 290  2707.78
 291  2765.41
 292  2799.84
 293  2449.49
 294  1597.43
 295   585.632
 296   628.556
 297   683.082
 298   619.655
 299   564.055
 300   613.622
 301   578.936
 302   284.054
 303    80.2671
 304    28.9167
 305    26.0722
 306     5.0874
 307    13.8583
 308     3.64999
 309     7.86016
 310     0.84024
 311    12.0328
 312     2.43851
 313     1.26086
 314     0.53862
 315     5.50593
 316     2.47126
 317     0.48416
 318     0.93461
 319     3.53964
 320     2.40431
 321     2.71645
 322     0.68868
 323     3.62595
 324     0.73222
 325     0.43163
 326     1.11549
 327     3.99279
 328     2.85385
 329    37.2877
 330    23.244
 331     6.9899
 332     2.59539
 333     2.67209
 334     0.61095
 335    12.2388
 336   272.558
 337   303.216
 338   380.959
 339   503.807
 340   499.026
 341   289.806
 342   166.894
 343    85.2757
 344  1001.65
 345  1125.69
 346  1097.18
 347  1014.39
 348  1318.33
 349  1206.98
 350   814.819
 351   332.234
 352  1241.27
 353  1366.98
 354  1533.83
 355  1708.97
 356  1928.7
 357  1486.55
 358   999.727
 359   409.542
 360   160.635
 361   201.763
 362   236.315
 363   230.527
 364   253.1
 365   143.419
 366   103.17
 367    33.5522
 368     0.94298
 369     1.81405
 370     5.61797
 371     2.09638
 372     2.25388
 373     1.34346
 374    16.1887
 375    13.8555
 376     2.99863
 377     1.18948
 378     0.114
 379     0.3306
 380     0.55659
 381     2.26883
 382     1.77335
 383     0.7418
 384     1.03288
 385     1.07673
 386     0.13947
 387     0.83361
 388     0.25638
 389     1.50965
 390     0
 391     1.17478
 392     0.26297
 393     0.86645
 394     1.51547
 395     1.91758
 396     2.13374
 397     0.69162
 398     1.87679
 399     1.52121
 400     3.28523
 401    31.0245
 402     1.78379
 403     7.17151
 404    32.3054
 405     5.24648
 406    26.6326
 407     8.20922
 408    54.4679
 409    29.2655
 410    17.4452
 411    81.6384
 412    49.6946
 413     6.30304
 414    16.2381
 415     6.88003
 416    38.1312
 417    27.0291
 418    59.986
 419    58.7563
 420   148.347
 421    49.6688
 422     4.01533
 423    47.0371
 424     2.20057
 425    14.083
 426    27.0537
 427    14.5489
 428     1.34681
 429    43.5134
 430     2.93843
 431    11.1095
 432     2.98798
 433     0.32838
 434     1.58575
 435     1.10932
 436     2.28252
 437     0.45569
 438     1.8878
 439     1.24168
 440     1.54635
 441     0.50692
 442     0.5059
 443     0.77959
 444     1.35276
 445     0.97391
 446     0.7843
 447     0.65233
 448     0.19011
 449     0.13947
 450     0.13947
 451     0
 452     0
 453     0
 454     0.67953
 455    13.1251
 456     0.7607
 457     1.28857
 458     1.03471
 459     0.9251
 460     0
 461     0.83686
 462     0.85505
 463     0.82995
 464     0.59744
 465     2.19681
 466     1.16436
 467     1.28955
 468     0.61864
 469     0.59065
 470     1.52847
 471     1.16015
 472     1.0348
 473     2.3581
 474     0.86111
 475     0.7131
 476     1.33092
 477     3.33969
 478    10.8123
 479     0.67183
 480     1.84525
 481     0.84713
 482     0.74578
 483     1.5234
 484     0.54637
 485     1.94508
 486     0.35695
 487     0.64546
 488     0.71846
 489     1.4851
 490     1.18954
 491     1.11083
 492     0.66611
 493     1.78166
 494     1.35928
 495     1.18115
 496     0
 497     0.31949
 498     0.88588
 499     0
 500     0.08426
 501     0
 502     0.64618
 503     0
 504     0
 505     0
 506     0.22167
 507     0
 508     0
 509     0
 510     0
 511     0
