This file was gnenerated on 2021-06-22 18:27:22.522270 by Grant Finneman. This contains the extracted data from the Gate simulations
The edep for each bar was summed up and printed to this file. The only math operation done has been addition.

  id        edep
   0     0.06975
   1     0.39257
   2     0
   3     0.2972
   4     0.68173
   5     1.96632
   6     0
   7     0.63142
   8     1.45383
   9     0.88127
  10     0.54706
  11     1.31649
  12     0.20601
  13     0.44239
  14     0
  15     0.47238
  16     0.21244
  17     1.53441
  18     0
  19     0.34234
  20     2.60025
  21     0
  22     1.31832
  23     2.18436
  24     1.37852
  25     1.5339
  26     1.62433
  27     0
  28     0.84584
  29     0.75786
  30     0.8977
  31     3.25941
  32     0.5476
  33     1.75478
  34     0
  35     3.81713
  36     0.93515
  37     0.82138
  38     0.90841
  39     1.05878
  40     0.13445
  41     3.77224
  42     0.72078
  43     1.76136
  44     0
  45     0
  46     0.04837
  47     1.03711
  48     2.07905
  49     0.61144
  50     0.29184
  51     0.40652
  52     0
  53     1.85323
  54     1.63403
  55     0.02532
  56     1.70399
  57     0
  58     0.46223
  59     0.04367
  60     0.21625
  61     0.48311
  62     0.50866
  63     0
  64     0.94959
  65     0
  66     0.31138
  67     0
  68     0.75555
  69     0
  70     1.1912
  71     1.35306
  72     0.63035
  73     0.75576
  74     1.40115
  75     0.66353
  76     2.33409
  77     1.93223
  78     0.99421
  79     0
  80     3.13638
  81     2.06636
  82     0.7207
  83     1.89495
  84     2.03259
  85     4.16005
  86     0.72987
  87     9.52891
  88     3.95279
  89     2.72743
  90     4.10728
  91     5.38821
  92     1.89836
  93     2.84503
  94    26.3498
  95    14.7553
  96     3.9624
  97     2.24008
  98     3.51659
  99     6.39889
 100     3.65484
 101     0.97501
 102     1.10868
 103     9.81633
 104     1.59735
 105     0.40704
 106     3.70599
 107     3.07825
 108     2.84017
 109     1.68946
 110     2.40775
 111     1.24298
 112     2.21062
 113     0.86557
 114     1.46658
 115     0.88372
 116     1.54675
 117     2.63154
 118    14.6883
 119    10.7102
 120     1.15204
 121     1.59695
 122     0.28682
 123     0.67856
 124     1.33894
 125     0.95102
 126     1.41229
 127     0.13936
 128     1.46615
 129     0.83785
 130     0.93199
 131     0.43907
 132     0.59614
 133     1.65335
 134     2.35624
 135     0.53437
 136     1.2443
 137     2.37337
 138     1.38201
 139     2.66403
 140     1.79071
 141     4.20862
 142     1.23989
 143     3.22204
 144    16.0096
 145    17.4766
 146    36.0434
 147    20.3335
 148    41.2048
 149    14.5499
 150     5.06913
 151    14.0613
 152    52.3349
 153    23.0181
 154    22.7326
 155    42.988
 156    30.583
 157   129.492
 158    85.6581
 159    55.7659
 160    79.2542
 161    75.426
 162   116.588
 163   109.977
 164   160.814
 165   239.314
 166    99.3927
 167    31.1924
 168   120.261
 169   153.66
 170   210.308
 171   140.167
 172    65.7914
 173   111.245
 174    62.4784
 175    27.6649
 176    30.1818
 177     2.76828
 178     2.08958
 179     1.19944
 180     2.34672
 181     0.88096
 182     1.13758
 183    11.4731
 184     0.47696
 185     1.39355
 186     0.28281
 187     1.04005
 188     0.68786
 189     1.87739
 190     2.38265
 191     1.21047
 192     0.21373
 193     0.90619
 194     1.48047
 195     2.18056
 196     1.70494
 197     0.56274
 198     0.91087
 199     4.62558
 200     8.8021
 201     9.49434
 202     4.81471
 203     0.82097
 204    38.3755
 205    35.2708
 206     1.58026
 207     2.79891
 208   474.866
 209   670.922
 210   772.319
 211   689.47
 212   748.226
 213   532.602
 214   339.98
 215    59.3486
 216  2099.41
 217  2423.88
 218  2487.59
 219  2969.14
 220  2540.87
 221  2158.71
 222  1474.84
 223   587.429
 224  3855.25
 225  4570.65
 226  4441.53
 227  4223.63
 228  4783.53
 229  4636.33
 230  2935.71
 231  1174.48
 232  2173.54
 233  2482.05
 234  2482.7
 235  2580.31
 236  2497.97
 237  2527.81
 238  1576.48
 239   641.911
 240   102.667
 241   127.596
 242    52.3369
 243    46.9481
 244    24.4888
 245    61.9556
 246    42.4313
 247     7.50078
 248     0.57893
 249     1.92474
 250     1.19899
 251     0.27419
 252     2.29969
 253     1.13253
 254     0.97623
 255     0.42013
 256     0.75888
 257     0
 258     2.70339
 259     2.2122
 260     0.39569
 261     0.12235
 262     0.92247
 263     0.61022
 264    44.5677
 265    54.7944
 266    34.5636
 267    70.5289
 268    69.5555
 269    58.1719
 270     8.4474
 271    11.8805
 272  2347.25
 273  2328.27
 274  2459.9
 275  2570.57
 276  2564.55
 277  2202.02
 278  1400.11
 279   558.719
 280  4332.19
 281  4157.53
 282  4190.98
 283  4783.03
 284  4378.5
 285  3970.4
 286  2632.09
 287  1058.52
 288  2117.23
 289  2139.06
 290  2331.09
 291  2507.68
 292  2328.57
 293  2503.51
 294  1404.42
 295   405.674
 296   420.92
 297   506.897
 298   494.649
 299   598.259
 300   596.54
 301   715.741
 302   399.431
 303    49.8158
 304    12.6113
 305    12.6903
 306    18.8778
 307    22.9446
 308    31.5679
 309     1.6138
 310    25.8101
 311    13.8979
 312     1.42232
 313     0.41881
 314     0.5512
 315     0.23748
 316     1.75785
 317     2.39523
 318     1.08307
 319     0
 320     0.68372
 321     0.96021
 322     0.38964
 323     0.8439
 324     0.77914
 325     1.81658
 326     0.54721
 327     0.66628
 328     2.27364
 329    19.0962
 330    20.3402
 331    63.6322
 332    11.1259
 333     3.66676
 334     7.82274
 335    10.2555
 336    67.2064
 337    47.5643
 338   115.526
 339   148.372
 340   124.631
 341    68.3023
 342    31.065
 343    27.3197
 344   144.252
 345   107.018
 346    93.7982
 347   117.097
 348    70.9955
 349    76.1026
 350    67.6604
 351    12.8943
 352    31.5098
 353    26.528
 354    23.93
 355    20.0748
 356    16.1612
 357    57.9766
 358    39.837
 359    68.697
 360    34.7175
 361     7.57821
 362     2.50341
 363     1.32333
 364     3.32461
 365    45.2657
 366     9.57732
 367    13.8942
 368     0.80614
 369     1.99739
 370     0.86451
 371     0.07436
 372     1.93849
 373     2.46776
 374     1.11627
 375     8.948
 376     1.02711
 377     3.56349
 378     2.24003
 379     1.87058
 380     1.69075
 381     1.185
 382     2.3711
 383     2.12337
 384     1.94725
 385     2.74218
 386     0.74385
 387     0.77867
 388     1.90691
 389     0
 390     0
 391     0
 392     1.72112
 393     2.28909
 394     1.22584
 395     1.25032
 396     0.43032
 397     1.68493
 398     0.78614
 399     0
 400     5.20956
 401     1.37026
 402     2.50494
 403     2.18308
 404     3.12863
 405     3.77882
 406     3.06742
 407     1.04627
 408     1.99641
 409     2.25035
 410     1.29602
 411     5.34023
 412     2.50671
 413     0.98489
 414     2.60528
 415     5.87764
 416     3.92414
 417     2.48242
 418     2.24328
 419     2.11119
 420     2.95922
 421     4.10317
 422     0
 423    13.4083
 424     1.36726
 425     2.43365
 426     2.44167
 427     2.88393
 428     1.93991
 429     2.32149
 430     4.8537
 431    44.8797
 432     0.52328
 433     4.07868
 434     2.15672
 435     1.16688
 436     1.22254
 437     1.25746
 438     2.83305
 439     0.42717
 440     1.19522
 441     0.30165
 442     1.10934
 443     0.59749
 444     0.4526
 445     1.28812
 446     1.76241
 447     0
 448     0.86517
 449     0
 450     2.74945
 451     0.01683
 452     0
 453     0.57516
 454     1.02735
 455     7.65954
 456     1.38636
 457     0.64158
 458     0.48623
 459     1.24851
 460     1.10994
 461     0.9537
 462     0.94528
 463     0.12451
 464     2.20939
 465     0.97661
 466     3.89475
 467     0.54056
 468     1.07146
 469     0
 470     0.35332
 471     0.49969
 472     0.99719
 473     2.16055
 474     0
 475     0.9338
 476     2.74353
 477     0.35403
 478     1.40012
 479     1.58676
 480     2.36766
 481     2.83515
 482     1.17318
 483     1.19577
 484     0.2871
 485     3.75803
 486     0.26692
 487     0.81475
 488     0.66925
 489     1.31777
 490     3.13488
 491     0.57513
 492     0.73938
 493     0.48588
 494     0.46325
 495     0.84392
 496     1.02574
 497     0.47926
 498     0
 499     0.90559
 500     0
 501     0
 502     0
 503     1.23289
 504     0.18598
 505     1.52356
 506     4.51913
 507     0.33156
 508     0
 509     2.38065
 510     1.7913
 511     0
