This file was gnenerated on 2021-06-22 18:44:41.682784 by Grant Finneman. This contains the extracted data from the Gate simulations
The edep for each bar was summed up and printed to this file. The only math operation done has been addition.

  id            edep
   0     1.07426
   1     0.46627
   2     0.99236
   3     0.77344
   4     1.11161
   5     0.27735
   6     0
   7     1.60041
   8    10.7167
   9     2.20953
  10     1.91238
  11     0.71456
  12     2.07012
  13     0.44035
  14     0
  15    11.0002
  16    23.5962
  17     0.81004
  18     2.15114
  19     1.38411
  20     2.9842
  21    12.2877
  22     7.63605
  23     7.45827
  24     1.70856
  25    14.6025
  26    17.8132
  27    10.4288
  28     2.15674
  29     1.04075
  30     4.0388
  31     7.44882
  32     2.10267
  33     1.34687
  34     3.7172
  35     3.94325
  36     1.10133
  37     1.43088
  38    10.4928
  39     4.20018
  40     0.000570001
  41     1.18171
  42     1.45957
  43     0.78109
  44     0.70567
  45     0.85686
  46     2.4381
  47     0.64899
  48     0.9268
  49     1.02104
  50     0
  51     0
  52     1.62075
  53     2.57512
  54     0.4427
  55     0.03323
  56     0
  57     2.2748
  58     0.60778
  59     0.73033
  60     0
  61     0
  62     1.18014
  63     0
  64     1.1448
  65     1.10962
  66     3.29848
  67     1.28017
  68     0.87982
  69     0.67377
  70     0
  71     2.20148
  72     9.44333
  73    25.0329
  74    55.8002
  75    18.5506
  76     3.28145
  77    17.9805
  78     3.84389
  79     0.9645
  80   359.482
  81   430.97
  82   279.644
  83   332.633
  84   299.916
  85   284.71
  86   168.14
  87    87.7994
  88   421.896
  89   546.604
  90   514.59
  91   490.389
  92   524.913
  93   467.806
  94   229.363
  95    78.0613
  96    37.3457
  97    41.9862
  98   135.745
  99    53.0236
 100    33.0224
 101    15.9915
 102    36.3453
 103    27.9983
 104     0.63722
 105     0.7782
 106     2.2315
 107     2.1465
 108     1.00877
 109     1.13004
 110     1.56596
 111     1.40467
 112     0.48599
 113     0.66539
 114     2.99372
 115     0
 116     0.87746
 117     0.42015
 118     1.5749
 119     0
 120     1.10562
 121     0.26521
 122     0
 123     0.75648
 124     0
 125     0.5157
 126     1.43027
 127     0
 128     3.26452
 129     5.99537
 130     5.99487
 131     0.95038
 132     0.99687
 133    45.7417
 134    23.8142
 135    11.5154
 136   255.951
 137   328.689
 138   221.688
 139   197.469
 140   251.23
 141   309.522
 142   287.81
 143   101.193
 144  1186.96
 145  1380.97
 146  1539.66
 147  1494.16
 148  1257.61
 149  1242.17
 150   767.947
 151   288.284
 152  1298.47
 153  1635.9
 154  1484.64
 155  1612.29
 156  1941.74
 157  1720.12
 158  1108.29
 159   492.952
 160   483.994
 161   505.756
 162   618.157
 163   582.343
 164   500.689
 165   456.514
 166   384.142
 167   102.815
 168    16.1003
 169    48.8931
 170   138.117
 171    88.1092
 172    40.5151
 173    34.515
 174    21.6556
 175     0.6673
 176     0.78461
 177     3.32873
 178     2.20401
 179     0
 180     0.3637
 181     0.0717
 182     0.91566
 183     3.22678
 184     0.49197
 185     2.25389
 186     0.45771
 187     0
 188     1.84066
 189     1.46115
 190     1.63166
 191     0.65015
 192    64.7667
 193    39.0867
 194     9.52605
 195     3.11808
 196     0
 197    15.0536
 198     5.15582
 199    13.6801
 200   540.183
 201   475.417
 202   522.176
 203   457.3
 204   468.428
 205   430.683
 206   283.861
 207    86.7237
 208  1304.64
 209  1397.7
 210  1437.95
 211  1566.7
 212  1586.2
 213  1571.99
 214  1067.91
 215   368.694
 216  1351.37
 217  1747.73
 218  1511.25
 219  1704
 220  1624.82
 221  1731.12
 222  1164.51
 223   353.766
 224  1371.74
 225  1591.77
 226  1596.62
 227  1339.51
 228  1421.01
 229  1482.62
 230  1152.01
 231   370.63
 232   424.636
 233   456.819
 234   676.284
 235   568.151
 236   675.363
 237   644.56
 238   476.877
 239   172.794
 240     4.79122
 241    28.1225
 242   114.481
 243    39.3803
 244    20.9929
 245    41.66
 246    41.0011
 247     7.82961
 248     1.14646
 249     4.90202
 250     3.56037
 251     1.27886
 252     9.29283
 253    14.7714
 254     4.19274
 255     0.73799
 256    16.2478
 257     0.81192
 258     2.19212
 259     1.40556
 260    13.6778
 261     0.73274
 262     0.50298
 263     1.32034
 264    23.9559
 265    78.3239
 266    61.9117
 267     6.64775
 268    37.051
 269    33.9843
 270    12.9066
 271    20.8638
 272   442.429
 273   591.387
 274   587.434
 275   679.087
 276   561.729
 277   489.176
 278   235.792
 279   117.267
 280  1266.94
 281  1506.31
 282  1748.76
 283  1728.52
 284  1515.92
 285  1686.59
 286  1111.35
 287   408.642
 288  1517.13
 289  1499.94
 290  1655.76
 291  1600.5
 292  1498.72
 293  1641.48
 294  1068.3
 295   488.707
 296  1291.26
 297  1212.19
 298  1422.72
 299  1442.5
 300  1292.43
 301  1444.57
 302  1251.38
 303   383.396
 304   418.551
 305   377.704
 306   435.589
 307   484.34
 308   418.368
 309   418.278
 310   298.16
 311    90.7361
 312    16.8568
 313    10.4218
 314    28.1657
 315     2.04807
 316    26.1954
 317    10.3246
 318    16.7727
 319     0.38325
 320     0.85831
 321     1.2418
 322     1.46004
 323     2.12358
 324     0.16856
 325     1.3783
 326    15.6515
 327     5.2782
 328     1.96628
 329     0.97233
 330     1.13637
 331     4.60033
 332     0.97047
 333     2.11969
 334     2.61977
 335    11.6028
 336    31.4552
 337    36.3357
 338    20.7479
 339    47.9545
 340    47.0447
 341    10.9076
 342    36.3292
 343    20.3339
 344   521.767
 345   498.697
 346   598.933
 347   603.267
 348   496.538
 349   533.177
 350   332.46
 351   131.494
 352  1357.95
 353  1529.75
 354  1312.6
 355  1400.35
 356  1386.67
 357  1221.32
 358   834.406
 359   365.36
 360  1285.07
 361  1453.42
 362  1390.88
 363  1398.51
 364  1380.79
 365  1277.54
 366   885.661
 367   242.589
 368   216.644
 369   365.648
 370   434.353
 371   353.187
 372   313.482
 373   294.194
 374   239.648
 375   114.465
 376    20.7871
 377    61.6975
 378     2.38613
 379     3.11671
 380     0.17224
 381     9.22007
 382    19.8009
 383     0.72407
 384     0
 385     2.66754
 386     0.85311
 387     0.63529
 388     0.5073
 389     0.04985
 390     0
 391     0.27735
 392     0
 393     2.49084
 394     2.18107
 395     2.577
 396     0.51444
 397     1.1911
 398     1.94832
 399     1.36815
 400     3.1683
 401    12.705
 402     1.59441
 403     0
 404     1.54163
 405     1.31055
 406     0.97321
 407    44.2481
 408    56.6855
 409    35.8492
 410    34.0233
 411    23.7434
 412    36.2588
 413    36.397
 414    41.9337
 415    16.2098
 416   492.035
 417   474.744
 418   441.108
 419   543.035
 420   566.695
 421   549.047
 422   298.715
 423   104.572
 424   382.543
 425   425.226
 426   333.282
 427   472.879
 428   570.522
 429   380.516
 430   223.112
 431    29.0005
 432    11.9483
 433     1.12321
 434    10.2718
 435     4.57608
 436    56.9653
 437    26.9518
 438     3.17796
 439     1.71971
 440     1.60375
 441     0.57439
 442     0.84379
 443     1.83556
 444     0.39113
 445     3.00689
 446     1.59955
 447     1.36124
 448     0
 449     0.5814
 450     0.25178
 451     0.12734
 452     0.44677
 453     0
 454     0
 455     0.2956
 456     0
 457     0.07348
 458     1.3183
 459     1.58698
 460     0.28773
 461     0.74329
 462     2.64941
 463    16.4704
 464     1.30861
 465     0.68292
 466     1.05258
 467     0.83332
 468     1.64956
 469     3.07644
 470     3.21019
 471    14.9716
 472     1.9415
 473     1.68457
 474     0.83332
 475     1.73173
 476     1.8072
 477     1.63407
 478     4.53143
 479     1.17792
 480    28.2748
 481    17.0849
 482     3.19884
 483    11.4814
 484     7.89751
 485    32.5649
 486     1.47893
 487     1.4361
 488     1.47246
 489    13.7432
 490     3.96448
 491     3.61528
 492    16.6918
 493     7.13535
 494     8.38986
 495     1.62004
 496    14.7983
 497     1.30638
 498     0.61945
 499     0.54867
 500     1.77296
 501     1.22295
 502     0
 503     1.02737
 504     0
 505     0
 506     2.76243
 507     1.13837
 508     2.0811
 509     0.67077
 510     0.4374
 511    11.2717
