This file was gnenerated on 2021-06-22 18:51:40.935297 by Grant Finneman. This contains the extracted data from the Gate simulations
The edep for each bar was summed up and printed to this file. The only math operation done has been addition.

  id        edep
   0     1.56297
   1     0
   2     1.31337
   3     0
   4     0.11383
   5     0
   6     2.44898
   7     0
   8     0.70978
   9     0.8156
  10     2.4747
  11     0.37535
  12     1.41274
  13     0
  14     4.82995
  15    12.5579
  16    23.3735
  17     1.14906
  18     2.65951
  19     1.06097
  20     2.34876
  21     0.66752
  22     1.70057
  23     0.3672
  24     1.14259
  25     0.43327
  26     0
  27     0.4661
  28     3.49156
  29     1.91165
  30     0.41168
  31    21.2256
  32     3.57147
  33     2.06071
  34     7.63237
  35     2.04984
  36     0.68804
  37     0.87823
  38     2.32006
  39     1.74123
  40     1.48641
  41     0.44302
  42     0
  43     0.99641
  44     0
  45     0.07308
  46     2.25817
  47     1.609
  48     0.89818
  49     0
  50     0.32689
  51     0
  52     0.53455
  53     0.41438
  54     0.87793
  55     0.62909
  56     0
  57     0.95722
  58     0.62296
  59     0
  60     0.23003
  61     0
  62     0.44496
  63     0.41579
  64     1.36248
  65     1.38188
  66     1.45652
  67     0.64844
  68     1.55461
  69     3.17777
  70     0.19951
  71     0.91765
  72     1.88276
  73     3.66432
  74     0.95787
  75     0.45663
  76     0.19917
  77     0
  78     1.59748
  79     2.4888
  80   113.71
  81    61.7123
  82    50.0227
  83    20.7713
  84    54.3108
  85    41.2663
  86    14.1883
  87    11.3565
  88   362.171
  89   319.789
  90   425.369
  91   411.663
  92   347.758
  93   245.752
  94   211.412
  95    22.816
  96    54.1782
  97   109.736
  98   117.216
  99    77.0849
 100    76.4966
 101   154.374
 102    46.7532
 103     0.55966
 104     1.94745
 105     1.64561
 106     3.23216
 107    14.0064
 108    20.6547
 109     6.60894
 110     4.44138
 111     0.22948
 112     0.62441
 113     0.98955
 114     2.60127
 115     0.28365
 116     0.88919
 117     1.56117
 118     2.72655
 119     2.17162
 120     0
 121     0
 122     2.65521
 123     0.48985
 124     0
 125     1.08159
 126     1.02151
 127    12.4867
 128     0.68975
 129     2.79604
 130     1.61136
 131     0
 132     0.21505
 133     0.95201
 134     0.56426
 135     0.70377
 136    46.6473
 137     3.47268
 138     1.00437
 139    26.5086
 140    23.0134
 141    18.7212
 142     4.55376
 143     2.11535
 144   357.961
 145   404.629
 146   321.371
 147   339.857
 148   301.356
 149   236.272
 150   202.454
 151    77.4434
 152  1344.84
 153  1574.45
 154  1593.66
 155  1461.25
 156  1313.85
 157  1279.96
 158  1089.96
 159   426.007
 160   933.088
 161  1189.24
 162  1434.96
 163  1118.4
 164  1070.31
 165   995.354
 166   700.667
 167   254.649
 168   379.188
 169   555.849
 170   464.882
 171   418.236
 172   510.23
 173   454.133
 174   249.895
 175   107.409
 176    32.2694
 177    42.4453
 178    37.0117
 179    67.9782
 180    69.8237
 181    21.3065
 182     3.46841
 183     0.2216
 184     0.43828
 185     1.7095
 186     0.31369
 187     0.38493
 188     0.75556
 189     0
 190     7.71872
 191     0.94398
 192     3.61334
 193     0.57107
 194     3.56253
 195     2.33471
 196     1.51752
 197     2.37381
 198     1.77177
 199     2.25155
 200   161.619
 201   140.744
 202    72.6366
 203   193.852
 204   191.544
 205    48.7382
 206    24.3345
 207     0.57158
 208  1030.47
 209  1276.24
 210  1155.37
 211  1039.08
 212  1090.73
 213  1034.96
 214   595.218
 215   218.726
 216  1855.68
 217  1622.36
 218  1634.46
 219  1728.84
 220  1800.69
 221  1622.44
 222  1147.9
 223   403.279
 224  1415.6
 225  1363.69
 226  1767.86
 227  1661.58
 228  1766.5
 229  1611.25
 230  1053.01
 231   297.296
 232  1372.45
 233  1379.66
 234  1713.45
 235  1466.08
 236  1540.64
 237  1380.08
 238   913.44
 239   389.494
 240   424.167
 241   367.133
 242   253.159
 243   224.927
 244   341.122
 245   347.85
 246   215.603
 247   119.971
 248    30.7611
 249     0.42924
 250     4.38001
 251     3.51252
 252     1.44145
 253     0.73466
 254     7.30319
 255    22.0503
 256     8.28709
 257     1.02444
 258     2.6072
 259     0.91675
 260     1.02955
 261     1.47829
 262     2.63095
 263     0.99771
 264   445.376
 265   360.023
 266   285.18
 267   329.826
 268   267.677
 269   256.653
 270   140.707
 271    66.5176
 272  1288.95
 273  1400.07
 274  1568.9
 275  1571.01
 276  1623.72
 277  1393.36
 278   976.58
 279   399.219
 280  1321.39
 281  1534.13
 282  1595.39
 283  1638.1
 284  1630.31
 285  1462.14
 286   893.395
 287   325.077
 288  1815.56
 289  1845.01
 290  1638.17
 291  1720.68
 292  1718.07
 293  1563.98
 294  1067.34
 295   444.516
 296  1192.34
 297  1264.28
 298  1080.56
 299  1059.97
 300  1105.15
 301  1055.96
 302   667.113
 303   239.643
 304    84.6213
 305   108.22
 306    85.2298
 307    19.0505
 308    47.704
 309   115.884
 310    31.1444
 311    30.643
 312     2.20604
 313     1.79129
 314     0.84398
 315     1.66304
 316     0
 317     0.81183
 318     0.86118
 319     0.74067
 320     2.27323
 321     5.40564
 322     0
 323     1.74813
 324     0.3395
 325     0
 326     4.39955
 327     0.39833
 328    37.5963
 329    75.0438
 330    21.9192
 331    44.9267
 332    19.0766
 333    60.878
 334    54.5124
 335    17.2162
 336   401.142
 337   332.957
 338   467.155
 339   438.837
 340   503.696
 341   508.606
 342   280.778
 343   112.746
 344  1038.22
 345  1233.64
 346  1083.93
 347  1062.97
 348  1139.9
 349  1036.45
 350   617.165
 351   215.845
 352  1250.78
 353  1471.85
 354  1211.85
 355  1328.64
 356  1453.53
 357  1503.66
 358   985.778
 359   367.665
 360   615.518
 361   556.725
 362   369.396
 363   395.954
 364   478.486
 365   394.697
 366   224.373
 367    90.2653
 368    51.2009
 369    34.4606
 370     5.93984
 371     0.93245
 372    16.5333
 373     2.40065
 374     4.76
 375     8.68807
 376     1.42848
 377     1.10547
 378     0.88151
 379     0.15183
 380     0.31659
 381     0.91933
 382     0.78803
 383     3.83202
 384     0.37168
 385     1.76971
 386     1.23576
 387     0
 388     1.01025
 389     0.28219
 390     5.37377
 391     4.47689
 392     1.25524
 393     3.29257
 394    13.5468
 395     1.1784
 396     2.25801
 397     0.76119
 398    33.3726
 399    13.3571
 400    14.5683
 401     4.62834
 402    22.9952
 403    17.1559
 404    24.9676
 405     9.40797
 406    19.867
 407    17.5358
 408   105.661
 409    46.2604
 410   107.427
 411   124.124
 412   125.478
 413    97.8815
 414    47.0555
 415    28.8268
 416   358.573
 417   319.225
 418   295.299
 419   446.306
 420   275.392
 421   336.407
 422   203.638
 423    82.324
 424    66.6914
 425    61.2155
 426    29.5586
 427    42.6202
 428    90.5885
 429    42.2227
 430     2.29669
 431     9.24007
 432     1.45255
 433     0.55425
 434     0.40377
 435     1.90185
 436     1.32653
 437     1.18465
 438     2.95875
 439     2.94214
 440     1.14177
 441     0.91151
 442     0.42409
 443     2.57549
 444     0.27079
 445     0.77144
 446     0
 447     0.45863
 448     0
 449     0.19787
 450     0
 451     0
 452     0.61555
 453     0.23796
 454     5.2125
 455     0.15494
 456     0.23917
 457     1.88754
 458     0.06717
 459     0.84692
 460     1.90878
 461     0.78531
 462     0.55883
 463     0.54641
 464     2.36729
 465     1.78383
 466     0.51002
 467     0.86653
 468     0.81514
 469     1.26555
 470     1.80598
 471     1.61661
 472     1.94685
 473     0.45635
 474     1.5289
 475     1.77578
 476    18.833
 477    22.9131
 478     2.29882
 479     1.66262
 480     1.03028
 481     0.83488
 482     1.29434
 483    41.1929
 484     1.40117
 485     0.76781
 486    15.9335
 487     6.63972
 488     9.78458
 489     1.35106
 490     0.09129
 491     3.12055
 492     0.52104
 493     2.12725
 494     4.97979
 495     9.40627
 496     0.96403
 497     0.07322
 498     0.14119
 499     0.79699
 500     0.50843
 501     1.87131
 502     1.17973
 503     1.75297
 504     0.61804
 505     0
 506     1.71146
 507     0
 508     1.02902
 509     0.40439
 510     1.6584
 511     0
