This file was gnenerated on 2021-06-22 18:45:29.559567 by Grant Finneman. This contains the extracted data from the Gate simulations
The edep for each bar was summed up and printed to this file. The only math operation done has been addition.

  id        edep
   0     1.802
   1     0
   2     0
   3     0
   4     0.8241
   5     0.25354
   6     1.19169
   7     0.99737
   8     1.66141
   9     0.55235
  10     0
  11     1.4458
  12     0
  13     1.32632
  14     0
  15     1.9836
  16     0.73541
  17     1.03149
  18     1.03841
  19     1.11983
  20     1.23106
  21     0.81902
  22     0.65157
  23    19.4207
  24     3.01573
  25     1.14831
  26     0.21531
  27     1.22214
  28     2.423
  29     0.22482
  30     1.97887
  31     0.67705
  32     3.22947
  33     0.81611
  34     2.18854
  35     0.59255
  36     1.73021
  37     1.8825
  38     0.43618
  39     0.62502
  40     1.52143
  41     1.38434
  42     2.17204
  43     0.99182
  44     1.73474
  45     1.29997
  46     0.30352
  47     0.99404
  48     0.71693
  49     0
  50     0.75136
  51     0.77849
  52     1.32228
  53     1.30765
  54     0
  55     1.36591
  56     0.92347
  57     1.6042
  58     1.09653
  59     0.62707
  60     0
  61     0.09555
  62     0
  63     0.47623
  64     1.7406
  65     0
  66     0
  67     0
  68     0
  69     0.62068
  70     0.95906
  71     0
  72     1.32872
  73     3.86331
  74     1.10653
  75     0
  76     0.4053
  77     0
  78     0.24363
  79     0.6848
  80     1.75026
  81     1.55594
  82     0.78231
  83     2.25488
  84     2.23003
  85     2.18113
  86     1.65095
  87    14.5786
  88     3.71473
  89     2.68169
  90     1.08672
  91     1.60764
  92     1.55732
  93    26.2959
  94     1.0467
  95     5.13232
  96     3.68225
  97     1.29003
  98     1.93364
  99     5.36675
 100     1.72806
 101     4.19597
 102    10.7404
 103     9.99776
 104    15.0348
 105    14.6818
 106     1.96999
 107     3.81671
 108     3.49011
 109     1.46597
 110     9.39462
 111    11.7514
 112     0
 113     1.2106
 114     1.6962
 115     2.09217
 116     0
 117     1.41733
 118     0.40521
 119     3.41633
 120     2.59969
 121     0.26684
 122     0
 123     0.19945
 124     0.85675
 125     0
 126     0.75902
 127     0.90547
 128     2.78361
 129     0
 130     2.30669
 131     1.1124
 132     0
 133     1.09165
 134     1.6287
 135     0
 136     2.32286
 137     3.88444
 138     2.9172
 139     1.26038
 140     1.17566
 141     3.48367
 142     3.15426
 143     3.94104
 144     0.93025
 145     1.85281
 146     9.53907
 147     1.59596
 148     2.06496
 149    31.1392
 150    27.3887
 151     9.51639
 152    40.6271
 153    88.1214
 154    59.7279
 155    99.3702
 156    78.4132
 157   111.198
 158    41.2455
 159    20.4257
 160   516.148
 161   664.652
 162   593.673
 163   703.042
 164   562.043
 165   522.136
 166   316.557
 167    63.9691
 168   248.63
 169   414.295
 170   488.924
 171   381.036
 172   394.619
 173   412.464
 174    85.9767
 175    75.1861
 176     3.56016
 177     8.69792
 178     1.33543
 179     2.58615
 180     3.03114
 181     1.3212
 182     2.34152
 183     2.39051
 184     0.84207
 185     1.83894
 186     3.65627
 187     0.84304
 188     1.43165
 189     0.57421
 190     0.95179
 191     0
 192     0.75426
 193     1.7861
 194     1.58831
 195     2.17083
 196     1.81004
 197     1.20124
 198     1.06071
 199     1.34067
 200    16.1035
 201    23.3227
 202     2.28444
 203    10.282
 204     0.93805
 205    17.3751
 206    37.4087
 207     9.61849
 208   314.143
 209   331.823
 210   276.148
 211   307.122
 212   389.915
 213   207.929
 214   278.884
 215    38.1061
 216  1910.73
 217  2007.25
 218  2130.52
 219  2453.28
 220  2783.44
 221  2363.98
 222  1318.79
 223   420.604
 224  4160.39
 225  4429.82
 226  5171.77
 227  4812.09
 228  4881.56
 229  4588.93
 230  3176.93
 231  1144.76
 232  1632.14
 233  2015.87
 234  1990.26
 235  2065.82
 236  2245.4
 237  2025.05
 238  1231.77
 239   485.52
 240     0.61969
 241    28.0075
 242    94.4308
 243    19.04
 244    27.735
 245    35.4403
 246    40.6184
 247     3.36474
 248     2.55321
 249     2.54603
 250     4.07207
 251     1.2921
 252     2.05087
 253     0.73947
 254     0.83769
 255     1.72486
 256     1.31684
 257     2.60946
 258     1.79156
 259     0
 260     1.07681
 261     2.20543
 262     0.17393
 263     0
 264    79.2901
 265    16.152
 266    49.8302
 267    60.3098
 268    10.4503
 269    56.3038
 270    20.0426
 271     1.5845
 272  2124.47
 273  1828.89
 274  1661
 275  1924.78
 276  1860.51
 277  1507.69
 278  1221.34
 279   424.453
 280  4644.05
 281  4933.57
 282  4537.55
 283  4817.01
 284  4790.78
 285  4506.88
 286  3130.65
 287  1345.94
 288  2326.96
 289  2363.71
 290  2386.06
 291  2145.92
 292  2341.32
 293  2467.74
 294  1780.29
 295   527.219
 296   327.619
 297   353.928
 298   363.472
 299   513.374
 300   347.536
 301   305.685
 302   120.537
 303    14.6453
 304     2.81486
 305    51.0585
 306    20.6807
 307    23.9091
 308     0.79027
 309     2.44189
 310     2.18538
 311     1.15272
 312     0.91461
 313     0.9399
 314     1.28926
 315     1.81202
 316     0.5428
 317     0.9299
 318     1.91661
 319     1.06774
 320     1.47516
 321     1.29876
 322     1.31482
 323     1.3216
 324     0.10033
 325     2.15882
 326     1.17139
 327     1.53768
 328     2.62247
 329     2.78382
 330    18.0256
 331    18.0349
 332     2.21457
 333     2.46864
 334     3.56716
 335     1.28008
 336   335.208
 337   389.35
 338   327.006
 339   265.302
 340   337.78
 341   413.408
 342   218.888
 343    73.0539
 344   497.172
 345   628.242
 346   433.47
 347   478.887
 348   528.921
 349   475.626
 350   250.441
 351    83.5004
 352    48.8247
 353    61.7075
 354   107.141
 355   121.163
 356   129.595
 357    60.1564
 358    70.5931
 359    30.5169
 360    20.3454
 361     5.07567
 362     2.22913
 363    24.5967
 364     9.15759
 365     8.45929
 366     4.29284
 367    37.0156
 368     3.63814
 369     3.07326
 370     4.05714
 371     0.4397
 372     2.81981
 373     1.82243
 374     0.60566
 375     0.64934
 376     1.81175
 377     1.48969
 378     1.89958
 379     2.03882
 380     0
 381     0.61415
 382     0
 383     0
 384     2.04828
 385     0.63722
 386     3.25408
 387     0.73866
 388     0
 389     0.73744
 390     0.38431
 391     0.86205
 392     1.45204
 393     0.30894
 394     2.3641
 395     0.4103
 396     2.19877
 397    12.1102
 398     0.3181
 399     0
 400     3.24946
 401     1.35408
 402     1.69613
 403     1.48043
 404     1.30425
 405     8.29113
 406    17.002
 407     5.22976
 408     2.93777
 409    31.0377
 410    23.357
 411     3.33771
 412     1.64955
 413     2.12632
 414     5.17154
 415     4.85466
 416     4.01381
 417     3.68042
 418     0.65548
 419     1.92714
 420     2.32306
 421     2.5809
 422    26.1277
 423     1.60244
 424     1.92437
 425     1.13117
 426     1.65592
 427     3.04477
 428     1.33351
 429     2.1124
 430     0
 431     1.83857
 432     0.48925
 433     1.45244
 434     1.32376
 435     0.48709
 436     0
 437     1.17658
 438     2.01738
 439     0.38058
 440     0.61737
 441     1.95615
 442     0.99957
 443     1.0215
 444     1.72407
 445     1.00361
 446     0
 447     0
 448     0.43403
 449     0
 450     0.82011
 451     0
 452     0.12737
 453     0.12117
 454     0.96751
 455     0.64451
 456     1.09938
 457     2.76867
 458     0.39
 459     0.27493
 460     0.72726
 461     0.09341
 462     1.5264
 463     0.42331
 464     1.6948
 465     0.60568
 466     1.58093
 467     1.47087
 468     0
 469     2.06733
 470     0.62933
 471     0.6578
 472     1.50928
 473     1.34689
 474     0.15891
 475     0.51943
 476     1.79873
 477     1.8638
 478     2.69055
 479     0.6072
 480     0
 481     0.73562
 482     3.01922
 483     2.47698
 484     0.01963
 485     1.0315
 486     1.51631
 487     0.64002
 488     2.06483
 489     1.14188
 490     0.44873
 491     0
 492     0
 493     2.26415
 494     1.65977
 495     0.24034
 496     0.66558
 497     0.66288
 498     0.72374
 499     0
 500     0.96588
 501     1.09137
 502     0.88611
 503     1.99724
 504     0.87225
 505     0
 506     0
 507     0.12216
 508     0
 509     3.18492
 510     0
 511     0.8277
