This file was gnenerated on 2021-06-22 18:29:03.980156 by Grant Finneman. This contains the extracted data from the Gate simulations
The edep for each bar was summed up and printed to this file. The only math operation done has been addition.

  id        edep
   0     0
   1     0
   2     0.30205
   3     0.98432
   4     0.15322
   5     0.05024
   6     0.61321
   7     0.56751
   8     0.71884
   9     0.26647
  10     1.31725
  11     0.50499
  12     0.80449
  13     0.81949
  14     0.27562
  15     0.63151
  16     1.08983
  17     1.42204
  18     1.53629
  19     4.78085
  20     1.322
  21     1.57586
  22     0.32609
  23     7.02418
  24     0
  25     1.1609
  26     3.36981
  27     2.02769
  28     0.73755
  29     1.85063
  30     0.53233
  31     0.77995
  32     2.11997
  33     2.32769
  34     1.40801
  35     2.75739
  36     0.40166
  37     0
  38    21.586
  39    14.7376
  40     0.74725
  41     2.18259
  42     1.83509
  43     0.18616
  44     1.53989
  45     0.83454
  46     0.4186
  47     0.09051
  48    11.8029
  49    22.077
  50     0.63287
  51     2.55117
  52     0.39336
  53     0
  54     1.5102
  55     0
  56     0
  57     0.01248
  58     0.50836
  59     0.47511
  60     0.70404
  61     0
  62     0.02355
  63     0.85393
  64     1.47809
  65     0
  66     0.29538
  67     0.96388
  68     0.10561
  69     0.04814
  70     0.86899
  71     0
  72     2.15205
  73     0.9536
  74     1.58199
  75     0.646
  76     0.6447
  77     0.8436
  78     0.35268
  79     1.65504
  80     4.96355
  81     2.6407
  82     1.29267
  83     3.14448
  84     0.48543
  85     0.03585
  86     1.50006
  87    36.7513
  88     1.70081
  89     3.75564
  90     1.93278
  91     2.48373
  92     1.02347
  93     2.34335
  94     1.55851
  95     0.62819
  96     1.56227
  97     3.41727
  98     4.83854
  99     3.181
 100     0.8448
 101     5.62918
 102    16.4879
 103     7.6333
 104     1.60428
 105     3.67428
 106     1.13383
 107     2.20996
 108     0
 109     3.1153
 110     0.70915
 111     1.14617
 112    49.2889
 113     7.23126
 114     0.67868
 115     2.7355
 116     1.24749
 117     0.1343
 118     2.01291
 119     0.84497
 120     7.91151
 121     8.46253
 122     2.9563
 123     0
 124     1.11661
 125     0.47153
 126     1.47544
 127     9.46549
 128     0.07776
 129     0
 130     1.69671
 131     0.90097
 132     1.68701
 133     0.64383
 134     3.70234
 135    15.2643
 136     1.38987
 137     3.14412
 138     1.04072
 139     3.05727
 140     0.84928
 141     0
 142     0
 143     2.29353
 144    26.9611
 145     5.12479
 146     7.88416
 147     1.84988
 148     4.05019
 149     3.41058
 150     3.44249
 151    19.1683
 152   109.764
 153    51.6668
 154   124.459
 155    71.9095
 156   187.726
 157    91.7371
 158    53.6557
 159    21.9906
 160   104.399
 161    73.4299
 162    85.6732
 163    88.8052
 164   175.754
 165   119.201
 166    75.2737
 167    28.9554
 168     3.21901
 169     3.3181
 170     2.19279
 171     1.09648
 172    19.7515
 173    13.1602
 174    23.0549
 175     9.96709
 176     1.17626
 177     2.0108
 178     0.47935
 179     2.89648
 180     1.15292
 181     0.26007
 182     1.56496
 183     1.61125
 184     1.72086
 185     0.01141
 186     0.22223
 187     3.68473
 188     1.87825
 189     1.26698
 190     3.01084
 191     1.47482
 192     0.03156
 193     1.98624
 194     1.08052
 195     0.97685
 196     0
 197     0.51891
 198     1.43464
 199    19.5714
 200     3.21379
 201     3.69075
 202     0.93898
 203     3.19595
 204     0.23091
 205     0
 206     3.49542
 207     0.41902
 208    78.9375
 209   166.532
 210   231.366
 211   202.619
 212   110.53
 213   115.421
 214   150.492
 215    44.7537
 216  4562.17
 217  4900.1
 218  5259.31
 219  4909.45
 220  4743.45
 221  4643.24
 222  3133.05
 223  1071.08
 224  4646.68
 225  5184.45
 226  5157.87
 227  5099.93
 228  5300.89
 229  4945.61
 230  3347.67
 231  1115.45
 232   136.365
 233   149.848
 234   161.329
 235   158.757
 236   231.402
 237   140.749
 238   127.238
 239     2.81304
 240     2.37223
 241     1.16478
 242     2.70579
 243     1.81991
 244     5.12418
 245     4.10428
 246     4.17022
 247     1.33289
 248     1.11348
 249     4.30435
 250     2.40129
 251     1.43609
 252     1.90441
 253     1.22228
 254     1.11607
 255     0.9363
 256     2.47654
 257     3.4134
 258     0.61291
 259     0.22445
 260     1.08668
 261     0.6257
 262     1.41329
 263     0.33327
 264     2.18377
 265     1.84855
 266     2.2079
 267     3.79146
 268     9.83957
 269     6.47351
 270     1.95327
 271     0.80089
 272   117.175
 273   219.074
 274   239.096
 275   182.897
 276   146.737
 277   184.181
 278    66.2543
 279    23.0732
 280  4544.26
 281  4659.91
 282  5338.4
 283  5203.38
 284  5231.11
 285  5290.93
 286  3202.97
 287  1191.24
 288  4391.52
 289  5115.39
 290  5226.83
 291  5692.14
 292  5481.9
 293  5009.72
 294  3074.95
 295  1270.68
 296   128.633
 297   204.389
 298   161.6
 299   145.25
 300   185.988
 301   100.077
 302   100.611
 303    88.8615
 304     4.99122
 305     3.88104
 306     3.33147
 307     2.77074
 308     3.02712
 309     7.95113
 310    10.8837
 311     6.25269
 312     2.68885
 313     0
 314     3.47521
 315     1.01419
 316     0.79902
 317     2.26203
 318     0.49934
 319     6.65396
 320     0.69174
 321     1.14699
 322     2.71967
 323     1.34903
 324     0.78249
 325     1.71688
 326     0.25498
 327     1.14885
 328     1.52514
 329     1.2899
 330     5.27957
 331     2.60093
 332     1.99019
 333     1.32984
 334     6.54091
 335    16.5094
 336    10.306
 337     9.73512
 338    10.1407
 339    28.3041
 340    23.8762
 341    13.024
 342    27.7941
 343     4.67828
 344   144.853
 345   132.79
 346   113.79
 347   102.649
 348    57.0691
 349    47.4957
 350    33.734
 351    51.1024
 352    59.5376
 353    97.539
 354   138.136
 355   158.432
 356    81.2957
 357   116.032
 358    10.6258
 359    13.0802
 360     4.07789
 361    13.6372
 362    21.995
 363    12.8417
 364    13.9768
 365     8.31961
 366     5.78072
 367     1.42937
 368     2.803
 369     1.5504
 370     0.97836
 371     2.28216
 372     1.8991
 373     1.32881
 374     8.40787
 375     1.7085
 376    18.6447
 377     0.57884
 378     0.04756
 379     0.8191
 380     2.33576
 381     0.21502
 382     1.76674
 383     1.76571
 384     1.57779
 385     0.9442
 386     0
 387     1.5921
 388     1.73767
 389     1.51199
 390     2.60845
 391     0.38159
 392     2.53914
 393     1.01349
 394     0.55767
 395     1.53107
 396     2.0395
 397     0.23917
 398    13.1777
 399    11.9941
 400     2.17633
 401     1.3699
 402     0
 403     3.03713
 404     2.08924
 405     0.91353
 406     1.37082
 407     2.18729
 408     3.71648
 409     2.8619
 410     3.29509
 411     2.66227
 412     2.32944
 413    24.7644
 414    12.1579
 415     6.59773
 416     1.95254
 417     2.5642
 418     4.31054
 419     6.14094
 420     4.28051
 421     0.95824
 422     1.70558
 423    18.7587
 424     1.96208
 425     1.89365
 426     2.73556
 427     1.69693
 428     3.01639
 429     1.45866
 430     1.00641
 431     1.25494
 432     1.71732
 433     0
 434     2.48019
 435     0.71949
 436     2.38224
 437     0.58891
 438     5.42332
 439     6.18146
 440     0
 441     0.50087
 442     0.34805
 443     2.32818
 444     0.77982
 445     2.33707
 446     0.78324
 447     1.18508
 448     1.61497
 449     0.76686
 450     0.50406
 451     1.16053
 452     0
 453     1.07798
 454     1.37527
 455    14.5625
 456     1.17531
 457     0
 458     0.58824
 459     0
 460     0.56067
 461     0
 462     0.49373
 463     0.65622
 464     0.70068
 465     3.53306
 466     1.3448
 467     1.61216
 468     3.17007
 469     0
 470     0.42597
 471     0
 472     1.47215
 473     1.72866
 474     0.51637
 475     0.95953
 476     2.97848
 477     0.04654
 478     2.69436
 479     0.84123
 480     0.14519
 481     2.74003
 482     1.33197
 483     0.1751
 484     1.81942
 485     0.26814
 486     1.27633
 487     0.93891
 488     3.18102
 489     2.46429
 490     1.10341
 491     0.87022
 492     0.44114
 493     2.42814
 494     1.73409
 495     0.70379
 496     0.83238
 497     2.09116
 498     0.96507
 499     0.64394
 500     0
 501     0.7362
 502     0
 503     0.7362
 504     0.34805
 505     0.42643
 506     0
 507     0.97111
 508     0.43504
 509     0
 510     0.1224
 511     0.9898
