This file was gnenerated on 2021-06-22 19:05:21.784798 by Grant Finneman. This contains the extracted data from the Gate simulations
The edep for each bar was summed up and printed to this file. The only math operation done has been addition.

  id        edep
   0     2.64085
   1     2.40315
   2     0.6943
   3     1.62275
   4     0.80495
   5     0.91459
   6     1.62156
   7     0
   8     9.18013
   9     1.76395
  10    27.8261
  11     1.90891
  12     9.12364
  13    36.2761
  14     2.51914
  15     8.2143
  16    28.9778
  17    87.3301
  18    79.2615
  19    84.0031
  20    16.3231
  21    45.4859
  22     7.49458
  23     0.8052
  24     4.93441
  25    10.9314
  26    86.5826
  27    14.3353
  28     7.5652
  29     5.17755
  30     4.99619
  31     1.87972
  32     2.63859
  33     0.02459
  34    14.4533
  35     3.36037
  36     2.74705
  37    25.7467
  38     0.17024
  39     4.42264
  40    14.5137
  41     6.72838
  42     1.82438
  43     1.88685
  44     2.44022
  45     1.07375
  46     0.22416
  47    10.0678
  48     1.1729
  49     2.84338
  50    19.8545
  51     0.71648
  52     0.60993
  53     0.63309
  54     1.34766
  55     0.82639
  56     0.99406
  57     2.11018
  58     1.34062
  59     1.33299
  60     1.91425
  61     0.29558
  62     0.66938
  63     0
  64     0.88653
  65     1.85896
  66     1.86471
  67     0.62432
  68     1.72471
  69     1.2048
  70     0.97107
  71     0.3247
  72    65.9602
  73    44.014
  74    55.8891
  75    86.4687
  76   116.886
  77    85.4626
  78    36.7689
  79     6.48789
  80   621.182
  81   667.758
  82   664.386
  83   598.969
  84   686.847
  85   814.249
  86   513.492
  87   193.67
  88   643.048
  89   572.615
  90   698.716
  91   644.758
  92   712.23
  93   491.572
  94   403.24
  95   189.683
  96   262.166
  97   332.326
  98   438.188
  99   478.497
 100   402.943
 101   349.238
 102   180.61
 103    56.3006
 104   237.732
 105   233.667
 106   129.19
 107   194.855
 108   156.605
 109   138.682
 110   117.564
 111    31.0446
 112    51.7142
 113    97.9084
 114    79.9494
 115    99.8093
 116    61.3806
 117    22.1244
 118    30.0792
 119     3.15572
 120    15.6712
 121     9.15412
 122     8.22111
 123     2.77481
 124     8.09454
 125    15.7686
 126     0.99624
 127     0
 128    14.0993
 129    23.5972
 130    32.6793
 131    43.0316
 132     0
 133     0
 134     1.60026
 135     2.0632
 136   175.766
 137    95.6015
 138   205.69
 139   246.096
 140   250.759
 141   192.867
 142   137.311
 143    62.6602
 144   758.872
 145   733.499
 146   802.849
 147   707.983
 148   774.952
 149   620.801
 150   423.854
 151   162.092
 152   765.929
 153   932.001
 154  1002.06
 155   844.855
 156   801.28
 157   635.084
 158   516.636
 159   204.801
 160   602.79
 161   744.2
 162   887.209
 163  1031.26
 164   881.891
 165   872.426
 166   426.013
 167   195.168
 168   630.582
 169   863.986
 170  1012.01
 171   810.878
 172   714.664
 173   877.295
 174   589.18
 175   190.806
 176   449.246
 177   666.54
 178   736.887
 179   631.032
 180   523.233
 181   531.859
 182   426.425
 183   142.577
 184    47.1063
 185    25.6207
 186    19.0149
 187    11.5127
 188    88.3044
 189   103.403
 190    67.4959
 191    38.0865
 192     2.11965
 193     3.18223
 194     5.54481
 195     9.5239
 196     1.5321
 197     3.04935
 198     6.78774
 199     1.14098
 200   444.053
 201   379.351
 202   364.857
 203   372.121
 204   350.638
 205   402.986
 206   231.108
 207    69.2697
 208   873.633
 209   725.205
 210   829.858
 211   952.084
 212   801.634
 213   827.055
 214   619.48
 215   277.647
 216   729.325
 217   870.35
 218   988.07
 219  1071.88
 220   870.022
 221   705.234
 222   438.43
 223   144.03
 224   793.7
 225   885.023
 226   710.79
 227   819.784
 228  1016.22
 229   698.042
 230   388.958
 231   111.661
 232   765.931
 233   633.069
 234   600.635
 235   712.216
 236   795.441
 237   736.911
 238   477.655
 239   105.37
 240   555.551
 241   629.364
 242   719.554
 243   530.614
 244   472.757
 245   476.492
 246   451.075
 247   119.713
 248    49.2089
 249    52.2312
 250    38.7934
 251    22.6131
 252    77.6713
 253    25.1974
 254     0.6596
 255     1.71682
 256    42.5494
 257    55.3789
 258     3.19356
 259    29.1482
 260    35.4798
 261    37.992
 262     0.5166
 263     0.82534
 264   435.738
 265   563.409
 266   792.373
 267   838.18
 268   768.127
 269   658.824
 270   379.709
 271   155.22
 272   703.494
 273   616.334
 274   818.105
 275   838.869
 276   688.653
 277   892.754
 278   572.963
 279   277.28
 280   861.432
 281   811.638
 282   850.811
 283   860.66
 284   735.734
 285   585.158
 286   385.255
 287   206.722
 288   614.005
 289   907.27
 290   913.784
 291   805.3
 292   772.814
 293   640.78
 294   390.802
 295   171.243
 296   684.792
 297   648.697
 298   762.238
 299   729.905
 300   729.676
 301   678.791
 302   457.208
 303   175.905
 304   463.78
 305   414.481
 306   472.854
 307   416.796
 308   368.151
 309   318.341
 310   235.264
 311    95.6539
 312     1.5837
 313    31.2701
 314    25.3533
 315     1.88469
 316     1.88846
 317     2.68372
 318     7.48146
 319     2.5697
 320    94.5978
 321    68.3814
 322    29.748
 323    58.0256
 324    18.7305
 325    20.2609
 326    17.997
 327     7.5734
 328   622.168
 329   654.324
 330   591.493
 331   662.428
 332   562.738
 333   528.828
 334   443.154
 335   176.209
 336   653.748
 337   539.698
 338   757.146
 339   833.23
 340   790.484
 341   743.021
 342   515.946
 343   219.998
 344   676.555
 345   600.261
 346   683.282
 347   504.74
 348   771.959
 349   701.644
 350   378.922
 351   166.331
 352   703.378
 353   755.808
 354   932.097
 355   853.8
 356   875.746
 357   751.265
 358   597.72
 359   230.633
 360   733.652
 361   689.63
 362   554.357
 363   691.115
 364   730.947
 365   687.376
 366   629.742
 367   199.103
 368   322.573
 369   189.501
 370   193.42
 371   177.858
 372   278.996
 373   176.478
 374   147.111
 375    57.2979
 376     2.19283
 377     1.77875
 378     3.15103
 379     1.56182
 380     0.57379
 381     1.52519
 382    37.9115
 383     0.68458
 384    18.5419
 385     1.7887
 386     1.09686
 387    44.1437
 388     4.20922
 389     5.30757
 390    10.9464
 391    37.3267
 392    95.4588
 393    60.3271
 394    83.9038
 395   177.537
 396    39.7065
 397    59.5111
 398    60.0291
 399    14.2162
 400   203.067
 401   276.525
 402   232.008
 403   255.838
 404   189.668
 405   250.45
 406   152.75
 407    59.2667
 408   293.544
 409   296.694
 410   375.261
 411   279.795
 412   393.49
 413   291.059
 414   298.555
 415    98.1036
 416   670.365
 417   509.416
 418   501.017
 419   597.148
 420   520.809
 421   526.907
 422   371.086
 423   103.762
 424   326.071
 425   452.93
 426   485.495
 427   571.52
 428   488.586
 429   528.142
 430   321.283
 431   132.305
 432    41.3737
 433    62.2337
 434   108.06
 435    46.4802
 436    31.7442
 437    28.0964
 438    48.2058
 439    33.4679
 440     1.37666
 441     0.07246
 442     1.58019
 443     0
 444     1.76437
 445     2.04301
 446     9.15337
 447     6.22824
 448     1.29143
 449     0.86343
 450     1.5802
 451     0.75246
 452     0
 453     1.51168
 454     0
 455     1.01808
 456     1.40255
 457     0.41317
 458     1.80977
 459    21.4517
 460     1.3993
 461     2.20016
 462     2.44101
 463     1.00628
 464     1.92936
 465     0.6447
 466     2.67865
 467     2.27064
 468     0.95018
 469     0.64901
 470     1.28025
 471     0.54724
 472    14.8512
 473    31.0338
 474     3.77101
 475     7.77673
 476     9.31803
 477    11.8533
 478     0.55335
 479     0.81737
 480    36.7065
 481    24.079
 482    76.7724
 483    20.067
 484    40.0205
 485     7.13903
 486    29.8079
 487     0
 488    60.1726
 489    24.8001
 490    35.4642
 491    58.6094
 492    82.3689
 493    37.3617
 494    14.3949
 495     4.00375
 496    14.3897
 497    13.016
 498     0.77656
 499     4.23296
 500     0.47348
 501    32.7403
 502     8.77641
 503     0.29694
 504     0
 505     2.86122
 506     1.32456
 507     0.40223
 508     0
 509     0.24075
 510     0.32269
 511     0.2995
