This file was gnenerated on 2021-06-22 18:42:00.997656 by Grant Finneman. This contains the extracted data from the Gate simulations
The edep for each bar was summed up and printed to this file. The only math operation done has been addition.

  id        edep
   0     0.90075
   1     0
   2     0.71759
   3     1.61937
   4     0
   5     0
   6     0
   7     4.07814
   8     0
   9     0.95698
  10     0.98754
  11     0.52099
  12     0.28269
  13     2.70445
  14     1.07234
  15     0
  16     0.79767
  17     1.38842
  18     0.44727
  19     1.78511
  20     0.067
  21     2.41847
  22     0
  23    13.4788
  24     0.28322
  25     3.34704
  26     0.77741
  27     0
  28     0.81546
  29     0.52263
  30     1.628
  31     0.90585
  32     0.76557
  33     1.00224
  34     0.66683
  35     0.90796
  36     0.22866
  37     1.08506
  38    16.5139
  39    33.8865
  40     0.65191
  41     0.98394
  42     0.86727
  43     0.52064
  44     2.20411
  45     0.8087
  46     2.15093
  47     2.08415
  48     0.41327
  49     1.12047
  50     1.39798
  51     0.84302
  52     0.88646
  53     0.58264
  54     0
  55     2.028
  56     1.33761
  57     0.53466
  58     1.20517
  59     0.64273
  60     0
  61     1.27287
  62     0.25261
  63     0.81234
  64     3.12214
  65     0.42459
  66     1.02431
  67     0.93064
  68     3.14359
  69     0
  70     0.78484
  71    13.483
  72     1.41394
  73     0.59713
  74     2.11251
  75     2.15039
  76     1.97331
  77     1.43066
  78     0.97303
  79     0.8924
  80     1.15258
  81     4.35734
  82     1.48368
  83     1.68134
  84     2.63676
  85     2.69777
  86     2.36663
  87     1.62783
  88     1.47073
  89    14.6664
  90    30.2594
  91     1.4327
  92     0.82188
  93     2.06559
  94     2.41109
  95     2.40437
  96     0.36811
  97     1.01161
  98     2.35153
  99    21.0265
 100     2.21228
 101     8.64471
 102    11.1662
 103     5.09531
 104     2.01024
 105     1.09746
 106     0.25796
 107     3.21881
 108     3.40388
 109     1.45676
 110     6.23239
 111     4.10755
 112     3.04985
 113     1.71135
 114     0.3551
 115     1.05901
 116     1.34374
 117     1.27117
 118     3.63942
 119     6.15863
 120     0.53617
 121     0.16593
 122     1.26707
 123     2.72738
 124     0
 125     0.36901
 126     0.22108
 127     0.58264
 128     2.60296
 129     2.53119
 130     0.76837
 131     1.66709
 132     1.97374
 133     1.68153
 134     1.50327
 135    14.9511
 136     2.46335
 137     0.8932
 138     3.32929
 139     1.18491
 140     1.6727
 141     2.66964
 142     0
 143     2.71234
 144    10.4026
 145    36.3765
 146    49.2216
 147     6.8861
 148    63.0903
 149    42.8779
 150    36.2216
 151    26.2662
 152   122.842
 153   259.538
 154   150.683
 155   167.492
 156    89.8761
 157   107.762
 158    60.6782
 159     4.39464
 160   357.713
 161   458.041
 162   455.541
 163   405.325
 164   558.464
 165   467.141
 166   257.744
 167   104.224
 168   188.973
 169   106.328
 170   173.806
 171   146.059
 172   114.199
 173   177.184
 174   101.184
 175    47.2675
 176     1.55461
 177     8.48237
 178     4.70266
 179     3.76812
 180     3.19132
 181     1.94068
 182    50.49
 183    61.8914
 184     1.91076
 185     2.47838
 186     0.76023
 187     0.94497
 188     1.53382
 189     2.15158
 190     1.30634
 191     1.78607
 192     1.85508
 193     0.2044
 194     3.95352
 195     1.49085
 196     0.57117
 197     0.25169
 198     0.43298
 199     0
 200     6.99908
 201    13.4763
 202     8.27701
 203    18.4044
 204     3.33016
 205    23.58
 206    15.3589
 207    24.4968
 208   855.619
 209   710.12
 210   727.103
 211   802.206
 212   818.806
 213   852.469
 214   513.331
 215   186.494
 216  2762.69
 217  3400.07
 218  3191.38
 219  3375.64
 220  3022.61
 221  3075.61
 222  2102.09
 223   761.101
 224  4165.82
 225  4431.4
 226  4234.73
 227  4075.61
 228  4337.75
 229  4018.45
 230  2484.17
 231   891.262
 232  1178.92
 233  1017.17
 234   999.116
 235  1155.25
 236  1209.72
 237  1131.17
 238   671.51
 239   181.501
 240    14.2359
 241     5.61952
 242    14.134
 243    22.532
 244    28.6049
 245     0.64186
 246    44.9034
 247    17.2021
 248     0.41924
 249     0.88546
 250     1.95935
 251     0.99526
 252     1.08327
 253     0.82183
 254     0.17432
 255     1.38119
 256     2.39713
 257     0.44353
 258     2.25685
 259     0.25169
 260     0.11145
 261     1.47454
 262     4.58827
 263     2.99551
 264    42.8767
 265     2.47552
 266     3.24966
 267     7.14296
 268     4.8343
 269     9.33911
 270     0.57782
 271    13.0488
 272  1270.59
 273  1173.33
 274  1207.99
 275  1180.1
 276  1177.42
 277   981.297
 278   615.999
 279   245.113
 280  4149.99
 281  4104.3
 282  4105.08
 283  4328.32
 284  4325.04
 285  3950.13
 286  2682.65
 287  1026.46
 288  3329.97
 289  3528.63
 290  3422.19
 291  3541.2
 292  3353.35
 293  2905.91
 294  2096.38
 295   729.421
 296   724.848
 297   789.554
 298   989.777
 299   982.788
 300  1059.1
 301   875.121
 302   700.28
 303   249.443
 304     4.20449
 305    36.9713
 306    12.9288
 307    15.0871
 308    27.2484
 309    20.6849
 310    29.0665
 311     2.00945
 312     1.92455
 313     2.88297
 314     2.5632
 315     1.74744
 316     1.79407
 317     0.91029
 318     0.16636
 319     0.21264
 320    18.7853
 321     2.16726
 322     1.84159
 323     1.11884
 324     0.31494
 325     2.64476
 326     0.35448
 327     4.86859
 328     2.62021
 329     1.25525
 330     0.54763
 331    19.3745
 332     4.2645
 333     1.43648
 334     0.96766
 335     0.52231
 336   193.826
 337   177.403
 338   125.999
 339   157.153
 340   107.396
 341    73.3347
 342   132.727
 343    28.9668
 344   388.261
 345   423.558
 346   309.233
 347   440.893
 348   335.451
 349   353.705
 350   141.036
 351    34.2445
 352   188.36
 353   207.545
 354   138.692
 355   140.313
 356   217.789
 357   146.035
 358    53.2591
 359     5.66232
 360    14.3236
 361    32.9541
 362    13.9374
 363    16.9237
 364    52.8566
 365     3.66588
 366    18.9759
 367     3.8728
 368     0.77402
 369     0.82955
 370     2.20548
 371     3.06968
 372     0.17444
 373     2.66593
 374     4.11759
 375    33.5616
 376     0
 377     2.6504
 378     0.76114
 379     1.36274
 380     1.77791
 381     1.42925
 382     0.58655
 383     0
 384     1.92307
 385     0.12088
 386     0.1925
 387     0.54891
 388     2.20943
 389     0.36386
 390     0
 391     0
 392     0.52308
 393     4.14409
 394     2.95847
 395     2.16771
 396     0
 397     0.26037
 398     5.0233
 399     3.78482
 400     2.6605
 401     2.93864
 402     1.87214
 403     5.17463
 404     2.08642
 405     0.64907
 406     1.20754
 407     5.89002
 408     3.58802
 409     2.52437
 410     2.71626
 411     0.9755
 412     9.10774
 413     1.73073
 414     0.96812
 415     8.38196
 416     3.58078
 417     8.33967
 418     3.30963
 419     1.42605
 420     0.57987
 421     1.53392
 422     1.15604
 423     2.09827
 424     0.70412
 425     3.90113
 426     0.36643
 427     1.39292
 428     3.58602
 429     1.98353
 430     3.36624
 431     6.03905
 432     2.09923
 433     2.45988
 434     1.81967
 435     0.95836
 436     0.75022
 437     0.876
 438     1.12505
 439     0.72033
 440     2.67015
 441     0.32435
 442     2.1731
 443     0
 444     0.74756
 445     0.47709
 446     1.00176
 447     0
 448     1.75468
 449     0.58372
 450     0.50176
 451     0.57995
 452     0
 453     0.29138
 454     0
 455    18.5031
 456     0.53648
 457     2.55903
 458     1.42032
 459     0
 460     0.24076
 461     0.85184
 462     1.6254
 463     0
 464     0.98215
 465     0
 466     0.89955
 467     0.08751
 468     0.90467
 469     1.08756
 470     1.46521
 471     1.96025
 472     0.67976
 473     0.86799
 474     0
 475     1.38652
 476     1.78381
 477     3.228
 478     0.47413
 479     3.33325
 480     0.02104
 481     1.85299
 482     3.48256
 483     1.16172
 484     0.70944
 485     0.94198
 486     0
 487     7.2756
 488     0.92141
 489     0
 490     1.70952
 491     1.16526
 492     3.4108
 493     0.92896
 494     1.55891
 495    25.4514
 496     2.01303
 497     0.37801
 498     0
 499     2.364
 500     1.38715
 501     1.50469
 502     0.73417
 503    24.4159
 504     0
 505     0
 506     1.08498
 507     0
 508     0.02997
 509     0
 510     0
 511     3.0353
