This file was gnenerated on 2021-06-22 18:56:15.737352 by Grant Finneman. This contains the extracted data from the Gate simulations
The edep for each bar was summed up and printed to this file. The only math operation done has been addition.

  id        edep
   0     0.61447
   1     0.48774
   2     1.36196
   3     0.65821
   4     0.13949
   5     1.6378
   6     0.45367
   7     2.0125
   8     2.64091
   9     2.67464
  10     2.39968
  11     0.51922
  12     0.72172
  13     1.20644
  14     2.35015
  15    10.35
  16     3.41843
  17     0.71423
  18     2.73013
  19     1.80338
  20     4.07531
  21     0.40189
  22     1.30235
  23     0.51556
  24     2.77981
  25     1.08645
  26     2.76681
  27     0.87234
  28     5.00302
  29    11.7391
  30    21.1373
  31     9.58733
  32     1.88388
  33     3.77773
  34     2.30431
  35     2.00907
  36    14.9943
  37     3.54793
  38     7.79521
  39    35.7715
  40    18.9255
  41    29.2804
  42     8.86893
  43     2.41631
  44     7.48044
  45     7.8317
  46     2.02584
  47     0.65915
  48     8.7554
  49     0.926
  50     0.56282
  51     0
  52     0.96265
  53     3.39944
  54     0.23364
  55     0.92342
  56     0
  57     1.42976
  58     0.49025
  59     0
  60     0
  61     0.94638
  62     0.54073
  63     0
  64     0.40767
  65     4.2092
  66     0.75896
  67     0
  68     2.21953
  69     0.51871
  70     1.99556
  71     1.50237
  72     0.80468
  73     1.11354
  74    18.3351
  75    15.5357
  76     3.28892
  77     1.62027
  78     7.44935
  79    10.448
  80    82.0788
  81    34.6905
  82   102.919
  83    77.7883
  84    14.883
  85    59.1609
  86    34.6178
  87    40.2108
  88   189.612
  89   243.698
  90   135.787
  91   208.037
  92   195.143
  93   160.224
  94    80.3455
  95    56.5145
  96   339.354
  97   387.514
  98   367.966
  99   356.729
 100   329.809
 101   420.829
 102   225.783
 103   133.325
 104   243.979
 105   284.675
 106   228.962
 107   186.187
 108   188.429
 109   243.031
 110   142.272
 111    72.5984
 112    12.782
 113    22.6303
 114    10.6855
 115     0.9196
 116     9.98307
 117     7.79438
 118    18.8396
 119     1.54403
 120     0.82624
 121     1.25362
 122     1.20698
 123     1.9138
 124     0.9537
 125     2.06645
 126     0.56674
 127     0
 128     1.90308
 129     0.58993
 130     0.4119
 131    10.2935
 132    48.2497
 133     0
 134     1.74701
 135     1.04151
 136   258.155
 137   262.293
 138   190.161
 139   174.821
 140   213.757
 141   225.841
 142   188.728
 143   107.104
 144   717.562
 145   737.347
 146   715.932
 147   564.67
 148   655.108
 149   808.676
 150   473.033
 151   151.867
 152  1129.24
 153  1167.35
 154  1063.79
 155  1094.83
 156  1019.62
 157  1004.99
 158   714.53
 159   301.674
 160  1135.68
 161  1225.65
 162  1188.51
 163  1096.79
 164  1143.03
 165  1211.24
 166   737.485
 167   283.305
 168   724.458
 169   812.753
 170   748.281
 171   699.979
 172   843.799
 173   903.132
 174   530.069
 175   198.475
 176    67.1383
 177    82.7923
 178    19.2499
 179    70.2266
 180    52.3087
 181    25.5172
 182    20.9458
 183     0.91176
 184     1.9021
 185     2.38738
 186     1.56406
 187     2.57606
 188     0.95807
 189     2.04663
 190     1.05327
 191     1.45967
 192    21.4842
 193     3.15746
 194     1.42798
 195     0.36173
 196     0.393
 197    28.7359
 198    10.2039
 199     2.35567
 200   379.079
 201   378.891
 202   400.993
 203   277.057
 204   276.588
 205   429.844
 206   256.334
 207    50.2911
 208  1104.62
 209  1146.59
 210  1173
 211  1046.17
 212  1270.04
 213  1223.19
 214   693.331
 215   262.801
 216  1226.87
 217  1302.16
 218  1141.68
 219  1185.82
 220  1228.69
 221  1148.15
 222   890.822
 223   293.791
 224   878.944
 225  1231.93
 226  1259.5
 227  1417
 228  1274.29
 229  1254.79
 230   908.467
 231   362.78
 232   952.566
 233  1140.4
 234  1169.71
 235  1048.55
 236  1217.43
 237  1153.76
 238   857.426
 239   302.319
 240   142.255
 241   161.711
 242   162.646
 243    64.3459
 244   126.387
 245   120.555
 246    40.9341
 247    11.5959
 248     0.53047
 249     0.33813
 250     1.02284
 251     3.01044
 252     1.94956
 253     1.88701
 254     0.73973
 255     1.08611
 256     2.0164
 257     0.32321
 258    20.6583
 259     0.23602
 260     0
 261     2.18067
 262     9.75422
 263     4.0491
 264    93.3401
 265   179.475
 266   207.681
 267   149.592
 268   205.924
 269   169.288
 270   112.637
 271    33.1677
 272   925.585
 273   992.498
 274   986.401
 275  1162.27
 276   994.908
 277   903.176
 278   606.335
 279   181.129
 280  1221.92
 281  1504.37
 282  1350.01
 283  1343.02
 284  1406.03
 285  1325.6
 286   799.445
 287   245.435
 288  1243.79
 289  1260.07
 290  1143.16
 291  1265.52
 292  1248.14
 293  1134.01
 294   843.701
 295   235.23
 296  1273.17
 297  1213.98
 298  1235.57
 299  1024.02
 300  1208.48
 301  1182.91
 302   838.668
 303   327.48
 304   308.939
 305   328.302
 306   368.451
 307   377.26
 308   322.736
 309   223.303
 310   188.775
 311    80.1278
 312     1.94464
 313     1.54052
 314    14.018
 315    32.2545
 316     0.80778
 317    19.1153
 318     8.77627
 319     1.3536
 320     0.87215
 321     0.73085
 322     2.27822
 323     1.62243
 324     4.06182
 325     9.6162
 326     8.58071
 327    11.0692
 328    97.5994
 329    33.0558
 330    32.4119
 331    13.9283
 332    66.9347
 333    69.5235
 334    14.8556
 335    10.1091
 336   694.815
 337   655.301
 338   837.073
 339   838.781
 340   806.794
 341   701.733
 342   438.877
 343   205.887
 344  1011.96
 345  1103.48
 346  1116.62
 347   972.797
 348  1073.26
 349   921.42
 350   723.235
 351   234.706
 352   927.587
 353  1023
 354  1052.15
 355  1063.42
 356  1050.07
 357   972.845
 358   685.619
 359   214.442
 360   714.938
 361   820.393
 362   974.897
 363   904.559
 364   891.061
 365  1085.81
 366   653.718
 367   215.446
 368   264.355
 369   299.283
 370   193.648
 371   260.699
 372   444.541
 373   229.937
 374   203.041
 375   106.669
 376     1.87964
 377     1.76292
 378    27.1351
 379     5.66874
 380    15.6063
 381    23.5488
 382     0.87596
 383     0
 384     2.20744
 385     2.37169
 386     0.92356
 387     0.92827
 388     2.20765
 389     0.1281
 390     0.23602
 391     0.87248
 392     0.41703
 393     9.11203
 394     3.76657
 395    17.0468
 396    32.0042
 397     4.96022
 398     9.61319
 399     9.35768
 400   263.437
 401   275.114
 402   290.727
 403   208.347
 404   258.104
 405   179.897
 406   140.828
 407    89.1747
 408   238.167
 409   315.798
 410   269.497
 411   394.354
 412   438.863
 413   300.978
 414   164.985
 415    39.2779
 416   159.867
 417   181.636
 418   132.552
 419    49.3656
 420   129.56
 421    70.9621
 422   108.427
 423    17.7297
 424    23.3862
 425    37.101
 426    51.0155
 427    96.6423
 428    54.6547
 429     7.85142
 430    19.3925
 431     2.22195
 432    27.9221
 433     0.95775
 434     2.11895
 435    49.1384
 436     2.56988
 437     2.70125
 438     1.77821
 439     1.51657
 440     1.74625
 441     1.69244
 442     0.19908
 443     0
 444     4.18546
 445     0.22199
 446     0
 447     0.70608
 448     1.30234
 449     0.20627
 450     0
 451     0
 452     0
 453     0.85034
 454     0.11679
 455     0
 456     1.59774
 457     0.69989
 458     0.78257
 459     1.60188
 460     1.38963
 461     0.00294
 462     0
 463     0
 464     1.59576
 465     6.46646
 466     2.46804
 467    12.3201
 468     3.33791
 469     0.65852
 470    15.0368
 471     6.04592
 472     3.32248
 473    12.9117
 474     2.62523
 475     2.41334
 476     0.16949
 477     1.04053
 478     1.45126
 479    22.2761
 480     1.62043
 481    23.2685
 482     6.23499
 483     2.50384
 484     2.74482
 485     1.6666
 486    22.0562
 487    19.7565
 488     3.3788
 489     2.78091
 490     0.20977
 491     1.49728
 492     2.64257
 493     0
 494    12.0439
 495     0
 496     1.62315
 497     0.76057
 498     2.30587
 499     0.71578
 500     3.35542
 501     0
 502     1.55273
 503     1.18371
 504     0
 505     0.60163
 506     0.66774
 507     1.61815
 508     0.09714
 509     0.77891
 510     0.71404
 511     1.35735
