This file was gnenerated on 2021-06-22 18:37:11.637430 by Grant Finneman. This contains the extracted data from the Gate simulations
The edep for each bar was summed up and printed to this file. The only math operation done has been addition.

  id        edep
   0     1.35144
   1     1.51641
   2     0
   3     1.32248
   4     1.19121
   5     0.10607
   6     1.35457
   7     0.80322
   8     1.37172
   9     0
  10     1.46293
  11     2.13051
  12     1.6905
  13     0.59577
  14     1.25454
  15     0
  16     2.25275
  17     1.29456
  18     1.91174
  19     2.81874
  20     0.48682
  21     0
  22     1.42612
  23     1.09692
  24     1.58456
  25     0
  26     0.33362
  27     0.58929
  28    13.2726
  29    10.5258
  30     4.99645
  31     1.68623
  32     2.10801
  33     2.70447
  34     1.79695
  35     2.67479
  36     0.738
  37     1.8148
  38     0
  39    22.5498
  40     0.32281
  41     1.61861
  42     2.34167
  43     0
  44     0.66926
  45     0.44133
  46     2.26592
  47     1.04637
  48     1.79336
  49     0.98451
  50     0.6165
  51     0.29051
  52     0
  53     1.64371
  54     0.60762
  55     0.80145
  56     0
  57     0.12765
  58     0
  59     0.89696
  60     0
  61     0
  62     0
  63     0.32757
  64     0
  65     1.35601
  66     0
  67     1.94769
  68     0.42212
  69     0.38879
  70     1.45854
  71     0.86486
  72     2.48041
  73     3.04447
  74     0
  75     2.78398
  76     0.91277
  77     0.24885
  78     0.21485
  79     1.32399
  80     1.04445
  81     2.66765
  82     2.39257
  83     2.58053
  84     3.95903
  85     1.94156
  86     1.97675
  87     1.54973
  88     0.17909
  89     2.4038
  90     3.21681
  91     4.34798
  92    33.2976
  93     6.39887
  94    20.9287
  95    15.6701
  96     4.39179
  97     2.68174
  98     1.68621
  99     5.62864
 100     2.49362
 101     1.78903
 102     1.64734
 103    35.5456
 104     1.83172
 105     2.77054
 106     0.93929
 107     1.90285
 108     2.10765
 109     2.81003
 110     2.26627
 111     2.31915
 112     2.96104
 113     1.8532
 114     2.14559
 115     0.45274
 116     0.68978
 117     0.60117
 118     0.54953
 119     2.04238
 120     0.23739
 121     1.39608
 122     1.54257
 123     0.59047
 124     0.59086
 125     0
 126     0.43779
 127     0
 128     1.04889
 129     2.22956
 130     0.57611
 131     1.39583
 132     2.4033
 133     0.3993
 134     0
 135     0.49844
 136     3.16232
 137     3.68126
 138     4.29272
 139     3.00043
 140     0.71128
 141     1.10568
 142     1.2725
 143    23.2019
 144    25.0108
 145    41.4794
 146    75.9726
 147    66.0524
 148    84.3483
 149    64.5249
 150    77.2836
 151    39.0919
 152   207.029
 153   295.739
 154   181.885
 155   254.275
 156   226.718
 157   244.466
 158    94.1381
 159     5.87297
 160    41.083
 161    49.8002
 162   110.241
 163    19.1495
 164   105.025
 165   108.671
 166    23.2173
 167    17.8746
 168     3.2309
 169     3.86983
 170     4.02528
 171     2.81056
 172     0.8651
 173     3.77761
 174     1.52724
 175     2.07996
 176     4.8366
 177     1.63311
 178     0.5618
 179     0.48212
 180     1.13132
 181     1.992
 182     2.47595
 183     0.83092
 184     1.25931
 185     2.05673
 186     2.29573
 187     2.08798
 188     1.15838
 189     1.31444
 190     1.25982
 191    28.52
 192     0.24752
 193     3.07614
 194     4.1236
 195     2.23635
 196     1.59061
 197     1.84682
 198     7.17691
 199     3.58464
 200     2.73455
 201     4.05932
 202     1.25574
 203     3.93369
 204     2.15571
 205     2.66999
 206     0.42792
 207     3.12416
 208   692.47
 209   732.506
 210   691.383
 211   755.064
 212   740.868
 213   616.197
 214   430.008
 215   126.391
 216  5489.71
 217  6174
 218  6132.89
 219  6688.36
 220  6680.46
 221  5725.76
 222  4196.24
 223  1780.53
 224  2265.5
 225  2733.81
 226  2935.38
 227  2794.27
 228  2734.77
 229  2396.04
 230  1729.45
 231   455.255
 232    96.5536
 233   127.311
 234   213.857
 235   269.84
 236   375.538
 237   280.001
 238   124.492
 239    77.5816
 240     1.11012
 241     2.6784
 242     1.67851
 243     3.14619
 244     2.31247
 245     5.18247
 246     1.01575
 247     3.07542
 248     1.77539
 249     0.96014
 250     2.90506
 251     0.37755
 252     1.19322
 253     0.76679
 254     2.01294
 255     2.22012
 256     0.81327
 257     1.97068
 258     1.15408
 259     5.67231
 260     2.76702
 261     3.2185
 262     1.46528
 263    10.1055
 264     2.83725
 265     1.86172
 266     2.46597
 267     1.81806
 268     1.4414
 269     3.18378
 270     1.86894
 271     3.20562
 272   281.383
 273   228.107
 274   273.275
 275   148.6
 276   255.958
 277   170.669
 278    49.2885
 279    43.9751
 280  2646.62
 281  2624.36
 282  2774.69
 283  3470.63
 284  3368.38
 285  2827.15
 286  1607.85
 287   557.498
 288  5883.67
 289  5655.62
 290  6184.48
 291  6499.62
 292  6559.78
 293  6120.38
 294  4165.44
 295  1820.16
 296   607.563
 297   631.72
 298   720.919
 299   730.922
 300   637.665
 301   500.196
 302   221.296
 303    96.1898
 304     1.45028
 305     2.00792
 306     1.45037
 307     5.07384
 308     2.55704
 309     0.93304
 310     8.14527
 311     8.18794
 312     1.44862
 313     1.41327
 314     0.93748
 315     1.30175
 316     1.26736
 317    11.4023
 318    10.0397
 319     0
 320     0.4187
 321     1.82972
 322     1.51232
 323     1.83181
 324     0.76697
 325     1.76175
 326     2.43883
 327     5.79613
 328    15.9243
 329     3.01526
 330     1.62014
 331     1.30031
 332     0.79662
 333     0.33379
 334     1.05558
 335    19.0838
 336     3.57082
 337    17.7365
 338    25.3546
 339    14.5699
 340    23.8516
 341    43.1006
 342    18.5651
 343    27.8107
 344    45.5704
 345    94.3762
 346   133.552
 347    90.3694
 348    98.6082
 349   110.647
 350    27.1266
 351    50.7956
 352   276.529
 353   232.024
 354   232.501
 355   257.465
 356   242.601
 357   250.981
 358   176.337
 359    22.1173
 360   179.254
 361    91.9184
 362    34.9308
 363    95.5686
 364    41.2302
 365    72.5005
 366    68.5594
 367    12.0502
 368     3.32151
 369     2.29548
 370     1.01529
 371     0.73352
 372     0
 373     1.08634
 374     0.60998
 375     0.32168
 376     1.18119
 377     2.05032
 378     1.62419
 379     0.64237
 380    18.4614
 381    23.8435
 382     1.35696
 383     0.32817
 384     1.43562
 385     1.36753
 386     2.16233
 387     0
 388     1.37426
 389     0.52722
 390     2.11123
 391    11.4924
 392     2.9103
 393     1.51408
 394     0.50689
 395     1.85987
 396     2.46956
 397     1.39153
 398     0
 399    21.6545
 400    11.9687
 401     3.20389
 402     0.96323
 403     1.39113
 404     2.03006
 405     1.96368
 406     1.65249
 407     2.4035
 408     1.27784
 409     3.19915
 410     3.88753
 411     0.91038
 412     1.19201
 413     1.19513
 414    21.9144
 415     3.12913
 416     4.65506
 417     5.45189
 418     3.73305
 419     0.97697
 420     2.22565
 421     2.26332
 422     2.87798
 423    22.8708
 424     1.31225
 425     2.83158
 426     1.57231
 427     0.78518
 428     1.19801
 429     0.85039
 430     1.81038
 431     0.82426
 432     0.19618
 433     0
 434     1.95885
 435     1.60091
 436     1.20759
 437     2.05799
 438     0.20213
 439     2.08123
 440     0.96608
 441     1.8921
 442     0.65612
 443     0.44736
 444     0.21145
 445     0.39713
 446     4.22384
 447    24.2605
 448     0
 449     1.98987
 450     0.7502
 451     0.41918
 452     0
 453     0.88248
 454     0.12482
 455     0
 456     0
 457     1.05798
 458     0.7502
 459     0.4152
 460     0.70756
 461     1.12926
 462     0.56548
 463    23.3739
 464     8.69295
 465     1.78745
 466     0.90255
 467     0.2503
 468     1.42167
 469     0.59477
 470     0.726
 471     1.21719
 472     0.79066
 473     1.38729
 474     1.8012
 475     0.86632
 476     2.2612
 477     0.46833
 478     0.81936
 479     0.05224
 480     1.37104
 481     1.80356
 482     0.91639
 483     1.91926
 484     2.04591
 485     0.77844
 486     2.19646
 487     1.33791
 488     0
 489     0.831
 490     0
 491     0.47747
 492     1.56841
 493     1.10534
 494     1.11869
 495     1.25962
 496     1.37412
 497     1.2807
 498     1.86666
 499     1.91416
 500     0.48542
 501     0
 502     0
 503     0.77077
 504     0.90186
 505     0.98572
 506     0
 507     0.85771
 508     0.40388
 509     0.05249
 510     0
 511     0.50279
