This file was gnenerated on 2021-06-22 18:39:15.444882 by Grant Finneman. This contains the extracted data from the Gate simulations
The edep for each bar was summed up and printed to this file. The only math operation done has been addition.

  id            edep
   0     1.3855
   1     2.20913
   2     0.66337
   3     0.93674
   4     0.5187
   5     0.29567
   6     0.93887
   7     0
   8     0.16761
   9     0.39929
  10     1.94002
  11     0.78504
  12     1.18272
  13     0.12171
  14     0.58236
  15     0.41512
  16     1.25552
  17     1.57334
  18     0.30998
  19     1.15942
  20     3.19679
  21     1.3761
  22    19.148
  23     9.31487
  24     2.12991
  25     1.98007
  26     2.36981
  27     1.38784
  28     2.22868
  29     3.36039
  30     3.84067
  31     0.32558
  32     1.63803
  33     1.4182
  34     0.50677
  35     1.59241
  36     1.665
  37     0.23902
  38     0.22978
  39    25.9364
  40     0.5284
  41     0
  42     1.54146
  43     0.57376
  44     0.97999
  45     2.39406
  46     0.31069
  47     0
  48     1.95739
  49     0.23965
  50     0
  51     1.81371
  52     1.10535
  53     0
  54     0.41872
  55     0.91441
  56     0.76225
  57     0.88811
  58     1.53428
  59     0
  60     1.93749
  61     1.87263
  62     0
  63     0
  64     0.81059
  65     0.89507
  66     0.52332
  67     0.99384
  68     1.29323
  69     0.20898
  70     0
  71     0
  72     1.42319
  73     1.77285
  74     1.71223
  75     3.88252
  76     2.32982
  77     2.71186
  78     0.41883
  79    10.1161
  80     5.72503
  81     2.30724
  82     1.9707
  83     2.32268
  84    20.7181
  85     1.79211
  86    19.5266
  87     7.28351
  88    95.1979
  89    72.458
  90    89.303
  91    54.0506
  92    65.3318
  93    37.943
  94    36.9586
  95    46.9739
  96    54.1445
  97    31.3425
  98    38.2745
  99     8.46053
 100     7.93177
 101    45.8686
 102    62.0326
 103    20.2112
 104    14.586
 105    26.3071
 106     4.53638
 107     0.96311
 108     2.67083
 109     1.59748
 110    12.3179
 111    27.4741
 112     0
 113     1.10496
 114     1.19014
 115     1.33905
 116     1.08881
 117     3.55091
 118     2.02871
 119     0
 120     2.18905
 121     1.50779
 122     0.33988
 123     0
 124     1.62993
 125     0.3888
 126     1.02056
 127     1.31771
 128     1.7498
 129     0.73749
 130     0.63759
 131     0.87251
 132     0.96381
 133     2.22157
 134     0.98353
 135     0.83583
 136     1.19795
 137     1.48406
 138     7.15573
 139     9.6426
 140    15.2184
 141     2.12174
 142     1.34655
 143    19.6856
 144   175.452
 145   289.471
 146   274.425
 147   556.214
 148   389.529
 149   178.281
 150    91.7783
 151    56.2659
 152  1396.84
 153  1342.25
 154  1506.08
 155  1520.46
 156  1622.62
 157  1147.07
 158   934.124
 159   349.081
 160   906.055
 161   885.259
 162   930.838
 163   954.431
 164   894.278
 165   881.996
 166   597.833
 167   274.94
 168    36.4752
 169    75.3401
 170    65.0341
 171    34.7089
 172    37.8249
 173    29.6834
 174    13.9867
 175    29.8959
 176     1.46623
 177     2.60227
 178     4.84155
 179     1.6771
 180     0.80267
 181     2.62407
 182     1.46557
 183     0.89015
 184     0.61368
 185     0.66154
 186     1.34208
 187     2.86172
 188     0.71348
 189     1.81986
 190     0
 191     2.50838
 192     3.44679
 193     0
 194     1.46158
 195     2.53785
 196     1.50539
 197     0.29651
 198     0.01927
 199     0.75148
 200    72.7122
 201    30.3481
 202    69.2074
 203    30.6125
 204    60.5743
 205     9.46545
 206    24.1097
 207     6.25693
 208  1110.43
 209  1203.69
 210  1158.03
 211  1342.7
 212  1406.65
 213  1101.08
 214   624.142
 215   268.6
 216  2902.11
 217  3195.26
 218  3115.01
 219  3357.53
 220  3478.35
 221  3146.36
 222  1821.69
 223   773.104
 224  2168.7
 225  2754.59
 226  2537.92
 227  2585.71
 228  2398.09
 229  2404.64
 230  1891
 231   815.663
 232   332.869
 233   329.346
 234   374.602
 235   338.038
 236   415.169
 237   304.8
 238   197.178
 239    91.6017
 240     3.84208
 241     4.02834
 242    20.4626
 243     0
 244     2.22837
 245     3.50087
 246     1.81035
 247     1.37283
 248     0.63649
 249     2.30259
 250     0.41394
 251     2.05139
 252     0
 253     2.21375
 254     0.45945
 255    15.2702
 256     0.04893
 257     3.80242
 258     3.03042
 259     1.41052
 260     0.84344
 261     1.13469
 262     0.28363
 263     1.32471
 264     5.67195
 265     2.42134
 266     1.95565
 267     2.53959
 268     1.61111
 269     0.15444
 270     0.38249
 271     2.42844
 272   275.869
 273   364.673
 274   358.29
 275   401.314
 276   284.34
 277   310.758
 278   289.884
 279    58.8667
 280  2367.24
 281  2495.25
 282  2439.04
 283  2585.6
 284  2510.88
 285  2566.86
 286  1664.54
 287   553.825
 288  3058.58
 289  3252.17
 290  3371.78
 291  3295.93
 292  3000.25
 293  3157.65
 294  2002.72
 295   621.632
 296  1105.06
 297  1223.08
 298  1372.94
 299  1424.41
 300  1243.25
 301  1397.98
 302   813.252
 303   280.762
 304    38.2896
 305    50.4494
 306    10.628
 307    22.8244
 308    46.235
 309    44.4228
 310    21.1267
 311    17.9207
 312     0
 313     1.56562
 314     0.05042
 315     2.6054
 316     1.23124
 317     2.08322
 318     1.70361
 319     0.88519
 320     0.80366
 321     1.30885
 322     0.72912
 323     1.97
 324     1.60094
 325     0.9261
 326     1.16787
 327     0
 328     1.93159
 329     1.42285
 330     1.75374
 331     3.49507
 332     1.06536
 333     3.13974
 334     1.17217
 335     1.2858
 336    52.1711
 337    60.4854
 338    32.029
 339    48.6295
 340    48.1396
 341    49.5003
 342    45.8976
 343     1.63623
 344   813.764
 345   936.487
 346  1007.46
 347   865.129
 348   903.804
 349   828.154
 350   594.723
 351   177.422
 352  1494.54
 353  1596.62
 354  1694.98
 355  1588.62
 356  1317.01
 357  1166.86
 358   780.369
 359   244.592
 360   234.603
 361   361.515
 362   361.229
 363   313.705
 364   347.729
 365   427.987
 366   175.753
 367    20.9862
 368     2.50784
 369     9.05891
 370    20.6996
 371     1.16354
 372     3.61575
 373     2.67415
 374     3.28787
 375     3.45871
 376     2.37535
 377     2.81549
 378     0.87554
 379     2.29351
 380     1.18753
 381     0.93207
 382     0.88135
 383     0.66048
 384     2.16065
 385     2.02867
 386     1.12566
 387     1.17491
 388     1.65924
 389     0
 390     2.64879
 391     0
 392     0.11551
 393     0.27411
 394     1.37067
 395     1.274
 396     1.25977
 397     0.31516
 398     0
 399     2.29169
 400     2.8065
 401     3.83861
 402     2.35172
 403     2.95608
 404     9.29171
 405     1.46859
 406     1.05681
 407     2.87263
 408    17.1856
 409    16.8432
 410    24.8823
 411    28.9866
 412    56.2183
 413     3.59116
 414    27.2719
 415     0.92598
 416    69.9176
 417    57.7477
 418    60.6778
 419   103.523
 420    69.6088
 421    44.785
 422    21.2775
 423     0.18488
 424     3.46963
 425     1.79801
 426     3.70704
 427    31.3627
 428     2.56416
 429     3.41907
 430     3.16781
 431     1.76842
 432     1.04523
 433     1.00707
 434     1.47655
 435     4.11666
 436     1.79874
 437     1.48157
 438     2.32136
 439     1.25811
 440     0.45454
 441     0
 442     0.47223
 443     1.05416
 444     2.65783
 445     2.27769
 446     0.93665
 447     1.76798
 448     1.09254
 449     0.91874
 450     0
 451     0
 452     0
 453     0
 454     0
 455     0
 456     0.81421
 457     2.04192
 458     0.98729
 459     0
 460     0
 461     0.79583
 462     0
 463     0
 464     1.63412
 465     2.24949
 466     0.69327
 467     1.8035
 468     1.80676
 469     0.23288
 470    20.4448
 471     3.21848
 472     0.000340001
 473     0.47626
 474     3.00636
 475     0.34331
 476     0.90424
 477     1.36885
 478     1.46374
 479    10.6326
 480     1.05142
 481     2.15007
 482     0
 483     1.72552
 484     0.34146
 485     0
 486     0.9653
 487    13.0247
 488     0.58243
 489     1.31396
 490     1.11045
 491     1.74095
 492     0.04794
 493     1.78831
 494     0
 495     0.9005
 496     0.46137
 497     0.00766
 498     0.37477
 499     1.62109
 500     1.17141
 501     0.37726
 502     0.32582
 503     0.40925
 504     0
 505     1.48315
 506     1.59093
 507     0.26359
 508     0
 509     0
 510     0
 511     3.01912
