This file was gnenerated on 2021-06-22 18:30:45.515125 by Grant Finneman. This contains the extracted data from the Gate simulations
The edep for each bar was summed up and printed to this file. The only math operation done has been addition.

  id        edep
   0     0.80898
   1     0
   2     0
   3     0
   4     1.84441
   5     0
   6     3.33782
   7     0.29607
   8     0.185
   9     1.45299
  10     0.19021
  11     0.78074
  12     0.39005
  13     0.78179
  14     0.07623
  15     0
  16     0.68863
  17     2.62578
  18     1.37335
  19     1.09278
  20     0
  21     0.88489
  22    16.7768
  23    22.0957
  24     1.11385
  25     0.36165
  26     2.46782
  27     4.2163
  28     1.08565
  29     2.63985
  30     3.77944
  31     1.40962
  32     0.88191
  33     1.25641
  34     1.95778
  35     1.30579
  36     1.37104
  37     0.12077
  38     2.81757
  39     1.58498
  40     1.033
  41     0
  42     3.05088
  43     0.92712
  44     0.90288
  45     1.49314
  46     0.39981
  47     0
  48     0
  49     0
  50     0.34769
  51     1.98283
  52     0.75117
  53     2.1893
  54     0.9068
  55     1.83759
  56     0.07577
  57     0.11786
  58     2.34275
  59     2.16789
  60     2.3476
  61     1.10489
  62     1.04539
  63     0.25977
  64     0.31531
  65     2.47768
  66     0
  67     0
  68     0
  69     0.09668
  70     1.68768
  71     0
  72     2.22196
  73     2.39958
  74     3.57271
  75     1.07635
  76     0.5788
  77     3.77238
  78     1.49073
  79     1.54119
  80     1.99897
  81     0.34576
  82     3.36601
  83     2.85833
  84     1.74502
  85     8.65946
  86    22.3301
  87     8.24947
  88    13.1339
  89     1.73758
  90     4.97975
  91     2.08084
  92     1.83329
  93     0.3563
  94    22.7578
  95    29.5182
  96     3.02669
  97     3.37448
  98     3.71642
  99     2.21102
 100     3.58996
 101     2.71386
 102    38.6655
 103    14.2265
 104     0.82674
 105     2.49385
 106     3.88811
 107     0.95464
 108     1.7936
 109     3.34346
 110     0.75499
 111    15.7007
 112     0.67958
 113     0.94478
 114     1.34982
 115     1.89934
 116     0
 117     2.34903
 118     0.67162
 119    12.0261
 120     0.37358
 121     1.01904
 122     1.93311
 123     0.4663
 124     1.05386
 125     0.57543
 126     0
 127     1.16663
 128     1.80562
 129     2.67998
 130     3.39733
 131     0.39125
 132     0.83643
 133     0.93439
 134     3.12695
 135     1.92067
 136     0
 137     2.98123
 138     4.18727
 139     1.44959
 140     1.46881
 141     0.84654
 142     1.66663
 143     1.88946
 144    80.3219
 145   142.282
 146    72.0775
 147    62.0545
 148    62.6689
 149    78.3207
 150    87.6291
 151    30.5586
 152   225.712
 153   216.099
 154   189.398
 155   244.552
 156   217.572
 157   135.984
 158   142.621
 159    26.2334
 160    79.7556
 161   141.764
 162    99.2885
 163    42.7298
 164   151.917
 165   129.498
 166    53.3042
 167    17.8229
 168    28.2649
 169    18.227
 170    10.6447
 171     3.42385
 172    36.125
 173     5.50072
 174     8.67092
 175    13.4055
 176     1.09953
 177     0.39218
 178     2.14898
 179     1.4309
 180     4.28203
 181     2.08994
 182    10.7107
 183     0.92064
 184     0.37387
 185     0
 186     0.5199
 187     0.99584
 188     0.85133
 189     1.42597
 190     0.77941
 191     0.36128
 192     1.53075
 193     1.21853
 194     1.86517
 195     2.15486
 196     0.97938
 197     2.998
 198     0.33835
 199     0.93198
 200    27.8012
 201     2.41308
 202     6.26436
 203    10.0674
 204    36.5405
 205    23.3656
 206     2.27288
 207    11.0018
 208  1270.97
 209  1162.04
 210  1436.46
 211  1296.16
 212  1343.56
 213  1345.39
 214   840.886
 215   343.374
 216  4205.18
 217  4492.57
 218  4682.52
 219  4881.95
 220  4721.39
 221  4269.2
 222  3028.71
 223  1237.53
 224  3006.81
 225  3136.74
 226  3450.4
 227  3457.19
 228  3459.28
 229  2894.71
 230  1881.18
 231   540.419
 232   805.111
 233   963.421
 234   789.052
 235   744.305
 236   800.53
 237   736.909
 238   451.077
 239   125.41
 240     3.37347
 241     6.22563
 242    11.9299
 243    19.7588
 244    43.8123
 245    15.4553
 246     2.25158
 247     1.57137
 248     1.19405
 249     2.79905
 250     0.4094
 251     1.59549
 252     0.90782
 253     1.60016
 254     0.43274
 255     0
 256     2.47604
 257     1.54975
 258     0.32214
 259     0.84632
 260     0.29359
 261     1.58182
 262     0.49642
 263     1.07783
 264    15.3706
 265    32.9961
 266     5.93593
 267     3.91765
 268     6.84486
 269    59.8618
 270     2.56322
 271     3.79101
 272   660.938
 273   826.925
 274   808.122
 275   830.645
 276   670.919
 277   762.41
 278   387.114
 279   137.816
 280  2693.81
 281  3120.8
 282  3264.32
 283  3192.27
 284  3033.86
 285  3270.89
 286  2051.74
 287   682.708
 288  4494.95
 289  4258.7
 290  4489.05
 291  4691.69
 292  4647.46
 293  4186.27
 294  2849.75
 295  1043.21
 296  1340.81
 297  1586.91
 298  1593.34
 299  1485.11
 300  1322.29
 301  1391.93
 302   807.336
 303   216.995
 304    14.8114
 305     1.45125
 306    27.7352
 307    20.8791
 308    11.402
 309    18.8696
 310    15.511
 311    14.8832
 312     0.17227
 313     0.98377
 314     1.81802
 315     3.17809
 316     0.61432
 317     1.69236
 318     1.82702
 319     1.71841
 320     0.72008
 321     1.14332
 322     0.92215
 323     3.98809
 324     0.65788
 325     1.95013
 326     0.9551
 327     0
 328     5.95032
 329    34.9256
 330     2.89202
 331     1.86245
 332     3.15493
 333     0
 334     2.11836
 335    27.7947
 336     4.09423
 337     2.68553
 338     8.34946
 339     4.05477
 340     2.28252
 341    16.6633
 342     8.14409
 343     3.89493
 344    52.9861
 345    88.2722
 346   138.64
 347    65.1167
 348   114.777
 349   158.17
 350   128.172
 351    50.6222
 352   174.08
 353   287.724
 354   256.016
 355   162.744
 356   301.685
 357   200.772
 358   110.601
 359    65.748
 360   120.591
 361   131.289
 362    90.3076
 363   129.475
 364   117.374
 365   135.643
 366    29.0539
 367     5.86305
 368    21.3784
 369     1.5475
 370     5.14067
 371     3.08857
 372     1.08552
 373     0.98632
 374     2.31134
 375     0.00276
 376    14.5294
 377     1.54844
 378     1.3764
 379     0.38029
 380     4.82579
 381     2.03077
 382     0.07581
 383     0.64507
 384     0
 385     1.75428
 386     2.16753
 387     1.21243
 388     0.11216
 389     1.82208
 390     1.58553
 391     0.81199
 392     2.53465
 393     1.88269
 394     1.82402
 395     2.33524
 396     0
 397     0.81023
 398     1.00851
 399     1.55735
 400     1.43488
 401     0.51367
 402     3.42561
 403     5.88182
 404     0.61182
 405     1.64403
 406     0
 407     0
 408     4.97703
 409     3.59669
 410     6.13176
 411     2.60793
 412     4.2979
 413     2.26798
 414     1.61599
 415     3.68362
 416     6.92558
 417     1.6786
 418     3.40619
 419     4.44266
 420     2.45327
 421     2.54477
 422     1.41092
 423    11.3587
 424     5.39609
 425     1.70308
 426     5.83354
 427     0.7374
 428     3.37442
 429    31.5805
 430    28.4247
 431    16.3389
 432     0.98149
 433     1.52625
 434     1.93313
 435     0.55499
 436     3.52661
 437     2.65283
 438     1.2701
 439    11.1128
 440     0.19412
 441     1.85372
 442     1.30752
 443     0
 444     0
 445     4.78303
 446     0.0109
 447    10.7541
 448     0.1213
 449     0
 450     0.3789
 451     2.6588
 452     1.83701
 453     0.88673
 454     1.47658
 455     0.35094
 456     0
 457     1.57688
 458     0.18963
 459     1.73677
 460     1.61544
 461     6.66347
 462     1.26565
 463     0
 464     1.77079
 465     1.87468
 466     0.5366
 467     1.56679
 468     0.96959
 469     0.11509
 470     0
 471     2.03863
 472     1.98243
 473     0.21162
 474     1.08201
 475     0.38094
 476     1.3046
 477     1.5833
 478     0.82196
 479     4.48638
 480     0.45493
 481     1.88274
 482     1.3359
 483     0.21267
 484     0.9819
 485     1.12458
 486     1.73486
 487     7.89005
 488     2.18047
 489     1.21181
 490     2.87214
 491     0.67256
 492     0.79628
 493     1.8436
 494     0
 495     0
 496     0.06612
 497     0.24402
 498     0.47113
 499     1.13584
 500     0.69414
 501     1.95752
 502     2.44401
 503     1.90392
 504     1.06363
 505     1.1376
 506     0.36876
 507     1.09266
 508     0.97512
 509     0.46205
 510     0.8377
 511     1.25178
