This file was gnenerated on 2021-06-22 18:58:31.380567 by Grant Finneman. This contains the extracted data from the Gate simulations
The edep for each bar was summed up and printed to this file. The only math operation done has been addition.

  id        edep
   0     0.90525
   1     0.97814
   2     0
   3     0
   4     1.01043
   5     0.97676
   6     0.47855
   7     0.56789
   8     0.68573
   9     0
  10     0
  11     0.76304
  12     0.53072
  13     0.9529
  14     1.67833
  15     1.29
  16     3.39707
  17     0.50856
  18     0.29535
  19    10.5302
  20     2.88126
  21     3.64523
  22     1.40332
  23     1.39033
  24     1.56716
  25    22.7416
  26     4.22353
  27     2.98987
  28    11.8015
  29    26.8712
  30    25.0812
  31     0.45981
  32     6.41633
  33    20.5225
  34    21.347
  35    34.6917
  36     8.89628
  37    15.5668
  38    33.0883
  39     6.52575
  40     1.507
  41     2.55228
  42     1.54427
  43     0.528
  44     1.99067
  45     0.61839
  46    11.4533
  47    29.3779
  48     1.37395
  49     1.03879
  50     0.31909
  51     0
  52     1.10302
  53     0.30325
  54     1.92636
  55     0.54435
  56     0.75912
  57     0.7574
  58     2.17946
  59     0.78769
  60     0.66776
  61     0.70488
  62     0.62743
  63     1.33035
  64     0
  65     1.16212
  66     1.01599
  67     0.74974
  68     0.81806
  69     1.48359
  70    21.4017
  71    30.5934
  72    14.2081
  73     2.05851
  74     1.99683
  75     3.89718
  76     0.89526
  77     2.03225
  78     0.87285
  79     4.82366
  80    22.3122
  81   127.49
  82    77.5607
  83    55.5022
  84    53.6028
  85    33.0481
  86     7.57187
  87    15.6612
  88   546.562
  89   738.916
  90   703.818
  91   613.029
  92   623.457
  93   566.297
  94   405.293
  95   145.265
  96   481.855
  97   624.863
  98   730.03
  99   727.406
 100   517.756
 101   536.11
 102   465.947
 103   156.196
 104    61.6871
 105    35.586
 106    48.3846
 107    72.4992
 108    71.794
 109    17.3497
 110     3.96335
 111     5.92357
 112     0.22707
 113     1.64592
 114     2.4398
 115     2.46531
 116     1.83905
 117     0.91509
 118     0
 119     0.85421
 120     0.1918
 121     0.18459
 122     0.30645
 123     0.88736
 124     1.47103
 125     1.2313
 126     1.19593
 127     0
 128     0
 129     0
 130     0.22582
 131     0.7969
 132     0
 133     1.08257
 134     0
 135     1.40586
 136     1.65327
 137     1.66665
 138     0.94973
 139     3.28686
 140     2.25602
 141     2.87126
 142     1.95358
 143     3.47917
 144   102.147
 145   127.718
 146   195.797
 147    82.8201
 148   118.808
 149   113.265
 150    61.6373
 151     9.08639
 152  1754.27
 153  2090.06
 154  1963.97
 155  1952.91
 156  1844.96
 157  2027.24
 158  1349.17
 159   482.372
 160  1875.17
 161  2103.47
 162  2448.78
 163  2180.38
 164  1998.63
 165  1877.5
 166  1365.16
 167   416.994
 168   142.379
 169   162.522
 170   196.978
 171   106.876
 172   119.872
 173   143.495
 174    24.3788
 175    24.6795
 176     1.47955
 177     3.28935
 178     4.21908
 179     2.98295
 180     1.99699
 181     2.10601
 182    18.2759
 183    17.1394
 184     0.89032
 185     2.40536
 186     1.63048
 187     1.24303
 188     0.3923
 189     0.49115
 190     0.65668
 191     1.859
 192     0.94357
 193     2.49004
 194     1.0367
 195     1.76695
 196     1.60257
 197     0.47144
 198     0
 199     1.35526
 200     2.35223
 201     4.5232
 202     1.16279
 203     1.84509
 204     2.73021
 205     0.90992
 206    10.5922
 207     9.68513
 208   176.542
 209   221.803
 210   223.839
 211   131.846
 212   142.578
 213   114.6
 214    15.4444
 215    64.3364
 216  1959.62
 217  2095.57
 218  1764.17
 219  2313.74
 220  2262.62
 221  2211.2
 222  1211.42
 223   449.271
 224  2171.96
 225  2091.29
 226  2346.27
 227  2250.33
 228  2371.69
 229  2077.1
 230  1256.81
 231   433.689
 232   168.924
 233   135.129
 234   144.641
 235   143.144
 236    96.2924
 237    99.9689
 238    53.62
 239    41.2906
 240     4.04778
 241     1.5845
 242     2.25107
 243     4.07536
 244     2.87573
 245     1.29845
 246     0.56714
 247     9.51529
 248     0.69486
 249     2.094
 250     2.02978
 251     0.67185
 252     1.20267
 253     0.08797
 254     0.49257
 255     1.0168
 256     0
 257     0
 258     1.01637
 259     0.27375
 260     1.2218
 261     3.7106
 262     2.58069
 263     1.04791
 264    21.1651
 265     4.0181
 266     2.26808
 267     5.3702
 268     0.72912
 269    16.5396
 270    11.4426
 271     6.42522
 272    74.1953
 273   192.264
 274   149.922
 275    97.4911
 276   151.791
 277   200.711
 278   125.545
 279    52.6145
 280  1851.85
 281  2225.42
 282  2143.67
 283  2253.25
 284  2436.46
 285  2285.81
 286  1377.8
 287   514.028
 288  1971.73
 289  1958.37
 290  2049.45
 291  2109.6
 292  2470.28
 293  2479.13
 294  1598.55
 295   576.011
 296    59.1954
 297   126.415
 298   177.267
 299   212.343
 300   138.944
 301    91.8056
 302    14.0383
 303     2.52212
 304     1.406
 305     0.36374
 306     1.7261
 307     5.81507
 308     1.43077
 309     2.28215
 310     2.91074
 311     0.63082
 312     1.55188
 313     1.28427
 314     0
 315     0.70199
 316     1.84115
 317     1.45351
 318     0
 319     0.85939
 320     0.78123
 321     1.6221
 322     1.32503
 323     1.10405
 324     0.54399
 325     0.06979
 326     0.40508
 327     0
 328     0.65731
 329     1.61837
 330     1.9479
 331     1.6375
 332     1.64451
 333    16.8687
 334     0.83036
 335     0.64206
 336   140.949
 337   225.349
 338   165.296
 339   203.631
 340   252.102
 341   253.077
 342   119.222
 343     3.99845
 344  1950.14
 345  1983.65
 346  1862.97
 347  2020.81
 348  2212.04
 349  2041.22
 350  1342.83
 351   557.42
 352  1476.43
 353  1729.36
 354  1687.7
 355  1905.25
 356  1816.74
 357  2142.47
 358  1321.18
 359   439.045
 360    84.6553
 361   162.631
 362   148.013
 363   145.504
 364   136.914
 365   194.126
 366    61.0697
 367     6.43061
 368     2.00066
 369     4.47887
 370     3.07512
 371     3.16869
 372     1.61663
 373     1.85615
 374     2.03265
 375     1.43488
 376     1.21515
 377     1.84366
 378     0.95772
 379     0
 380     0.87585
 381     0
 382     0.75729
 383     0.09454
 384     0.7855
 385     3.3374
 386     0.38195
 387     0.13029
 388     0.89438
 389     1.95626
 390     0
 391     0.26219
 392     1.04645
 393     3.01253
 394     1.25982
 395     1.10863
 396     0.31642
 397    14.0939
 398     0.29082
 399     0.22017
 400    43.0629
 401    29.1576
 402    69.3057
 403    19.209
 404    24.8471
 405    42.3958
 406    25.4856
 407     1.44046
 408   724.139
 409   653.451
 410   519.876
 411   560.121
 412   640.553
 413   566.074
 414   289.61
 415   113.522
 416   586.899
 417   640.729
 418   583.114
 419   607.261
 420   684.938
 421   551.32
 422   398.675
 423   113.167
 424    12.4403
 425    74.8606
 426    30.5132
 427    15.4902
 428    67.6767
 429    25.0786
 430    12.1887
 431     1.52131
 432     3.01012
 433     3.4912
 434     3.15963
 435     4.22132
 436     1.78659
 437     1.7008
 438     1.17297
 439     0.60378
 440     1.92478
 441     1.30679
 442     0
 443     1.24123
 444     1.27163
 445     0.45798
 446     2.00901
 447     1.14446
 448     0.62494
 449     0
 450     0
 451     0
 452     0.90741
 453     1.33571
 454     0.92124
 455     0.73964
 456     0.4141
 457     0
 458     0
 459     1.7505
 460     1.14856
 461     1.23554
 462     0
 463     0.90532
 464     0.97828
 465     0.77645
 466     1.40777
 467     2.6686
 468     1.021
 469     0.921
 470     1.09316
 471     1.94447
 472     0.46548
 473    18.1916
 474    12.7406
 475    33.3106
 476    53.625
 477    33.9734
 478    19.286
 479     8.13256
 480     3.96007
 481    33.3689
 482     3.06277
 483    16.1391
 484    25.093
 485     0.66138
 486     9.38482
 487     5.34002
 488     0.75458
 489     1.00789
 490     0.4818
 491     1.7582
 492     1.3304
 493     2.4991
 494     0.45021
 495     3.00258
 496     2.24926
 497     1.05126
 498     0
 499     0.90383
 500     0
 501     0.42076
 502     1.56271
 503     4.0708
 504     1.35867
 505     2.58324
 506     0
 507     1.05831
 508     0.01741
 509     0.80386
 510     0
 511     0
