This file was gnenerated on 2021-06-22 18:30:37.803224 by Grant Finneman. This contains the extracted data from the Gate simulations
The edep for each bar was summed up and printed to this file. The only math operation done has been addition.

  id        edep
   0     0
   1     1.24614
   2     0.9794
   3     0.9249
   4     0.57648
   5     0.33681
   6     0
   7     1.29957
   8     2.04065
   9     0.38523
  10     1.06893
  11     0.99472
  12     0.78055
  13     0.10008
  14     0.87574
  15     0
  16     1.79416
  17     0.71741
  18     2.49157
  19     0
  20     1.5829
  21     1.20511
  22     2.154
  23     1.40245
  24     3.24734
  25     0.83341
  26     0.85454
  27     2.36278
  28     0.77413
  29     2.28517
  30     1.43152
  31     1.25991
  32     1.99349
  33     2.34803
  34     0.51625
  35     0.53746
  36     0.62448
  37     0.89966
  38     1.36097
  39     1.25561
  40     0.3226
  41     0.34701
  42     3.53849
  43     2.98931
  44     0.56785
  45     1.61782
  46    25.9586
  47    20.6038
  48     1.93091
  49     1.71676
  50     0.19111
  51     0.92762
  52     2.91296
  53     0.60652
  54     0
  55     0
  56     0.69054
  57     0.16646
  58     2.11357
  59     0
  60     0
  61     0
  62     0.13693
  63     0
  64     0.60402
  65     1.35105
  66     0.76905
  67     1.05491
  68     0.98281
  69     0.96189
  70     0.44777
  71     1.36191
  72     0.41858
  73     1.50878
  74     1.21691
  75     1.79487
  76     0.99703
  77     2.25431
  78     1.69341
  79     0
  80     4.47531
  81     2.86779
  82     4.42492
  83     1.4157
  84     3.33871
  85    11.9711
  86    13.335
  87     7.23519
  88     2.34405
  89     2.60925
  90     1.4605
  91     4.89404
  92     2.83596
  93     3.57407
  94     2.94811
  95     1.60156
  96     9.76245
  97     3.52443
  98     2.27345
  99     9.77664
 100     2.11383
 101     3.82917
 102     4.33232
 103     2.03152
 104     2.13281
 105     0.27194
 106     0.56502
 107     1.10157
 108     1.27621
 109     2.01864
 110     3.49825
 111    15.5937
 112     0.31786
 113     0.54337
 114     2.03608
 115     2.54849
 116     1.44555
 117     1.57281
 118     1.75938
 119     0.30265
 120     2.36839
 121     0.64826
 122     1.906
 123     1.02497
 124     0.35868
 125     1.49649
 126     0
 127     0.09556
 128     1.26415
 129     3.48967
 130     2.73189
 131     0.99636
 132     0.10509
 133     1.51569
 134     1.6865
 135     0.67874
 136     1.57661
 137     1.13156
 138     1.50937
 139     1.88184
 140     1.58139
 141     6.79672
 142     1.70011
 143    39.6697
 144     2.95548
 145     3.99812
 146     1.66853
 147     3.24862
 148     6.57675
 149     8.06688
 150    25.2976
 151     5.57003
 152   200.135
 153   151.016
 154   164.219
 155   179.32
 156   188.815
 157   105.593
 158   139.332
 159    22.9885
 160   306.78
 161   475.131
 162   512.207
 163   535.483
 164   512.468
 165   441.129
 166   299.398
 167    87.4581
 168    66.4029
 169    46.1303
 170   101.205
 171    96.4896
 172   113.326
 173    31.5323
 174    51.7226
 175     9.71931
 176     2.36067
 177     0.34339
 178     1.54347
 179     0
 180     0.88309
 181     4.53187
 182     3.07745
 183     0.54002
 184    14.3492
 185     0.96916
 186     0
 187     0.08885
 188     0
 189     0.26234
 190     0.88199
 191     1.68868
 192     1.45225
 193     0
 194     1.40317
 195     1.60619
 196     0
 197     1.24287
 198     1.6462
 199     0.74131
 200     2.90819
 201     4.65409
 202     0.81408
 203     2.61608
 204     3.36876
 205     1.73276
 206     1.81718
 207    20.4354
 208   115.693
 209   132.268
 210   177.771
 211   140.535
 212   238.805
 213   184.441
 214    74.0966
 215    84.1326
 216  3151.53
 217  3085.79
 218  2823.23
 219  2834.85
 220  3300.56
 221  2870.36
 222  1966.94
 223   742.917
 224  4916.93
 225  5784.95
 226  6002.71
 227  5943.24
 228  6271.19
 229  5538.89
 230  3767.78
 231  1466.8
 232   374.496
 233   488.201
 234   599.482
 235   578.003
 236   576.533
 237   489.057
 238   257.221
 239   106.055
 240     6.39923
 241     1.79957
 242     3.10574
 243    10.6354
 244     3.00245
 245     0.77976
 246    14.5322
 247     8.38032
 248    24.3331
 249     1.24431
 250     1.00338
 251     0.3723
 252     1.64019
 253     1.35771
 254     2.59753
 255     1.41887
 256     3.42386
 257     1.23142
 258     2.46688
 259     0
 260     1.34001
 261     0.41914
 262     0
 263     0.73964
 264     2.74134
 265     2.27934
 266     5.63906
 267     0.94752
 268     3.56425
 269     0.36511
 270    24.9013
 271    35.8979
 272   299.746
 273   383.797
 274   530.309
 275   643.23
 276   636.742
 277   570.639
 278   207.38
 279    30.922
 280  5330.21
 281  5586.93
 282  6273.89
 283  6101.68
 284  6248.13
 285  5788.12
 286  4213.16
 287  1560.06
 288  2729.51
 289  3186.67
 290  2935.37
 291  3637.3
 292  3193.78
 293  2914.56
 294  2009.81
 295   531.408
 296   279.84
 297   184.488
 298   233.083
 299   208.357
 300   230.064
 301   154.05
 302    65.9758
 303     4.61599
 304     0.96317
 305     2.3792
 306     1.86343
 307    24.7603
 308     2.17833
 309     2.52813
 310     2.80668
 311     5.21134
 312     2.46183
 313     1.07988
 314     0.68958
 315     2.32637
 316     0.20631
 317     1.3393
 318     0.67522
 319    22.7767
 320     1.38323
 321     1.56004
 322     0.70507
 323     0.76924
 324     0.98343
 325     1.31871
 326     0.72779
 327    12.5459
 328     1.87897
 329     4.35366
 330     3.22378
 331     1.7173
 332     1.52573
 333     1.92944
 334     1.81557
 335     3.01954
 336    51.7401
 337    52.2124
 338   102.404
 339    32.7391
 340    23.794
 341    47.4919
 342    66.8764
 343    65.994
 344   462.171
 345   501.388
 346   711.137
 347   712.448
 348   482.572
 349   410.897
 350   435.847
 351    94.8254
 352   219.804
 353   182.457
 354   148.43
 355   235.767
 356   199.299
 357    92.1122
 358   214.942
 359    55.5969
 360     1.6682
 361     3.66626
 362     4.107
 363     5.32351
 364     6.87115
 365     5.94325
 366    11.983
 367     9.20305
 368     2.41568
 369     1.70347
 370     2.76962
 371     4.92517
 372     2.20162
 373     2.34051
 374     2.61806
 375     1.1215
 376    14.1488
 377     1.217
 378     1.65123
 379     1.16976
 380     1.60179
 381     3.41702
 382     0.31107
 383    25.2786
 384     0.52666
 385     1.37934
 386     0
 387     0.21268
 388     0.03877
 389     0.95059
 390     0
 391    12.9178
 392     3.4556
 393     2.90009
 394     2.27611
 395     2.36723
 396     0.68826
 397     3.6194
 398     0.53672
 399     4.65156
 400     0.69172
 401     2.26776
 402     2.68564
 403     1.68022
 404     4.45435
 405     4.97475
 406     2.28424
 407     3.42103
 408     5.40087
 409     9.38735
 410     7.63155
 411     2.23498
 412     5.1971
 413     2.23977
 414     4.71095
 415    12.6513
 416     1.64281
 417     0
 418     5.03296
 419     2.7906
 420     3.01987
 421     4.52926
 422     4.89459
 423    25.6742
 424     3.06279
 425     1.26016
 426     0.4741
 427     2.51954
 428     3.10921
 429     1.75726
 430     6.1907
 431     3.49662
 432     0
 433     0.86791
 434     0.98308
 435     2.80953
 436     1.91999
 437     1.72307
 438     2.25963
 439     0.07625
 440     0.55032
 441     0
 442     0.91746
 443     0
 444     0
 445     1.49073
 446     0.89398
 447     2.2792
 448     0.00817
 449     1.20831
 450     1.36096
 451     1.65105
 452     0.52078
 453     0.47552
 454     0.33953
 455     9.21333
 456     0.49995
 457     0.66057
 458     0
 459     0.17795
 460     1.69162
 461     1.80608
 462     0.4446
 463     0.82598
 464     1.67305
 465     2.33375
 466     0.83115
 467     1.38215
 468     0.42096
 469     1.24914
 470     1.96546
 471     6.83949
 472     0.53697
 473     4.27484
 474     0.83222
 475     2.82067
 476     2.10342
 477     1.10587
 478     1.6262
 479     0.46353
 480     0.96213
 481     1.78964
 482     1.86265
 483     1.3141
 484     0.89545
 485     1.99848
 486     2.57853
 487     4.27864
 488     0.55908
 489     1.81403
 490     2.04073
 491     0
 492     1.99704
 493     0.74199
 494     8.62412
 495    13.3708
 496     2.15131
 497     2.10482
 498     0.5793
 499     0
 500     0
 501     0.92188
 502     0.4867
 503     0
 504     0
 505     0.25104
 506     2.49492
 507     0
 508     0
 509     0.92813
 510     0
 511     0.47074
