This file was gnenerated on 2021-06-22 19:44:17.832851 by Grant Finneman. This contains the extracted data from the Gate simulations
The edep for each bar was summed up and printed to this file. The only math operation done has been addition.

  id        edep
   0     2.20711
   1     0.06148
   2     1.57801
   3     0
   4     0
   5     0.94643
   6     0
   7     0
   8    24.9997
   9     0.73025
  10     2.40187
  11    16.561
  12     3.45008
  13     2.19274
  14     1.74709
  15     0
  16    19.4501
  17    38.0159
  18    12.645
  19    12.0585
  20    16.6696
  21    21.2687
  22     2.15735
  23     0.28752
  24    13.2229
  25    16.9607
  26    38.8482
  27    68.3007
  28   140.951
  29    23.3514
  30     9.67834
  31     3.28474
  32    80.3371
  33    49.3946
  34    63.3437
  35    24.9355
  36    39.5021
  37    14.2562
  38    22.4997
  39    10.8106
  40    18.8096
  41    18.079
  42     0
  43    42.077
  44    28.2186
  45     4.19151
  46     7.5788
  47     0.19049
  48     0.93108
  49     1.49567
  50     1.32399
  51     1.71481
  52     0.39113
  53     1.03602
  54     0.7968
  55     6.22394
  56     0.87495
  57     0.233
  58     0.86968
  59     0.19479
  60     0.52308
  61     0.23853
  62     0.64896
  63     2.2137
  64     1.48288
  65     1.6412
  66     0
  67     1.19588
  68     1.79637
  69     0.63005
  70     0.2036
  71     0.88965
  72    64.9965
  73   126.826
  74    95.725
  75    72.1749
  76    75.1569
  77    21.3276
  78     4.69859
  79     0
  80   651.536
  81   879.659
  82   667.561
  83   573.461
  84   564.548
  85   425.229
  86   252.097
  87    62.6013
  88   736.855
  89   914.516
  90   827.408
  91   815.247
  92   919.096
  93   697.909
  94   389.471
  95   116.362
  96   771.256
  97   860.033
  98   823.214
  99   893.574
 100   869.163
 101   927.723
 102   514.285
 103   164.922
 104   616.205
 105   699.764
 106   560.851
 107   679.446
 108   723.183
 109   590.884
 110   362.303
 111   102.308
 112    37.5807
 113    79.9046
 114    96.1517
 115   113.295
 116    47.8792
 117    11.5098
 118     1.079
 119     7.56451
 120     0.95717
 121     0.89861
 122     0.95326
 123     0.05207
 124     0.62441
 125     0.26836
 126     5.97764
 127     0
 128     0
 129     1.948
 130     0.28548
 131     1.59978
 132     1.59808
 133    10.0809
 134    10.6966
 135     1.92407
 136   110.819
 137    86.7468
 138    44.98
 139    98.8192
 140   117.397
 141    75.248
 142    32.2308
 143    33.6519
 144  1174.99
 145  1190.19
 146  1105.36
 147  1130.49
 148   917.176
 149   747.008
 150   611.112
 151   200.262
 152  1582.93
 153  1451.82
 154  1547.62
 155  1413.3
 156  1540.23
 157  1501.94
 158   884.005
 159   385.426
 160  1437.93
 161  1737.49
 162  1822.72
 163  1678.78
 164  1550.35
 165  1591.08
 166   915.7
 167   281.061
 168  1087.98
 169  1037.07
 170  1007.47
 171  1330.58
 172  1201.24
 173  1330.31
 174   648.695
 175   193.098
 176    91.9583
 177    72.0538
 178    91.5163
 179    80.8854
 180    84.6717
 181    46.4124
 182    40.3441
 183     9.41097
 184     2.50743
 185     1.37829
 186     0
 187     2.30536
 188     0.81906
 189    16.1951
 190    52.546
 191     5.95123
 192     0.68714
 193     1.68993
 194     3.92824
 195     0
 196     1.75548
 197    15.7784
 198     8.49512
 199     0.47322
 200    47.3397
 201    90.4529
 202    52.4265
 203   136.972
 204   180.024
 205    90.5974
 206    24.723
 207    18.5411
 208  1033.85
 209  1189.53
 210  1295.67
 211  1149.5
 212  1229.16
 213  1016.72
 214   541.659
 215   180.429
 216  1304.55
 217  1643.79
 218  1734.88
 219  2099.18
 220  2004.77
 221  1397.8
 222   960.881
 223   344.824
 224  1753.37
 225  1743.77
 226  1920.79
 227  1892.2
 228  1733.66
 229  1301.71
 230   778.745
 231   274.894
 232  1180.91
 233  1151.56
 234  1115.13
 235  1133.09
 236  1234.88
 237  1214.96
 238   641.785
 239   201.407
 240    64.0009
 241    68.8175
 242    64.9784
 243    95.7656
 244   114.469
 245    19.8978
 246    25.817
 247     3.18007
 248     1.33774
 249     0.83906
 250     2.27716
 251     0.3644
 252     1.87932
 253     0.93432
 254     1.20481
 255     3.77876
 256     0.40662
 257     0.58686
 258     1.02181
 259     0.96348
 260     1.01477
 261     0.65364
 262     1.40709
 263     0
 264    81.8597
 265    88.9946
 266   115.326
 267   204.011
 268    74.0178
 269    52.5222
 270    44.9987
 271    16.1861
 272  1136.73
 273  1118.17
 274  1288.11
 275  1312.75
 276  1082.99
 277   884.2
 278   619.214
 279   190.082
 280  1418.78
 281  1692.19
 282  1747.83
 283  1878.62
 284  1743.07
 285  1489.43
 286   935.727
 287   369.23
 288  1513.08
 289  1922.27
 290  1631.68
 291  1649.76
 292  1694.14
 293  1310.3
 294   961.479
 295   296.915
 296  1050.07
 297  1204.09
 298  1193.16
 299  1260.87
 300  1274.8
 301  1141.82
 302   722.776
 303   215.991
 304   142.297
 305   114.58
 306   121.43
 307   110.774
 308    51.0862
 309    46.2068
 310    28.4101
 311     7.18225
 312     0.85362
 313     0.12375
 314     1.5478
 315     0.15521
 316    12.9318
 317    14.8407
 318     5.82711
 319     1.87146
 320     0.41822
 321     1.25585
 322     1.48424
 323     1.84632
 324     0
 325     1.95745
 326     0.98392
 327     1.17757
 328    73.5895
 329    78.2844
 330   138.659
 331    96.9817
 332    76.3764
 333    54.5417
 334    51.2936
 335     0.37505
 336  1240
 337  1202.9
 338  1281.47
 339  1179.42
 340  1194.14
 341   964.104
 342   647.425
 343   227.554
 344  1405.39
 345  1710.78
 346  1920.38
 347  1726.1
 348  1387.3
 349  1169
 350   951.143
 351   280
 352  1606.75
 353  1774.48
 354  1682.69
 355  1708.78
 356  1529.11
 357  1439.4
 358   996.349
 359   298.419
 360   845.82
 361  1178.88
 362  1166.66
 363  1264.77
 364  1113.36
 365  1043.71
 366   627.479
 367   228.974
 368    84.1695
 369    82.2012
 370    74.4569
 371   149.088
 372   167.29
 373    87.8705
 374    53.0616
 375     9.12369
 376     1.23748
 377     0.69232
 378     1.1296
 379     2.55746
 380     0.06098
 381     0
 382     1.77803
 383     0.52438
 384     0.91671
 385     1.05321
 386     1.52555
 387     1.86102
 388     0.86926
 389     1.91526
 390     0
 391     0.87445
 392    62.02
 393    26.6728
 394    69.1907
 395    40.1161
 396    43.1611
 397    14.6556
 398    37.5609
 399     0.8693
 400   433.624
 401   699.369
 402   586.63
 403   515.208
 404   609.169
 405   515.615
 406   296.114
 407    77.2261
 408   758.563
 409   947.872
 410   913.004
 411   949.913
 412   831.133
 413   665.905
 414   306.117
 415   127.64
 416   844.607
 417   914.335
 418   780.426
 419   828.177
 420   760.853
 421   682.908
 422   389.569
 423   178.857
 424   481.116
 425   536.308
 426   501.795
 427   615.069
 428   644.082
 429   532.43
 430   326.606
 431    60.5774
 432    59.3933
 433    79.4669
 434    45.1645
 435   100.275
 436    32.5362
 437    24.8188
 438    43.4267
 439     0.42363
 440     2.89273
 441     0
 442     1.95072
 443     1.40203
 444     0
 445     1.52357
 446     0.32656
 447     0.36486
 448     1.84712
 449     0.23507
 450     0.16308
 451     0
 452     0
 453     0
 454     0.28435
 455     0.77469
 456     7.01242
 457     6.90017
 458     3.68685
 459     0.04994
 460     0.64697
 461     0.35525
 462     0
 463     0
 464    11.4902
 465     3.0935
 466     5.36573
 467    39.137
 468     2.74789
 469    25.2818
 470     0
 471     0
 472     1.03961
 473    84.4779
 474    55.095
 475    37.9742
 476    37.6281
 477    13.0754
 478     2.05052
 479     2.1523
 480     8.70886
 481    49.415
 482    35.6933
 483    39.5383
 484    90.6162
 485    26.2343
 486    14.8554
 487    11.7431
 488    55.7207
 489     4.44969
 490    37.4906
 491    28.8326
 492    17.9303
 493     1.26058
 494     3.63783
 495     0.20119
 496    18.6041
 497     2.00909
 498     0.57039
 499     3.47849
 500     0.28107
 501     0.98753
 502     0.26829
 503     1.8584
 504     0.00794
 505     0
 506     0.99576
 507     1.19295
 508     0.92865
 509     1.34185
 510     0.76015
 511     0.85283
