This file was gnenerated on 2021-06-22 19:52:57.238415 by Grant Finneman. This contains the extracted data from the Gate simulations
The edep for each bar was summed up and printed to this file. The only math operation done has been addition.

  id        edep
   0     0.9101
   1     0
   2     0.87892
   3     0
   4     0
   5     0
   6     1.42464
   7     0.52148
   8     0
   9     0.77029
  10     1.15096
  11     0
  12     0
  13     0.52357
  14     1.39256
  15     1.04337
  16     1.04214
  17     0.99804
  18     2.14204
  19     3.81031
  20     2.07936
  21     0.59262
  22     0.43412
  23     2.15588
  24    10.6755
  25    13.601
  26    13.2252
  27    27.4554
  28     4.09403
  29     1.83462
  30     0.84641
  31     0
  32    49.8404
  33    30.0473
  34    38.3019
  35    27.95
  36    22.241
  37    14.5338
  38    35.1123
  39    16.3324
  40    16.7312
  41     1.00156
  42     0.8989
  43     1.53479
  44     5.27894
  45     4.92947
  46     1.48743
  47     0.80743
  48     0.5644
  49     0.19298
  50    17.3672
  51     1.86171
  52     0
  53     0
  54     0.589
  55     0.99435
  56     0.70007
  57     0.59998
  58     0.05841
  59     0
  60     1.72814
  61     2.04984
  62     1.49587
  63     0.43951
  64     0
  65     0.97704
  66     0
  67     3.79666
  68     0.08555
  69     0
  70     0.50009
  71     0.36292
  72     0.84405
  73     0.88402
  74     1.76468
  75     1.95802
  76     1.19164
  77     0.27861
  78     0
  79     0
  80     2.99856
  81     0.86148
  82     2.53545
  83    31.1699
  84     7.30408
  85    11.6722
  86    16.9451
  87    11.313
  88   239.775
  89   407.217
  90   393.047
  91   423.356
  92   346.799
  93   268.373
  94   188.08
  95    33.912
  96   669.578
  97   705.634
  98   834.903
  99   645.776
 100   965.206
 101   657.68
 102   422.073
 103   194.912
 104   132.416
 105   255.94
 106   259.721
 107   290.408
 108   296.581
 109   191.389
 110    78.1585
 111    12.9025
 112    14.1237
 113    67.8214
 114    36.0121
 115    26.1718
 116    14.4361
 117     1.77437
 118     0.64909
 119     2.70789
 120     1.2146
 121     1.27695
 122     1.81622
 123     0.43768
 124     1.70304
 125     0.95644
 126     0
 127     0.05833
 128     1.82243
 129     0.66211
 130     1.58292
 131     0.03104
 132     1.49974
 133     0
 134     0.81834
 135     0
 136    14.9222
 137     6.11002
 138     0.91369
 139     1.43392
 140    16.0795
 141     1.16379
 142     2.12677
 143     1.9395
 144   106.194
 145   142.709
 146   242.949
 147   144.618
 148   111.816
 149   137.603
 150    64.6415
 151    79.02
 152  1639.9
 153  1492.5
 154  1522.01
 155  1353.87
 156  1471.2
 157  1343.7
 158   773.727
 159   273.259
 160  2087.88
 161  2337.64
 162  2461.26
 163  2332.17
 164  2488.53
 165  1981.55
 166  1385.38
 167   464.265
 168  1502.45
 169  1684.39
 170  1627.31
 171  1561.25
 172  1534.12
 173  1172.51
 174   837.545
 175   217.694
 176   152.533
 177   247.463
 178   242.008
 179   283.579
 180   345.132
 181   245.697
 182    75.8106
 183    11.2795
 184     0
 185    12.6038
 186     0.82921
 187    34.7777
 188     0.78777
 189    17.5943
 190     0.87768
 191     1.05135
 192     0.275
 193     1.50638
 194     1.30411
 195     0
 196     2.23386
 197     1.06649
 198     0.82473
 199     1.73553
 200    46.0391
 201    20.2439
 202    31.8592
 203    34.328
 204    65.4305
 205    45.6648
 206    33.2562
 207     7.6812
 208   508.077
 209   629.963
 210   565.904
 211   536.935
 212   566.252
 213   424.581
 214   200.151
 215   120.142
 216  2077.06
 217  2207.44
 218  2193.11
 219  2330.64
 220  2245.84
 221  1987.47
 222  1103.56
 223   427.565
 224  2273.75
 225  2548.49
 226  2460.03
 227  2546.54
 228  2474.39
 229  2121.86
 230  1437
 231   431.441
 232  1376.03
 233  1715.96
 234  1808
 235  1620.62
 236  1424.72
 237  1121.23
 238   659.881
 239   320.478
 240    84.1182
 241   124.899
 242   183.787
 243   160.038
 244   141.883
 245   113.42
 246    77.7801
 247    25.7015
 248     7.65557
 249     1.3366
 250     0.39401
 251    24.3853
 252    27.9463
 253     0.98381
 254     2.25527
 255     0.98858
 256     0.76093
 257     1.25873
 258     2.14258
 259    15.0299
 260     1.50407
 261     0.99941
 262     9.37405
 263    39.5796
 264    59.6782
 265   151.857
 266   132.449
 267   224.833
 268   189.127
 269   199.383
 270    84.7324
 271    21.9144
 272  1682.96
 273  1975.24
 274  1781.85
 275  1654.85
 276  1759.97
 277  1545.85
 278   846.307
 279   346.092
 280  2583.41
 281  2527.12
 282  2795.58
 283  2774.8
 284  2563.62
 285  2524.04
 286  1565.95
 287   548.872
 288  2140.21
 289  2127.05
 290  2330.29
 291  2622.27
 292  2385.17
 293  2197.2
 294  1107.25
 295   433.269
 296   527.915
 297   683.233
 298   725.638
 299   686.47
 300   596.799
 301   562.073
 302   323.338
 303    99.8027
 304    53.9601
 305    63.9074
 306    16.9132
 307     6.9415
 308    46.0644
 309    12.0024
 310    29.7294
 311    39.528
 312     1.12239
 313     0
 314     0.44098
 315     2.50492
 316     1.37074
 317     1.14792
 318     2.38161
 319     0
 320     0.46248
 321     0.21059
 322     3.29325
 323    25.1052
 324     1.93098
 325     0.65397
 326     1.89824
 327     1.06318
 328   205.357
 329   146.565
 330   260.073
 331   216.848
 332   143.686
 333   127.742
 334   154.866
 335    39.6039
 336  1588.84
 337  1690.96
 338  1645.39
 339  1448.51
 340  1325.03
 341  1264.79
 342   860.214
 343   260.756
 344  2247.33
 345  2197.43
 346  2488.72
 347  2432.34
 348  2147.13
 349  1861
 350  1204.71
 351   539.082
 352  1258.16
 353  1480.15
 354  1551.26
 355  1440.85
 356  1339.08
 357  1015.86
 358   673.631
 359   169.632
 360    42.1458
 361   150.96
 362   135.938
 363   169.758
 364   199.456
 365   149.359
 366    50.5639
 367    20.147
 368     1.72217
 369     5.53893
 370     1.09318
 371     2.09468
 372    36.2857
 373    52.7561
 374     9.28901
 375     1.97916
 376     2.77882
 377     0
 378     0.81117
 379     0.79485
 380     1.45608
 381     1.10522
 382     0.26051
 383     0.69506
 384     0.99719
 385     0.6845
 386     1.38147
 387     1.1455
 388     0.57086
 389     0.15301
 390     0
 391    46.9962
 392     4.21799
 393     2.25516
 394     1.73828
 395    20.5439
 396    21.1839
 397    28.7059
 398    25.3447
 399    22.5343
 400   211.48
 401   203.093
 402   241.368
 403   181.965
 404   212.247
 405   268.574
 406   142.967
 407    23.1453
 408   609.87
 409   707.068
 410   906.156
 411   869.755
 412   814.328
 413   781.914
 414   534.684
 415   176.854
 416   324.931
 417   292.311
 418   226.378
 419   321.243
 420   359.865
 421   268.235
 422   169.687
 423    40.2965
 424    14.1742
 425     1.34688
 426     5.89652
 427     9.84336
 428     3.06054
 429     1.83485
 430     8.21682
 431     0.92157
 432     1.61837
 433     1.67659
 434     0.22614
 435     0.79904
 436     0.57681
 437     3.2102
 438     3.29217
 439     0.98439
 440     0.72583
 441     1.1541
 442     1.80888
 443     0
 444     0.48496
 445     0.42008
 446     0.74304
 447     0.88494
 448     1.034
 449     0
 450     0.39408
 451     1.23254
 452     1.41459
 453     0.18995
 454     0
 455     0.87783
 456     0.58172
 457     0.82549
 458     0.62487
 459     0.93251
 460     0.85804
 461     0.93266
 462     0.87783
 463     0
 464     1.03203
 465     0
 466     7.94569
 467     8.75121
 468    19.2829
 469     2.92455
 470     3.59478
 471     1.84896
 472    34.3149
 473    15.1086
 474    30.1717
 475     2.68514
 476    26.0312
 477    13.7723
 478     8.75317
 479     6.02302
 480     4.97879
 481     6.97078
 482    13.7134
 483     6.82917
 484    20.6142
 485    19.6765
 486     0
 487     1.08806
 488     1.78901
 489     0.35988
 490     1.17752
 491     2.16602
 492     2.28769
 493     0.58898
 494     0.67367
 495     7.65681
 496     1.85578
 497     0.15114
 498     0
 499     0.4509
 500     1.37892
 501     0.79837
 502     0.58968
 503     0.51544
 504     0
 505     0.29123
 506     0
 507     0.95285
 508     1.84651
 509     0
 510     0.53003
 511     0.02219
