This file was gnenerated on 2021-06-17 21:22:36.335878 by Grant Finneman. This contains the extracted data from the Gate simulations
The edep for each bar was summed up and printed to this file. The only math operation done has been addition.

  id      edep
   1    0.5217
   8    0.6539
  10    0.433
  17    0.1246
  25    0.6445
  32    1.5804
  42   12.5685
  50    0.5217
  53    0.8926
  60    0.6986
  65    0.5301
  69    0.202
  75    0.9153
  77    0.4346
  78    0.8792
  81    9.093
  82    0.9115
  83    0.2327
  86    0.7989
  88   37.0971
  89   37.6764
  90   36.0426
  91   18.8076
  92    9.216
  96  141.948
  97   84.9732
  98   69.5711
  99   52.6407
 100   56.9321
 101   68.5064
 102   21.1727
 103    2.46
 104    0.7745
 105   10.753
 106   44.045
 107  123.835
 108   76.4813
 109    7.6705
 110    7.8938
 111    1.5582
 113    5.2584
 116    0.655
 118    0.4894
 129    0.0242
 132    1.5978
 138   28.5523
 140    0.5892
 141   28.576
 144   25.8912
 145   64.7199
 146   75.5561
 147   13.8445
 148   13.7837
 149   19.5909
 150   16.1263
 151    0.6744
 152  132.025
 153  170.723
 154  174.07
 155  156.594
 156  201.766
 157  136.137
 158   93.3938
 159   31.4831
 160  234.569
 161  163.932
 162  163.567
 163  100.912
 164  149.734
 165  140.593
 166   86.0683
 167   46.7715
 168  156.264
 169  139.282
 170   71.2255
 171   85.9136
 172  110.63
 173  101.341
 174   32.0338
 175    8.5232
 176   18.3405
 177   13.708
 180   18.6324
 190    0.9206
 192   34.669
 193   12.2695
 194   42.1691
 195    5.9152
 196    3.618
 200   74.33
 201  126.175
 202   98.5675
 203  149.572
 204   96.8631
 205  107.59
 206   41.0351
 207   11.2808
 208  128.613
 209  143.758
 210  182.624
 211  138.097
 212  159.067
 213  203.598
 214  113.179
 215   38.2549
 216  116.757
 217  192.489
 218  203.84
 219  249.055
 220  202.704
 221  165.897
 222  168.81
 223   74.8884
 224  234.493
 225  163.662
 226  161.711
 227  167.047
 228  199.756
 229   90.6994
 230   27.9621
 231   15.0916
 232  222.506
 233  111.117
 234  143.167
 235  266.185
 236  203.289
 237  152.19
 238   30.2348
 239   12.1659
 240   54.8641
 241   64.5563
 242   58.0993
 243   10.5117
 244   90.1903
 245   67.5306
 246   17.1702
 248    0.1878
 255    0.5077
 256    0.3119
 264   52.8856
 265   60.4942
 266  118.425
 267  104.674
 268   49.5445
 269   75.757
 270   73.1336
 271    9.8622
 272  210.01
 273  246.525
 274  292.425
 275  179.264
 276  122.608
 277  137.129
 278   94.2888
 279   35.911
 280  215.873
 281  223.185
 282  170.104
 283  169.041
 284  154.456
 285  285.548
 286   80.8717
 287    9.3591
 288  170.311
 289  206.659
 290  169.664
 291  205.66
 292  301.895
 293  227.205
 294  111.893
 295   26.9924
 296  181.823
 297  131.365
 298  253.329
 299  189.202
 300  232.049
 301  204.241
 302   76.075
 303   53.0938
 304   94.8111
 305  135.011
 306  108.218
 307  115.607
 308   91.6629
 309   31.1285
 310   11.2106
 311    1.3756
 312    9.3938
 313   14.452
 314    0.6995
 316    2.7132
 318    0.7364
 321    0.8757
 322    1.0727
 324    3.9606
 328   16.0625
 329    1.732
 330    2.6567
 331   10.692
 332   29.8867
 333   27.7231
 336  116.367
 337  105.332
 338   85.4897
 339   75.0617
 340   84.3334
 341   89.5236
 342   59.9137
 343   34.5823
 344  246.798
 345  258.256
 346  184.904
 347  147.593
 348  135.397
 349  113.999
 350   97.0763
 351   28.5129
 352  111.804
 353  161.389
 354  156.622
 355  231.34
 356  156.117
 357  133.98
 358   63.9826
 359   11.6174
 360   51.654
 361   33.7156
 362   34.789
 363   41.259
 364   40.8811
 365   89.4201
 366   38.3937
 367   31.9616
 368    9.3645
 369    0.9807
 370    1.628
 371   13.0549
 372   41.222
 374    0.7796
 376    0.9173
 381    0.7946
 383    0.7916
 384    1.6772
 385    0.8941
 393    0.3829
 395    0.7128
 396   11.7419
 397   16.5768
 400   14.311
 401   25.1198
 402   41.7302
 403  103.759
 404   74.1744
 405   27.4428
 406   11.1991
 407    1.6292
 408   88.3954
 409  121.204
 410   75.1115
 411  100.513
 412  106.784
 413   80.8864
 414   15.2171
 415    6.8817
 416    0.4011
 417   23.7224
 418   49.2696
 419   38.7224
 420   26.114
 421   26.5571
 422    0.8518
 423    0.7946
 427    0.6564
 429    0.9664
 435    0.1769
 437    0.8391
 446    1.4329
 456    0.88
 457    0.8517
 459    0.7095
 464   17.7944
 465    0.996
 466    0.4814
 472    7.1078
 473    9.6452
 474   14.3654
 476   26.411
 477   22.0272
 483    0.5196
 484    1.2251
 488    0.6798
 502    0.3685
 511    0.8391
