This file was gnenerated on 2021-06-22 19:25:42.073354 by Grant Finneman. This contains the extracted data from the Gate simulations
The edep for each bar was summed up and printed to this file. The only math operation done has been addition.

  id            edep
   0     0.81268
   1     0.2085
   2     0.06376
   3     0
   4     2.21284
   5     0.88643
   6     0
   7    24.0693
   8     1.61453
   9     0.38311
  10     0.26374
  11     0.01463
  12     0.13699
  13     0
  14     0.85591
  15     0.02734
  16     2.01906
  17     0.40736
  18     2.28598
  19     1.15052
  20     2.09829
  21     0.55067
  22     1.96364
  23     0
  24     0.19028
  25     0
  26     4.1575
  27    18.2645
  28    24.061
  29     3.54142
  30     0.2817
  31     0.83511
  32     5.12422
  33     3.07336
  34     3.01734
  35     1.39144
  36     2.18144
  37     2.216
  38     0.19488
  39     0.56089
  40     0.89863
  41     3.58252
  42     0.49383
  43     1.85333
  44     2.92688
  45     2.02194
  46     1.32903
  47     0
  48     2.28995
  49     2.22578
  50     0.63902
  51     1.44387
  52     1.54616
  53     0.98844
  54     0.45451
  55     0.77506
  56     0.91685
  57     1.05438
  58     0
  59     0.40382
  60     0
  61     0.43366
  62     0.48151
  63     0.80238
  64     0.94085
  65     0.70028
  66     0
  67     1.03367
  68     0.31105
  69     0.71114
  70     0.12149
  71    17.2034
  72     1.19278
  73     0.04311
  74     0.00413
  75     1.60466
  76     3.56343
  77     0
  78     0.92978
  79     1.15009
  80    50.2784
  81    81.3583
  82    83.7167
  83    56.3228
  84    24.6511
  85    40.1092
  86    39.6927
  87     1.23392
  88   227.756
  89   250.716
  90   212.82
  91   267.555
  92   308.665
  93   127.589
  94   116.587
  95    45.9103
  96   101.05
  97   167.388
  98   136.089
  99   140.224
 100   141.326
 101    57.526
 102   108.448
 103    30.0113
 104    44.3763
 105    42.7481
 106    46.6157
 107    42.6623
 108     9.33749
 109     3.27805
 110    12.0269
 111     1.46421
 112     1.21672
 113     3.28478
 114     2.02444
 115     2.32144
 116     0.22129
 117     0.09978
 118     0.53356
 119     0.31063
 120     0.11276
 121     1.39415
 122     0.07699
 123     0.44245
 124     0.50917
 125     1.57722
 126     1.19098
 127     0
 128     0.78428
 129     0
 130     2.25467
 131     1.20254
 132     0.89028
 133     1.14312
 134     1.07657
 135     0.57357
 136    31.2868
 137    49.7145
 138    31.3234
 139    55.5038
 140    21.9346
 141    53.7684
 142    36.1321
 143     1.42433
 144   840.299
 145   867.547
 146  1200.9
 147   853.353
 148   716.877
 149   609.473
 150   357.276
 151   110.076
 152  2624.39
 153  2690.88
 154  2570.21
 155  2791.53
 156  2541.34
 157  2123.05
 158  1505.68
 159   528.674
 160  1143.01
 161  1482.94
 162  1321.65
 163  1227.71
 164  1109.46
 165  1054.45
 166   706.18
 167   251.706
 168    73.1017
 169   126.194
 170   186.558
 171    78.4583
 172    46.3408
 173   113.204
 174    48.7926
 175    27.1004
 176    13.2704
 177     3.22396
 178     2.8995
 179     1.02067
 180     1.48455
 181     1.4405
 182    17.2714
 183     0
 184     1.80142
 185     0.16609
 186     0.07699
 187     1.11093
 188     1.19956
 189     3.48848
 190     0
 191    15.9194
 192     1.29106
 193     0.03399
 194     0.38346
 195     2.23021
 196     3.28307
 197     0.61235
 198     2.35967
 199     0
 200   103.309
 201    37.4034
 202    91.9824
 203    68.8936
 204    67.0271
 205    64.4659
 206    24.1149
 207     5.14104
 208  1466.53
 209  1769.92
 210  1942.01
 211  1983.21
 212  1473.55
 213  1188.5
 214   883.956
 215   248.366
 216  3700.75
 217  3668.47
 218  3968.83
 219  4370.92
 220  4027.47
 221  3192.96
 222  2107.01
 223   836.18
 224  3029.1
 225  3240.97
 226  3353.56
 227  3468.5
 228  3188.2
 229  2604.74
 230  1540.01
 231   572.474
 232   477.2
 233   483.569
 234   485.925
 235   501.112
 236   450.676
 237   324.266
 238   155.655
 239    26.8281
 240    50.9257
 241    50.1403
 242    10.6157
 243     6.49124
 244     7.65715
 245    16.2051
 246     7.54598
 247    12.1557
 248     1.98044
 249     0.78343
 250     0.6417
 251     2.90283
 252     1.25633
 253     0.56166
 254     0.6414
 255    13.5257
 256     0
 257     0.46316
 258     0.87446
 259     1.50086
 260     0.68477
 261     1.18678
 262     1.84833
 263     0.43099
 264    31.352
 265    23.6814
 266    10.2302
 267    16.2848
 268    56.8221
 269    55.5945
 270    31.0287
 271     8.58088
 272   245.791
 273   607.278
 274   630.982
 275   579.275
 276   551.108
 277   345.185
 278   185.152
 279    40.6358
 280  2749.51
 281  3240.24
 282  3319.59
 283  2946.54
 284  3004.13
 285  2387.23
 286  1626.31
 287   460.871
 288  3601.32
 289  3353.9
 290  3616.84
 291  3706.56
 292  3579.15
 293  3177.06
 294  2135.72
 295   683.046
 296  1682.27
 297  1623.71
 298  1719.45
 299  1732.94
 300  1644.49
 301  1528.83
 302   736.547
 303   307.076
 304    69.2178
 305   106.576
 306    27.5375
 307    66.4478
 308   140.933
 309    56.4481
 310     8.44699
 311    16.8219
 312     2.15748
 313     0.27486
 314     0.6646
 315     2.30026
 316     0.78516
 317     0.72137
 318     1.08653
 319    13.9151
 320     0.30443
 321     0.99712
 322     0.61049
 323     3.54324
 324     0.57847
 325     0
 326     2.99421
 327     0.93728
 328     3.06696
 329     4.12553
 330     1.02468
 331    13.1336
 332    19.0628
 333     0.685
 334     1.50993
 335     1.74579
 336    82.7122
 337   116.027
 338   114.541
 339    70.1829
 340    93.5038
 341    55.0049
 342    59.8526
 343    36.4745
 344  1333.11
 345  1147.92
 346  1323.43
 347  1268.75
 348  1269.42
 349  1051.55
 350   649.289
 351   163.264
 352  2256.2
 353  2559.86
 354  2451.27
 355  2496.34
 356  2482.74
 357  2251.08
 358  1443.52
 359   594.047
 360  1102.23
 361  1073.1
 362   863.137
 363   749.811
 364  1003.31
 365   952.145
 366   381.363
 367   171.137
 368    63.5696
 369    67.0309
 370    59.5305
 371    59.9364
 372   120.714
 373    59.6924
 374    47.4515
 375     2.30931
 376     2.1207
 377     0.37227
 378     0.44438
 379    24.7652
 380     5.90316
 381     0.631
 382     1.21164
 383     0
 384     1.08227
 385     1.06682
 386     0.73427
 387     0.34132
 388     1.65113
 389     1.2592
 390     0.08124
 391    16.4536
 392     1.22489
 393     1.04373
 394     1.30787
 395     0.76592
 396     1.2821
 397     2.29659
 398     0
 399     0.32873
 400     1.23488
 401     3.147
 402     3.87665
 403     2.06316
 404     2.44806
 405     1.4704
 406     1.21249
 407    13.0849
 408    60.3088
 409   113.155
 410   197.228
 411   166.205
 412    79.5079
 413   107.303
 414    74.3011
 415    10.284
 416   328.936
 417   254.947
 418   273.898
 419   157.993
 420   158.385
 421   179.807
 422   106.743
 423     7.0657
 424    20.3384
 425    54.4165
 426    37.9995
 427    51.1975
 428    44.8006
 429    84.0306
 430     0.54996
 431     2.18665
 432     2.48967
 433    20.3965
 434    28.1301
 435     7.18163
 436     0.20109
 437     0.04709
 438     1.40553
 439     0.79481
 440     2.29062
 441     1.45732
 442     0.71461
 443     1.89912
 444     2.34445
 445     0.54706
 446     0.57513
 447     2.50458
 448     0
 449     0.82618
 450     0.11026
 451     0.81936
 452     1.38272
 453     0
 454     0
 455     0
 456     0.69083
 457     0
 458     2.25566
 459     0.7237
 460     0
 461     0.40067
 462     0.6091
 463     0.20854
 464     4.04437
 465     2.16635
 466    11.34
 467     0
 468     0.70139
 469     0
 470     1.62199
 471     2.29273
 472     0.4689
 473    20.908
 474    26.3285
 475     3.53249
 476     2.69088
 477    10.633
 478     6.52363
 479     6.46633
 480     6.63992
 481     0.00767
 482    11.156
 483     1.56074
 484     0.57153
 485     0
 486     0
 487     2.6895
 488     1.40227
 489     3.21663
 490     2.51334
 491     1.41573
 492     1.8173
 493     1.44182
 494     0.03789
 495     0.80812
 496     1.01294
 497     1.77181
 498     0.17071
 499     1.71579
 500     1.16015
 501     0.63425
 502     0.12518
 503    19.6836
 504     0
 505     0
 506     0
 507     0.93197
 508     0.78404
 509     0.000610001
 510     1.40398
 511     3.64887
