This file was gnenerated on 2021-06-21 16:48:24.914032 by Grant Finneman. This contains the extracted data from the Gate simulations
The edep for each bar was summed up and printed to this file. The only math operation done has been addition.

  id      edep
   0    0
   1    0.546
   2    0
   3    0
   4    0
   5    0
   6    0
   7    0
   8    0.5525
   9    0.3258
  10    0
  11    0
  12    0.4687
  13    0
  14    0.2293
  15    0
  16    0
  17    1.6826
  18    0
  19    0
  20    0
  21    0.2131
  22    0
  23    0
  24    0
  25    0
  26    0
  27    0
  28    0
  29    9.4645
  30   22.8879
  31    0
  32    1.3234
  33   17.7918
  34    0.8722
  35    0
  36    0
  37    0.0829
  38    0
  39    1.271
  40    0
  41    0
  42    0
  43    0
  44    0.0829
  45    0.8986
  46    0
  47    0
  48    0
  49    0
  50    0
  51    0
  52    0
  53    0
  54    0
  55    0
  56    0
  57    0
  58    0
  59    0
  60    0
  61    0
  62    0
  63    0
  64    0
  65    0
  66    0
  67    0
  68    0
  69    0
  70    0
  71    0
  72    0
  73   23.0384
  74    0.9799
  75    0
  76    0
  77    0.1919
  78    0
  79    0
  80   60.7576
  81  101.276
  82   65.7138
  83   55.4077
  84   43.0667
  85   38.3676
  86   57.788
  87   12.6893
  88   32.506
  89   36.8096
  90   20.9268
  91   34.1815
  92   71.1654
  93   51.0705
  94   21.4726
  95    0.3636
  96    7.3784
  97   36.3465
  98   87.7669
  99   43.572
 100   63.0969
 101   36.0124
 102    5.1466
 103    4.1916
 104   23.7067
 105   71.7373
 106   18.1914
 107   36.3927
 108   25.5532
 109   16.914
 110    7.5746
 111   16.3053
 112    0
 113   42.4183
 114   10.0738
 115   15.8888
 116    9.1063
 117    2.067
 118    4.5734
 119    0.7778
 120    1.2447
 121    0.8882
 122    0
 123    0
 124    7.1658
 125   12.9219
 126    0
 127    0
 128    0
 129    0
 130    0.1374
 131    0
 132    0
 133    0
 134    0
 135    0
 136   34.4985
 137   49.7283
 138    0
 139    0
 140   33.9709
 141   19.471
 142    0
 143    0
 144  131.471
 145  254.666
 146  126.466
 147   82.5139
 148  153.27
 149   88.6119
 150   47.6016
 151   13.0792
 152   73.1372
 153  114.962
 154  160.642
 155  165.828
 156  156.699
 157  198.503
 158   70.0194
 159   34.6647
 160   86.8875
 161  141.627
 162  139.958
 163  155.03
 164  138.642
 165  165.881
 166   88.2289
 167   17.8071
 168  129.648
 169  125.96
 170  110.797
 171  101.042
 172  143.458
 173   88.0366
 174   43.4049
 175   19.2698
 176   35.0114
 177   57.4944
 178   62.2178
 179   75.5581
 180   73.6455
 181   38.1104
 182    9.6368
 183    3.1707
 184    0
 185    0
 186   28.0028
 187    0
 188    4.0806
 189    0.5299
 190    0
 191    0
 192    0
 193    0.4948
 194    0
 195    0
 196    0.1643
 197    0.9759
 198    0.8647
 199    0.6037
 200   33.5885
 201   35.4197
 202   57.5112
 203   49.8266
 204   23.8216
 205   52.3113
 206   27.4247
 207    4.5309
 208   65.1601
 209  206.554
 210  160.748
 211  258.966
 212  196.987
 213  135.5
 214   59.967
 215   22.3279
 216  126.029
 217  181.499
 218  192.136
 219  185.148
 220   77.0835
 221  127.751
 222   34.7983
 223   11.8059
 224  103.557
 225  212.745
 226  264.361
 227  211.889
 228  122.363
 229   95.0239
 230   29.9495
 231   10.4413
 232   79.556
 233  129.935
 234  106.254
 235   96.1661
 236  148.557
 237  134.002
 238   64.4043
 239   19.2721
 240   48.6211
 241   90.1471
 242   27.9923
 243   94.4771
 244   52.5926
 245   45.6263
 246   26.5064
 247    2.4366
 248    0
 249    0
 250    0
 251    0
 252    0
 253    0
 254    0
 255    0
 256    0
 257    0.1303
 258   12.6776
 259   17.5162
 260    0.8959
 261    0.5539
 262    0
 263    0
 264   96.3692
 265   59.8039
 266   60.5237
 267   72.9705
 268   20.1333
 269   29.2882
 270   32.3772
 271    5.136
 272  145.346
 273  197.804
 274  190.378
 275  162.052
 276  281.932
 277  127.475
 278   44.5245
 279   13.3727
 280  112.108
 281  190.665
 282  219.254
 283  145.966
 284  138.15
 285  108.445
 286   76.8147
 287   47.0945
 288  121.888
 289  110.362
 290  191.514
 291  231.818
 292  191.478
 293  103.646
 294   78.6206
 295   23.0027
 296  153.998
 297  137.734
 298  114.189
 299  112.894
 300  101.113
 301  128.711
 302   70.6617
 303   28.4923
 304   24.8959
 305   74.2196
 306   17.8878
 307   24.5134
 308   35.411
 309   61.3638
 310   39.8058
 311   28.9258
 312    0
 313    0
 314    0
 315    0
 316    0
 317    0
 318    0
 319    7.9218
 320    0
 321    0
 322    0
 323    4.0422
 324    0.8233
 325    0
 326    0
 327    0
 328   63.1784
 329   52.2922
 330   36.6236
 331   45.266
 332   38.0698
 333   21.8921
 334    7.3419
 335    1.5503
 336  105.388
 337  100.846
 338  175.648
 339  139.875
 340   80.7309
 341  116.816
 342   72.6576
 343    9.8696
 344  127.243
 345  108.642
 346  213.386
 347  176.763
 348  149.508
 349  124.56
 350   46.3062
 351   27.034
 352  152.402
 353  140.742
 354  155.635
 355  151.642
 356   80.6163
 357   98.3468
 358   51.9137
 359   14.0141
 360   90.2055
 361  128.477
 362  119.553
 363  157.751
 364  159.573
 365  114.408
 366   32.1043
 367   59.6671
 368    0.5344
 369   22.718
 370   27.1069
 371   13.9108
 372   46.7268
 373    3.2376
 374    0
 375    0
 376    0
 377    0
 378    0
 379    0.143
 380    0
 381    0
 382    0.9182
 383    0.9182
 384    0
 385    0
 386    0
 387    0
 388    0
 389    0
 390    0
 391    0.5474
 392    0
 393    0
 394    0
 395    7.7392
 396    1.9348
 397    0
 398    0
 399    0
 400    5.0668
 401   17.9504
 402   16.5575
 403   33.2508
 404    8.2858
 405   36.1449
 406   11.1708
 407    0
 408   30.8214
 409   81.2466
 410   59.9822
 411   94.9701
 412   55.6512
 413   60.8166
 414   12.0621
 415    0
 416   44.317
 417   85.4996
 418  103.297
 419   68.2174
 420  120.067
 421   59.6348
 422   12.8419
 423   17.1472
 424   54.1928
 425   44.6659
 426   54.9545
 427   74.9129
 428   54.7522
 429   45.7395
 430   30.5002
 431   39.9587
 432    0.8753
 433    4.3765
 434   34.2373
 435    6.1442
 436    0
 437    0
 438    0
 439    0.7811
 440    0
 441    0.7851
 442    0
 443    0
 444    0
 445    0
 446    0
 447    0
 448    0
 449    0
 450    0
 451    0
 452    0
 453    1.2686
 454    0
 455    0
 456    0
 457    0.6836
 458    0
 459    0.5192
 460    0
 461    0.4459
 462    0
 463    0
 464    0
 465    0
 466    0
 467    0
 468    0
 469    0
 470    0.8808
 471    0.2132
 472    0
 473    0
 474    0
 475    0.7851
 476    0
 477    0.2098
 478    0
 479    0
 480    0.512
 481    3.9204
 482   20.4126
 483    0
 484    0
 485    0.0451
 486    0
 487    0
 488    4.5074
 489    0.3699
 490    0
 491    0.4208
 492   29.7544
 493    0.6249
 494    8.0348
 495   26.9612
 496    0
 497    0
 498    0
 499    0
 500    6.0922
 501    0
 502    0
 503    0
 504    0
 505    0
 506    0.036
 507    0.5241
 508    0
 509    0
 510    0
 511    0
