This file was gnenerated on 2021-06-17 21:21:22.661602 by Grant Finneman. This contains the extracted data from the Gate simulations
The edep for each bar was summed up and printed to this file. The only math operation done has been addition.

  id      edep
   6    0.9693
   8    0.3655
  18    0.8931
  21    0.9453
  29    0.415
  31    0.0829
  33    0.5092
  39    0.7949
  40    0.4469
  42    0.4215
  43    0.4096
  44    0.4318
  52    0.9421
  57    0.896
  58    0.2247
  69    0.2979
  77    0.244
  79    2.2892
  80    5.9895
  82    9.3535
  83    4.0909
  85    0.0829
  88   39.171
  89   27.9402
  90   33.7902
  91   10.4402
  92   11.3685
  93   18.8448
  94    8.5668
  95    0.1713
  96    6.1814
  97   31.8731
  98    9.2453
  99   34.3269
 100    6.805
 102    5.5764
 103    0.3112
 104    0.8318
 107    0.7879
 109    0.7226
 110    0.5101
 114    0.2995
 115    0.4215
 116    0.9421
 121    0.9148
 132    0.0411
 134    0.3502
 136    0.3628
 139    0.3655
 140    0.0192
 141    0.3109
 144   20.0938
 145   25.8605
 146   42.014
 147   40.3956
 148   13.488
 149   15.8995
 150    3.8563
 152  247.429
 153  191.904
 154  274.399
 155  309.844
 156  229.806
 157  114.78
 158  105.42
 159   32.8306
 160  243.529
 161  292.059
 162  330.159
 163  383.218
 164  214.537
 165  316.017
 166  154.9
 167   37.5212
 168   33.25
 169    6.1162
 170    0.2813
 171    2.6503
 172   48.6092
 173   39.7609
 180    0.9879
 182    0.9879
 183    0.7933
 185    0.2989
 193    0.7727
 195    0.1749
 200    0.6433
 201   20.4352
 203    0.2136
 205    0.7533
 208   29.0942
 209   37.6484
 210   22.2488
 211   62.6464
 212   14.8877
 213   25.089
 214   52.1161
 215    1.8625
 216  372.585
 217  400.128
 218  351.73
 219  385.985
 220  401.962
 221  295.956
 222  154.698
 223   48.3816
 224  436.225
 225  414.691
 226  322.69
 227  383.804
 228  420.905
 229  360.905
 230  289.988
 231   92.5944
 232   34.4443
 233   44.3239
 234   53.0061
 235   24.003
 236   62.6454
 237    0.7888
 238    1.8506
 239    0.3094
 242    0.6137
 243    0.9876
 245    0.9879
 247    0.0126
 254    0.1285
 260    0.8595
 261    0.1831
 264    0.0125
 270    0.7311
 272   28.7964
 273   28.8815
 274   48.3328
 275   29.9957
 276   21.896
 277   30.361
 278    5.4934
 279    0.7938
 280  434.861
 281  366.292
 282  453.622
 283  405.234
 284  371.595
 285  348.122
 286  227.896
 287   82.7622
 288  357.636
 289  327.844
 290  420.307
 291  428.726
 292  355.252
 293  398.01
 294  254.617
 295   54.9508
 296   17.3677
 297    0.6898
 298   23.0637
 299   34.0818
 300   44.7115
 301   16.4347
 302   20.5612
 303    0.7545
 305    0.6494
 306    0.9729
 307    1.5364
 308    0.6152
 317    0.216
 318    0.2182
 319    0.3125
 322    0.3265
 324    0.0157
 332    0.535
 336    7.0564
 337   21.7024
 338   49.1415
 339   43.7206
 340    3.5195
 341   46.5225
 342   22.0662
 344  250.376
 345  255.774
 346  227.92
 347  305.004
 348  310.068
 349  288.365
 350  158.193
 351   67.3929
 352  148.837
 353  280.269
 354  329.738
 355  178.439
 356  150.918
 357  222.633
 358  131.239
 359   50.4285
 360   21.5848
 361   12.9808
 362   16.2008
 363   12.0326
 364   16.6839
 365   20.8734
 366    3.876
 371    0.4141
 372    0.381
 374    0.1077
 377    0.1421
 380    0.5979
 381    0.9439
 392    0.7892
 394    1.3776
 397    0.5026
 398    1.2784
 401    0.1028
 403   12.1941
 404    1.0251
 405    0.3125
 406    0.6202
 407    0.0672
 408   26.8152
 409    6.8153
 410   16.918
 411   16.6432
 412   25.4501
 413   11.3485
 414   21.3876
 415    0.6019
 416   33.3359
 417    5.782
 418   15.0124
 419    1.1207
 420   50.236
 421   19.6794
 422   16.7427
 424    0.3946
 426    3.5273
 427    4.0341
 434    4.1229
 435   14.9838
 437    0.9158
 447    0.5979
 451    0.0441
 459    0.535
 465    0.4464
 466    0.535
 473    0.0695
 475    0.535
 480    8.616
 488    1.6554
 503    0.0256
 504    0.221
 510    0.728
