This file was gnenerated on 2021-06-21 16:44:24.241274 by Grant Finneman. This contains the extracted data from the Gate simulations
The edep for each bar was summed up and printed to this file. The only math operation done has been addition.

  id      edep
   0    0
   1    0
   2    0
   3    0
   4    0.1149
   5    0.8241
   6    0
   7    0
   8    0
   9    0
  10    0
  11    0.7654
  12    0
  13    0.5884
  14    0
  15    0
  16    0
  17    0
  18    0
  19    0
  20    0
  21    0
  22    0
  23    0.734
  24    0
  25    0
  26    0.8477
  27    0
  28    0.4546
  29    0
  30    0
  31    0
  32    0.491
  33    0
  34    0
  35    0
  36    0
  37    0
  38    0
  39    0
  40    0
  41    0
  42    0
  43    0
  44    0
  45    0
  46    0
  47    0
  48    0
  49    0
  50    0
  51    0
  52    0.6694
  53    0
  54    0
  55    0
  56    0.1778
  57    0
  58    0
  59    0
  60    0
  61    0
  62    0
  63    0
  64    0
  65    0
  66    0
  67    0.1149
  68    0.2061
  69    0
  70    0
  71    0
  72    0
  73    0
  74    0
  75    0
  76    0.2051
  77    0
  78    0.4531
  79    0
  80    0
  81    0
  82    0
  83    0.604
  84    0.6393
  85    0
  86    0
  87    0
  88    0
  89    0.8477
  90   14.7092
  91    8.8912
  92    0
  93    0
  94    0.6266
  95    0
  96    0.8719
  97    0.0232
  98    0
  99   19.246
 100    0
 101    0
 102    6.1656
 103    0.5118
 104    0
 105    0
 106    0
 107    0
 108    0
 109    0
 110    0
 111    0
 112    0
 113    0.9659
 114    0
 115    0
 116    0
 117    1.4005
 118    0
 119    0
 120    0
 121    0
 122    0
 123    0
 124    0
 125    0
 126    0
 127    0.3893
 128    0
 129    0
 130    0
 131    0.3962
 132    0.3962
 133    0
 134    0
 135    0
 136    0.9404
 137    0.9526
 138    0.6285
 139    0
 140    0
 141    0.5395
 142    0
 143    0
 144   19.504
 145    0
 146    7.3395
 147   14.1894
 148    2.83
 149    0.3532
 150    0
 151    0
 152  154.914
 153  180.776
 154  243.599
 155  207.429
 156  114.99
 157   65.6941
 158  103.5
 159   33.072
 160   76.8514
 161  108.17
 162  166.229
 163  220.975
 164  145.014
 165  111.715
 166  107.138
 167   32.909
 168   26.5333
 169   12.7192
 170    7.7152
 171   48.0045
 172   14.2144
 173    0.4328
 174    0
 175    0.8687
 176    0.8651
 177    0
 178    0.6568
 179    0
 180    0
 181    0
 182    0
 183    0
 184    0
 185    0
 186    0
 187    0
 188    0.2262
 189    0
 190    0
 191    0
 192    0
 193    0
 194    0
 195    0
 196    0
 197    0
 198    0.4016
 199    0
 200    0
 201    0
 202    0
 203    0.2969
 204    0.7193
 205    0
 206    0.0928
 207    0
 208   21.1515
 209    6.4994
 210    6.6701
 211   15.9452
 212    5.4077
 213   13.4301
 214   30.8833
 215    9.7166
 216  532.813
 217  507.323
 218  499.275
 219  551.66
 220  653.957
 221  375.902
 222  252.569
 223  142.904
 224  491.78
 225  513.88
 226  520.837
 227  513.436
 228  579.02
 229  489.539
 230  317.115
 231   92.9147
 232   12.2175
 233    0
 234   17.5526
 235   24.2799
 236   46.3789
 237   23.8139
 238   39.1409
 239    0
 240    1.5062
 241    0
 242    0
 243    0
 244    0
 245    0
 246    0
 247    0
 248    0
 249    0
 250    0.6564
 251    0
 252    1.1456
 253    0
 254    0
 255    0
 256    0
 257    0
 258    0
 259    0
 260    0
 261    0
 262    0
 263    0
 264    0
 265    0.8519
 266    0
 267    0.9075
 268    0.9401
 269    0
 270    0
 271    0
 272   31.3671
 273   17.2148
 274   21.7097
 275   30.7872
 276   39.353
 277   24.2514
 278    2.2008
 279    1.9427
 280  488.65
 281  494.948
 282  464.227
 283  634.935
 284  737.729
 285  539.459
 286  318.258
 287  121.34
 288  441.884
 289  454.192
 290  471.414
 291  621.425
 292  564.576
 293  473.749
 294  304.142
 295   94.2195
 296    0
 297   24.254
 298    0.3478
 299   10.4385
 300    9.7426
 301   57.1519
 302   33.0623
 303    0
 304    0.6226
 305    0.795
 306    0
 307    0
 308    0
 309    0
 310    0
 311    0
 312    0
 313    0.293
 314    0
 315    0
 316    0
 317    0
 318    0
 319    0
 320    0.096
 321    0
 322    0
 323    0
 324    0
 325    0
 326    0
 327    0
 328    0.8642
 329    0.8642
 330    0
 331    0
 332   18.815
 333    4.97
 334    0.2647
 335    0
 336   11.0596
 337    0
 338    0.0338
 339    2.6265
 340    2.84
 341    7.1
 342    0.9152
 343    2.7456
 344  142.835
 345   98.9234
 346  182.775
 347  195.088
 348  152.814
 349  132.38
 350  133.891
 351   32.3696
 352  108.484
 353   88.7625
 354  150.595
 355  191.066
 356  124.248
 357  131.403
 358   58.0549
 359    2.6024
 360    0.8619
 361    3.3876
 362   36.7069
 363   13.5908
 364    1.2813
 365   27.324
 366    0
 367    0
 368    0
 369    0
 370    0.3998
 371    0
 372    0
 373    0
 374    0
 375    0
 376    0.0042
 377    0
 378    0
 379    0
 380    0
 381    0
 382    0
 383    0.3998
 384    0
 385    0
 386    0
 387    0
 388    0
 389    0
 390    0
 391    0
 392    0
 393    0
 394    0
 395    0
 396    0
 397    0
 398    0
 399    0
 400    0
 401    0
 402    0
 403    0.9267
 404    0
 405    1.3672
 406    0
 407    0.9465
 408   10.9122
 409    6.6875
 410    5.6612
 411    0
 412    0.9515
 413    4.5185
 414    0.9075
 415    0
 416    0
 417    0.3327
 418    9.7133
 419   26.5453
 420    8.9846
 421    0.3089
 422    0
 423    0
 424    0
 425    0
 426    0
 427   15.9075
 428    0.0302
 429    1.1652
 430    0
 431    0
 432    0.487
 433    0.3176
 434    0.1588
 435    0
 436    0
 437    0
 438    0
 439    0
 440    0
 441    0
 442    1.8364
 443    0
 444    0
 445    0
 446    0
 447    0
 448    0
 449    0.9951
 450    0
 451    0
 452    0
 453    0
 454    0
 455    0
 456    0
 457    0
 458    0.9075
 459    0.9951
 460    0
 461    0
 462    0
 463    0
 464    0.377
 465    0
 466    0.196
 467    0
 468    0
 469    0
 470    0
 471    0
 472    0
 473    0
 474    0
 475    0.196
 476    0.4725
 477    0
 478    0
 479    0
 480    0
 481    0
 482    0.8099
 483    0
 484    0.7315
 485    0
 486    0
 487    0
 488    0
 489    0
 490    0
 491    0
 492    1.5548
 493    0
 494    0.4725
 495    0
 496    0
 497    0
 498    0.5743
 499    0
 500    0.8305
 501    0
 502    0
 503    0
 504    0
 505    0
 506    0
 507    0
 508    0
 509    0
 510    0
 511    0
