This file was gnenerated on 2021-06-22 19:28:58.396899 by Grant Finneman. This contains the extracted data from the Gate simulations
The edep for each bar was summed up and printed to this file. The only math operation done has been addition.

  id        edep
   0     0.30546
   1     1.45037
   2     1.4587
   3     0
   4     1.16722
   5     0
   6     0
   7     0
   8     0.81968
   9     0
  10     1.95511
  11     0
  12     0.72456
  13     1.26928
  14     0.42766
  15     0
  16     0.90372
  17     0.21664
  18     2.74754
  19     2.32856
  20     0.88454
  21     1.15039
  22    11.7319
  23    33.5245
  24     0.69637
  25     0.04844
  26     2.79941
  27     0.70724
  28     1.11105
  29     1.00955
  30     1.65779
  31    19.1245
  32     1.92143
  33     1.15607
  34     2.98485
  35     1.58748
  36     0.93518
  37     0.60424
  38    30.7609
  39    13.6153
  40     0.38526
  41     0.58126
  42     1.93949
  43     1.0712
  44     1.29863
  45     1.24439
  46     0.42538
  47     0.05833
  48     0
  49     0
  50     0.86549
  51     0
  52     0
  53     0
  54     0
  55     0
  56     0.09436
  57     1.2817
  58     0.0582
  59     1.53547
  60     1.64173
  61     0
  62     0
  63     1.82168
  64     1.42737
  65     0.63538
  66     0
  67     0.3892
  68     0.25768
  69     2.63308
  70     0.65266
  71     0.56183
  72     0
  73     1.35181
  74     3.24004
  75     1.44838
  76     0.23566
  77     0
  78     0.12903
  79     0.9387
  80    23.1005
  81     7.6469
  82     1.97261
  83    18.0515
  84     2.36058
  85     1.49734
  86     0.89816
  87    18.4031
  88    10.7383
  89    14.4015
  90   108.819
  91   101.78
  92    48.3015
  93     8.85683
  94    31.4244
  95     0.72073
  96     1.65194
  97    30.2045
  98    40.121
  99    35.016
 100     4.17175
 101     4.10228
 102     2.13426
 103     2.51299
 104     1.81701
 105     5.83216
 106     0.0507
 107     2.29214
 108     0.02483
 109     0.33118
 110     2.71979
 111     1.44261
 112     3.13189
 113     1.20364
 114     1.56262
 115     1.013
 116     0.95673
 117     1.19015
 118     1.49869
 119     0.07531
 120     0.92361
 121     0.67619
 122     1.19823
 123     1.2901
 124     1.26605
 125     1.69165
 126     0
 127     0.64051
 128     1.12194
 129     0.21858
 130     1.42429
 131     0
 132     0.89912
 133     0
 134     0
 135     0.8534
 136     2.54992
 137     2.81236
 138     2.82677
 139     1.90218
 140    32.186
 141     9.39677
 142     0.63891
 143     1.48999
 144   287.188
 145   439.599
 146   293.309
 147   320.009
 148   257.371
 149   153.875
 150    24.309
 151    23.7128
 152  1856.71
 153  1885.38
 154  2059.41
 155  1947.54
 156  1749.52
 157  1274.55
 158   801.042
 159   295.608
 160   615.038
 161   450.436
 162   627.208
 163   444.143
 164   589.593
 165   361.007
 166   240.957
 167    68.3281
 168    27.5645
 169    34.157
 170     3.12529
 171     4.70465
 172    13.8453
 173     2.93004
 174    28.6982
 175    11.9509
 176     3.49448
 177     2.2294
 178     4.66936
 179     1.93967
 180     3.20755
 181     1.25523
 182     0.87774
 183     0
 184     1.65703
 185     1.33922
 186     0.38805
 187     0
 188     0.62522
 189     0
 190     0.78467
 191     1.55827
 192     0.64227
 193     1.12956
 194     1.73567
 195     0
 196     1.20072
 197     0.90146
 198     0.7025
 199     0.07366
 200     4.59028
 201    12.6936
 202    14.5925
 203     2.27789
 204     7.89975
 205    33.298
 206    20.8936
 207     0.06777
 208   650.895
 209   670.406
 210   756.592
 211   756.108
 212   826.083
 213   563.761
 214   346.023
 215     8.8115
 216  6539.47
 217  6995.68
 218  7505.59
 219  7232.85
 220  6845.7
 221  6183.03
 222  4119.36
 223  1757.59
 224  3796.01
 225  3967.22
 226  3889.57
 227  4223.13
 228  3894.06
 229  3407.07
 230  2006.75
 231   706.755
 232   187.836
 233   274.53
 234   225.449
 235   255.874
 236   259.627
 237   112.521
 238    71.3632
 239    16.1824
 240     1.70619
 241     3.69193
 242     3.22537
 243     6.22982
 244     2.37679
 245     1.09905
 246     3.00099
 247    41.4935
 248     0.2758
 249     2.55245
 250     2.53299
 251     0.63872
 252     0.7441
 253     0.50256
 254     1.21794
 255     1.81819
 256     0.97194
 257     1.7114
 258     1.33307
 259     0
 260     1.38821
 261     0
 262     0.05667
 263     0.26812
 264     2.22033
 265     2.66326
 266     1.95024
 267     1.62168
 268     2.14272
 269     0.7453
 270     0
 271     2.45893
 272   143.113
 273   237.705
 274   324.227
 275   350.306
 276   188.08
 277   218.647
 278    76.6007
 279    40.7573
 280  3810.24
 281  4073.87
 282  4004.12
 283  4516.36
 284  3769.89
 285  3416.43
 286  2206.02
 287   715.135
 288  6939.2
 289  6781.23
 290  6811.19
 291  7153.54
 292  7006.74
 293  6156.44
 294  3950.79
 295  1564.91
 296   866.148
 297   821.208
 298   748.7
 299   798.673
 300   836.772
 301   530.119
 302   321.49
 303    50.7872
 304     6.7378
 305     3.73882
 306    39.5149
 307    20.0668
 308    29.2795
 309    23.9725
 310    17.8286
 311    27.7952
 312     0.84198
 313     1.97955
 314     0.41954
 315     1.63817
 316     2.5811
 317     1.04974
 318     0.10332
 319     0
 320     0.86897
 321     1.14285
 322     0.66115
 323     0
 324     1.40547
 325     0
 326     0
 327     0.71843
 328     1.03419
 329     0
 330     1.97233
 331     0.64215
 332     2.30047
 333     2.17023
 334     0.63063
 335     0.80906
 336    10.479
 337     9.45326
 338    15.1399
 339    25.97
 340    11.3223
 341     5.2238
 342    18.049
 343     8.85838
 344   464.959
 345   516.209
 346   625.036
 347   649.645
 348   551.98
 349   560.341
 350   282.829
 351    81.7721
 352  1645.48
 353  1810.24
 354  2012.22
 355  1985.8
 356  1659.15
 357  1267.97
 358   900.888
 359   312.702
 360   380.448
 361   269.383
 362   385.55
 363   216.861
 364   183.879
 365   152.434
 366   128.6
 367     2.23153
 368    15.923
 369     0.74343
 370     2.70645
 371     3.74357
 372     2.05207
 373     3.29984
 374     1.74664
 375     2.25705
 376     0.25345
 377     1.03207
 378     2.22771
 379     1.00803
 380     4.32512
 381     0.38013
 382     0.6283
 383     0.80572
 384     0
 385     1.27071
 386     0.85019
 387     2.4013
 388     0.3417
 389     2.84262
 390     1.71263
 391     0
 392     0.63566
 393     1.17006
 394     2.5781
 395     1.92594
 396     1.71563
 397     0
 398     2.50917
 399     6.34086
 400     0.53319
 401     0.86778
 402     1.31099
 403     3.39785
 404     1.22124
 405     0.49553
 406     0.59736
 407     9.47612
 408     7.74515
 409     9.25828
 410    17.808
 411    34.7874
 412     2.64066
 413    10.9367
 414     6.01312
 415     8.25642
 416    43.6134
 417    19.595
 418    73.0532
 419    59.9749
 420    13.6993
 421    27.7263
 422    31.8911
 423     1.335
 424     2.42919
 425     1.4777
 426    11.4509
 427    35.095
 428     1.01274
 429     1.12284
 430     2.22358
 431     1.47337
 432     0.97119
 433     3.65187
 434     1.65462
 435     2.37955
 436     0.29161
 437     1.26371
 438     2.33488
 439    29.0102
 440     1.93349
 441     0.6344
 442     1.43492
 443     1.67398
 444     1.05387
 445     1.50277
 446     0.16997
 447     4.54294
 448     0.1861
 449     0
 450     0
 451     0
 452     0
 453     0
 454     0.83295
 455     0.44037
 456     0
 457     0.94345
 458     2.24781
 459     1.30679
 460     1.82474
 461     0.01745
 462     0.89429
 463     7.96268
 464     1.52005
 465     0.95934
 466     0.66641
 467     4.40407
 468     0
 469     1.56601
 470     0.75662
 471     6.62419
 472     0
 473     1.21478
 474     0.87135
 475    15.2052
 476     1.07209
 477     0
 478     1.50766
 479     0
 480     3.09193
 481     1.0782
 482     1.55746
 483     0
 484     1.39136
 485     4.00924
 486    33.3943
 487    21.3228
 488     1.14261
 489     0.93852
 490     0.70588
 491     3.31797
 492     0.08148
 493     1.11842
 494     1.56838
 495     0
 496     2.03228
 497     1.64355
 498     0.33329
 499     2.21376
 500     0
 501     0
 502     1.31572
 503     1.30203
 504     0
 505     1.65066
 506     1.1257
 507     1.2377
 508     0.38129
 509     0.56993
 510     0.08487
 511     0.53554
