This file was gnenerated on 2021-06-22 20:00:29.354184 by Grant Finneman. This contains the extracted data from the Gate simulations
The edep for each bar was summed up and printed to this file. The only math operation done has been addition.

  id        edep
   0     0
   1     0
   2     0.85587
   3     0.1456
   4     1.09032
   5     2.00847
   6     0
   7    14.3369
   8     1.13802
   9     0.76744
  10     9.08504
  11    12.0334
  12     8.33827
  13     1.04768
  14     0.93408
  15     0.8283
  16     1.43242
  17    12.1403
  18     5.3533
  19     9.67773
  20    11.5531
  21    15.2869
  22    32.962
  23    26.8723
  24     2.53295
  25     4.04887
  26     1.79914
  27    27.7297
  28     1.14848
  29     7.71958
  30    22.5614
  31    19.4834
  32    34.1921
  33     0.42111
  34     4.63605
  35    21.589
  36     0.95635
  37     2.00463
  38     1.33225
  39     1.35315
  40     0.87389
  41     1.17181
  42    35.693
  43    25.1486
  44    13.6739
  45     0
  46     1.61657
  47     0.00746
  48     4.14101
  49     0
  50    11.778
  51     1.78068
  52     0.85307
  53     1.10732
  54     1.27705
  55     1.06522
  56     1.6299
  57     0
  58     0.94258
  59     0.35336
  60     0.35661
  61     0
  62     0
  63     0
  64     2.2544
  65    35.3745
  66    11.3607
  67    28.3325
  68     2.24106
  69     5.77499
  70     5.49041
  71     0.8031
  72   231.468
  73   223.811
  74   193.178
  75   189.931
  76   184.637
  77   158.492
  78   114.442
  79    14.7166
  80   323.806
  81   555.7
  82   472.365
  83   454.049
  84   530.104
  85   315.225
  86   144.843
  87    50.0429
  88   316.48
  89   368.138
  90   355.677
  91   420.451
  92   420.415
  93   409.67
  94   240.317
  95    47.874
  96   306.485
  97   385.144
  98   476.381
  99   434.832
 100   480.872
 101   266.623
 102   144.152
 103    49.0098
 104   395.672
 105   305.271
 106   338.685
 107   415.398
 108   357.434
 109   250.518
 110   161.834
 111    81.3981
 112   193.819
 113   190.374
 114   203.209
 115   170.419
 116   175.506
 117    94.5257
 118    54.4214
 119     9.30181
 120     1.0345
 121    15.5298
 122     1.82565
 123     1.50987
 124    47.2731
 125     6.42012
 126     3.43912
 127     0
 128     6.35161
 129    35.436
 130    47.1418
 131    28.1424
 132    12.2511
 133     3.62903
 134    13.0361
 135     3.0198
 136   661.141
 137   555.848
 138   471.482
 139   567.287
 140   558.607
 141   473.272
 142   340.306
 143   110.693
 144  1468.13
 145  1370.25
 146  1227.97
 147  1377.58
 148  1351.27
 149  1069.1
 150   704.853
 151   235.776
 152  1278.88
 153  1061.28
 154   951.08
 155  1211.02
 156  1172.2
 157   906.909
 158   714.958
 159   181.331
 160  1118.06
 161  1147.22
 162  1133.43
 163  1008.57
 164  1086.39
 165  1036.89
 166   694.732
 167   345.09
 168  1167.61
 169  1221.16
 170  1010.39
 171  1113.81
 172  1314.15
 173   936.746
 174   612.563
 175   221.539
 176   531.481
 177   698.608
 178   664.798
 179   624.985
 180   527.182
 181   562.266
 182   397.974
 183   154.52
 184     0.7842
 185    11.6451
 186     8.76746
 187    33.5418
 188    27.6792
 189    48.1212
 190     1.89214
 191     2.08877
 192     0.23515
 193    31.1486
 194    54.6774
 195    18.3225
 196    32.7813
 197    17.0777
 198    15.6641
 199     2.57982
 200   678.864
 201   655.338
 202   772.001
 203   832.958
 204   957.43
 205   666.697
 206   296.316
 207    96.1795
 208  1200.61
 209  1262.76
 210  1313.43
 211  1366.22
 212  1175.4
 213  1097.82
 214   611.67
 215   252.884
 216  1176.66
 217  1234.67
 218  1370.65
 219  1492.8
 220  1299.36
 221  1087.57
 222   735.696
 223   296.959
 224  1225.29
 225  1240.45
 226  1444.36
 227  1323.47
 228  1356.75
 229  1196.07
 230   762.857
 231   246.91
 232  1009.27
 233  1236.69
 234  1468.22
 235  1363.33
 236  1401.68
 237  1172.62
 238   561.644
 239   164.416
 240   670.963
 241   809.193
 242   768.385
 243   684.22
 244   752.113
 245   569.237
 246   295.052
 247    77.6217
 248    61.0293
 249    54.1516
 250    53.1926
 251    35.4077
 252    72.8907
 253     6.91418
 254     1.43723
 255     0.86033
 256    16.5062
 257    37.0987
 258    57.4585
 259    53.425
 260    74.3948
 261    25.4442
 262     7.77188
 263     0.62755
 264   665.378
 265   607.906
 266   667.853
 267   744.928
 268   779.182
 269   632.296
 270   324.892
 271    76.8386
 272  1182.24
 273  1300.14
 274  1355.07
 275  1339.22
 276  1343.36
 277  1049.26
 278   684.953
 279   273.826
 280  1425.34
 281  1534.09
 282  1487.43
 283  1400.99
 284  1260.33
 285  1313.62
 286   788.642
 287   307.433
 288  1296.02
 289  1125.57
 290  1441.99
 291  1456.27
 292  1325.31
 293  1068.24
 294   684.776
 295   262.197
 296  1202.69
 297  1343.66
 298  1400.32
 299  1269.42
 300  1158.17
 301  1078.41
 302   542.926
 303   208.866
 304   571.144
 305   559.905
 306   636.154
 307   693.632
 308   682.48
 309   681.856
 310   519.706
 311   137.363
 312    23.4189
 313    15.1
 314    31.6045
 315    21.9233
 316    66.8398
 317    18.8262
 318    10.1163
 319     0.79277
 320    34.2968
 321    53.413
 322    37.5584
 323    35.4515
 324    49.5655
 325    46.1413
 326    47.2674
 327    10.3913
 328   638.733
 329   714.882
 330   609.78
 331   557.651
 332   583.177
 333   571.556
 334   361.931
 335   150.219
 336   997.712
 337  1327.48
 338  1348.08
 339  1132.98
 340  1262.92
 341  1014.44
 342   624.736
 343   200.465
 344  1060.33
 345  1129.67
 346  1278.13
 347  1235.55
 348  1294.28
 349  1087.5
 350   576.627
 351   208.895
 352  1151.97
 353  1165.09
 354   939.593
 355  1264.94
 356  1266.42
 357   833.605
 358   553.258
 359   155.893
 360  1026.36
 361  1166.04
 362  1057.24
 363  1117.71
 364  1014.27
 365   907.083
 366   558.352
 367   232.898
 368   481.57
 369   579.947
 370   438.007
 371   421.725
 372   522.174
 373   608.666
 374   265.501
 375   114.962
 376    33.2113
 377    36.3175
 378     3.41939
 379    17.2429
 380    30.6864
 381    74.4549
 382    44.0424
 383    33.8004
 384     9.75742
 385     2.5707
 386    18.184
 387     7.95916
 388    19.4026
 389    13.6895
 390     2.88261
 391     5.1908
 392   186.643
 393   177.544
 394   248.094
 395   189.232
 396   265.2
 397   163.074
 398    35.9881
 399    23.6092
 400   274.728
 401   440.959
 402   496.248
 403   419.766
 404   395.252
 405   278.171
 406   113.98
 407    57.3985
 408   273.528
 409   323.552
 410   370.525
 411   523.039
 412   273.187
 413   298.763
 414   251.889
 415    43.1828
 416   394.638
 417   381.041
 418   330.195
 419   528.323
 420   408.605
 421   256.407
 422   122.272
 423    25.0867
 424   379.401
 425   385.121
 426   455.429
 427   435.047
 428   370.801
 429   215.757
 430   152.645
 431    65.3074
 432   125.697
 433   160.702
 434   178.139
 435   158.78
 436   137.156
 437    99.5393
 438    57.1101
 439    18.1172
 440    23.9944
 441     2.26566
 442     1.13192
 443     0.84706
 444     5.47567
 445     1.12493
 446     0.36819
 447     0.38423
 448     0.7911
 449     0.58706
 450     0.75393
 451     0
 452     0.1019
 453     0.86172
 454     0
 455     0.53158
 456    13.7242
 457    18.8472
 458     1.93215
 459     4.17748
 460     2.57194
 461    10.9195
 462     9.50878
 463     5.52078
 464    23.0647
 465    75.4907
 466    11.1669
 467    19.535
 468     0
 469     1.96788
 470     1.13265
 471     1.50823
 472    18.6285
 473     5.01432
 474    21.6458
 475    33.0549
 476     1.02271
 477     1.85891
 478     2.43092
 479    17.122
 480    18.1578
 481     1.5091
 482    31.1723
 483    35.2058
 484    36.6631
 485     0
 486     2.00262
 487     0.66678
 488    53.5351
 489    20.0553
 490    21.0534
 491     7.92342
 492    21.5011
 493    20.376
 494     1.30207
 495    19.9022
 496    17.7334
 497     0
 498     0.67289
 499     1.41655
 500     0.76628
 501     1.57277
 502     2.15633
 503     0.62703
 504     0.28487
 505     0.04001
 506     0
 507     0.65805
 508     0
 509     1.91723
 510     1.32831
 511     0.40992
