This file was gnenerated on 2021-06-21 16:46:51.010486 by Grant Finneman. This contains the extracted data from the Gate simulations
The edep for each bar was summed up and printed to this file. The only math operation done has been addition.

  id      edep
   0    0
   1    0
   2    0
   3    0.9611
   4    0
   5    0
   6    0
   7    0
   8    0.6377
   9    0
  10    0
  11    0
  12    0.9611
  13    0
  14    0
  15    6.3023
  16    0
  17    0
  18    0.2243
  19    0.363
  20    0
  21    0
  22    0
  23    0.5855
  24    0
  25    0
  26    0.2078
  27    0.2657
  28    0
  29    0
  30    0
  31    0
  32    0
  33    0.3317
  34    1.0888
  35    0.1054
  36    0
  37    0
  38    0
  39    0
  40    0
  41    0
  42    0
  43    0
  44    0.1865
  45    0.0839
  46    0.8798
  47    0
  48    0
  49    0
  50    0
  51    0.469
  52    0
  53    0
  54    0
  55    0
  56    0.2398
  57    0.4387
  58    0
  59    0
  60    0
  61    0.983
  62    0
  63    0
  64    0
  65    0
  66    0
  67    2.9147
  68    0.9611
  69    0
  70    0
  71    0
  72    0
  73    4.27
  74   41.5842
  75   20.9288
  76   13.3879
  77   10.1367
  78    0
  79    0.3829
  80   47.7067
  81   70.9421
  82  143.912
  83   72.0108
  84   53.1077
  85   41.2706
  86   13.5576
  87    5.2686
  88   15.1775
  89   43.8713
  90   33.0398
  91   52.4505
  92   39.87
  93   14.8927
  94    8.1662
  95    1.0232
  96    0
  97    8.9312
  98   11.0781
  99    0.3887
 100    0
 101    5.7024
 102    0
 103    0.4291
 104   14.3325
 105   29.6309
 106    0
 107    0.957
 108    0
 109    0.3811
 110    0
 111    0.1865
 112    0
 113    2.6667
 114    0
 115    0.7056
 116    0
 117    0
 118    0
 119    0
 120    0
 121    0
 122    0
 123    0
 124    0
 125    0
 126    0.983
 127    0
 128    0.4027
 129    0
 130    0
 131    0
 132    0
 133    0
 134    0
 135    0
 136   10.405
 137    1.5559
 138  113.857
 139   34.4448
 140   30.3476
 141   31.2404
 142   12.9493
 143    0
 144  187.139
 145  196.698
 146  256.595
 147  240.904
 148  195.025
 149  149.16
 150   72.6169
 151    9.5613
 152  154.554
 153  140.526
 154  118.573
 155  163.034
 156  123.427
 157  125.014
 158   48.0201
 159   17.0729
 160   46.0031
 161   81.863
 162   65.811
 163  111.982
 164  101.712
 165  103.231
 166   64.4504
 167    4.5162
 168   39.733
 169   10.3539
 170    0.455
 171   12.0745
 172   33.2237
 173    6.5012
 174    0.283
 175    0.6294
 176    0
 177    0
 178    0
 179    6.948
 180   14.6949
 181    0
 182    0
 183    0
 184    0
 185    0
 186    0
 187    0
 188    0.6674
 189    0
 190    0
 191    0
 192    0.4604
 193    0
 194    3.7265
 195    0.24
 196    0
 197    0
 198    0
 199    0
 200   85.8146
 201   71.7196
 202  197.869
 203  124.89
 204  114.836
 205   79.9614
 206   82.5755
 207   15.4926
 208  195.597
 209  116.53
 210  169.927
 211  288.937
 212  265.43
 213  217.323
 214  132.774
 215   22.3235
 216  204.199
 217  147.847
 218  207.048
 219  300.396
 220  134.076
 221   58.5969
 222   67.8902
 223   25.918
 224  314.972
 225  253.627
 226  204.085
 227  259.645
 228  145.573
 229  105.17
 230   56.8977
 231   21.7643
 232  113.69
 233  185.647
 234  134.735
 235  118.789
 236  116.144
 237   87.0585
 238   35.2477
 239   17.7976
 240   59.3284
 241   87.4515
 242   82.0079
 243   94.3249
 244   99.8298
 245   48.0596
 246   21.8219
 247   12.9784
 248   31.8892
 249   26.3161
 250    5.5251
 251   22.8839
 252   22.767
 253    0
 254   12.811
 255    0
 256    1.9567
 257    1.1412
 258    7.4968
 259   15.3136
 260    0.412
 261    0
 262    0
 263    0
 264   38.0812
 265   38.6988
 266   49.8788
 267   52.9741
 268   25.6004
 269   40.7759
 270   37.8962
 271    4.4325
 272  192.038
 273  144.558
 274  114.728
 275   77.5119
 276  113.418
 277  148.031
 278  144.678
 279   54.1646
 280  183.081
 281  164.365
 282  186.228
 283  191.51
 284  130.43
 285  116.862
 286   59.0222
 287   26.0691
 288  165.983
 289  194.841
 290  208.441
 291  239.903
 292  193.31
 293  171.626
 294  105.313
 295   33.1917
 296  165.463
 297  176.114
 298  151.081
 299  170.456
 300  179.359
 301  154.176
 302   99.8487
 303   77.8772
 304   95.6254
 305  101.703
 306  166.016
 307  111.591
 308  109.04
 309  148.498
 310   92.0694
 311   25.1869
 312    0
 313   34.8114
 314   47.2752
 315    0
 316    0
 317   11.3836
 318   24.0212
 319   10.9003
 320    0.2573
 321    0
 322   28.113
 323   14.9936
 324    0
 325    0
 326    0
 327    0
 328    0
 329    0.2573
 330   25.8868
 331    0.4965
 332    0
 333   24.2599
 334    0.4937
 335    0.0608
 336   15.4876
 337    4.6465
 338    3.3798
 339    0
 340   14.0923
 341   12.3849
 342    5.7091
 343    3.5413
 344   57.1925
 345  102.288
 346  108.131
 347   68.0536
 348   38.0199
 349   47.479
 350   49.0675
 351   26.5093
 352  176.391
 353  153.558
 354  100.442
 355  195.295
 356  119.746
 357  128.399
 358   43.3615
 359   11.6362
 360  182.118
 361  138.705
 362   95.5143
 363  102.24
 364  153.83
 365  151.104
 366  134.152
 367   79.2008
 368   22.9049
 369   32.7305
 370   60.4196
 371   18.4706
 372   32.2942
 373   32.1379
 374   37.4406
 375    0.2886
 376    0.62
 377    0
 378   40.2822
 379    0
 380    0.8887
 381    0
 382    2.4072
 383   11.4342
 384    0
 385    0.2949
 386    0
 387    0
 388    0
 389    0
 390    0.3829
 391    0
 392    0
 393    0
 394    0.5898
 395    0
 396    0
 397    0
 398    0.431
 399    0
 400    0.0351
 401    0
 402    0
 403    0
 404    0
 405    0
 406    0.0389
 407    0
 408   22.7388
 409    0.5699
 410    0
 411    7.3264
 412    4.6684
 413    0.6627
 414    0
 415    0
 416   62.0652
 417   34.7161
 418   22.4562
 419   47.8037
 420   23.0842
 421   26.3364
 422    0.57
 423    1.2768
 424  117.095
 425   68.5558
 426   19.8333
 427   30.289
 428   55.4091
 429   60.0074
 430   31.7974
 431   21.889
 432   23.0529
 433   11.4548
 434    1.2527
 435    0.5613
 436   48.6727
 437   19.0263
 438    0
 439    0
 440    0.9611
 441    0
 442    0
 443    0.4875
 444   15.7572
 445    0
 446    0
 447    0
 448    0
 449    0
 450    0
 451    0
 452    0
 453    0.3829
 454    0
 455    0
 456    0
 457    0
 458    0
 459    0
 460    0
 461    0
 462    0
 463    0
 464    1.078
 465    0
 466    0
 467    0
 468    0
 469    0
 470    0
 471    0
 472    0
 473    0
 474    0
 475    0
 476    0
 477    0
 478    0
 479    0
 480    0
 481    0
 482    0
 483    0
 484    0
 485    0.1413
 486    0
 487    0
 488    0.7353
 489    0.9099
 490    0
 491    7.1536
 492    0
 493    0
 494    0
 495    0.1815
 496    0
 497    0
 498    0.431
 499    0.3705
 500    0
 501    0
 502    0
 503    0
 504    0
 505    0
 506    0
 507    0
 508    0
 509    0
 510    0
 511    0.5361
