This file was gnenerated on 2021-06-17 21:20:51.226693 by Grant Finneman. This contains the extracted data from the Gate simulations
The edep for each bar was summed up and printed to this file. The only math operation done has been addition.

  id      edep
   5    0.2134
  14    0.5308
  18    0.7369
  21    0.9158
  23    0.5678
  27    0.5048
  36    0.4406
  39    0.4282
  41    0.261
  43    0.5249
  46    0.9158
  48    0.5904
  51    0.261
  52    0.0447
  54    0.1798
  56    0.3003
  75    0.7658
  76    0.5187
  79    0.2134
  84    5.335
  88   18.2381
  89   15.6388
  90   55.0008
  91    6.7086
  93    0.71
  94    0.71
  95    0.8646
  96   19.0124
  99    9.6854
 100   25.1001
 105    0.7002
 109    0.5635
 115    0.3233
 116    1.0305
 118    0.484
 123    0.9103
 131    0.9637
 138    0.5315
 144   49.6279
 145  102.856
 146  138.089
 147   86.6621
 148   54.5082
 149   47.7986
 150   42.8186
 151    4.7825
 152  244.649
 153  331.042
 154  339.907
 155  261.446
 156  213.042
 157  176.339
 158  125.344
 159   58.7801
 160   51.4495
 161  198.129
 162  199.243
 163  111.505
 164  120.519
 165   88.7196
 166   18.6173
 167   22.1377
 168    0.2134
 169    0.1824
 172    1.3796
 173   26.8026
 175    8.9233
 177    0.9035
 178    2.7747
 179    8.385
 181    0.3233
 182    0.0566
 184    0.2481
 200    0.3933
 201    0.7356
 202    0.931
 205    1.83
 206    0.5124
 208  145.535
 209  161.267
 210  139.275
 211   93.1292
 212  100.91
 213  142.674
 214  148.971
 215   34.9785
 216  555.027
 217  719.543
 218  518.879
 219  495.873
 220  522.535
 221  402.843
 222  306.215
 223  128.721
 224  259.616
 225  356.048
 226  395.221
 227  220.29
 228  388.725
 229  279.711
 230  135.107
 231   38.3389
 232   30.4947
 233   53.2815
 234   76.1987
 235   28.8555
 236   37.7003
 237   24.0982
 238    6.4935
 243    3.12
 246   15.7222
 247    8.4658
 253    0.9126
 259    0.7974
 260    0.7974
 267    0.4342
 268    0.1999
 272   18.7155
 273   56.0397
 274   22.9438
 275   38.8149
 276   30.2474
 277   32.8643
 278   52.8966
 280  334.838
 281  367.203
 282  344.155
 283  325.66
 284  347.086
 285  304.096
 286  161.516
 287   59.0874
 288  355.158
 289  466.474
 290  472.14
 291  411.367
 292  497.949
 293  467.547
 294  315.292
 295  119.378
 296   99.9707
 297  114.779
 298  170.168
 299   92.5566
 300  118.78
 301   84.5258
 302   60.9251
 303   17.9457
 305    0.7761
 306    0.7761
 308    0.3477
 313    0.6047
 330    0.6344
 331    1.9218
 337    1.1103
 338    0.4396
 340   22.8096
 342    0.4247
 344   48.3804
 345  116.378
 346  100.155
 347   68.9856
 348   61.0372
 349   55.5374
 350   63.786
 351    5.0533
 352  119.013
 353  148.809
 354  163.65
 355  183.634
 356  150.28
 357  157.836
 358  128.88
 359   43.4822
 360    5.729
 361   33.1394
 362   59.8771
 363   33.8644
 364   22.5851
 365   51.4401
 366   24.2345
 367    7.3606
 369    0.5489
 372    0.9983
 373    0.7837
 381    0.6807
 387    1.1648
 392    0.8801
 395    0.7837
 396    0.5745
 397    0.7482
 402    0.8207
 404   16.6617
 412   72.7109
 416    8.294
 417    0.0898
 418    0.2027
 419   14.769
 420   38.2122
 421    9.6429
 429    4.8994
 430    9.9877
 432    0.7197
 436    0.245
 437    0.3948
 442    0.2985
 454    0.2217
 455    0.2217
 456    0.826
 469    0.4731
 474    1.1418
 476    1.0543
 481    0.5315
 486    0.2795
 488    0.5315
 489    0.06
 490    0.8908
 492    0.0967
 498    0.0097
 500    0.5417
 501    0.5358
