This file was gnenerated on 2021-06-21 16:44:41.547123 by Grant Finneman. This contains the extracted data from the Gate simulations
The edep for each bar was summed up and printed to this file. The only math operation done has been addition.

  id      edep
   0    0.6271
   1    0
   2    0
   3    0
   4    0
   5    0
   6    0
   7    0
   8    0.6434
   9    0
  10    0
  11    0
  12    0
  13    0
  14    0
  15    4.7937
  16    0.682
  17    0
  18    0
  19    0.275
  20    0
  21    0
  22    0
  23    0
  24    0
  25    0
  26    0.1738
  27    0
  28    0
  29    0
  30    0
  31    0
  32    0.1072
  33    0.2395
  34    0.3652
  35    0
  36    0
  37    0
  38    0
  39    0
  40    1.5367
  41    0
  42    0
  43    0
  44    0
  45    0.4223
  46    0
  47    0
  48    0
  49    0
  50    0
  51    0
  52    0
  53    0.9145
  54    0
  55    0
  56    0
  57    0.724
  58    0
  59    0
  60    0
  61    0
  62    0
  63    0
  64    0.6271
  65    0
  66    1.5899
  67    0
  68    0.0112
  69    0.8073
  70    0
  71    0
  72    0
  73    0
  74    0
  75    0
  76    0
  77    0
  78    0.8367
  79    0
  80    0.3569
  81    1.0937
  82    0
  83    0
  84    0.8367
  85    0
  86    0
  87    0
  88    0
  89   11.2591
  90   10.0799
  91    0.434
  92   11.4948
  93    0
  94    0
  95    0
  96   71.4759
  97   81.894
  98  136.518
  99  161.791
 100  101.558
 101   70.6615
 102   32.8576
 103    4.7995
 104   52.2206
 105   64.9845
 106   56.5329
 107   89.176
 108   86.2632
 109   77.8714
 110   34.7929
 111    7.6084
 112    0
 113    0.6118
 114    0
 115    0.4094
 116    0
 117    0
 118    0
 119    0
 120    0
 121    0
 122    0.3329
 123    0
 124    0
 125    0
 126    0
 127    0
 128    0
 129    0.9854
 130    0
 131    0.0043
 132    0.0043
 133    0.5944
 134    0
 135    0.8411
 136    0.0749
 137    0
 138    0.5335
 139    0
 140    0
 141    0
 142    0
 143    0
 144    0
 145    0
 146    0.321
 147   33.6007
 148    0.6475
 149    0
 150    0.5944
 151    2.1422
 152   69.9201
 153  107.004
 154   59.5578
 155   83.9043
 156   24.3689
 157   26.2189
 158   12.5742
 159    0
 160  349.096
 161  441.329
 162  392.327
 163  341.352
 164  501.614
 165  345.288
 166  171.984
 167   40.3955
 168  153.279
 169  192.401
 170  262.97
 171  218.74
 172  223.51
 173  148.642
 174  108.114
 175   25.6627
 176    4.0284
 177    0
 178   11.2698
 179    6.7771
 180    2.1613
 181    0.8223
 182    0
 183    0
 184    0.8207
 185    0
 186    0.434
 187    0
 188    0
 189    0
 190    0
 191    0
 192    0
 193    0
 194    0
 195    0
 196    0
 197    0
 198    0
 199    0
 200    0
 201    0
 202    0
 203    0
 204    0
 205    0
 206    0.812
 207    0
 208    9.1364
 209    8.1804
 210   20.7234
 211   38.9969
 212   14.602
 213    1.026
 214    0.0112
 215    0
 216  186.947
 217  219.738
 218  221.87
 219  306.917
 220  188.356
 221  186.287
 222  136.045
 223   46.9148
 224  396.571
 225  531.117
 226  541.288
 227  535.071
 228  471.027
 229  334.013
 230  282.135
 231   89.8926
 232   11.4844
 233  172.158
 234   75.0912
 235   75.5937
 236  129.032
 237  107.633
 238   27.1192
 239   15.2161
 240    0.6118
 241    0
 242   28.2934
 243    3.3002
 244    0.9864
 245    0.1838
 246    0
 247    0.1109
 248    0
 249    0.8274
 250    0
 251    0
 252    0
 253    0
 254    0
 255    0
 256    0.9854
 257    0
 258    0.8135
 259    0
 260    0
 261    0
 262    0
 263    0
 264   25.0297
 265    0
 266   14.997
 267    0
 268    0
 269    0
 270    0
 271    0
 272   59.3755
 273   43.9212
 274   80.2574
 275  136.215
 276  142.193
 277   83.2369
 278   17.627
 279    0.8658
 280  387.407
 281  452.524
 282  463.577
 283  478.882
 284  422.073
 285  284.757
 286  225.949
 287  110.925
 288  217.45
 289  242.394
 290  188.904
 291  186.641
 292  221.632
 293  135.452
 294  119.065
 295   22.0474
 296    0.156
 297   41.8314
 298   24.8207
 299    0
 300    0
 301   28.6505
 302   27.888
 303    0.821
 304    0.5901
 305    0.4663
 306    0
 307    0
 308    0
 309    0.5092
 310    0.9499
 311    0.6071
 312    0
 313    0
 314    0
 315    0.9177
 316    0
 317    0
 318    0
 319    0
 320    0
 321    0
 322    0.0072
 323    0
 324    0
 325    0
 326    0.939
 327    0
 328    7.0064
 329   25.8117
 330   32.7619
 331    0.3183
 332    0
 333    0
 334    0
 335    0
 336  244.17
 337  236.634
 338  312.255
 339  242.691
 340  161.756
 341  200.146
 342  142.836
 343   59.6244
 344  352.051
 345  411.815
 346  360.352
 347  458.671
 348  452.649
 349  351.402
 350  224.191
 351  100.997
 352   16.3802
 353  104.686
 354  111.263
 355   25.7376
 356   19.0108
 357   30.6927
 358   24.2405
 359    7.324
 360    0
 361    0
 362    0.6426
 363    0.1362
 364    0
 365    1.5666
 366    0.9699
 367    0.9907
 368    0
 369    0
 370    0
 371    0.6831
 372    0
 373    0.001
 374    0
 375    0
 376    1.2292
 377    0
 378    0.4874
 379    0.0256
 380    0
 381    0
 382    0
 383    0
 384    0
 385    0
 386    0
 387    0
 388    0
 389    0
 390    0
 391    0.6046
 392    0
 393    0
 394    0
 395    0
 396    0
 397    0.2348
 398    0
 399    0
 400   53.6715
 401   61.0612
 402   45.0037
 403  119.922
 404  121.655
 405  118.649
 406   57.3091
 407   24.5557
 408   32.2179
 409   60.0967
 410   86.838
 411  169.75
 412  152.911
 413  125.314
 414   83.9442
 415   16.3288
 416    0.9562
 417    0.3115
 418   18.7605
 419    7.6336
 420    0.8549
 421    0
 422    3.7287
 423    4.287
 424    0
 425    0
 426    0
 427    0.3603
 428    0.7223
 429    0
 430    0
 431    0.2671
 432    0
 433    0
 434    0
 435    0
 436    0
 437    0
 438    0
 439   11.6753
 440    0
 441    0
 442    0
 443    0
 444    0
 445    0
 446    0
 447    0
 448    0
 449    0
 450    0
 451    0
 452    0
 453    0.6709
 454    0
 455    0
 456    0
 457    0
 458    0
 459    0
 460    0
 461    0
 462    0.6709
 463    0
 464    2.1373
 465    0
 466    0
 467    0.9618
 468   10.5524
 469    0
 470    0
 471    0
 472    0
 473    0
 474   27.944
 475   19.2735
 476    9.714
 477   13.5996
 478    0
 479    0
 480    0
 481    0
 482    0.9013
 483    1.1406
 484    0
 485    0
 486    0
 487    0.9562
 488    0
 489    0
 490    0
 491    1.0011
 492    0
 493    0
 494    0
 495    0
 496    0
 497    0
 498    0
 499    0
 500    0.5801
 501    0
 502    0
 503    0
 504    0
 505    0
 506    0.8421
 507    0
 508    0
 509    0
 510    0
 511    0
