This file was gnenerated on 2021-06-22 19:54:44.249687 by Grant Finneman. This contains the extracted data from the Gate simulations
The edep for each bar was summed up and printed to this file. The only math operation done has been addition.

  id        edep
   0     1.03328
   1     0.37205
   2     0
   3     1.70864
   4     0.26609
   5     2.02909
   6     0
   7    20.2547
   8     8.14193
   9     1.43832
  10     0.98761
  11     3.06026
  12     1.36324
  13     3.52093
  14     0.86518
  15    12.4763
  16     0.52797
  17    16.2969
  18    63.619
  19    55.1541
  20    11.8233
  21    52.5864
  22    17.0856
  23     0.19883
  24     1.86956
  25     6.02604
  26    23.7595
  27    18.6297
  28     0.6181
  29    17.758
  30     8.96241
  31     0.64989
  32     1.92162
  33     1.27314
  34     1.42792
  35    10.8312
  36    40.751
  37     7.51808
  38     2.08577
  39     3.09823
  40     2.45949
  41     1.78773
  42     0.7766
  43     0.91179
  44    10.7871
  45    18.5815
  46    13.9608
  47     7.29319
  48     0.45949
  49     0.1678
  50     1.38336
  51     1.07493
  52     0
  53     0.10038
  54     0.2673
  55     9.25137
  56    12.3281
  57     1.93408
  58     1.27474
  59     0.30603
  60     0.73776
  61     1.0749
  62     0
  63     0.26134
  64     1.69306
  65     1.78183
  66     1.42125
  67     0.76041
  68     0.13869
  69     2.04948
  70     0.00434
  71     0
  72    86.7767
  73    50.0497
  74    57.375
  75    59.9322
  76    63.2396
  77    82.0151
  78    14.5451
  79     0.23414
  80   469.551
  81   555.659
  82   688.32
  83   637.314
  84   496.675
  85   427.136
  86   276.112
  87   112.254
  88   588.074
  89   444.803
  90   535.84
  91   479.413
  92   498.678
  93   326.485
  94   243.711
  95    86.6099
  96   232.794
  97   220.853
  98   239.489
  99   137.305
 100   139.868
 101   190.366
 102    93.5536
 103    20.2284
 104   115.126
 105   176.753
 106   107.006
 107    71.6924
 108    52.9337
 109    87.2522
 110    19.8698
 111    14.9784
 112     2.25642
 113     9.32288
 114    25.2453
 115    25.8303
 116     8.2
 117    18.0142
 118    41.6887
 119    17.3701
 120     7.09619
 121     0.55151
 122     0
 123     2.02271
 124     3.05656
 125     0.88415
 126     0
 127     2.90758
 128     2.89335
 129     2.2305
 130     0.21573
 131    20.6969
 132     8.7958
 133    20.191
 134     1.19345
 135     0.6253
 136   206.047
 137   245.537
 138   285.815
 139   255.405
 140   158.004
 141    85.0165
 142    23.1087
 143     7.77351
 144  1312.83
 145  1487.65
 146  1413.03
 147  1456.15
 148  1233.55
 149  1031.53
 150   666.124
 151   239.845
 152  1319.14
 153  1511.48
 154  1614.36
 155  1541.1
 156  1535.55
 157  1322.56
 158   770.47
 159   262.693
 160  1314.46
 161  1488.41
 162  1457.65
 163  1342.6
 164  1216.76
 165  1070.37
 166   689.208
 167   295.65
 168   908.783
 169   806.804
 170  1048.16
 171   935.708
 172   878.592
 173   820.473
 174   503.021
 175   164.67
 176   463.893
 177   545.686
 178   457.32
 179   438.368
 180   399.543
 181   299.798
 182   191.013
 183    54.6654
 184    17.5397
 185     4.85305
 186     3.89256
 187    51.5378
 188    32.7864
 189     5.44975
 190     3.90171
 191     1.7479
 192    43.1362
 193     2.28571
 194     4.75889
 195    11.4843
 196    30.6953
 197    11.1922
 198     0.45745
 199     0.68256
 200   591.117
 201   390.836
 202   498.377
 203   656.845
 204   556.032
 205   524.111
 206   232.647
 207   106.924
 208  1555.3
 209  1373.3
 210  1393.77
 211  1431.23
 212  1497.1
 213  1176.96
 214   794.985
 215   322.798
 216  1552.08
 217  1657.37
 218  1814.83
 219  1556.36
 220  1401.86
 221  1259.74
 222   851.893
 223   351.124
 224  1607.06
 225  1550.77
 226  1761.22
 227  1628.69
 228  1756.65
 229  1376.47
 230   781.058
 231   258.376
 232  1524.91
 233  1513.57
 234  1343.85
 235  1451.2
 236  1533.45
 237  1256.76
 238   889.3
 239   317.072
 240   802.682
 241   700.949
 242   667.386
 243   681.34
 244   710.258
 245   775.092
 246   327.005
 247   136.516
 248    39.9674
 249    75.1665
 250    87.8326
 251    65.45
 252    79.8839
 253    36.2266
 254    10.5734
 255    14.5558
 256    21.7924
 257    27.4135
 258    11.7503
 259    37.6095
 260    26.0492
 261    74.3565
 262     5.74302
 263     0.95533
 264   607.769
 265   735.918
 266   639.997
 267   795.815
 268   738.927
 269   843.238
 270   441.903
 271   172.618
 272  1308.16
 273  1222.38
 274  1349.97
 275  1468.23
 276  1560.98
 277  1489.5
 278   822.665
 279   264.254
 280  1566.5
 281  1895.08
 282  1698.82
 283  1721.77
 284  1686.53
 285  1339.97
 286   785.085
 287   320.123
 288  1640.73
 289  1923.19
 290  2056.32
 291  1909.83
 292  1599.09
 293  1296.45
 294   860.535
 295   231.991
 296  1413.61
 297  1412.27
 298  1581.87
 299  1469.59
 300  1435.95
 301  1407.17
 302   977.704
 303   316.818
 304   352.436
 305   352.619
 306   375.022
 307   369.166
 308   438.193
 309   414.77
 310   211.505
 311   117.239
 312    15.5647
 313    24.3826
 314    32.828
 315     9.0308
 316     1.79673
 317     1.38616
 318     9.12652
 319    10.4591
 320    35.6854
 321    49.9377
 322    22.8009
 323    16.8318
 324    36.815
 325    14.7006
 326     0.53505
 327     0.90531
 328   379.572
 329   403.026
 330   402.707
 331   498.444
 332   429.679
 333   441.657
 334   183.937
 335   109.474
 336   747.962
 337   905.187
 338   813.831
 339   770.034
 340   824.342
 341   970.403
 342   563.64
 343   175.046
 344  1260.38
 345  1445.66
 346  1444.72
 347  1399.38
 348  1240.9
 349   896.877
 350   623.447
 351   252.008
 352  1363.7
 353  1576.66
 354  1552.59
 355  1493.34
 356  1443.35
 357  1261.82
 358   876.328
 359   282.752
 360   972.215
 361  1424.08
 362  1345.1
 363  1263.95
 364  1264.53
 365  1367.85
 366   773.93
 367   254.13
 368    91.2609
 369   164.027
 370   186.403
 371   139.318
 372   216.877
 373   257.398
 374   106.764
 375    31.2914
 376     0.60452
 377     0.60235
 378     0.66681
 379     1.20965
 380    16.9693
 381    37.9838
 382     4.68412
 383     0.61367
 384     3.13307
 385     1.40898
 386     3.55604
 387     0.46151
 388     0.46151
 389     1.78416
 390     1.45969
 391     0.26909
 392    16.6392
 393    45.0517
 394    45.9241
 395    26.2434
 396     1.9331
 397    39.2301
 398     2.26351
 399     0.03927
 400   107.544
 401   100.731
 402   109.738
 403    47.8295
 404    91.1689
 405    68.7287
 406    18.1207
 407    24.8773
 408   215.352
 409   291.552
 410   340.158
 411   284.681
 412   229.528
 413   175.28
 414    60.5288
 415     5.20944
 416   537.827
 417   510.733
 418   522.684
 419   534.085
 420   312.824
 421   430.677
 422   199.422
 423    85.2564
 424   497.038
 425   583.442
 426   660.884
 427   543.581
 428   418.914
 429   470.085
 430   245.37
 431   117.716
 432    88.2059
 433    38.4351
 434    37.5022
 435    33.7213
 436    25.2738
 437    15.0046
 438    15.2641
 439     1.0223
 440     0.79955
 441     0.56923
 442     5.70814
 443     1.74252
 444     4.31549
 445     1.48952
 446     1.83488
 447     0.9897
 448     0.1663
 449     0.72811
 450     0
 451     0.98554
 452     0.8771
 453     0.06095
 454     0
 455     0.47991
 456     0.98473
 457     1.13653
 458     0
 459     0.46209
 460     1.1417
 461    14.9031
 462     0.73465
 463     1.26103
 464     2.84488
 465     2.21253
 466     0.52012
 467     0
 468    12.2818
 469     7.47463
 470     0
 471     0.43696
 472     1.62185
 473     4.40447
 474     1.134
 475    18.374
 476     2.16068
 477     0.82168
 478     2.94867
 479    18.2792
 480     9.42751
 481    12.3974
 482    19.5275
 483    21.0904
 484    31.2931
 485    11.4498
 486    23.3077
 487     0.8267
 488    13.1329
 489     0.65872
 490    21.58
 491     0.40722
 492     5.02065
 493    18.9006
 494     4.3173
 495     0.54878
 496    36.0364
 497     4.08794
 498     1.03517
 499     1.27603
 500     6.17971
 501     0.06226
 502     2.34863
 503     1.80849
 504     0
 505     0.45613
 506     7.92161
 507     1.40014
 508     0.98905
 509     0.83716
 510     0.66353
 511     0
