This file was gnenerated on 2021-06-17 21:22:36.462924 by Grant Finneman. This contains the extracted data from the Gate simulations
The edep for each bar was summed up and printed to this file. The only math operation done has been addition.

  id      edep
  14    0.3245
  19    0.5022
  29    0.986
  30    0.9351
  32    0.5225
  39    0.2715
  40    0.306
  41    0.3954
  42    0.306
  43    0.4144
  47    0.3206
  62    4.0941
  63   12.9487
  65    0.342
  83    0.8578
  84    0.4289
  88   70.8823
  89   16.5926
  90   16.2587
  91   32.6519
  92   70.9958
  93    8.8225
  94   28.4415
  95   43.6844
  96   68.7267
  97   89.441
  98   85.165
  99   87.8169
 100   84.5934
 101   84.9622
 102   46.1044
 103   22.5647
 104   58.7299
 105   25.8157
 106   18.1815
 107    6.4018
 108   38.4661
 109   59.6041
 110   42.0574
 111    0.4097
 112    0.9701
 113    0.6935
 114   14.2875
 115    8.748
 116    4.795
 117    4.795
 118    0.5109
 132    0.9744
 138   17.2265
 141    0.0126
 142    0.6999
 144   25.5328
 145   98.1645
 146   25.3169
 147   19.587
 148   13.3
 149   35.2332
 150   23.2116
 151    0.4738
 152  138.681
 153  194.241
 154   93.4065
 155   70.0409
 156  103.179
 157   95.1901
 158   42.376
 159    7.0763
 160  166.009
 161  144.522
 162  113.216
 163  143.537
 164  143.166
 165  135.277
 166   92.7226
 167   49.4523
 168  124.597
 169   91.3121
 170   68.7925
 171   91.5015
 172  119.147
 173  179.841
 174  115.458
 175   42.8155
 176    2.32
 177   29.3231
 178   15.377
 179   27.7099
 180   73.0824
 181    4.7559
 182   10.7573
 184    1.0234
 190    1.2312
 192   11.1293
 193   14.619
 195    0.4465
 196    4.4303
 197    2.1726
 199    0.849
 200    6.482
 201   57.2658
 202   73.4395
 203   61.5934
 204   47.2637
 205   12.9967
 206    1.4484
 207    0.8335
 208  147.064
 209  124.021
 210  132.633
 211  169.274
 212   80.3786
 213   75.8145
 214   46.5931
 215   54.9885
 216  186.826
 217  240.621
 218  224.552
 219  165.303
 220  194.55
 221  178.062
 222  128.65
 223   23.5507
 224  211.342
 225  177.416
 226  221.484
 227  198.806
 228  328.248
 229  227.635
 230  114
 231   23.4126
 232  114.56
 233  169.596
 234  145.487
 235  195.652
 236  158.335
 237  197.156
 238   81.0715
 239   18.8875
 240   77.3677
 241  114.998
 242   97.938
 243   69.3358
 244   80.0209
 245   79.7182
 246   31.5232
 247   19.4554
 248    6.0248
 249    5.0848
 250    0.7256
 251    0.5642
 252    1.1298
 254    6.6821
 255    3.2861
 256   42.942
 262    0.5407
 264  116.999
 265  134.958
 266   71.1059
 267   66.0126
 268  149.557
 269   82.2274
 270   77.9981
 271   17.7448
 272  246.796
 273  185.87
 274  273.621
 275  193.445
 276  232.35
 277  127.757
 278  101.554
 279   41.8887
 280  144.776
 281  153.698
 282  147.225
 283  148.16
 284  125.822
 285  106.528
 286   86.2296
 287   35.6737
 288  269.606
 289  240.824
 290  177.473
 291  132.208
 292   67.1112
 293  122.337
 294  120.061
 295   52.4136
 296  111.034
 297   82.1501
 298   97.4018
 299  139.11
 300  158.146
 301   89.4995
 302   46.4667
 303   49.7097
 304   22.4011
 305   29.976
 306   47.1
 307   51.5966
 308   27.877
 309   41.585
 310   25.9348
 311    6.318
 312    0.5342
 316    0.9923
 319   23.1839
 320    0.9503
 323    0.4545
 328   32.7175
 329   28.1301
 330   23.7514
 332   27.0828
 333   13.287
 334    0.7416
 335    0.718
 336  154.534
 337  134.636
 338  119.622
 339  132.68
 340  137.752
 341  171.561
 342  142.773
 343   58.5314
 344  220.306
 345  197.297
 346  214.401
 347  174.388
 348  188.828
 349  186.076
 350  108.341
 351   54.6775
 352  153.497
 353  168.356
 354  119.454
 355  121.097
 356   79.7436
 357   89.5892
 358   20.6334
 359    6.3736
 360   54.96
 361   13.0791
 362   33.0883
 363   41.0063
 364   38.0852
 365   15.2434
 366    4.6683
 367    3.1526
 368    1.7676
 369    0.7691
 375    0.9026
 376    0.8551
 377    0.9054
 378    0.6088
 379    0.9189
 383    0.8486
 385    0.0429
 386    0.8528
 389    0.4545
 393    0.4545
 396   10.3711
 397   11.8851
 400   42.1992
 401   14.4303
 402   16.9958
 403   35.1696
 404   47.1401
 405   54.4212
 406   41.9468
 408   58.246
 409   74.1455
 410  110.722
 411  146.915
 412  173.211
 413  117.448
 414   77.2584
 415   35.5455
 416   56.2285
 417   24.3969
 418   42.0105
 419   80.0269
 420   67.3184
 421   18.5329
 422   22.8762
 423   27.2364
 424   24.0436
 425    0.7217
 432    0.7213
 439    0.6016
 458    1.0007
 465    0.4867
 466   17.3922
 467   10.7666
 473    1.384
 474    4.152
 475    0.2376
 476    4.5003
 477    4.286
 478    1.4015
 479    2.5227
 481    0.0828
 482   21.3092
 483    0.2613
 488    1.038
