This file was gnenerated on 2021-06-21 16:43:43.690147 by Grant Finneman. This contains the extracted data from the Gate simulations
The edep for each bar was summed up and printed to this file. The only math operation done has been addition.

  id      edep
   0    0.0635
   1    0
   2    0
   3    0
   4    0
   5    0
   6    0
   7    0
   8    0
   9    0
  10    1.6686
  11    0
  12    0
  13    0
  14    0
  15    0
  16    0
  17    0
  18    0
  19    0
  20    0
  21    0
  22    0
  23    0
  24    0
  25    0
  26    1.2493
  27    0.7544
  28    0
  29    0
  30    0
  31    0
  32    0
  33    0
  34    1.5056
  35    0
  36    0
  37    0
  38    0
  39    0
  40    0
  41    0
  42    1.0163
  43    0
  44    0
  45    0
  46    0
  47    0
  48    0.226
  49    0
  50    0
  51    0.337
  52    0
  53    0
  54    0
  55    0.5579
  56    0
  57    0
  58    0
  59    0
  60    0
  61    0
  62    0
  63    0.8814
  64    0
  65    0
  66    2.5516
  67    0
  68    0.2417
  69    0
  70    0
  71    0
  72    0
  73    0
  74    0.9662
  75    0
  76    0.1019
  77    0.5095
  78    0
  79    0
  80    0
  81    0
  82    0
  83    0
  84    0
  85    0
  86    0
  87    0
  88    0
  89    0.988
  90    0.984
  91    0.7121
  92    0
  93    0
  94    0
  95    0
  96    0
  97    0
  98    1.3667
  99    0
 100    0.2086
 101    0
 102    0
 103    0
 104    0
 105    0.7323
 106    0
 107    0
 108    0
 109    0
 110    0
 111    0
 112    0
 113    0
 114    0
 115    0
 116    0
 117    0
 118    0.6304
 119    0
 120    0
 121    0
 122    0
 123    0
 124    0.9784
 125    0
 126    0
 127    0
 128    0.855
 129    0
 130    0
 131    0
 132    0
 133    0
 134    0
 135    0
 136    0
 137    0
 138    0.7778
 139    0.7785
 140    0
 141    0
 142    0
 143    0
 144    0
 145    2.4104
 146   14.2829
 147    0
 148    0.6041
 149    0
 150    0.8795
 151    0
 152    7.1967
 153    7.9914
 154    2.6943
 155   59.1469
 156   27.6668
 157    8.3186
 158    7.9259
 159    0
 160   18.1079
 161   19.4787
 162    7.325
 163   14.15
 164   45.2456
 165   13.7161
 166    7.4238
 167    4.5459
 168    0
 169    0
 170    0.4905
 171    0
 172    0.5999
 173    0.033
 174    0
 175    0.9784
 176    0
 177    0
 178    0
 179    0.3541
 180    0
 181    0.9712
 182    0
 183    0
 184    0
 185    0
 186    0
 187    0.988
 188    0
 189    0
 190    0.9784
 191    0
 192    0
 193    0
 194    0
 195    0
 196    0
 197    0
 198    0
 199    0.9784
 200    0
 201    0
 202    0
 203    0
 204    0
 205    0.5297
 206    0.5657
 207    0.7895
 208   51.7235
 209   58.4852
 210   31.0263
 211   23.0706
 212    1.9786
 213    0
 214    7.9115
 215    0
 216  688.837
 217  779.013
 218  710.605
 219  724.608
 220  479.82
 221  530.138
 222  387.474
 223  154.213
 224  693.033
 225  915.276
 226  643.784
 227  646.625
 228  776.879
 229  744.457
 230  384.171
 231  157.615
 232   23.4185
 233   40.9189
 234    0.5968
 235    0.6557
 236   35.4854
 237   29.9664
 238    6.0158
 239    0
 240    0
 241    0
 242    0.988
 243    0.4528
 244    0
 245    0
 246    0
 247    0
 248    0
 249    0.116
 250    1.2205
 251    0
 252    0
 253    0
 254    0
 255    0
 256    0
 257    0.1426
 258    0
 259    0
 260    0.5923
 261    0.5548
 262    0
 263    0
 264    0
 265    1.448
 266    0
 267    0.1217
 268    0
 269    0
 270    0
 271    0
 272   46.8226
 273   31.1786
 274    0.8784
 275   15.0075
 276  101.078
 277   47.8982
 278   10.5336
 279    0.4785
 280  559.215
 281  666.952
 282  559.094
 283  688.616
 284  792.252
 285  683.157
 286  397.2
 287  133.492
 288  633.976
 289  761.089
 290  772.436
 291  682.742
 292  812.899
 293  755.843
 294  512.214
 295  198.126
 296   22.8202
 297   65.1196
 298   61.5836
 299   26.669
 300   30.8897
 301    6.7155
 302   30.2625
 303    0
 304    0
 305    0
 306    0
 307    1.6551
 308    0.3146
 309    0
 310    0
 311    0
 312    0
 313    0
 314    0
 315    0
 316    0
 317    0
 318    0
 319    0
 320    0
 321    0
 322    0
 323    0
 324    0
 325    0
 326    0
 327    0
 328    0.8377
 329    0
 330    0
 331    0
 332    0
 333    0.8106
 334    0.8492
 335    0
 336    4.5904
 337    0.9275
 338    0.4094
 339    0
 340    0
 341    0.3051
 342   16.8515
 343    6.7226
 344   14.6375
 345   15.3312
 346   15.448
 347    2.198
 348   11.5544
 349   22.9766
 350   30.8735
 351    7.1691
 352   11.2006
 353    1.3199
 354   17.3913
 355   39.012
 356   12.6477
 357   14.272
 358   18.5801
 359    1.3956
 360    0.7302
 361    0
 362    0.1902
 363    0.7056
 364    0.4221
 365    0.4905
 366    0
 367    0.4221
 368    0
 369    0
 370    0
 371    0.8967
 372    0
 373    0
 374    0
 375    1.1057
 376    0
 377    0
 378    0
 379    0
 380    0
 381    0
 382    0.4151
 383    0
 384    0
 385    0
 386    1.1317
 387    1.9004
 388    0
 389    0.9328
 390    0
 391    0
 392    0
 393    0
 394    0
 395    0.8038
 396    0
 397    0.6973
 398    0
 399    0.5297
 400    0
 401    0.082
 402    0
 403    0
 404    0
 405    0
 406    0.5962
 407    1.8003
 408    0
 409    0
 410    0
 411    0
 412    0
 413    0.2377
 414    0.6778
 415    0
 416    0.312
 417    0
 418    0
 419    0.9853
 420    0
 421    0.3619
 422    0.9876
 423    0
 424    0.5028
 425    0
 426    0
 427    0
 428    0
 429    0.0826
 430    0
 431    0.9779
 432    0.1019
 433    0.7056
 434    0
 435    0.8967
 436    0
 437    0
 438    0
 439    0
 440    0
 441    0
 442    0.8967
 443    0
 444    0
 445    0
 446    0
 447    1.4521
 448    0
 449    0.4101
 450    0
 451    0
 452    0
 453    0
 454    0
 455    0
 456    0
 457    0
 458    0
 459    0
 460    0
 461    0
 462    0
 463    0.5297
 464    0
 465    0
 466    0
 467    0
 468    0
 469    0
 470    0
 471    0
 472    0.8679
 473    0
 474    0
 475    0
 476    0
 477    0.5811
 478    0
 479    0
 480    0.3413
 481    0
 482    0
 483    0.5153
 484    0
 485    0
 486    0
 487    0
 488    0
 489    0
 490    0
 491    0
 492    0
 493    0.4754
 494    0
 495    0
 496    0.6256
 497    0
 498    0
 499    0
 500    0
 501    0
 502    0
 503    0
 504    0
 505    0
 506    0
 507    0
 508    0
 509    0
 510    0
 511    0
