This file was gnenerated on 2021-06-21 16:47:39.056044 by Grant Finneman. This contains the extracted data from the Gate simulations
The edep for each bar was summed up and printed to this file. The only math operation done has been addition.

  id      edep
   0    0
   1    0
   2    0
   3    0
   4    0
   5    0
   6    0
   7    0
   8    0
   9    0
  10    0
  11    0
  12    0
  13    0
  14    0.5232
  15    0
  16    0
  17    0
  18    0
  19    0.9012
  20    0
  21    0
  22    0
  23    0
  24    0
  25    0
  26    0.1391
  27    0
  28    0
  29    0
  30    0
  31    0
  32    0.0509
  33    0.06
  34    0
  35    0
  36    0
  37    0
  38    0
  39    0
  40    0
  41    0
  42    0
  43    0
  44    0
  45    0
  46    0
  47    0
  48    0
  49    0.7431
  50    0.3274
  51    0
  52    0
  53    0.1379
  54    0
  55    0
  56    0
  57    0
  58    0
  59    0.7431
  60    0
  61    0
  62    0
  63    0
  64    0
  65    0
  66    0
  67    0
  68    0
  69    0.528
  70    0
  71    0
  72    0.2777
  73    0
  74    0
  75    0.0262
  76    0
  77    0
  78    0
  79    0
  80    0
  81    0
  82    0
  83    0
  84    0
  85    0
  86    0
  87    1.0241
  88    0.6857
  89    0
  90    0
  91    0
  92    0
  93    0
  94    0
  95    0
  96   11.2193
  97    0
  98   26.4277
  99   17.658
 100   19.4238
 101    0.3524
 102    0
 103    0
 104   11.8603
 105    1.4512
 106    6.027
 107    0.6617
 108    0.9392
 109   11.0612
 110   10.704
 111   22.8592
 112   18.7788
 113    3.918
 114    0
 115    0.324
 116    0
 117    0
 118    0
 119    0
 120    0
 121    0
 122    1.8794
 123    0
 124    0
 125    0
 126    0
 127    0
 128    0
 129    0
 130    0
 131    0
 132    0
 133    0.3588
 134    0
 135    0
 136    0
 137    8.7354
 138    2.6586
 139    0
 140    0
 141    0.5097
 142    0
 143    0
 144   12.1503
 145    0.0156
 146    8.1627
 147   21.58
 148    7.6146
 149    0
 150   19.7574
 151    0
 152   76.1105
 153   78.1593
 154   46.8607
 155   93.7661
 156  110.126
 157  174.63
 158   34.3261
 159   14.0459
 160  228.676
 161  213.732
 162  203.696
 163  133.27
 164  152.675
 165  177.769
 166  109.862
 167   68.5325
 168  146.519
 169  152.451
 170  192.43
 171   72.262
 172  117.427
 173  173.22
 174  142.323
 175   30.2983
 176   12.4722
 177   24.7275
 178    3.094
 179   15.8524
 180    3.8427
 181    0
 182    0
 183    0
 184    0.9957
 185    0
 186    0
 187    0
 188    0
 189    0
 190    0.1442
 191    0
 192    0
 193    0.0952
 194    0
 195    0.5469
 196    0
 197    0
 198    0
 199    0
 200   45.5795
 201   34.6508
 202   15.4688
 203   18.6753
 204   16.6811
 205    7.397
 206    3.4803
 207    1.1784
 208  140.156
 209  116.633
 210  175.147
 211  163.114
 212  138.192
 213  121.487
 214  131.845
 215   57.3381
 216  210.437
 217  244.864
 218  398.176
 219  270.772
 220  288.366
 221  287.644
 222  164.133
 223  103.357
 224  197.114
 225  312.051
 226  263.65
 227  268.768
 228  269.936
 229  263.604
 230  162.356
 231   87.4013
 232  223.085
 233  303.358
 234  215.497
 235  150.457
 236  210.367
 237  187.139
 238  138.417
 239   65.3794
 240   14.0584
 241    6.0838
 242   11.9656
 243   57.163
 244   14.9305
 245   15.2493
 246   32.2588
 247    1.4184
 248    2.1326
 249    0.2489
 250    0
 251    0
 252    0
 253    0
 254    0
 255    0
 256    0
 257    0
 258    0
 259    0.8289
 260    0
 261    1.3694
 262    0.6847
 263    0
 264   97.5095
 265   57.1302
 266   11.1805
 267   40.1063
 268    4.3879
 269   17.4111
 270    7.0388
 271    0.9972
 272  309.005
 273  262.816
 274  201.076
 275  204.339
 276  231.354
 277  146.688
 278   86.8478
 279   34.8777
 280  360.839
 281  428.582
 282  306.761
 283  343.164
 284  309.746
 285  249.371
 286  203.56
 287   90.8148
 288  263.782
 289  297.266
 290  285.677
 291  439.061
 292  308.896
 293  217.051
 294  132.369
 295   48.8285
 296  163.582
 297  145.47
 298  150.939
 299  190.08
 300  124.568
 301  101.974
 302   91.5005
 303   48.7176
 304    9.6158
 305   13.2607
 306    1.2446
 307    5.2502
 308    7.5903
 309   24.0569
 310    2.938
 311    5.5293
 312    0
 313    0
 314    0
 315    1.5621
 316    0
 317   22.3964
 318    0
 319    0.4991
 320    0
 321    0.1379
 322    0
 323    0
 324    0
 325    0
 326    0
 327    0
 328    0.8696
 329   12.9647
 330    4.809
 331   13.2105
 332    0
 333    0.9802
 334    0
 335    0
 336  146.109
 337  156.076
 338  171.48
 339  132.992
 340  102.924
 341  147.84
 342  100.128
 343   30.172
 344  222.595
 345  283.7
 346  150.272
 347  213.262
 348  144.461
 349  176.636
 350  164.719
 351   46.1777
 352   58.5244
 353  110.775
 354   92.2469
 355   91.9224
 356   71.4876
 357   36.0375
 358   26.4116
 359    2.8093
 360   16.2936
 361    0.021
 362    0
 363    4.4205
 364   11.4836
 365    0
 366   16.4243
 367   11.6271
 368    0.8951
 369    0.8951
 370    0.0682
 371    0.317
 372    0
 373    8.9832
 374    0
 375    0
 376    0
 377    0.2115
 378    0
 379    0
 380    0
 381    0
 382    0
 383    0
 384    0
 385    0.7765
 386    0.3798
 387    0
 388    0
 389    0
 390    0
 391    0
 392    1.5218
 393    2.3914
 394    0
 395   17.5648
 396    0
 397    0
 398    0
 399    0
 400   35.6267
 401   13.7435
 402    0.8364
 403   26.7929
 404   26.9718
 405    5.3646
 406    0.986
 407    0
 408   23.3923
 409   27.255
 410   15.6142
 411    5.4501
 412    8.465
 413   19.8576
 414   19.821
 415    0
 416    0
 417    0
 418    0
 419    0
 420    0
 421    0
 422    0.7268
 423    0.7641
 424    0
 425    0
 426    0
 427    0.0363
 428    0
 429    0
 430    0
 431    0
 432    0
 433    0
 434    0
 435    0
 436    0
 437    0
 438    0
 439    0
 440    0
 441    1.1371
 442    0.7984
 443    0
 444    0
 445    0
 446    0
 447    0
 448    0
 449    0
 450    0
 451    0
 452    0
 453    0
 454    0
 455    0
 456    0
 457    0
 458    0
 459    0
 460    0
 461    0
 462    0
 463    0
 464    0
 465    0
 466    0
 467    0
 468    0
 469    0
 470    0
 471    0
 472    0
 473    0
 474    0.905
 475    0
 476    0.9276
 477    0
 478    0
 479    0
 480    0
 481    0
 482    1.81
 483    0
 484    0
 485    0
 486    0
 487    0.7641
 488    0
 489    0.319
 490    0
 491    0
 492    0
 493    0
 494    0
 495    0
 496    0
 497    0
 498    0
 499    0.1966
 500    0
 501    0
 502    0
 503    0
 504    0
 505    0
 506    0
 507    0
 508    0
 509    0
 510    0
 511    0
