This file was gnenerated on 2021-06-21 16:46:05.286890 by Grant Finneman. This contains the extracted data from the Gate simulations
The edep for each bar was summed up and printed to this file. The only math operation done has been addition.

  id      edep
   0    0
   1    0
   2    0
   3    0.0262
   4    0
   5    0.8458
   6    0
   7    0
   8    9.3186
   9    0
  10    0
  11    0
  12    0.8458
  13    0
  14    0
  15    0
  16    0
  17    0
  18    0
  19    0
  20    0
  21    0
  22    0
  23    0
  24    0
  25    0
  26    0
  27    0
  28    0
  29    0
  30    0
  31    0
  32    0.173
  33    0.3924
  34    0.1736
  35    0
  36    0
  37    0
  38    0
  39    0.745
  40    0
  41    0.5625
  42    0
  43    0
  44    0
  45    0
  46    0
  47    0
  48    0
  49    0
  50    0
  51    0
  52    0
  53    0
  54    0.745
  55    0
  56    0
  57    0
  58    0
  59    0
  60    0
  61    0
  62    0
  63    0
  64    0
  65    0
  66    0
  67    0
  68    0
  69    0
  70    0.1763
  71    0
  72    0
  73    0
  74    0.7719
  75    0
  76    0.8225
  77    0.5913
  78    0
  79    0.2123
  80    0.3353
  81    0.5598
  82    0
  83    0
  84    0
  85    1.1848
  86   16.9993
  87    0
  88    0.3064
  89    0.3064
  90    0
  91    0.9294
  92   23.415
  93    0
  94    7.3314
  95    0.6318
  96    7.8395
  97   16.1868
  98    2.4608
  99    6.4848
 100   14.1855
 101    7.1479
 102    0
 103    0
 104    7.1302
 105   13.7852
 106   13.5344
 107    0.9294
 108    0
 109    0.4531
 110    0
 111    1.9553
 112    0
 113    0
 114    0.3064
 115    1.2324
 116    0
 117    0.7168
 118    0
 119    0.8066
 120    0
 121    0
 122    0.2882
 123    0
 124    0
 125    0
 126    0
 127    0
 128    1.3576
 129    0
 130    0
 131    0
 132    0
 133    0
 134    0.5264
 135    0
 136    0.0305
 137    0
 138    0
 139   43.6207
 140   10.8798
 141    0.1763
 142    0
 143    0.5609
 144   54.9277
 145   56.8322
 146   77.7117
 147  148.342
 148  129.58
 149   63.671
 150   27.6852
 151   15.0248
 152  163.925
 153  165.631
 154  171.345
 155  187.98
 156  244.256
 157  117.365
 158  154.38
 159   40.058
 160  187.214
 161  229.318
 162  193.025
 163  223.671
 164  219.007
 165  143.851
 166   56.5268
 167   23.7947
 168    3.0559
 169   70.0482
 170   11.0531
 171   44.8644
 172   91.5866
 173   20.8844
 174    0.3064
 175    0
 176    0
 177    0.5625
 178    0
 179    0.182
 180    0
 181    0
 182    0.1636
 183    0
 184    0
 185    0.5816
 186    0
 187    0
 188    0.8696
 189    0.3015
 190    0.2143
 191    0
 192    0.5707
 193    0
 194    0
 195    0.7058
 196    0
 197    0.9061
 198    0
 199    0
 200    0
 201    0.5095
 202    1.3638
 203   13.7756
 204    0
 205    1.6056
 206    0
 207    0.9304
 208  195.979
 209  163.847
 210  180.326
 211  237.323
 212  217.916
 213  147.017
 214   65.0898
 215    9.2203
 216  327.102
 217  302.263
 218  275.443
 219  248.798
 220  378.815
 221  394.976
 222  244.237
 223   84.1023
 224  438.873
 225  353.737
 226  346.742
 227  342.663
 228  310.847
 229  258.125
 230  160.711
 231   88.4693
 232   70.8924
 233  162.747
 234  128.89
 235   64.8847
 236  141.737
 237  122.55
 238   42.6645
 239   10.4433
 240    5.222
 241   17.7892
 242    0
 243    0.1236
 244    0
 245    0
 246    0
 247    0.2623
 248    0
 249    0.6102
 250    0.4322
 251    0
 252    0
 253    0
 254    0.0377
 255    0.0377
 256    0
 257    0.5377
 258    0
 259    0
 260    0
 261    0
 262    0
 263    0
 264    0.7611
 265    1.0398
 266    8.4926
 267    0.9294
 268    0
 269    0
 270    0
 271    0.5707
 272   65.5366
 273   72.8828
 274  107.253
 275  131.621
 276  123.845
 277   59.031
 278   59.995
 279    1.2315
 280  255.169
 281  432.869
 282  410.56
 283  445.734
 284  430.872
 285  311.191
 286  172.694
 287   98.8918
 288  430.432
 289  447.17
 290  533.973
 291  357.573
 292  374.546
 293  348.2
 294  276.293
 295   66.4642
 296  165.331
 297  164.184
 298  169.432
 299  110.25
 300  159.073
 301   95.5597
 302   87.4331
 303   33.8371
 304    0
 305    0
 306   10.8175
 307    0
 308    1.4124
 309    0.3962
 310    0
 311    0
 312    0
 313    0.1655
 314    0
 315    0
 316    0
 317    0
 318    0.0377
 319    0
 320    0
 321    0
 322    0
 323    0
 324    0
 325    0
 326    0
 327    0
 328    0
 329    0
 330    0
 331   22.7696
 332    0
 333    0.0969
 334    0.5624
 335    0
 336    0.5092
 337   19.8908
 338   22.5466
 339   52.6392
 340   38.6918
 341   45.8036
 342    4.518
 343    2.7108
 344  201.099
 345  201.901
 346  170.642
 347  187.612
 348  140.981
 349  152.468
 350   83.801
 351   32.811
 352  157.493
 353  107.424
 354  168.37
 355  200.075
 356   85.6828
 357  111.778
 358   74.324
 359   56.8077
 360   25.3157
 361   48.4235
 362   34.7954
 363   36.5396
 364   59.9203
 365  125.668
 366   52.2286
 367   10.447
 368    0
 369    0
 370    0.9976
 371    0
 372    0
 373    0
 374    0
 375    0
 376   14.133
 377    0.6102
 378    0
 379    0
 380    0
 381    0
 382    0
 383    0
 384    0
 385    0
 386    0
 387    0
 388    0
 389    0.9725
 390    0
 391    5.9022
 392    0
 393    0
 394    0
 395    0
 396    0
 397    0.7562
 398    0
 399    0.8559
 400    0.4763
 401    0
 402    0
 403    0
 404    0
 405    0
 406    0
 407    0
 408   13.0528
 409    0.7351
 410    3.262
 411    6.4634
 412    5.8953
 413   28.719
 414   17.9026
 415    0
 416    0
 417    0.0147
 418   32.2963
 419   34.4771
 420    2.35
 421    1.0925
 422    0.665
 423    0.0042
 424    0
 425    0
 426    0
 427    0
 428    0
 429    0
 430    0.3479
 431    0.4624
 432    0
 433    0
 434    0
 435    0
 436    0
 437    0
 438    0
 439    0
 440    0
 441    0
 442    0
 443    0
 444    0
 445    0.0512
 446    0
 447    0
 448    0
 449    0
 450    0
 451    0
 452    0
 453    0
 454    0
 455    0
 456    0
 457    0
 458    0
 459    0
 460    0
 461    0
 462    0
 463    0
 464    0
 465    0
 466    0
 467    0
 468    0
 469    0
 470    0
 471    0
 472    0
 473    0
 474    0
 475    0
 476    0
 477    0.7565
 478    0
 479    0.5425
 480    1.1295
 481    0
 482    0
 483    0
 484    0.2974
 485    0
 486    1.9484
 487    0
 488    0
 489    0
 490    0
 491    0
 492    0
 493    0
 494    0.9959
 495    0
 496    0
 497    0
 498    0
 499    0
 500    0
 501    0
 502    0
 503    0
 504    0.1164
 505    0.7719
 506    0
 507    0
 508    0.2512
 509    0
 510    0
 511    0.669
