This file was gnenerated on 2021-06-22 19:34:40.143600 by Grant Finneman. This contains the extracted data from the Gate simulations
The edep for each bar was summed up and printed to this file. The only math operation done has been addition.

  id        edep
   0     0
   1     0
   2     3.0369
   3     0.53467
   4     0
   5     0.7231
   6     0
   7     0.19573
   8     0.93766
   9     1.8284
  10     1.13428
  11     0.7253
  12     1.69858
  13     1.79778
  14     0.98057
  15    13.006
  16     0.88445
  17     1.69261
  18     0.63017
  19     0.45356
  20     1.24218
  21     4.68024
  22     1.65156
  23     0.48935
  24     1.98449
  25     0.36397
  26     0.89719
  27     0.01003
  28     1.88811
  29     1.27306
  30     1.22309
  31     0
  32     1.16709
  33     2.17535
  34     1.70148
  35     1.06791
  36     0.9169
  37     0.84038
  38     1.671
  39     1.63922
  40     0.77837
  41     0.97977
  42     0.53649
  43     2.94614
  44     0
  45     2.66114
  46     2.41168
  47    25.1238
  48     0.33994
  49     1.65652
  50     1.14183
  51     0
  52     0.70185
  53     3.44248
  54     0
  55     0.74147
  56     0
  57     0.70227
  58     0.63157
  59     0.42736
  60     0
  61     0.6539
  62     0.24401
  63     0.24401
  64     1.6248
  65     0.82047
  66     0.09016
  67     0.8112
  68     0.67252
  69     0
  70     0
  71     1.58016
  72     2.28579
  73     2.00719
  74     0.47694
  75     1.4429
  76     2.5171
  77     2.96158
  78     0.82259
  79    16.3932
  80     9.27631
  81     7.03397
  82    16.7089
  83    15.6902
  84    25.1504
  85    13.5359
  86    21.1399
  87     2.44455
  88    12.7281
  89    54.9213
  90    56.6456
  91    18.2788
  92     1.82015
  93    39.6277
  94    21.7867
  95     8.92652
  96     5.38211
  97     2.05759
  98     1.29209
  99     1.99559
 100     1.5682
 101     1.25717
 102    21.7338
 103    10.3415
 104     3.31528
 105     0.55236
 106     3.68672
 107     3.93692
 108     3.02929
 109     4.07464
 110     2.47996
 111     6.43205
 112     1.48753
 113     0
 114     1.60234
 115     3.17812
 116     0.74901
 117     0.2375
 118     2.33721
 119    16.5866
 120     2.73247
 121     0
 122     0.35353
 123     0
 124     0.05022
 125     0
 126     0.67241
 127     0.69058
 128     2.34817
 129     1.49316
 130     1.84484
 131     0.05658
 132     0.82813
 133     0
 134     1.0607
 135     1.66242
 136     8.67325
 137    10.3621
 138    17.3252
 139    17.0914
 140    30.6254
 141     8.5416
 142     2.05195
 143     0.86345
 144   537.903
 145   653.983
 146   773.098
 147   549.967
 148   652.821
 149   640.56
 150   343.506
 151    66.0679
 152  1711.77
 153  1841.7
 154  1761.06
 155  2039.91
 156  1810.83
 157  1439.28
 158   882.879
 159   244.155
 160   281.79
 161   300.585
 162   214.616
 163   201.051
 164   343.371
 165   205.148
 166   153.577
 167    34.3764
 168     2.23826
 169    33.1609
 170     6.02317
 171    22.3722
 172    19.9918
 173     6.99425
 174     4.70182
 175     4.19595
 176     1.88469
 177     0.90603
 178     0.43824
 179     0.73131
 180     2.62142
 181     2.38727
 182     0.99441
 183     1.80253
 184     0.47774
 185     0.36199
 186     0.66474
 187     0.90084
 188     0.39792
 189     1.20311
 190     0.39688
 191     0
 192     2.8501
 193     3.63636
 194     0.69525
 195     4.62982
 196     0
 197     0.46484
 198     1.99897
 199     0
 200     3.41693
 201    11.2598
 202    31.9098
 203    70.7844
 204    49.678
 205    43.0566
 206    15.6435
 207     2.04832
 208  1505.6
 209  2026.66
 210  2059.53
 211  2129.33
 212  1826.94
 213  1515.61
 214   798.295
 215   312.266
 216  6177.62
 217  6647.14
 218  6591.14
 219  7073.68
 220  6875.52
 221  5882.39
 222  3921.6
 223  1427.49
 224  3059.37
 225  3287.76
 226  3158.77
 227  3234.24
 228  3298.33
 229  2406.73
 230  1692.79
 231   558.737
 232   339.858
 233   351.151
 234   226.377
 235   320.704
 236   343.881
 237   235.859
 238   117.68
 239    55.4775
 240     2.1366
 241     5.55128
 242     1.97568
 243     5.72675
 244     1.99771
 245     2.93678
 246    25.8431
 247     1.74802
 248     0.42823
 249     0.96137
 250     0.42998
 251     2.80008
 252     0.89178
 253     1.1215
 254     1.42182
 255     0.32451
 256     0
 257     1.63707
 258     1.55135
 259     2.39609
 260     0.92177
 261     0.59335
 262     0
 263     0.68478
 264     1.42472
 265     1.46931
 266    14.0154
 267     5.54179
 268    18.5254
 269     2.12495
 270     2.73682
 271     4.4994
 272   331.173
 273   254.766
 274   410.58
 275   213.555
 276   316.612
 277   397.986
 278   146.251
 279    19.1822
 280  3017.12
 281  3179.88
 282  3239.92
 283  2985.13
 284  3048.87
 285  2752.67
 286  1533.9
 287   542.846
 288  6842.86
 289  7219.11
 290  7192.28
 291  6986.24
 292  6723.86
 293  5820.23
 294  3921.88
 295  1477.02
 296  1937.97
 297  1760.06
 298  1691.86
 299  2162.5
 300  2051.32
 301  1347.36
 302   912.787
 303   266.095
 304    24.1011
 305    17.4248
 306    41.3915
 307    63.5112
 308    81.5518
 309    50.432
 310     1.30746
 311     1.38968
 312     0
 313     0.64556
 314     3.98673
 315     1.30362
 316     0
 317     1.02437
 318     0.8374
 319     1.58739
 320     0.75303
 321     1.5224
 322     0.69067
 323     1.88402
 324     0
 325     0.30225
 326     0.9514
 327     1.72061
 328     2.92639
 329     1.57389
 330     2.02227
 331     1.43603
 332     1.39784
 333     1.23873
 334     2.62089
 335     3.98853
 336    19.0243
 337     6.53775
 338    63.3655
 339     1.5907
 340    20.7325
 341    50.3811
 342    24.4982
 343    15.8287
 344   213.886
 345   314.463
 346   415.154
 347   337.049
 348   364.325
 349   201.631
 350    89.7503
 351    65.054
 352  1748.3
 353  1637.5
 354  1746.02
 355  1661.46
 356  1481.18
 357  1322.46
 358   757.524
 359   292.59
 360   682.257
 361   427.057
 362   582.363
 363   720.446
 364   716.508
 365   559.86
 366   221.997
 367    51.5577
 368     6.86478
 369     2.38007
 370     2.36609
 371    13.7394
 372    28.8502
 373    42.8382
 374    15.0796
 375    14.0948
 376     0.59096
 377     2.40965
 378     0.64508
 379     0.459
 380     0.73158
 381     1.2938
 382     0.17211
 383     4.13088
 384     0.4203
 385     0.22901
 386     0.57559
 387     0.8443
 388     1.23669
 389     1.95728
 390     1.5032
 391    21.1208
 392     1.75899
 393     1.80546
 394     2.17963
 395     4.43905
 396     1.07535
 397     0.26451
 398     3.41136
 399    18.512
 400     1.0851
 401     3.13531
 402     0
 403     0.067
 404     1.5421
 405     3.42416
 406    32.2804
 407    25.688
 408    28.1272
 409     1.61695
 410     2.25486
 411     6.49076
 412    10.2181
 413     4.87741
 414     1.1466
 415    16.3391
 416    65.6785
 417    23.6462
 418    50.5321
 419     5.95346
 420    91.2955
 421    16.1975
 422     5.634
 423     0.07538
 424    37.873
 425    33.7913
 426    46.7714
 427     7.7151
 428    17.5723
 429     1.85087
 430    10.8554
 431     5.95585
 432     1.11119
 433     1.90064
 434     0.85918
 435     0
 436     0.62885
 437     0.01769
 438     0.76564
 439     0.70819
 440     1.20075
 441     0.10761
 442     0.68522
 443     0.92858
 444     1.819
 445     0.17229
 446     0
 447     1.58128
 448     0
 449     0.32881
 450     0
 451     1.60829
 452     0.7505
 453     0.85719
 454     0.39833
 455     0.29728
 456     0
 457     1.37096
 458     0.74647
 459     0.09199
 460     0.97095
 461     0.14864
 462     0.94667
 463     0
 464     0.61641
 465     0.83199
 466     0.68234
 467     2.01447
 468     0
 469     2.17516
 470     0.09895
 471     1.25117
 472     1.26854
 473     1.61202
 474     0.66037
 475     1.29113
 476     0.55646
 477     0.18693
 478     0
 479     0
 480     1.72854
 481     2.61017
 482     1.03106
 483     1.16854
 484     0.48697
 485     3.60488
 486    46.7776
 487    14.2813
 488     2.21912
 489     1.24417
 490     0.48802
 491     3.02284
 492     0.91994
 493     0.22841
 494     0
 495     7.18327
 496     0
 497     0.60484
 498     0.49346
 499     0
 500     0
 501     0.48063
 502    25.6612
 503    10.535
 504     0.2048
 505     1.24096
 506     0.06374
 507     0
 508     0
 509     0.70783
 510     0
 511     2.40878
