This file was gnenerated on 2021-06-21 16:44:09.364889 by Grant Finneman. This contains the extracted data from the Gate simulations
The edep for each bar was summed up and printed to this file. The only math operation done has been addition.

  id      edep
   0    0
   1    0
   2    0
   3    0.7605
   4    0
   5    0
   6    0
   7    0
   8    0
   9    0.6963
  10    0
  11    0.8704
  12    0
  13    0
  14    0
  15    0
  16    0.3804
  17    0
  18    0
  19    0.2837
  20    0
  21    0
  22    0
  23    0
  24    0
  25    0.2837
  26    0.1889
  27    0
  28    0
  29    0
  30    0
  31    0
  32    0
  33    0
  34    0
  35    0
  36    0
  37    0.9551
  38    0.1889
  39    0
  40    0
  41    0
  42    0
  43    0
  44    0.7297
  45    0
  46    0
  47    0
  48    0
  49    0
  50    0
  51    0
  52    0
  53    0
  54    0
  55    0
  56    0
  57    0
  58    0
  59    0
  60    0
  61    0
  62    0
  63    0
  64    0
  65    0
  66    0
  67    0
  68    0
  69   19.0394
  70    0.5044
  71    0
  72    0
  73    0
  74    8.0643
  75    4.0904
  76    0.7351
  77    6.984
  78    0
  79    0
  80   22.0721
  81    0
  82   11.8456
  83   14.915
  84    0
  85    0.3856
  86    1.5067
  87    2.3167
  88    0
  89    0
  90    0.1928
  91    0
  92    0.3621
  93    0.4025
  94    0
  95    0
  96    0
  97    0
  98    0
  99    0
 100    0
 101    0
 102    0.1928
 103    0.9124
 104    0.1215
 105    0.6191
 106    0
 107    0
 108    0
 109    0.7947
 110    0.1087
 111    0
 112    0
 113    0
 114    0
 115    0
 116    0
 117    0
 118    0
 119    0
 120    0
 121    0
 122    0
 123    0
 124    0
 125    0
 126    0.0203
 127    0
 128    0
 129    0
 130    0.9174
 131    0
 132    0
 133    0
 134    0
 135    0
 136  123.147
 137   48.2785
 138   29.6381
 139   81.2385
 140  157.385
 141  101.866
 142   40.4827
 143   11.6638
 144  278.083
 145  180.011
 146  173.992
 147  149.823
 148  254.816
 149  414.5
 150  170.42
 151   35.2792
 152   20.2855
 153   60.0257
 154   73.7341
 155   62.4979
 156   69.049
 157   13.2779
 158    0
 159    0.4143
 160    6.0014
 161   30.4243
 162    8.4065
 163   16.0924
 164   58.7452
 165    0.9136
 166    0.2526
 167    0.9396
 168    0
 169    1.7196
 170    0
 171    0
 172    0
 173    0
 174    0
 175    0
 176    0
 177    0.3326
 178    0
 179    0
 180    0
 181    0
 182    0
 183    0
 184    0
 185    0.0352
 186    0
 187    0
 188    0
 189    0.1155
 190    0
 191    0.2084
 192    0
 193    0
 194    0
 195    0
 196    0
 197    0.2499
 198    0
 199    0.2296
 200    7.7274
 201   22.436
 202   57.2232
 203   99.8435
 204   82.5791
 205   28.2839
 206    5.1444
 207    0
 208  322.621
 209  330.765
 210  334.913
 211  289.769
 212  178.402
 213  229.051
 214  127.399
 215   44.7085
 216  376.789
 217  452.569
 218  564.769
 219  488.885
 220  398.981
 221  320.385
 222  271.968
 223  109.541
 224  169.985
 225  134.874
 226  228.649
 227  240.278
 228  166.79
 229  146.483
 230  129.266
 231   20.7682
 232    3.4208
 233   14.546
 234  110.348
 235   21.4976
 236    1.5426
 237   43.1055
 238   45.7249
 239    0.9801
 240    5.6183
 241    0
 242    0.6354
 243    1.4062
 244    0
 245    0
 246    0.1842
 247    0
 248    0
 249    0
 250    0.6694
 251    0.0352
 252    0.88
 253    0.0081
 254    0
 255    0.88
 256    0
 257    0
 258    0
 259    0
 260    0.1911
 261    0
 262    0
 263    0.4592
 264   26.7815
 265    5.541
 266    0
 267    0
 268    1.2141
 269    0
 270    0
 271    0
 272   48.8551
 273   89.2709
 274   41.0178
 275   45.6091
 276   41.2998
 277   70.7539
 278    6.2587
 279    2.452
 280  251.012
 281  247.26
 282  256.604
 283   99.6535
 284  165.89
 285  113.879
 286  123.049
 287   32.6937
 288  447.573
 289  503.348
 290  521.05
 291  468.54
 292  457.476
 293  391.113
 294  240.292
 295   91.1836
 296  320.252
 297  354.639
 298  430.246
 299  405.824
 300  457.433
 301  297.027
 302  172.086
 303   54.1026
 304   13.7424
 305   91.3207
 306  137.15
 307  129.358
 308  120.515
 309   37.4215
 310   37.7213
 311    0
 312    0
 313    0
 314    0
 315    0
 316    0
 317    0
 318    0
 319    0
 320    0.376
 321    0
 322    0
 323    0
 324    0.8646
 325    0.5739
 326    0
 327    4.5904
 328    0
 329    0.3655
 330    0
 331    0.9267
 332    0
 333    0
 334    0
 335    5.3152
 336    0
 337    0
 338    0
 339    0
 340    0
 341    0
 342   21.9236
 343    0
 344    0.7737
 345   20.5186
 346   15.975
 347    7.737
 348    0
 349    0.1815
 350    0
 351    0.7737
 352   60.4598
 353   80.8972
 354  123.514
 355   59.1666
 356   55.5132
 357   24.0123
 358    9.6399
 359   18.2068
 360  186.251
 361  190.116
 362  198.993
 363  279.609
 364  275.494
 365  138.598
 366   78.5543
 367   30.9793
 368   39.1088
 369  101.102
 370   74.1057
 371  164.292
 372  131.752
 373   74.4274
 374   36.9089
 375   17.4307
 376    1.2936
 377    0
 378    0
 379    0.8475
 380    0
 381    0
 382    0
 383    0.7469
 384    0
 385    0.1911
 386    0
 387    0
 388    0
 389    0
 390    0
 391    0
 392    0
 393    0
 394    0
 395    0.9576
 396    0.1889
 397    0
 398    0
 399    0.8898
 400    0.7737
 401    0
 402    0.4072
 403    0
 404    0
 405    0
 406    0
 407    0
 408    0
 409    0.942
 410    0
 411    0
 412    0
 413    0.8779
 414    0
 415    0
 416    0
 417    0.1422
 418    0.9952
 419    0
 420    0
 421    0.5199
 422    0
 423    0
 424    0
 425    0.7488
 426    0
 427    1.8363
 428    0.256
 429    0.7193
 430    0
 431    0
 432    0.3201
 433   15.6058
 434    0
 435    0.2084
 436    0
 437    0
 438    0
 439    0
 440    0.4599
 441    0
 442    0
 443    0
 444    0
 445    0.0766
 446    0.5523
 447    0
 448    0
 449    0
 450    0
 451    0.7444
 452    0
 453    0
 454    0
 455    0
 456    0
 457    0
 458    0
 459    0
 460    0
 461    0
 462    0
 463    0
 464    0
 465    0
 466    0
 467    0
 468    0
 469    0
 470    0
 471    0
 472    0
 473    0
 474    0
 475    0
 476    0
 477    0.7738
 478    0
 479    0
 480    0
 481    0
 482    0
 483    0
 484    0
 485    0
 486    0.3291
 487    0
 488    0
 489    0.6777
 490    0.0053
 491    0
 492    0.563
 493    0.9532
 494    0.6589
 495    0
 496    0
 497    0
 498    0
 499    0
 500    0
 501    0
 502    0
 503    0
 504    0
 505    0
 506    0
 507    0
 508    0
 509    0
 510    0
 511    0
