This file was gnenerated on 2021-06-17 21:20:52.871095 by Grant Finneman. This contains the extracted data from the Gate simulations
The edep for each bar was summed up and printed to this file. The only math operation done has been addition.

  id      edep
   4    0.2639
   5   24.4458
   6   17.2026
   7    8.1486
  17    0.9591
  19    1.616
  26    0.966
  27    0.2932
  29    0.8566
  30    0.1153
  32    0.9316
  34    0.966
  41    0.3264
  45    0.9009
  48    0.1068
  49    0.9572
  50    0.3276
  54    1.024
  70    3.6216
  71    4.527
  72    0.4022
  81    0.7867
  82    0.9162
  84    0.4689
  86    0.8193
  90   14.467
  91    3.3727
  92    0.1235
  93   12.0593
  96    0.2718
  99    0.615
 100    0.0072
 101    0.8362
 109    0.126
 110    0.8701
 118    0.8701
 123    0.8971
 126    0.985
 128    1.8102
 131    0.9874
 137   12.638
 138    1.4066
 142    0.5649
 144   40.9774
 145   18.7804
 146   55.938
 147   60.5485
 148    2.2968
 149   28.5848
 150   44.2159
 151    3.681
 152  241.852
 153  234.568
 154  245.447
 155  252.375
 156  173.667
 157  215.756
 158  151.354
 159   41.226
 160   96.9005
 161  173.114
 162  127.366
 163  122.571
 164  127.186
 165   94.0116
 166   68.9984
 167   16.3786
 168    1.024
 169    0.8096
 171    8.1493
 172    3.0407
 174    8.4089
 175    0.8958
 186    0.8971
 193    0.4816
 194    0.87
 199    0.1218
 200    0.6148
 201   21.0366
 202   15.0695
 203   47.8935
 204    9.6873
 208  176.469
 209  146.127
 210  230.701
 211  317.854
 212  347.172
 213  216.747
 214   95.4034
 215   54.1636
 216  367.971
 217  313.793
 218  378.969
 219  689.991
 220  545.873
 221  409.591
 222  210.483
 223   86.4515
 224  424.872
 225  438.968
 226  324.381
 227  511.189
 228  377.901
 229  261.545
 230  131.331
 231  100.452
 232   78.4785
 233  106.032
 234  104.14
 235   90.3563
 236   40.9775
 237   50.9408
 238   23.5914
 239    5.9781
 240   22.5232
 241    5.2205
 244    1.7059
 245    1.2054
 246    2.407
 247    0.1607
 248    0.445
 250    0.0082
 255    0.775
 261    0.972
 262    0.5891
 264    1.7819
 265   26.1807
 266   18.273
 269   30.7168
 271    1.4906
 272   61.054
 273   85.5963
 274  144.871
 275   73.5777
 276   89.0373
 277  123.382
 278   42.0471
 279    7.6182
 280  476.444
 281  449.236
 282  506.354
 283  548.679
 284  465.072
 285  410.631
 286  184.229
 287   62.898
 288  413.886
 289  469.873
 290  413.212
 291  535.679
 292  521.28
 293  305.613
 294  135.386
 295   71.2614
 296  252.715
 297  226.016
 298  238.457
 299  269.998
 300  214.526
 301   69.1051
 302   44.9879
 303   22.0811
 304   11.0148
 306   16.5686
 307   14.4228
 309    0.8201
 316    0.4901
 317    0.0726
 320    0.186
 325    0.7546
 329    0.1878
 333    0.5846
 335    0.5523
 337    0.4559
 338   19.8024
 339   33.0103
 340   14.4524
 341   11.7225
 342    0.6746
 343    0.9572
 344   96.9627
 345   61.1181
 346   25.5883
 347   59.4934
 348   53.4271
 349   80.9126
 350   76.7372
 351   13.3592
 352  204.693
 353  201.614
 354  197.067
 355  199.296
 356  131
 357  148.56
 358   93.3591
 359   34.7468
 360   55.1997
 361   66.9643
 362   31.7093
 363   31.3524
 364   20.9862
 365   18.0892
 366   26.0056
 370   19.1268
 371    9.9792
 373    1.3346
 374    0.2197
 375    0.1432
 376    0.0818
 380    0.3551
 381    0.8387
 389    0.8387
 395    0.1791
 396    0.3937
 399    0.0841
 400    0.8448
 404    0.9004
 408    0.4114
 409    0.4752
 410    0.6469
 411    1.4371
 412    0.4622
 415    0.6121
 418   19.7307
 420    7.3796
 421    3.2112
 425    0.258
 428    6.1548
 429    1.0704
 430    0.6374
 432    0.6469
 433    1.7114
 441    0.0495
 442    0.3985
 448    0.4232
 461    0.3058
 462    0.9319
 469    0.0841
 470    0.1788
 472    0.0996
 475    0.4622
 480    0.763
 481    0.3985
 484    0.4622
 487    0.6895
 488    0.1113
 490    0.3654
 492    0.3076
 495    0.7782
 502    0.4332
 503    0.7782
 506    0.0132
 510    0.8679
