This file was gnenerated on 2021-06-22 19:15:58.620010 by Grant Finneman. This contains the extracted data from the Gate simulations
The edep for each bar was summed up and printed to this file. The only math operation done has been addition.

  id        edep
   0     1.78582
   1     0.37799
   2     1.52674
   3     1.33044
   4     0.26083
   5     0.24549
   6     0.38493
   7     0.77892
   8     1.43151
   9     2.23405
  10     0.67033
  11     0.7148
  12     0
  13     1.08357
  14     0
  15     4.12099
  16     1.08023
  17    14.4987
  18     3.49926
  19     0.99583
  20     6.40069
  21    25.1316
  22     0.11129
  23     1.47538
  24     0
  25     1.38538
  26     1.99493
  27     1.04331
  28    17.004
  29    10.3218
  30     0
  31     0
  32     0.89041
  33     0
  34     1.40192
  35     0.25907
  36     2.05046
  37     0.07484
  38     3.86035
  39     3.52426
  40     1.19773
  41     0.03539
  42     0.54607
  43     0.5805
  44     0.13737
  45     1.95115
  46     9.34286
  47     0.25951
  48     1.15949
  49     0.71739
  50     0.54898
  51     1.59578
  52     0
  53     0
  54     0.49078
  55     0
  56     1.76021
  57     0.08403
  58     0.80405
  59     0
  60     0
  61     0
  62     0
  63     0
  64     0.63183
  65     0.94668
  66     0.38063
  67     0.26844
  68     0
  69     0.36389
  70     0.72503
  71     0.8204
  72    12.9982
  73    22.5942
  74     3.99244
  75    22.9478
  76    13.6028
  77     8.71645
  78    21.0106
  79     4.28088
  80   181.796
  81   244.633
  82   218.758
  83   316.436
  84   207.266
  85   215.381
  86   116.269
  87    11.5283
  88    43.5864
  89   114.586
  90   161.309
  91   169.914
  92   132.312
  93    70.9279
  94    12.9953
  95    32.7885
  96     4.45688
  97     0.03397
  98    16.9205
  99    15.4152
 100     1.60465
 101     6.36362
 102     8.96548
 103     1.59888
 104     2.917
 105     1.52708
 106     5.79652
 107     3.26444
 108     0
 109     2.91387
 110     0.97002
 111     0.62778
 112     1.05658
 113     0.13024
 114     0.39468
 115     1.47318
 116     0
 117     3.34255
 118     1.64488
 119     0.91296
 120     0
 121     1.32656
 122     0
 123     1.03421
 124     0.78619
 125     0
 126     0.46435
 127     0.40867
 128     3.48642
 129     0.9063
 130     5.45521
 131     1.04267
 132     0.61151
 133    10.7897
 134     1.02112
 135     2.42612
 136   195.433
 137   275.571
 138   218.272
 139   216.723
 140   155.71
 141   197.415
 142    52.616
 143    13.8189
 144  2974.06
 145  3178.73
 146  3061.33
 147  2983.35
 148  2573.5
 149  2098.44
 150  1335.02
 151   463.446
 152  1794.26
 153  2144.89
 154  2173.83
 155  2166.79
 156  1795.11
 157  1531.08
 158   789.135
 159   221.626
 160   211.796
 161   394.751
 162   306.389
 163   339.795
 164   289.919
 165   180.639
 166    21.9598
 167    11.6773
 168     7.68233
 169    11.7704
 170    15.7994
 171     8.44364
 172    17.9955
 173    34.5822
 174    35.684
 175    11.4115
 176     1.84424
 177     3.93939
 178     0
 179     0.97199
 180     0.25415
 181    18.8952
 182     0.42026
 183     1.43208
 184    25.6196
 185     1.4459
 186     0
 187     2.40749
 188     0
 189     1.55168
 190     1.4587
 191     0.22021
 192     0.97197
 193     0.01932
 194     2.3901
 195     1.51757
 196     0.99079
 197     0.84291
 198     3.6387
 199     0
 200   145.329
 201   127.007
 202    94.0616
 203   199.976
 204    71.2039
 205    93.6754
 206    21.1258
 207     9.98261
 208  1864.63
 209  2142.01
 210  2090.06
 211  2131.89
 212  1843.79
 213  1570.73
 214   831.188
 215   236.692
 216  4163.2
 217  4282.51
 218  4832.98
 219  4965.09
 220  4572.39
 221  4213.76
 222  2407.58
 223   867.437
 224  1625.26
 225  1876.28
 226  2095.49
 227  1893.71
 228  2126.83
 229  1711.29
 230   923.813
 231   354.095
 232   166.701
 233   140.235
 234   190.216
 235   276.396
 236   133.95
 237    91.8538
 238    88.5267
 239    26.9002
 240     4.23879
 241    15.0931
 242    27.2364
 243     9.85007
 244    32.5627
 245     4.45215
 246    13.0237
 247     8.46675
 248     3.28779
 249     0.91511
 250     0.27603
 251     1.51422
 252     1.40063
 253     1.17927
 254     1.17068
 255     0.32778
 256     0.782
 257     2.01701
 258     0
 259     1.39452
 260     0.89953
 261     2.39091
 262     1.93776
 263     0.13492
 264    15.3233
 265     7.07055
 266    33.3071
 267    33.4076
 268    27.5563
 269     8.50494
 270     3.24344
 271     4.41305
 272   287.059
 273   174.997
 274   320.472
 275   251.454
 276   194.818
 277   191.182
 278    69.6913
 279   104.523
 280  1721.42
 281  2023.97
 282  1890.28
 283  2036.62
 284  1916.91
 285  1968.99
 286  1081.08
 287   353.814
 288  4112.66
 289  4441.27
 290  4848.41
 291  4703.34
 292  4258.59
 293  3860.38
 294  2447.71
 295   952.442
 296  1793.32
 297  1810.45
 298  1898.2
 299  2069.44
 300  1886.86
 301  1621.03
 302   911.117
 303   319.117
 304   138.215
 305   146.525
 306   161.802
 307   116.336
 308    69.3443
 309    92.5662
 310    44.6457
 311     6.73696
 312     1.08729
 313     1.23975
 314     0
 315     0.97637
 316     1.2319
 317     0.65521
 318     0.53483
 319     0.81493
 320     0.66445
 321     2.31089
 322     0.34612
 323     0.97919
 324     0.44929
 325     0
 326     0
 327     0
 328     1.64096
 329     3.49885
 330    19.6373
 331    12.1167
 332    11.1975
 333     8.5583
 334     1.50313
 335     2.03952
 336     3.96956
 337    18.0852
 338    24.0621
 339     6.04029
 340     5.08112
 341    30.536
 342     4.46786
 343     6.72622
 344   149.46
 345   276.032
 346   206.496
 347   218.114
 348   302.245
 349   140.413
 350    83.4147
 351    19.2445
 352  1747.62
 353  1709.36
 354  1872.29
 355  1985.28
 356  1714.77
 357  1528.86
 358   855.234
 359   314.817
 360  2264.97
 361  2370.55
 362  2506.51
 363  2462.21
 364  2375.8
 365  2333.52
 366  1615.58
 367   751.798
 368   175.226
 369   241.539
 370   221.498
 371   150.296
 372   228.863
 373   166.73
 374    92.2695
 375     4.92537
 376    23.5282
 377    10.4078
 378     1.83061
 379     1.31871
 380    35.8344
 381     0
 382     0.85396
 383     0.394
 384     0.33321
 385     0.37775
 386     0
 387     1.04773
 388     0.79232
 389     0
 390     0.57799
 391     0.23946
 392     0.30316
 393     1.09765
 394     0
 395     0.79065
 396     2.1557
 397     0.54817
 398     0
 399     1.02277
 400     2.30345
 401     1.15662
 402     1.10975
 403     1.37959
 404     1.58307
 405     2.10221
 406     1.80314
 407    10.864
 408    10.975
 409     7.8025
 410     8.27025
 411     2.03823
 412    18.5023
 413    18.9124
 414     1.35028
 415     1.87186
 416   103.674
 417   155.957
 418   139.094
 419   241.995
 420   151.039
 421    80.608
 422     9.59419
 423    25.0704
 424   202.749
 425   244.839
 426   263.704
 427   315.754
 428   268.23
 429   128.425
 430    36.4178
 431    38.2201
 432    22.2291
 433     9.7007
 434     6.63179
 435     2.01644
 436    32.9941
 437     1.93763
 438     1.20834
 439    11.6147
 440     0
 441     1.0805
 442     0.8458
 443     0.04103
 444     0.42198
 445     1.08115
 446     2.21158
 447     0.96559
 448     0.31672
 449     1.52736
 450     1.0719
 451     0.83867
 452     0.64172
 453     0.68338
 454     0.9998
 455     0.65925
 456     1.83594
 457     1.18766
 458     0.85737
 459     0.28892
 460     0
 461     0
 462     0.10528
 463     0.68776
 464     0
 465     1.92794
 466     1.23816
 467     0
 468     0
 469     1.96067
 470     0.22243
 471     2.6768
 472     0
 473     2.17323
 474     0.29253
 475     0
 476     1.38611
 477     0.27659
 478    10.2677
 479     6.56258
 480     2.11022
 481     0
 482     0.27754
 483     1.26357
 484     0.74062
 485     2.86775
 486     0.36596
 487     0
 488     0.75622
 489     0
 490    15.6784
 491    23.4669
 492    14.8157
 493     2.97171
 494     4.0765
 495     2.4204
 496     0.39945
 497     0
 498     1.61331
 499     0.98974
 500     0.83752
 501     0.50265
 502     0
 503     0
 504     0.88141
 505     0.72746
 506     0
 507     0.69354
 508     0.79177
 509     0.88688
 510     0
 511     2.8509
