This file was gnenerated on 2021-06-22 19:34:02.831272 by Grant Finneman. This contains the extracted data from the Gate simulations
The edep for each bar was summed up and printed to this file. The only math operation done has been addition.

  id        edep
   0    10.9265
   1     8.86935
   2     0.85062
   3     0
   4     0.68249
   5     0.52192
   6     0.52192
   7     0.75173
   8     0.54016
   9     0.08273
  10     1.28489
  11     0.08444
  12     0.67
  13     0.53362
  14     3.21208
  15     4.16901
  16     0.67832
  17     0.05177
  18     0.61943
  19     0.53006
  20     0.4882
  21     1.17902
  22     0.87591
  23     4.05913
  24     4.973
  25     2.11671
  26     0.72391
  27     1.5511
  28     0.64097
  29     2.26404
  30     0.69012
  31    27.2499
  32     0.68566
  33     1.6058
  34    24.7709
  35     0
  36     1.304
  37     1.76265
  38     0.78008
  39     0.78623
  40     1.15801
  41     1.25721
  42     0
  43     0.71797
  44     0.10453
  45     0.06188
  46     1.82191
  47     0.46215
  48     0
  49     3.41654
  50     0
  51     0
  52     0.0703
  53     2.22439
  54     0.72037
  55     0.8836
  56     0.84782
  57     0
  58     0.32977
  59     0.87877
  60     0.77489
  61     1.695
  62     0.98192
  63     0.03589
  64     1.31775
  65     2.77298
  66     0.43534
  67     1.23732
  68     0.15925
  69     0.3185
  70     0
  71    15.9965
  72     0.25265
  73     2.6615
  74     2.09908
  75     1.63084
  76     0.77187
  77     0.29618
  78    17.7643
  79    30.0645
  80    57.0226
  81     2.46816
  82    19.6368
  83    19.7719
  84    60.7008
  85    20.661
  86     1.20191
  87    20.3439
  88   142.716
  89   141.97
  90    94.2777
  91   233.999
  92   128.715
  93   137.052
  94    53.912
  95     5.21491
  96    75.0719
  97    63.1826
  98    93.7101
  99    41.2083
 100   101.855
 101   113.561
 102    22.0977
 103     2.56459
 104     2.20456
 105     0.94515
 106     2.47612
 107     1.20053
 108     2.81224
 109     0.62851
 110     2.49431
 111     1.72021
 112     1.51371
 113     2.42024
 114     0.91535
 115     0.14671
 116     0.34921
 117     1.62238
 118     0.23352
 119     1.90067
 120    11.3686
 121     2.06234
 122     0.07086
 123     1.65507
 124     0.80991
 125     0.56444
 126     2.53219
 127     2.49008
 128     1.79171
 129     2.04328
 130     2.1544
 131     0.99538
 132     0.32475
 133     3.55277
 134     0.40082
 135     1.02182
 136     2.66038
 137     3.60032
 138    15.4807
 139     2.94828
 140     1.39022
 141     1.54259
 142     0.73144
 143     0.31719
 144   214.881
 145   292.156
 146   266.184
 147   243.463
 148   194.305
 149   120.987
 150    79.6203
 151    26.8685
 152  3193.51
 153  3399.96
 154  3490.71
 155  3896.61
 156  3797.86
 157  3162.76
 158  2056.87
 159   534.24
 160   990.184
 161  1169.06
 162  1163.36
 163  1002.28
 164   887.268
 165   816.538
 166   293.012
 167    93.6065
 168    17.4695
 169    23.0876
 170    54.2272
 171    43.0803
 172    17.9087
 173    17.0718
 174    26.5236
 175    41.7172
 176     0.96163
 177     0.51599
 178     3.83503
 179     0.1683
 180     0
 181     1.54328
 182     8.39004
 183    11.2013
 184     0.40074
 185     1.39542
 186     0.55021
 187     2.53868
 188     0.76237
 189     2.75464
 190     0
 191     0
 192     0.97965
 193     1.93817
 194     1.22471
 195     0.49146
 196     2.09388
 197    17.7057
 198    19.2799
 199    15.1889
 200     0.50171
 201     0.78089
 202     3.24329
 203     4.96402
 204    12.2847
 205     2.19451
 206     1.03299
 207    20.933
 208   189.015
 209   343.665
 210   377.186
 211   236.991
 212   320.858
 213   271.986
 214    64.4527
 215    52.6392
 216  5687.72
 217  6238.87
 218  6437.77
 219  6164.97
 220  6526.44
 221  5562.47
 222  3791.95
 223  1296.58
 224  3064.53
 225  3666.42
 226  3874.49
 227  3968.3
 228  3336.22
 229  2623.47
 230  1809.22
 231   609.456
 232   159.541
 233   197.233
 234   181.042
 235   218.854
 236    79.2403
 237   103.914
 238    51.2262
 239     3.39419
 240     1.43066
 241     2.44832
 242     0.60018
 243     2.21878
 244     1.86466
 245     3.12953
 246     1.50629
 247    18.8927
 248     0.00235
 249     2.03794
 250     0.55898
 251     1.84082
 252     0
 253     1.92544
 254     0.04185
 255     1.07107
 256     2.74972
 257     0.57365
 258     0.48464
 259     0.78601
 260     1.14459
 261     0.70662
 262     0.18595
 263     0.7567
 264     0.50017
 265     1.45571
 266     7.99914
 267     7.24866
 268     1.69735
 269     2.2042
 270    16.5574
 271     4.61601
 272   175.345
 273   227.27
 274   120.316
 275   126.768
 276   103.704
 277    86.2842
 278    86.5857
 279    28.5288
 280  3196.99
 281  3353.83
 282  3788.33
 283  3788.03
 284  3795.29
 285  3167.55
 286  1618.18
 287   644.974
 288  6246.18
 289  6066.62
 290  6314.73
 291  6168.27
 292  5914.15
 293  5202.77
 294  3559.11
 295  1415.22
 296   293.906
 297   391.747
 298   301.145
 299   250.16
 300   223.338
 301   190.628
 302    51.5406
 303     7.17595
 304     1.18233
 305     3.90653
 306     1.56888
 307     1.74263
 308     0.82958
 309     3.95403
 310     4.06189
 311    27.2231
 312     0.78594
 313     0.98192
 314     0.88201
 315     0.58471
 316     0.78079
 317     0.36756
 318     1.23468
 319     1.39842
 320     3.65329
 321     0.45525
 322     0
 323     1.1127
 324     0.12663
 325     0
 326     0.20503
 327     0
 328     0.89812
 329     3.2667
 330     3.17287
 331     0.67738
 332     1.09992
 333     1.23683
 334     1.35855
 335     0.97434
 336    31.2457
 337    54.2173
 338    32.2182
 339    33.0153
 340     2.94652
 341    25.55
 342    70.9765
 343    57.8479
 344  1095.3
 345  1015.56
 346   888.17
 347   994.694
 348  1075.05
 349   998.365
 350   341.328
 351    94.3297
 352  3530.16
 353  3402.86
 354  3416.05
 355  3291.6
 356  3549.31
 357  2912.96
 358  2044.75
 359   707.671
 360   263.546
 361   231.505
 362   199.375
 363   247.279
 364   209.879
 365   144.269
 366    29.8139
 367     4.42823
 368     0.40992
 369     2.36438
 370    28.1952
 371    16.0519
 372     0.66901
 373     1.26181
 374     0.94177
 375     0.31067
 376     2.71287
 377     1.59206
 378     1.38527
 379     0.77129
 380     0.55352
 381     1.68026
 382     0.38379
 383     0.69593
 384     1.59485
 385     0.92496
 386     0.53696
 387     0.34231
 388     0
 389     0
 390     2.99697
 391     0.95863
 392     0.46582
 393     1.97973
 394     1.37717
 395     1.84707
 396     1.04102
 397     0.89035
 398     2.27226
 399     0
 400    19.6125
 401    21.4723
 402     1.09386
 403    20.9163
 404     0.28846
 405     1.83323
 406     0.94537
 407     1.33816
 408    19.7272
 409    51.0589
 410    29.9109
 411    53.3161
 412    58.2619
 413    60.6335
 414    29.0504
 415     6.12477
 416   173.658
 417   164.173
 418    61.4472
 419   101.657
 420    90.471
 421    61.9838
 422    71.2318
 423    18.542
 424    27.6331
 425    29.1459
 426    33.9953
 427    46.7231
 428    38.2207
 429    24.7798
 430     0.39316
 431     1.2893
 432     0.18492
 433     0.69963
 434     0.69419
 435     0.75021
 436     2.01528
 437     0.39343
 438     1.32627
 439     0.54886
 440     1.32874
 441     2.04046
 442     0.34004
 443     0
 444     0.602
 445     0
 446     0.68082
 447     0
 448    20.8703
 449     0.28373
 450     1.5174
 451     0.47034
 452     0.9553
 453     0
 454     0.75728
 455     0
 456     1.06615
 457     2.70923
 458     0.19659
 459     0.33812
 460     0.29744
 461    22.8655
 462    18.7701
 463    11.8191
 464     0.08068
 465     0.24778
 466     1.55509
 467     0.13556
 468     0.46344
 469     0.34032
 470     1.36327
 471     0.20076
 472     0.20984
 473     1.40521
 474     1.52385
 475     3.0164
 476     0.76853
 477     4.49271
 478     1.95241
 479     0.92859
 480     0.34821
 481     0.30118
 482     1.84931
 483     2.24824
 484     1.81766
 485     1.51228
 486     1.35077
 487     0.91024
 488     0.96012
 489     2.91435
 490     2.01761
 491     0.96369
 492     3.65575
 493     1.35363
 494     2.36276
 495     2.79754
 496     1.07636
 497     0.859
 498     0.98033
 499     1.56788
 500     0.8392
 501     0.0711
 502     0.53665
 503     0
 504     0.99266
 505     0.83572
 506     0
 507     0
 508     2.02312
 509     0.1915
 510     0
 511     1.08735
