This file was gnenerated on 2021-06-17 21:21:37.710262 by Grant Finneman. This contains the extracted data from the Gate simulations
The edep for each bar was summed up and printed to this file. The only math operation done has been addition.

  id      edep
   4    0.0522
   5    0.2496
   9    0.1234
  10    0.724
  18    0.8037
  22    0.223
  25    0.334
  26    0.064
  27    0.099
  28    0.914
  29    0.4776
  31    0.7147
  34    7.1308
  35   19.4275
  38    0.4776
  40   16.1861
  53    1.3103
  70    0.7727
  80   33.9542
  81   16.9506
  82   44.0862
  83    7.9786
  87    0.9851
  88   48.3743
  89   18.8972
  90   31.8743
  91   24.6535
  93    1.1832
  94   16.2658
  95    0.7564
  96   11.8958
  97   69.5543
  98   42.5447
  99   69.1107
 100   82.6772
 101   41.297
 102   22.2966
 103   10.7774
 104   47.809
 105   76.4945
 106   20.2751
 107   11.8175
 108   45.4545
 109   15.9166
 110    7.3022
 111    0.2557
 112    0.0246
 118    0.2682
 125    0.7175
 132    0.6035
 134    0.2747
 136   10.4491
 137   18.7937
 138    5.9205
 139   20.2368
 140   12.8729
 142    3.9432
 143    0.7224
 144  117.66
 145  136.759
 146  117.192
 147  175.575
 148  171.794
 149  135.237
 150   76.8203
 151   19.2853
 152  124.323
 153  131.556
 154  186.157
 155  242.544
 156  239.757
 157  175.409
 158  127.153
 159   53.9017
 160   89.2617
 161  101.56
 162  253.083
 163  215.169
 164  161.831
 165  150.553
 166   62.1979
 167   41.2503
 168   81.4883
 169  114.922
 170  100.005
 171  101.756
 172   81.6585
 173   71.4088
 174   47.3371
 175    6.3374
 176    1.9652
 177   15.1179
 178    4.2372
 179    1.4124
 180    3.2313
 181    0.3755
 182    0.2945
 183    0.1809
 192    0.2697
 193    0.4827
 197    2.5447
 198    0.1972
 200    7.6206
 201    5.139
 202    5.4537
 203   14.5908
 204   28.4424
 205   33.8882
 206    6.212
 207    0.8837
 208  116.59
 209   91.5214
 210  133.265
 211  257.24
 212  163.532
 213   85.4414
 214   67.4605
 215   13.7541
 216  243.728
 217  343.158
 218  914.128
 219  179.939
 220  286.545
 221  232.667
 222  151.061
 223   58.479
 224  151.58
 225  305.362
 226  203.394
 227  173.682
 228  243.272
 229  181.639
 230   57.6645
 231   15.466
 232   90.2372
 233  141.566
 234  118.999
 235  115.345
 236   85.8262
 237  135.788
 238   85.2959
 239   31.5666
 241   24.9102
 242    2.3282
 243   32.3553
 244   33.7809
 245    1.637
 246    0.7993
 247    0.7259
 250    0.6927
 252    0.8519
 264   10.5629
 265   16.5291
 266   15.9238
 268    0.4722
 269    0.2667
 272  167.424
 273  237.837
 274  217.615
 275   92.8193
 276   98.6459
 277  109.285
 278   74.7055
 279   19.9154
 280  206.582
 281  218.157
 282  214.476
 283  216.971
 284  206.466
 285  184.844
 286  172.452
 287   39.5402
 288  156.526
 289  234.218
 290  192.867
 291  190.744
 292  235.251
 293  157.715
 294  128.734
 295   31.8206
 296  103.325
 297  249.1
 298  160.984
 299  241.59
 300  191.611
 301  128.524
 302  141.82
 303   79.2448
 304   39.3067
 305   15.212
 307    0.7726
 308    3.2617
 309   26.3667
 310   12.9376
 311    0.2295
 313    0.8069
 314    0.2113
 317    0.7726
 324    0.1408
 328    0.4384
 329    9.7655
 331    0.7502
 332    1.1285
 336   67.6379
 337   99.8225
 338  108.166
 339   46.9215
 340   61.0405
 341   66.0828
 342   13.1067
 343   10.2047
 344  185.265
 345  219.387
 346  201.233
 347  245.558
 348  212.383
 349  200.408
 350  103.754
 351   41.8405
 352  159.215
 353  118.607
 354  171.014
 355  160.445
 356  177.562
 357  144.794
 358   98.8333
 359   24.129
 360   96.1829
 361  145.548
 362  154.67
 363  112.855
 364  133.592
 365  156.647
 366   94.5787
 367    7.8222
 368   10.1294
 369   27.3518
 370   25.5175
 371   33.0061
 372   21.7577
 373   10.1922
 374   17.9512
 376    0.1652
 377    0.1652
 379    2.0366
 381    0.2295
 382    9.5398
 383   12.3808
 390    0.6587
 394    1.1001
 395    0.6587
 396    1.4656
 397    1.2759
 400   20.3515
 401   11.1631
 402   16.2356
 403   37.0356
 404   53.4658
 405   49.96
 406   13.9058
 407    3.9011
 408   29.4009
 409   44.3403
 410   42.7246
 411   49.4743
 412   55.6866
 413   41.0534
 414   14.5266
 415   10.0162
 416   22.9896
 417   28.2771
 418   37.7301
 419   28.9474
 420    6.377
 421   21.0427
 422    9.7886
 423    2.585
 425   13.0273
 426    6.8414
 427   20.5443
 428   13.1351
 430    8.594
 438    0.0251
 454    0.1234
 459    0.7564
 460    1.6963
 462    0.9067
 469    0.2095
 470    1.3124
 474    0.7958
 478    2.5185
 479    0.7545
 483    0.6603
 485    0.9575
 486    4.7
 487    2.115
 493    1.5143
 499    0.1408
 501    0.3371
 505    0.4613
 506    0.4613
 510    0.3408
