This file was gnenerated on 2021-06-22 19:32:31.706563 by Grant Finneman. This contains the extracted data from the Gate simulations
The edep for each bar was summed up and printed to this file. The only math operation done has been addition.

  id        edep
   0     0.5534
   1     0.89369
   2     0
   3     0
   4     1.48546
   5     0.68114
   6     2.30491
   7     0.26264
   8     0.75912
   9     0.56137
  10     2.4062
  11     1.65896
  12     0.58252
  13     1.08448
  14     0
  15     1.17052
  16    23.1018
  17     0.70925
  18     0.84065
  19     4.00673
  20     2.47179
  21     1.34503
  22    12.9458
  23     0.81069
  24    21.8786
  25    25.0127
  26    32.3478
  27     7.02301
  28    10.4528
  29    13.5782
  30     1.34553
  31     0
  32     6.80133
  33    15.8961
  34     2.63645
  35     2.15411
  36     6.56831
  37     0.63537
  38     1.41549
  39     0.3238
  40     0.55169
  41     1.40408
  42     1.15927
  43     0.36072
  44     0.71253
  45     0.33217
  46     0.07732
  47     1.58309
  48     1.69789
  49     1.05943
  50     1.50583
  51     0.91597
  52     0.91415
  53     1.36687
  54     2.20674
  55     0.27972
  56     0
  57     0
  58     0
  59     0.01526
  60     1.93856
  61     0.45397
  62     0.77818
  63     0.45263
  64     1.86322
  65     0.1588
  66     1.74875
  67     0.38431
  68     1.50654
  69    17.7773
  70    10.8341
  71     3.51486
  72    42.9024
  73    46.9584
  74    31.3404
  75    14.8036
  76     1.76182
  77    16.9445
  78    13.0549
  79     9.86387
  80   244.976
  81   225.323
  82   300.571
  83   183.881
  84   283.176
  85   185.379
  86    86.1963
  87    60.818
  88   562.264
  89   697.086
  90   610.033
  91   706.086
  92   617.593
  93   426.27
  94   277.429
  95    72.6325
  96    97.5627
  97   143.149
  98    50.0574
  99    80.9602
 100   144.746
 101   107.397
 102    16.3632
 103     0.57373
 104     1.46076
 105     1.39862
 106     1.73673
 107    16.231
 108     1.52566
 109     1.10012
 110     3.10654
 111     0.34399
 112     2.23952
 113     0
 114     0.88439
 115     0.08284
 116     1.43568
 117     2.13228
 118     0.64393
 119     0
 120     0.91093
 121     0.54906
 122     0.26338
 123     0.80891
 124     0.91893
 125     0
 126     0.18026
 127     0.80005
 128    22.5614
 129     0.32694
 130     0
 131     1.17516
 132     0.25459
 133     1.70569
 134     0.79025
 135     0
 136   353.963
 137   232.417
 138   288.392
 139   207.35
 140   226.892
 141   186.891
 142    83.8716
 143    39.6147
 144  1416.29
 145  1691.62
 146  1591.65
 147  1407.24
 148  1588.48
 149  1171.34
 150   729.292
 151   253.597
 152  1960.73
 153  2116.65
 154  2038.83
 155  2189.53
 156  2189.52
 157  1604.36
 158  1187.06
 159   430.083
 160  1016.72
 161   856.803
 162   767.384
 163   693.13
 164   749.371
 165   836.314
 166   576.669
 167   189.359
 168   137.112
 169    55.8803
 170   101.019
 171   101.18
 172   146.192
 173   154.882
 174    60.6948
 175    17.802
 176    26.063
 177     0.62785
 178     4.36611
 179    21.9686
 180     1.01973
 181    12.3638
 182    16.4085
 183     1.57683
 184     0.48413
 185     0.62504
 186     0
 187     1.85528
 188     0.1123
 189     0.99706
 190     0.30349
 191    20.7239
 192    10.8715
 193     7.61538
 194     7.88527
 195    50.1784
 196    32.8429
 197    25.3378
 198     2.41182
 199     5.62606
 200   518.611
 201   483.659
 202   538.318
 203   563.344
 204   549.711
 205   506.269
 206   342.69
 207   183.245
 208  1977.44
 209  1967.98
 210  2165.91
 211  2275.93
 212  2028.18
 213  1723.8
 214  1047.15
 215   448.148
 216  2522.88
 217  2562.53
 218  2503.34
 219  2489.38
 220  2131.27
 221  1884.37
 222  1018.41
 223   403.112
 224  2059.14
 225  2114.76
 226  2151.02
 227  2146.96
 228  2699.49
 229  2118.78
 230  1183.44
 231   438.276
 232  1011.64
 233  1051.84
 234   957.195
 235  1122.9
 236   973.869
 237   852.101
 238   425.444
 239   170.052
 240    61.8183
 241    62.2613
 242   129.548
 243   150.758
 244    95.6956
 245    38.5714
 246    12.7834
 247    24.5099
 248     1.82828
 249     0.88468
 250     2.4062
 251     0.31195
 252    16.331
 253    21.3214
 254     0.94966
 255    16.5159
 256     2.81011
 257    14.1521
 258     0.65776
 259     1.41119
 260     0.41454
 261     3.56963
 262     2.34926
 263     0.89578
 264    50.5225
 265    95.8216
 266   144.854
 267    70.9162
 268   118.654
 269    90.9865
 270    15.5705
 271     1.91255
 272   982.918
 273  1059.09
 274   862.799
 275  1001.72
 276   843.914
 277   733.634
 278   412.841
 279   175.266
 280  2088.39
 281  2210.36
 282  2298.34
 283  2427.77
 284  2379.4
 285  2023.67
 286  1307.97
 287   475.925
 288  2370.23
 289  2563.78
 290  2748.65
 291  2971.66
 292  2826.89
 293  2162.26
 294  1345.78
 295   472.116
 296  2159.88
 297  2204.17
 298  2400.51
 299  2565.62
 300  2282.67
 301  1833.23
 302  1313.68
 303   549.907
 304   672.529
 305   567.658
 306   663.306
 307   650.89
 308   577.35
 309   519.496
 310   362.275
 311   117.367
 312    20.9963
 313    13.9896
 314    12.9546
 315    17.5772
 316    29.3955
 317    16.1839
 318    12.9924
 319     1.46349
 320     1.23677
 321     0.52901
 322     1.76056
 323     0
 324     0.12509
 325     0.98831
 326     1.32095
 327     0
 328     1.08054
 329     5.70792
 330     0.76632
 331     1.80728
 332     0.80009
 333     1.19868
 334     2.1804
 335     0.21532
 336   120.714
 337    81.1526
 338   167.898
 339    58.1953
 340    72.276
 341    45.764
 342    28.2741
 343     1.08666
 344   859.606
 345  1190.49
 346  1032.37
 347   960.543
 348  1048.09
 349   858.692
 350   406.899
 351    92.4537
 352  2064.66
 353  2366.06
 354  2210.67
 355  2137.97
 356  2054.59
 357  2039.27
 358  1259.48
 359   417.416
 360  1423.58
 361  1577.56
 362  1588.39
 363  1526.5
 364  1602.05
 365  1370.89
 366   865.103
 367   265.952
 368   161.171
 369   269.653
 370   393.878
 371   182.052
 372   265.083
 373   210.152
 374   108.85
 375    26.8364
 376    18.8294
 377     1.77971
 378    27.7253
 379     0.65187
 380     6.62033
 381     3.86744
 382     1.65857
 383     0.50231
 384     0.85841
 385     0.9844
 386     0
 387     0.55214
 388     0.82214
 389     1.2323
 390     0.98735
 391     0
 392     0.99885
 393     2.02782
 394     2.44702
 395     1.6558
 396     0.97115
 397     1.2927
 398     1.14025
 399     4.09125
 400     0.60891
 401     1.32697
 402     0.65025
 403     4.30638
 404     0.74945
 405     0.35341
 406     2.75565
 407     5.35449
 408    72.9282
 409   166.881
 410   101.958
 411    50.9305
 412    57.5442
 413    30.1009
 414    15.539
 415    20.7735
 416   609.666
 417   682.237
 418   592.789
 419   492.811
 420   486.249
 421   486.773
 422   291.548
 423   114.4
 424   269.54
 425   284.511
 426   318.065
 427   196.032
 428   228.236
 429   227.331
 430    58.3865
 431    20.9678
 432     2.38982
 433    11.7452
 434     7.65616
 435    52.3655
 436     3.17583
 437     2.17178
 438     1.70291
 439     0.58055
 440     0
 441     0
 442     0.96643
 443     1.43286
 444     2.0492
 445     1.81501
 446    24.5503
 447    34.6314
 448     0
 449     0
 450     2.33846
 451     1.90962
 452     0
 453     0.9171
 454     0
 455     0
 456     0.87596
 457     2.53289
 458     0.84799
 459     1.51349
 460     0
 461     0
 462     2.27977
 463     0.87505
 464     0.5982
 465     1.5981
 466     3.54667
 467     0.88945
 468     1.40849
 469     0.66203
 470     0.46375
 471     0.941
 472     1.81125
 473    28.5297
 474    22.7838
 475    26.2643
 476     2.04918
 477     1.82569
 478     0.78068
 479     0
 480    13.4645
 481    29.8147
 482    19.9931
 483    35.2917
 484    32.4607
 485    49.7913
 486    16.0045
 487     0.81515
 488     2.50781
 489     0.93187
 490     2.80377
 491     1.82805
 492     1.08978
 493    13.4746
 494    20.181
 495     4.54322
 496     0.92786
 497     1.339
 498     1.82363
 499     1.34128
 500     3.35372
 501     0.3529
 502     0.99484
 503     0.48497
 504     0
 505     1.04269
 506     0
 507     0.50146
 508     0.95294
 509     0.2177
 510     0.61658
 511     0
