This file was gnenerated on 2021-06-22 19:23:22.864439 by Grant Finneman. This contains the extracted data from the Gate simulations
The edep for each bar was summed up and printed to this file. The only math operation done has been addition.

  id        edep
   0     0.70514
   1     0
   2     1.60043
   3     0
   4     0.44142
   5     0.1814
   6     0
   7     0
   8     0.0874
   9     1.03078
  10     3.07938
  11     0
  12     0.90761
  13     2.16461
  14     0
  15     1.04748
  16    15.7835
  17     0
  18     2.13197
  19     1.07266
  20     0
  21     0
  22     1.49035
  23     0
  24     2.0426
  25     1.76073
  26     2.69646
  27     0.8997
  28    11.0538
  29    19.1155
  30     0.92484
  31     0.0874
  32     0.93506
  33     1.97649
  34     2.76254
  35     1.73092
  36     1.58296
  37     2.25737
  38     0.91056
  39     1.69767
  40     0.59457
  41     2.57094
  42     1.23011
  43     5.07299
  44     1.00717
  45     1.07038
  46     0
  47     1.47448
  48     0.62645
  49     1.51761
  50     2.04687
  51     0
  52     0.99301
  53     0.73772
  54     0.82522
  55     0.82529
  56     0.31367
  57     0
  58     0.83333
  59     0
  60     2.44542
  61     1.47227
  62     0
  63     1.01544
  64     0.9234
  65     0
  66     0.92321
  67     1.27818
  68     0.56531
  69     1.01984
  70     1.42695
  71     0.69345
  72     0.94089
  73     0.15325
  74     1.11606
  75     0.96561
  76     1.38745
  77     1.42837
  78     1.05258
  79     1.71596
  80     3.16947
  81     0.71258
  82     0.89989
  83     1.3116
  84     1.08937
  85    33.5225
  86    28.4505
  87    18.7816
  88    12.4616
  89    28.3877
  90     2.45421
  91     1.00569
  92     9.73286
  93    31.1617
  94     5.27724
  95     0
  96     3.99268
  97     2.68767
  98     1.5
  99     1.94794
 100     2.61516
 101    18.9209
 102     0.19915
 103     5.83582
 104     2.93337
 105     2.92386
 106     1.53603
 107     3.18541
 108     2.00702
 109     1.53009
 110     0.68996
 111     0.77595
 112     0.34069
 113     0.33165
 114     3.34524
 115     0.87068
 116     0.27301
 117     0.67578
 118     1.75817
 119     0.74456
 120     0
 121     0
 122     1.32289
 123     0.82057
 124     1.12327
 125     1.12006
 126     0.14031
 127     0.27301
 128     3.9978
 129     1.19946
 130     0.98973
 131     1.21162
 132     0.95554
 133     0.70416
 134     5.81812
 135     3.41107
 136    15.9214
 137     3.52299
 138     2.98834
 139     1.5996
 140    45.9996
 141    58.7745
 142    12.8552
 143     3.66069
 144    93.5537
 145   159.61
 146   109.404
 147   159.002
 148   108.569
 149    90.9816
 150    48.0199
 151     4.68999
 152   818.845
 153   803.01
 154  1116.09
 155  1003.73
 156   764.133
 157   508.784
 158   288.237
 159    72.9554
 160   350.566
 161   327.894
 162   306.559
 163   404.159
 164   286.351
 165   225.574
 166   179.635
 167    25.7965
 168     2.15522
 169     1.27733
 170     7.87901
 171     4.46542
 172    35.498
 173    33.249
 174    23.3391
 175     2.47877
 176     1.55963
 177     3.68195
 178     0.04524
 179     0.86514
 180     0.75267
 181     1.27424
 182     1.32122
 183     1.45611
 184     6.01689
 185     0.97436
 186     1.36138
 187     1.58809
 188    13.8095
 189     4.74375
 190     0.93511
 191     2.19116
 192     2.53108
 193     1.13467
 194     0.94059
 195     1.24814
 196     0.48729
 197     1.99319
 198     0.11745
 199     0.18493
 200     2.29042
 201    15.3657
 202    29.7242
 203     1.63337
 204     2.75408
 205     3.43309
 206     5.09529
 207    11.615
 208   631.249
 209   870.679
 210   828.471
 211  1023.05
 212   705.948
 213   525.341
 214   381.737
 215    60.5473
 216  7142.95
 217  7968.53
 218  7581.22
 219  8363.76
 220  7750.8
 221  6421.82
 222  4375.36
 223  1675.46
 224  3797.69
 225  4320.37
 226  4246.95
 227  4625.24
 228  4041.33
 229  3417.78
 230  2019.47
 231   688.11
 232   327.744
 233   298.091
 234   242.588
 235   514.801
 236   495.782
 237   378.391
 238   127.908
 239    40.7375
 240     3.44119
 241     1.10914
 242    17.1019
 243     1.22433
 244     6.49898
 245    11.5798
 246     8.04534
 247     8.12941
 248     5.43609
 249     1.52209
 250     1.31526
 251     1.31646
 252     0.66283
 253    14.0135
 254    27.3558
 255    14.6974
 256     0
 257     3.99278
 258     1.82661
 259     1.1372
 260     3.13599
 261     0.70385
 262     1.12398
 263     1.45925
 264    20.4742
 265    11.6382
 266     1.99257
 267     2.78635
 268     2.4945
 269     2.91601
 270     0.80964
 271     0.78768
 272   374.875
 273   512.307
 274   350.096
 275   528.738
 276   324.354
 277   261.012
 278   146.941
 279    33.5435
 280  4117.15
 281  4563.95
 282  4558.52
 283  4816
 284  4792.4
 285  3582.76
 286  2184.63
 287   668.499
 288  7058.77
 289  7344.66
 290  7740.88
 291  7565.37
 292  7681.72
 293  6559.29
 294  4405.78
 295  1691.57
 296   756.705
 297   776.029
 298   990.771
 299   829.356
 300   817.954
 301   763.822
 302   423.543
 303    94.8024
 304    12.5707
 305     3.36039
 306    14.2227
 307    10.8955
 308    12.0962
 309     6.29334
 310    14.0041
 311    14.2248
 312     5.6368
 313     0.90658
 314     2.02505
 315     1.28473
 316     0.48674
 317     0
 318     0.42325
 319     1.54566
 320     0.6056
 321     0.17365
 322     0.66639
 323     0.9603
 324     0.63209
 325     0.52016
 326     1.02086
 327     0.47482
 328    15.5761
 329     1.69952
 330     3.64542
 331     1.0752
 332     2.0459
 333     1.1849
 334     0.39093
 335     0.16794
 336    20.1023
 337    22.4782
 338    19.4993
 339    18.9002
 340    14.2348
 341     7.30204
 342    13.1038
 343    25.5572
 344   247.807
 345   481.548
 346   321.77
 347   356.507
 348   319.712
 349   202.551
 350   107.609
 351    20.2329
 352   804.132
 353   945.208
 354   946.094
 355   947.003
 356   676.587
 357   479.576
 358   303.655
 359    38.7486
 360   180.243
 361   169.247
 362   216.37
 363   174.98
 364   164.986
 365   118.256
 366   109.718
 367    47.9774
 368     1.41561
 369    26.0641
 370     2.08419
 371     0.84554
 372     1.06404
 373     3.06853
 374    15.7712
 375    23.233
 376     3.92594
 377     0.61062
 378     0.7476
 379     2.87153
 380     3.65856
 381     4.1208
 382     3.3776
 383     0
 384     0.01025
 385     1.1739
 386     1.49913
 387     1.42519
 388     0
 389     0.68051
 390     1.6668
 391     0
 392     1.37517
 393     1.86941
 394     2.52981
 395     1.52481
 396     0.12268
 397     0.10137
 398     2.66041
 399     0.33231
 400     2.09032
 401     1.15651
 402     1.10132
 403     0.91351
 404     3.0373
 405     0.24392
 406     0
 407    15.9063
 408     3.29206
 409     4.77126
 410     1.74593
 411     4.50764
 412     3.52174
 413     0.29694
 414     1.44699
 415     1.83746
 416     1.48615
 417    41.4307
 418    20.7867
 419     3.34359
 420     4.03525
 421    23.6991
 422     8.85238
 423     2.08141
 424     1.83003
 425     3.29528
 426     1.0464
 427     1.16372
 428     2.89383
 429     1.57274
 430    26.4369
 431     0.68789
 432     8.7819
 433     0
 434     2.89298
 435     0.40912
 436     0.64351
 437     0
 438     0
 439     0.54516
 440     0
 441     0
 442     0.72665
 443     0.84554
 444     2.40004
 445     1.34919
 446     0.01964
 447     0.38919
 448     0
 449     0
 450     0.64603
 451     1.31638
 452     0.12317
 453     0.97512
 454     0.79329
 455     0
 456     0
 457     0
 458     1.42448
 459     1.00875
 460     1.5117
 461     1.80086
 462     0
 463     0.45386
 464     1.18647
 465     1.67804
 466     0.23189
 467     0.96821
 468     0.24597
 469     0.80168
 470     0
 471     0.80022
 472     0.11389
 473     0.24076
 474     1.13539
 475     1.37186
 476     1.83484
 477     3.81443
 478     1.9733
 479     2.13729
 480     2.9128
 481     0.66966
 482     0.89381
 483     1.6607
 484     0.29609
 485     0.47729
 486     0
 487     8.0828
 488     0
 489     0.97133
 490     0.90188
 491     0.57025
 492     0.12697
 493     0
 494     1.00969
 495     1.19603
 496     0.32257
 497     3.2669
 498     0.62536
 499     0
 500     0.07051
 501     2.29577
 502     0.26052
 503     0
 504     0.18165
 505     0.93857
 506     0.97415
 507     2.3195
 508     0
 509     1.55683
 510     0.63705
 511     0.2996
