This file was gnenerated on 2021-06-17 21:18:48.992275 by Grant Finneman. This contains the extracted data from the Gate simulations
The edep for each bar was summed up and printed to this file. The only math operation done has been addition.

  id      edep
  10    0.7471
  16    0.5802
  18    0.5802
  22    0.8078
  23    0.1187
  25    0.0675
  36    0.8187
  43    1.083
  54    0.2297
  57    0.3445
  64    0.4203
  73    0.8851
  75    0.7655
  77    0.5027
  80    4.5041
  81    1.6511
  82    7.8288
  84    0.018
  85    0.5575
  87    0.1408
  89   39.6948
  90    5.9024
  92    5.1318
  93    0.5133
  94    6.2504
  95    9.9453
  96    1.9739
  97   10.3838
  98    5.9703
  99    0.4759
 100   26.656
 101    0.3684
 103    0.8187
 104    0.5701
 107    0.2011
 108    0.3843
 116    0.115
 136    0.4405
 137    0.3645
 142    0.1777
 144   47.171
 145   24.4145
 146   25.8332
 147   17.1295
 148    9.1574
 149    0.2434
 152  187.847
 153  299.741
 154  267.954
 155  293.985
 156  191.096
 157  160.725
 158  127.14
 159   37.9629
 160   66.7009
 161  108.435
 162  120.808
 163  138.861
 164  144.624
 165  135.508
 166   64.09
 167    8.6275
 169    0.2183
 170    0.4862
 171   47.8881
 172   27.2938
 174    0.9807
 175    0.0995
 178    0.2509
 194    0.9904
 196    0.0658
 200    1.1671
 201    0.299
 202    0.9217
 203    2.0227
 208   38.7457
 209   45.2586
 211   39.0889
 212   81.3797
 213   67.3901
 214   14.9464
 215    6.4537
 216  567.251
 217  684.412
 218  618.927
 219  676.923
 220  494.983
 221  543.867
 222  357.132
 223  100.452
 224  460.9
 225  387.391
 226  311.825
 227  456.796
 228  514.984
 229  346.302
 230  170.735
 231   58.1514
 232   14.2633
 233    0.9766
 234    0.3416
 235   28.9088
 236   30.2954
 238    0.0237
 242    0.9766
 243    0.4862
 245    0.9342
 250    0.2021
 252    0.2509
 258    0.2643
 264    0.6044
 266    0.8475
 272   23.91
 273   11.0857
 274    1.5997
 276    1.7743
 277   17.8724
 278    9.5452
 279    9.8821
 280  417.387
 281  371.62
 282  384.468
 283  402.932
 284  333.703
 285  378.378
 286  256.541
 287   88.1018
 288  557.866
 289  650.552
 290  647.362
 291  802.289
 292  739.322
 293  557.801
 294  275.231
 295   68.9947
 296   37.2216
 297   49.2289
 298   98.6061
 299   37.9037
 300   90.4065
 301   49.6862
 302    0.8238
 303    0.5621
 304    0.8566
 305    6.3658
 308    1.3377
 322    0.797
 324    0.3515
 327    0.7178
 329    0.801
 333    0.7939
 337    0.298
 338   25.8253
 339    0.733
 340    1.466
 341   23.6101
 343   11.1061
 344  171.367
 345   93.1743
 346  169.519
 347   78.1072
 348   72.3658
 349   95.6457
 350   74.5396
 351   39.3286
 352  129.889
 353  136.381
 354  157.04
 355  184.078
 356  171.985
 357  167.883
 358  114.672
 359   25.4046
 360    9.4395
 361   17.2636
 362   17.8302
 363   30.3713
 364   26.349
 366    0.0568
 368    0.5232
 370    0.8546
 371    1.493
 372    1.2366
 373    0.3859
 376    0.1662
 380    0.4547
 393    0.0901
 396    0.0237
 398    0.9297
 403    0.6265
 404    5.436
 406    0.733
 407   13.066
 408    0.1753
 411    2.6061
 412   21.4928
 416    3.2771
 417    0.2401
 418    0.5759
 419    0.3179
 420    0.8294
 425    0.0675
 432    0.3098
 436    0.552
 438    0.9414
 440    0.8692
 445    0.4122
 458    0.3986
 469    0.5621
 471    0.7312
 473    0.4617
 479    0.1278
 497    0.2088
 507    0.6092
