This file was gnenerated on 2021-06-17 21:18:14.193060 by Grant Finneman. This contains the extracted data from the Gate simulations
The edep for each bar was summed up and printed to this file. The only math operation done has been addition.

  id       edep
  18     2.5096
  33     0.3216
  42     0.9342
  62     0.9409
  81     0.8367
  82     0.6189
  83     0.3296
  86     1.998
  89     1.0645
  90     0.5105
  93     0.8279
 101     0.7273
 104     0.1896
 110     0.4605
 111     0.7638
 112     0.3818
 113     0.0621
 117     0.3112
 120     0.0462
 122     0.7346
 125     1.1095
 127     0.8455
 129     0.5208
 136     0.4589
 139     0.5738
 140     0.6189
 143     0.8536
 152    11.6271
 153    14.5066
 154     3.466
 155    13.0669
 156     4.5342
 157    17.5572
 158     0.0839
 160    44.1606
 161    35.9434
 162    90.5334
 163    30.5855
 164    15.645
 165    28.1235
 166     7.8239
 169    13.0778
 170    11.7226
 171     3.9002
 173    15.4797
 174     1.5034
 178    23.9852
 182     0.8455
 183     1.5803
 188     0.987
 189     0.9076
 190     0.5167
 191     0.912
 199     0.7292
 201     0.6039
 202     0.3364
 203     0.0558
 208    19.7621
 209    10.7761
 210    71.5338
 211    13.7597
 212    24.56
 213    16.704
 216   451.936
 217   434.27
 218   440.691
 219   497.986
 220   448.721
 221   384.411
 222   171.719
 223    96.6224
 224   814.921
 225   835.701
 226   872.527
 227   907.43
 228  1001.61
 229   734.863
 230   467.649
 231   144.241
 232    75.2341
 233    35.7578
 234    47.5083
 235    75.8193
 236    53.9845
 237    22.9655
 238     3.504
 240     0.8617
 241     0.5472
 242    13.509
 244     0.892
 246     2.9164
 252     0.912
 258     0.0187
 260     0.8147
 262     0.0162
 264     0.4741
 265     0.6293
 266     0.6293
 272    16.5326
 273    47.2864
 274    80.9917
 275    49.091
 276    73.9309
 277   118.833
 278    28.5611
 280   743.529
 281   643.044
 282   726.53
 283   727.222
 284   862.407
 285   840.667
 286   560.415
 287   235.061
 288   471.608
 289   534.607
 290   512.018
 291   558.084
 292   494.92
 293   310.504
 294   205.559
 295   124.975
 296    16.0018
 297    38.097
 298     5.9517
 299    31.9788
 300    38.1451
 301     4.5782
 305     0.3291
 306     1.1386
 307     1.691
 308     0.4027
 310     2.536
 311     1.7752
 313     1.1528
 315     0.6162
 317     0.6055
 319     0.7346
 320     0.4741
 325     0.8472
 330     0.5861
 335     0.7483
 336    23.201
 337    14.8103
 338     0.5655
 339     2.5416
 340     8.5866
 341    23.9876
 342    21.4896
 344    16.3648
 345    37.6909
 346     2.6487
 347     0.4423
 348    18.091
 349    43.995
 350    20.5044
 353     9.142
 354    17.7418
 355     7.9405
 356    20.0926
 358     1.147
 359     0.1371
 360     0.6308
 362    19.1777
 364     0.2528
 367     0.3296
 368     0.6445
 373     0.5401
 377     0.7559
 378     0.4601
 379     0.367
 380     0.1538
 383     0.2528
 384     0.5861
 396     1.4358
 399     0.2872
 404     0.0961
 405     0.8871
 408     0.7346
 409     0.2343
 411     0.4733
 416     0.1369
 419     1.5171
 420     0.7346
 422     0.1632
 426     1.6968
 430     0.0932
 431     0.8488
 440     0.5738
 460     0.4566
 462     0.8534
 465     0.5447
 467     0.8454
 481     0.5369
 484     0.7346
 488     0.0908
 491     0.2382
 497     0.0908
 508     0.1575
