This file was gnenerated on 2021-06-21 16:47:34.604501 by Grant Finneman. This contains the extracted data from the Gate simulations
The edep for each bar was summed up and printed to this file. The only math operation done has been addition.

  id      edep
   0    0
   1    0
   2    0
   3    0
   4    0
   5    0
   6    0
   7    0
   8    0
   9    0
  10    0
  11    0
  12    0
  13    0
  14    0
  15    0
  16    0
  17    0
  18    0
  19    0
  20    0
  21    0
  22    0.8232
  23    0
  24    0
  25    0.6349
  26    0
  27   14.1192
  28    0.7088
  29    0
  30    0
  31    0
  32    2.6432
  33    0
  34    0
  35    0
  36    0
  37    0
  38    0
  39    0
  40    0
  41    0
  42    0
  43    0
  44    0
  45    0.2221
  46    0.6837
  47    0
  48    0
  49    0
  50    0
  51    0
  52    0
  53    0
  54    0
  55    0
  56    0
  57    0
  58    0
  59    0.6716
  60    0
  61    0
  62    0
  63    0
  64    0
  65    0
  66    0
  67    0
  68    0
  69    0
  70    0.8799
  71    0
  72    0
  73    0
  74    0
  75    0
  76    0
  77    0
  78    0
  79    0
  80    0
  81    1.6555
  82    0.3631
  83    0.5955
  84    1.8112
  85    0
  86    7.8912
  87    0
  88   22.5009
  89   61.0971
  90   45.7626
  91   69.6206
  92   35.3288
  93    9.1628
  94    5.4223
  95    1.9138
  96   53.9782
  97   61.651
  98   84.4712
  99   88.9719
 100   13.6806
 101   34.1724
 102   11.0339
 103   13.6437
 104    0
 105   12.6721
 106    0
 107   10.3292
 108    0
 109    0
 110    2.4384
 111    5.4864
 112    0.4795
 113    0
 114    0
 115    0
 116    0
 117    0
 118    0
 119    0
 120    0
 121    0
 122    0.3624
 123    0
 124    0
 125    0
 126    0
 127    0
 128    0
 129    0
 130    0
 131    0.7788
 132    0
 133    0.7788
 134    0
 135    0
 136    0
 137    0
 138    0
 139    0
 140    0
 141    0
 142    0
 143    0
 144    0.0658
 145   22.1424
 146   15.7785
 147    0.9884
 148    0.3929
 149    0
 150    1.7423
 151    0
 152  167.028
 153  209.119
 154  233.918
 155  263.41
 156  235.985
 157  121.165
 158   62.1755
 159   39.8748
 160  193.834
 161  241.973
 162  264.834
 163  274.916
 164  282.102
 165  176.664
 166  135.43
 167   57.1834
 168   79.138
 169  142.839
 170   94.2211
 171   42.2294
 172   63.2761
 173   53.7508
 174   38.4777
 175   15.9093
 176    0.8658
 177    0
 178    2.2703
 179    0
 180    0.041
 181    0
 182    0
 183    0.587
 184    0
 185    0
 186    0
 187    0
 188    0
 189    0
 190    0.1118
 191    0
 192    0.613
 193    0
 194    0
 195    0
 196    0
 197    0
 198    0
 199    0
 200    0
 201    0.067
 202    1.0168
 203    0
 204    0
 205    0
 206    0.7698
 207    0.7698
 208   56.5314
 209   83.8869
 210   41.7586
 211   36.0129
 212   31.9159
 213   76.8898
 214   44.3247
 215    0.9285
 216  328.785
 217  258.019
 218  218.963
 219  318.958
 220  284.858
 221  178.768
 222  128.488
 223   31.8559
 224  283.86
 225  352.854
 226  285.115
 227  204.084
 228  228.839
 229  344.114
 230  244.017
 231   49.0336
 232   48.0511
 233   34.6383
 234   63.7372
 235   70.3647
 236  114.352
 237   62.5318
 238   26.1444
 239   21.9266
 240    0.9367
 241    0
 242    1.1844
 243    0
 244    0.6703
 245    0
 246    0.6823
 247    0
 248    0
 249    0
 250    0
 251    0
 252    0
 253    0
 254    0
 255    0
 256    0
 257    0
 258    0.6601
 259    0.7399
 260    0
 261    0
 262    0
 263    0.0235
 264    0
 265    0
 266    0.8413
 267   12.0328
 268    0.7844
 269    0
 270    0
 271    0
 272   57.9076
 273   50.0205
 274  132.531
 275  141.045
 276   98.6642
 277   38.1901
 278    9.1969
 279    3.8403
 280  241.217
 281  225.811
 282  420.64
 283  451.972
 284  362.798
 285  230.704
 286  168.25
 287   61.3959
 288  274.757
 289  280.866
 290  284.992
 291  242.021
 292  306.088
 293  128.685
 294   74.0671
 295   80.2961
 296   23.9297
 297    5.7642
 298   37.3349
 299   33.503
 300   35.1637
 301    3.8853
 302   11.9975
 303    8.6211
 304    0
 305    0
 306    0.0308
 307    1.2282
 308    1.646
 309    0
 310    0.797
 311    0
 312    0
 313    0
 314    0
 315    0
 316    0.561
 317    0
 318    0
 319    0
 320    0
 321    0
 322    0
 323    0.4361
 324    0
 325    0.5164
 326    0
 327    0
 328    0
 329    0.4804
 330    1.0175
 331    0.8804
 332    0.2365
 333    1.3493
 334    0
 335    0
 336  121.999
 337  134.607
 338   84.9964
 339  156.518
 340  101.515
 341   94.454
 342   26.397
 343    5.1332
 344  316.835
 345  287.531
 346  339.749
 347  402.11
 348  304.523
 349  278.17
 350  128.258
 351   46.585
 352  180.567
 353  154.75
 354  176.456
 355  198.314
 356  173.782
 357  105.275
 358   68.7535
 359   65.5452
 360   19.2652
 361   23.861
 362   22.9305
 363   11.6736
 364    2.9184
 365   23.9265
 366    9.816
 367    0
 368    0.6696
 369    0.8855
 370    0
 371    0
 372    0
 373    0
 374    0
 375    0
 376    0.3145
 377    0
 378    0.9333
 379    0
 380    0.7989
 381    0
 382    0
 383    0
 384    0
 385    0
 386    0
 387    0
 388    0
 389    0
 390    0.1584
 391    0.0687
 392    0
 393    0.4145
 394    0.9987
 395    0.9987
 396    0
 397    0.0687
 398    1.0371
 399    0.8998
 400    0.6704
 401   10.9975
 402   18.0365
 403    0
 404    2.326
 405    1.1839
 406    0.7035
 407    0
 408   36.8402
 409   51.7105
 410   33.4546
 411   35.1014
 412   55.1441
 413   14.2694
 414    0.4187
 415    0
 416   37.5265
 417   43.2301
 418   15.5602
 419   13.2214
 420   37.157
 421   16.2615
 422   54.1562
 423    2.9528
 424    0.349
 425    2.7465
 426   17.2238
 427    0.3083
 428    4.752
 429    3.168
 430    7.1048
 431    0
 432    0
 433    0
 434    0
 435    0.3929
 436    0
 437    0
 438    0
 439    0
 440    0
 441    0
 442    0
 443    0.8342
 444    0.0654
 445    0
 446    0
 447    1.5849
 448    0
 449    0
 450    0
 451    0
 452    0
 453    0
 454    0
 455    0
 456    0
 457    0.6037
 458    0
 459    0
 460    0
 461    0
 462    0
 463    0
 464    0.7587
 465    0.9638
 466    1.3691
 467    0
 468    0
 469    0
 470    0
 471    0
 472    0
 473    0.6904
 474    0
 475    0
 476    0.2909
 477    0
 478    0
 479    0
 480    0.298
 481    0.3106
 482    0.7989
 483    0
 484    0
 485    0
 486    0
 487    0.0687
 488    0
 489   17.4496
 490    0
 491    0
 492    0
 493    0
 494    0
 495    0
 496    0
 497    0
 498    0.8342
 499    0
 500    0
 501    0
 502    0
 503    0
 504    0
 505    0
 506    0
 507    0
 508    0.5967
 509    0
 510    0
 511    0
