This file was gnenerated on 2021-06-21 16:44:07.833932 by Grant Finneman. This contains the extracted data from the Gate simulations
The edep for each bar was summed up and printed to this file. The only math operation done has been addition.

  id      edep
   0    0.366
   1    0
   2    0.763
   3    0
   4    0.0986
   5    0
   6    0
   7    0
   8    0
   9    0
  10    0
  11    0
  12    0
  13    0
  14    0
  15    0
  16    0
  17    0
  18    0.3885
  19    0
  20    0
  21    0
  22    0
  23    0
  24    0
  25    0
  26    0
  27    0.2529
  28    0.012
  29    0
  30    0.3139
  31    0
  32    0
  33    0
  34    0
  35    0
  36    0
  37    0
  38    0
  39    0
  40    0
  41    0
  42    0
  43    0
  44    0
  45    0
  46    0
  47    0
  48    0
  49    0
  50    0
  51    0
  52    0
  53    0
  54    0
  55    0
  56    0
  57    0
  58    0
  59    0.3425
  60    0
  61    0
  62    0
  63    0
  64    0
  65    0
  66    0
  67    0
  68    0
  69   10.0549
  70    1.2998
  71    0
  72    0
  73    0
  74    0
  75    0.4062
  76    0.3962
  77    0
  78    0
  79    0
  80    0.667
  81    0.253
  82    7.4997
  83    0
  84    0.2775
  85    0.358
  86    0.917
  87    0
  88    0
  89    0
  90    7.3542
  91    0.8892
  92    0.502
  93    0.1456
  94    0.0758
  95    0
  96    0
  97    0.8154
  98    0
  99    0
 100    0
 101    0.8696
 102    0
 103    0
 104    0
 105    0
 106    0.9354
 107    0.7813
 108    0
 109    0
 110    0
 111    0
 112    0
 113    0
 114    0.3425
 115    0
 116    0.1703
 117    0
 118    0
 119    0.0701
 120    0.7173
 121    0.3673
 122    0.583
 123    0
 124    0
 125    0
 126    0
 127    0
 128    0.2373
 129    0.1032
 130    0
 131    0.8982
 132    0
 133    7.078
 134    0
 135    0
 136   58.119
 137   29.1947
 138   28.8269
 139   40.0338
 140   14.4398
 141   25.8629
 142   12.9566
 143    0
 144  188.685
 145  186.876
 146  187.372
 147  148.227
 148  150.202
 149  103.194
 150   65.393
 151    7.0831
 152   35.0171
 153  138.436
 154  108.827
 155   55.8819
 156   53.0398
 157  104.389
 158    9.2201
 159    0
 160   21.8907
 161    0.3277
 162   27.8835
 163   16.5716
 164    7.4799
 165   38.5715
 166    0
 167    0
 168    0.3044
 169    0
 170    0
 171    0
 172    0.4737
 173    0
 174    0
 175    0
 176    0.4905
 177    0
 178    0.8154
 179    0
 180    0
 181    0
 182    0
 183    0
 184    0.4905
 185    0
 186    0
 187    0
 188    0.8892
 189    0
 190    0
 191    0
 192    0
 193    0
 194    0
 195    0
 196    0.3019
 197    0.2288
 198    0
 199    0.3322
 200   94.7045
 201   37.0144
 202   20.9724
 203   36.9591
 204   39.5037
 205   46.2485
 206    5.39
 207    1.9654
 208  447.29
 209  497.046
 210  401.336
 211  290.221
 212  325.723
 213  359.518
 214  199.289
 215   76.7134
 216  469.293
 217  491.468
 218  576.545
 219  570.941
 220  526.369
 221  444.828
 222  295.06
 223   86.1121
 224  162.396
 225  230.124
 226  194.997
 227  200.077
 228  171.042
 229  164.531
 230  111.337
 231   27.175
 232   35.769
 233   23.6947
 234   30.7426
 235   96.8718
 236   12.3984
 237   54.5424
 238    3.9101
 239    6.7928
 240    0
 241    0
 242   15.552
 243   27.1844
 244    0
 245    0
 246    0
 247    0
 248    0.5761
 249    0.3425
 250    0
 251    0
 252    0
 253    0.2132
 254    0
 255    0
 256    0
 257    0
 258    0.2775
 259    0
 260    0
 261    0
 262    0.1006
 263    0
 264   14.9093
 265    0.7057
 266    0.9711
 267    0.1418
 268    0.0569
 269    0
 270    0
 271    0
 272    7.8607
 273   53.2607
 274   29.305
 275   10.9005
 276   20.8485
 277   13.4487
 278    0.4234
 279    0
 280  154.54
 281   93.4195
 282  127.635
 283  199.215
 284  143.552
 285  100.088
 286   76.1154
 287   14.9545
 288  330.721
 289  483.322
 290  509.962
 291  534.618
 292  624.518
 293  490.593
 294  367.962
 295  148.296
 296  467.867
 297  400.849
 298  471.445
 299  293.533
 300  467.519
 301  311.131
 302  235.9
 303   80.8659
 304   46.341
 305   59.3464
 306  105.52
 307   68.5423
 308   21.2042
 309   26.5098
 310   29.1654
 311    0
 312    0.4426
 313    0
 314    0.5934
 315    0
 316    0.6095
 317    0.2789
 318    0
 319    0
 320    0
 321    0
 322    0
 323    0
 324    0
 325    0
 326    0.067
 327    0.236
 328    0
 329    0.3872
 330    0
 331    0
 332    0.9623
 333    0.2299
 334    0
 335    0
 336    0
 337    0.3227
 338    0.5969
 339    0.0594
 340    1.2311
 341    0.6098
 342    0.0758
 343    0
 344   37.302
 345   10.2315
 346   40.7704
 347   24.9341
 348    7.3815
 349    0
 350    0
 351    0
 352   45.7533
 353   27.406
 354   66.3135
 355   52.761
 356   84.9465
 357   85.6014
 358   67.541
 359    0.5697
 360  160.399
 361  201.635
 362  172.95
 363  106.77
 364  158.387
 365  164.505
 366  130.46
 367   68.563
 368   31.9342
 369   16.8595
 370   19.5533
 371   36.076
 372   56.646
 373   32.6481
 374    0
 375    0
 376    0
 377    0.8154
 378    0.3678
 379    0.3678
 380    0.3678
 381    0
 382    0
 383    0.8565
 384    0
 385    0
 386    0
 387    0
 388    0
 389    0
 390    0
 391    0.5785
 392    0
 393    0
 394    0
 395    0
 396    0
 397    0
 398    0
 399    0.3299
 400    0.253
 401    1.0356
 402    0
 403    0.7822
 404    0
 405    0
 406    0
 407    0
 408    1.5748
 409    0.6968
 410    0.2508
 411    0
 412    1.3085
 413    0.5217
 414    0
 415    0
 416    0
 417    0
 418    0
 419    0.0853
 420    0
 421    0
 422    0
 423    7.8776
 424    0
 425    1.1626
 426    0
 427    0
 428   25.27
 429    0
 430    0.8473
 431    0.7842
 432    0
 433    0
 434    0
 435    0
 436    0.2608
 437    0
 438    0.6021
 439    0
 440    0
 441    0.9413
 442    0.6376
 443    0
 444    0
 445    0.8347
 446    0.2985
 447    0.8696
 448    0
 449    0
 450    0
 451    0
 452    0
 453    0
 454    0
 455    0
 456    0
 457    0
 458    0.4708
 459    0
 460    0.0416
 461    0.0832
 462    0.0416
 463    0
 464    0.243
 465    0
 466    0
 467    0.9242
 468    0
 469    0.2508
 470    0.5785
 471    0
 472    0.267
 473    0.0935
 474    0
 475    0
 476    0
 477    0
 478    0
 479    0
 480    0
 481    0.0853
 482    0
 483    0
 484    0.8751
 485    0
 486    0
 487   31.5104
 488    0
 489    0.256
 490    0
 491    0
 492    0
 493    0
 494    0
 495    0
 496    5.9552
 497    0
 498    0.2886
 499    0
 500    0
 501    0
 502    0
 503    0
 504    0.0416
 505    0
 506    0
 507    0
 508    0
 509    0
 510    0
 511    0
