This file was gnenerated on 2021-06-21 16:45:20.363610 by Grant Finneman. This contains the extracted data from the Gate simulations
The edep for each bar was summed up and printed to this file. The only math operation done has been addition.

  id      edep
   0    0
   1    0
   2    0
   3    0
   4    0
   5    0.8702
   6    0
   7    0.8702
   8    0.0401
   9    0
  10    0.0456
  11    0.443
  12    0
  13    0
  14    0.9929
  15    0
  16    0
  17    0
  18    0.3551
  19    0
  20    0.2562
  21    0
  22    0
  23    0
  24    0
  25    0
  26    0
  27    0.6291
  28    0.5442
  29    0.5442
  30    0
  31    0
  32    0
  33    0.6247
  34    0.7124
  35    0
  36    0.2217
  37    0
  38    0
  39    0
  40    0
  41    0
  42    0
  43    0.7584
  44    0
  45    0
  46    0
  47    0
  48    0.5842
  49    0
  50    0
  51    0
  52    0.4661
  53    0.512
  54    0
  55    0.9007
  56    0.0673
  57    1.3402
  58    0.2562
  59    0.0673
  60    0
  61    0.7625
  62    0
  63    0
  64    0
  65    0
  66    0
  67    0
  68    0
  69    0.4326
  70    0
  71    0
  72    0
  73    0
  74    0
  75    0.4326
  76    1.3899
  77    0
  78    0
  79    0
  80    0
  81    0.9252
  82    0
  83    0
  84    0
  85    0.6214
  86    0
  87    0
  88    0
  89    0.8585
  90    0.0828
  91   18.6003
  92    0
  93    0.392
  94    0
  95    0
  96    0.6222
  97    0
  98    0
  99   27.6129
 100    0
 101    0.7573
 102    0
 103    1.7248
 104    0.1554
 105    0
 106    0
 107   15.3824
 108   11.4461
 109    3.199
 110    0.7952
 111    0
 112    0
 113    0.1387
 114    0
 115    0
 116    0
 117    0
 118    0.3628
 119    0
 120    0.0673
 121    0
 122    0
 123    0
 124    0
 125    0
 126    0
 127    0
 128    0
 129    0
 130    0
 131    0
 132    0
 133    0
 134    0
 135    0
 136    0
 137    0
 138    0.5306
 139    0
 140    0
 141    0
 142    1.0711
 143    0
 144    0.8872
 145    0
 146   22.7654
 147    0
 148    0
 149   30.1004
 150    0
 151   26.943
 152   12.2363
 153   29.9231
 154   71.7531
 155   22.4657
 156   39.9271
 157   35.1254
 158   36.2125
 159    1.123
 160   86.9441
 161   61.4445
 162   93.5711
 163  121.524
 164   64.2403
 165   85.0704
 166   71.9924
 167    6.6454
 168   14.712
 169    0
 170    0
 171   12.0384
 172    1.1673
 173   25.4953
 174    5.6602
 175    0
 176    0
 177    0
 178    0
 179    0
 180    0.6504
 181    0
 182    0
 183    0
 184    0
 185    0
 186    0
 187    0
 188    0
 189    0
 190    0
 191    0.2244
 192    0
 193    0
 194    0
 195    0.0583
 196    0
 197    0
 198    0
 199    0
 200    0
 201    0.3709
 202    0.9604
 203    0
 204    0
 205    0
 206    0.9213
 207    0
 208   23.1645
 209    7.8625
 210   88.8784
 211   11.6611
 212   10.5762
 213    8.7491
 214   33.2165
 215   20.3274
 216  524.71
 217  380.312
 218  485.96
 219  504.455
 220  554.546
 221  452.691
 222  180.337
 223   44.2351
 224  854.495
 225  820.539
 226  841.829
 227  727.608
 228  617.277
 229  606.01
 230  480.427
 231  213.411
 232   41.8198
 233   65.9002
 234   60.201
 235  131.057
 236  140.546
 237   76.9514
 238   26.993
 239    4.4356
 240    0.3928
 241    0
 242    0.6214
 243    0.9561
 244    0.9446
 245    0
 246    0
 247    0
 248    0
 249    0
 250    0
 251    0
 252    0.2422
 253    0
 254    0
 255    0
 256    0
 257    0.2632
 258    0
 259    0
 260    0
 261    0
 262    0
 263    0.1724
 264   13.384
 265    0.7421
 266    0.7421
 267    0
 268    0
 269    0
 270    0
 271    0.8543
 272   82.3726
 273  108.119
 274  131.407
 275   49.119
 276   70.2381
 277   29.9395
 278   39.2898
 279   16.4825
 280  856.845
 281  899.544
 282  817.469
 283  894.205
 284  785.708
 285  765.21
 286  480.686
 287  171.267
 288  494.625
 289  540.843
 290  570.823
 291  429.158
 292  367.946
 293  239.669
 294  158.575
 295   58.6696
 296   21.0728
 297   46.8434
 298   39.1472
 299   40.6046
 300   15.9086
 301   20.7512
 302    0.7078
 303    0.7084
 304    0.5781
 305    0
 306    0
 307    0
 308    0
 309    0
 310    0
 311    0
 312    0
 313    0
 314    0
 315    0.2562
 316    0
 317    0
 318    0.7677
 319    0
 320    0.4102
 321    0
 322    0.5555
 323    0
 324    0
 325    0
 326    0
 327    0
 328    0
 329    0.1015
 330    0.1092
 331    0.1134
 332    0
 333    0
 334    0
 335    0
 336   29.6998
 337   16.5172
 338   20.0672
 339    2.1344
 340   12.1357
 341    0.7251
 342    0
 343    0
 344  125.602
 345   30.9439
 346   54.6885
 347   68.0073
 348  104.296
 349   53.2266
 350   40.1804
 351    0.9175
 352   34.5342
 353   86.5275
 354   57.8251
 355   71.5323
 356   16.7942
 357   17.0942
 358   36.0257
 359    0.656
 360   12.7162
 361    2.9736
 362    0
 363    0.7153
 364   10.218
 365    0
 366    0.6048
 367    0
 368    0.5781
 369    0
 370    0.4182
 371    0
 372    0.327
 373    0
 374    0
 375    0
 376    0.6186
 377    0
 378    1.5451
 379    0
 380    0.2474
 381    0.0749
 382    0
 383    0.0953
 384    0
 385    0
 386    0
 387    0.5789
 388    0
 389    0
 390    0
 391    0
 392    0
 393    0
 394    0.245
 395    0
 396    0.7192
 397    0
 398    0
 399    0.4904
 400    0.833
 401    0
 402    0
 403    0
 404    0.9129
 405    0
 406    0
 407    0.0987
 408    0.9072
 409    0
 410    0.7529
 411    2.1939
 412    1.1533
 413    0
 414    0.8299
 415    0
 416    2.835
 417    0
 418    0
 419    0
 420    0.741
 421    0
 422    0
 423    0.4036
 424    0
 425    0
 426    0
 427    0
 428    0
 429    0
 430    0.2361
 431    0
 432    0.5637
 433    0.3291
 434    0
 435    0
 436    0
 437    0
 438    0
 439    0
 440    0.8695
 441    0.9738
 442    1.0728
 443    0
 444    0
 445    0
 446    0
 447    0
 448    0
 449    0
 450    0
 451    0
 452    0
 453    0
 454    0
 455    0
 456    0
 457    0
 458    0.8558
 459    0
 460    0
 461    0
 462    0
 463    0.2579
 464    0
 465    0
 466    0
 467    0
 468    0
 469    0
 470    0
 471    0
 472    0
 473    0
 474    0.0674
 475    0
 476    0
 477    0
 478    0.6434
 479    0
 480    0
 481    0
 482    0.2457
 483    0
 484    0
 485    0
 486    0.4739
 487    0
 488    0
 489    0
 490    0
 491    0
 492    0
 493    0
 494    0
 495    0
 496    0
 497    0
 498    0
 499    0
 500    0
 501    0
 502    0
 503    0
 504    0
 505    0
 506    0
 507    0
 508    0
 509    0
 510    0
 511    0
