This file was gnenerated on 2021-06-17 21:22:07.138873 by Grant Finneman. This contains the extracted data from the Gate simulations
The edep for each bar was summed up and printed to this file. The only math operation done has been addition.

  id      edep
   4    0.9573
  16    3.316
  24   13.3652
  26   23.6592
  32   13.3625
  48    0.675
  52    0.6208
  65    1.4135
  68    0.07
  69    0.7104
  73    0.8769
  74    0.9843
  77   12.3441
  78   16.101
  81   26.9212
  82    5.1058
  83   29.8448
  84    7.2075
  85    1.4588
  86    4.0176
  87    1.5197
  88   58.9005
  89   37.6758
  90   50.955
  91   75.2109
  92   56.6525
  93   68.1124
  94   32.7724
  95    8.7745
  96   34.2659
  97   13.7487
  98    1.1802
  99   17.4728
 100   25.4565
 101   19.7379
 106    2.2761
 107    0.3109
 108    0.3109
 109    0.9863
 113    0.2199
 115    0.4927
 133    0.3979
 134    0.07
 139   56.3241
 140    4.0727
 141    3.2202
 144   44.6237
 145   92.8022
 146  143.423
 147  153.634
 148  264.42
 149  179.973
 150  119.182
 151   22.1783
 152  157.289
 153  177.303
 154  182.149
 155  167.827
 156  248.825
 157  138.419
 158   96.601
 159   29.5759
 160  203.909
 161  121.172
 162  153.884
 163  211.402
 164  146.892
 165  127.179
 166   63.0879
 167   13.5585
 168   47.81
 169   53.548
 170   78.2395
 171   83.0243
 172   48.4076
 173   26.5664
 174   24.6727
 175    7.9576
 177   28.535
 178   21.1001
 179    5.6211
 180   31.9251
 181    2.4575
 197    0.07
 200    3.8235
 201    4.4209
 202   73.5702
 203   52.5406
 204   21.1749
 205   25.6969
 206   33.9687
 207   11.676
 208  127.351
 209  161.021
 210  137.979
 211  177.086
 212  241.649
 213  177.267
 214  167.384
 215   86.1618
 216  129.425
 217  185.298
 218  256.968
 219  204.99
 220  145.163
 221  140.365
 222   96.1652
 223   28.8106
 224  163.508
 225  276.896
 226  136.435
 227  163.988
 228  205.1
 229  264.683
 230  128.369
 231   34.9123
 232  170.103
 233  217.483
 234  197.304
 235  137.073
 236   94.6299
 237   86.8553
 238   64.4902
 239   29.7115
 240   82.7135
 241   87.4532
 242   65.8164
 243   37.9734
 244   38.1903
 245   56.1847
 246   20.2335
 247    8.4016
 248   26.3221
 256    0.6697
 259    0.0981
 262   11.0061
 263    6.0577
 264   18.7435
 265   29.4837
 266   57.8617
 267  103.806
 268  108.839
 269   59.5239
 270   18.3086
 271    8.8513
 272  195.709
 273  214.879
 274  170.443
 275  213.369
 276  190.307
 277  115.239
 278   88.3953
 279   33.4678
 280  186.114
 281  241.892
 282  357.812
 283  305.051
 284  241.247
 285  186.715
 286  119.517
 287   18.3806
 288  223.486
 289  257.652
 290  277.522
 291  171.363
 292  177.878
 293  117.084
 294   98.0047
 295   37.7853
 296  172.339
 297  195.716
 298  256.038
 299  183.996
 300  152.056
 301  167.368
 302  136.198
 303   68.4351
 304   49.3859
 305   66.9996
 306   60.4523
 307   29.9564
 308   59.7119
 309   60.4503
 310    3.8441
 314    0.6711
 316    4.8942
 317    8.4256
 319    0.4055
 322    0.0732
 326    0.5428
 328    3.6825
 333    0.8112
 334    1.0442
 335    0.4994
 336   58.4644
 337   16.5551
 338   13.5039
 339   22.0446
 340   66.6874
 341   67.4161
 342   19.4726
 343    0.2564
 344  116.856
 345  141.758
 346  154.239
 347  142.244
 348  160.436
 349  168.348
 350   98.0621
 351   31.6287
 352  194.562
 353  201.084
 354  230.325
 355  195.126
 356  171.193
 357  128.743
 358  127.012
 359   22.9924
 360   58.5033
 361  105.399
 362  172.602
 363   91.2982
 364   93.726
 365   85.2819
 366  125.905
 367   30.9271
 368    0.9366
 369   25.4562
 372    0.7485
 375    1.3028
 376    0.236
 378    0.9424
 379    0.7479
 384    0.8112
 386    0.3993
 392    0.4903
 394    0.9519
 401    0.4019
 402   14.4873
 403    0.7834
 404    1.846
 405    0.923
 408    7.2926
 409   19.7638
 410   27.342
 411    3.692
 412    2.817
 413   20.1911
 414    5.4097
 416   56.9092
 417  102.102
 418   54.749
 419   67.1092
 420   64.4516
 421   53.6337
 422   37.4255
 423   16.909
 425    3.97
 426    7.5746
 427    3.7222
 428   20.1773
 429    8.551
 430    0.6207
 431    8.93
 433    0.804
 434    0.6429
 435    0.606
 436   19.884
 437   23.3991
 438   16.181
 445    0.19
 447    0.3017
 450    0.1839
 453    0.7349
 459    0.8967
 465    0.2831
 466    1.6504
 472    0.7648
 477    0.5894
 480    1.2382
 482    0.0511
 488    0.846
 491    0.1783
 492    1.9598
 496    0.344
 509    0.7863
