This file was gnenerated on 2021-06-17 21:19:03.197456 by Grant Finneman. This contains the extracted data from the Gate simulations
The edep for each bar was summed up and printed to this file. The only math operation done has been addition.

  id      edep
   2    0.1798
  14   13.0788
  17    0.5708
  21    0.3502
  24    0.4143
  27   41.4166
  28   23.448
  30   15.1236
  31   20.302
  32    0.3937
  35    0.6252
  36    1.186
  41    0.1334
  43    0.7623
  45    0.8079
  51    0.6473
  55    0.3346
  64    0.9095
  67    0.0636
  72   10.4554
  73    0.3532
  75    0.2548
  76    1.256
  78   11.1412
  79    5.5883
  80   14.2832
  81   14.2639
  82   31.2047
  83   49.6464
  84   10.8296
  85   28.5654
  86    2.0034
  88   34.969
  89   16.7509
  90   83.7428
  91   71.0665
  92   51.4274
  93   25.5401
  94    8.5825
  95    0.3636
  96    0.6708
  97    2.6154
  98   25.5066
 100    1.7933
 102    0.3226
 105    0.5422
 109    0.3053
 119    0.935
 136    5.3574
 137    3.4122
 138    0.8846
 140    4.4376
 141    7.1982
 144  192.335
 145  208.528
 146  219.28
 147  211.224
 148  145.416
 149  126.454
 150  131.974
 151   38.2801
 152  303.943
 153  434.498
 154  435.689
 155  368.599
 156  277.231
 157  298.195
 158  285.281
 159  116.425
 160   23.381
 161   63.5821
 162   75.2737
 163   23.2535
 164   31.1725
 165   77.2579
 166   50.6087
 167   29.7394
 168    1.0645
 171    0.1669
 175    0.8158
 177    1.526
 181   17.9226
 194    0.7062
 195    0.8209
 197    2.5664
 198    1.6025
 199    0.7038
 203    0.6241
 204    0.3905
 205    3.31
 208   92.5092
 209  111.412
 210   85.4939
 211   97.7179
 212  136.749
 213  153.812
 214   62.9293
 215   16.5608
 216  412.479
 217  471.272
 218  404.517
 219  400.433
 220  433.937
 221  344.989
 222  305.899
 223  117.079
 224  191.49
 225  189.302
 226  268.528
 227  208.882
 228  258.094
 229  251.643
 230  129.793
 231   64.0473
 232   22.678
 233   38.3067
 234   14.1533
 235   17.6324
 236   24.4972
 237    0.6791
 238   24.9896
 239   28.9322
 240    5.7481
 242    0.3035
 243    0.9478
 244    0.1257
 245   20.9097
 246    9.957
 249    0.0674
 254    0.1438
 258    0.7062
 264    0.2832
 266    1.2687
 272    8.0214
 273    3.84
 274   55.5207
 275   10.2571
 276    2.9344
 277    1.21
 278   17.2303
 279   15.186
 280  297.927
 281  187.011
 282  212.069
 283  179.769
 284  177.548
 285  130.599
 286   80.3136
 287   17.8467
 288  342.22
 289  340.228
 290  487.934
 291  462.916
 292  516.856
 293  433.233
 294  282.701
 295  166.377
 296  140.516
 297  144.5
 298  182.405
 299   84.1997
 300   86.8144
 301   25.2554
 302   24.6501
 303    3.89
 304    1.5723
 307    0.7413
 308    2.928
 312    1.3581
 313    0.9174
 314    0.9552
 322    0.7549
 332    0.7062
 336   13.5048
 337    1.0992
 338   28.8155
 339    0.6676
 341    0.2548
 342    0.3424
 343    0.3424
 344   28.9248
 345   44.7168
 346   56.2474
 347   58.002
 348   42.5509
 349   30.766
 350   17.6276
 351    4.3528
 352  287.892
 353  456.393
 354  378.555
 355  481.445
 356  359.814
 357  319.161
 358  156.247
 359   61.5411
 360  272.25
 361  215.082
 362  236.231
 363  228.803
 364  235.656
 365  199.302
 366  143.839
 367   41.3788
 368    0.5562
 369   13.0963
 370    5.4421
 373   34.7684
 374   16.2172
 376    0.0057
 389    0.9108
 400    0.784
 402    0.9993
 406    0.6227
 407    0.9108
 409    0.49
 410    5.8156
 411    2.4924
 412    0.2548
 413    0.9242
 414    0.1844
 415    0.4691
 416   84.045
 417   36.7836
 418   40.5015
 419   40.1434
 420   27.7451
 421   26.8184
 422   33.4556
 423    4.1783
 424   31.1634
 425   77.7467
 426   56.0567
 427   55.789
 428   16.3568
 429   29.4845
 430   39.0436
 431   11.1108
 432    0.1516
 433    0.1385
 435    0.7817
 437    0.8008
 444    0.3035
 459    0.4568
 462    0.3424
 463    0.1844
 467    0.8591
 475    0.111
 477    0.0406
 480   18.396
 481    0.1223
 486    0.9887
 488    0.7972
 489    0.9198
 491    0.2202
 493    0.6709
 494   28.5192
 499    0.4761
 506    0.7817
