This file was gnenerated on 2021-06-21 16:45:22.527269 by Grant Finneman. This contains the extracted data from the Gate simulations
The edep for each bar was summed up and printed to this file. The only math operation done has been addition.

  id      edep
   0    0
   1    0
   2    0
   3    0
   4    0
   5    0
   6    0
   7    0
   8    0
   9    0
  10    0
  11    0
  12    0.2493
  13    0
  14    0
  15    0
  16    0
  17    0
  18    0
  19    0.4718
  20    0.8869
  21    0
  22    0
  23    0
  24    0
  25    0.0175
  26    0
  27    0
  28    0
  29    0.6369
  30    0
  31    0
  32    0
  33    2.6985
  34    0
  35    0
  36    0.8473
  37    0
  38    0
  39    0
  40    0.1047
  41    0.7078
  42    0.1472
  43    0
  44    0
  45    0
  46    0
  47    0
  48    0
  49    0.7078
  50    0
  51    0
  52    0
  53    0
  54    0
  55    0
  56    0.9719
  57    0
  58    0
  59    0.5299
  60    0
  61    0
  62    0
  63    0
  64    0
  65    0
  66    0
  67    0
  68    0
  69    0
  70    0
  71    0
  72    0
  73    0
  74    0
  75    0.8939
  76    0
  77    0
  78    0
  79    0
  80    0.7019
  81    0
  82    0.0253
  83   24.2312
  84    0.0175
  85    0
  86    0
  87    0
  88    0
  89    0.7764
  90    0.2697
  91    0
  92    0
  93    0
  94    0
  95    0
  96    0.9589
  97    0
  98    0
  99    0.8473
 100    0.3108
 101    0.0175
 102    0
 103    0
 104    0.3208
 105    1.4106
 106    0
 107    0
 108    0
 109    0
 110    0.0175
 111    0
 112    0
 113    0
 114    0
 115    0
 116    0
 117    0
 118    0
 119    0.6999
 120    0
 121    0
 122    0
 123    0
 124    0
 125    0
 126    0
 127    0.5201
 128    0
 129    0
 130    0
 131    0
 132    1.0231
 133    0
 134   18.9399
 135   12.1568
 136    0
 137    0
 138   34.6115
 139   16.8588
 140    0
 141    0
 142    0.5299
 143    0.7719
 144    5.271
 145   23.2783
 146    7.3079
 147   37.7423
 148   42.93
 149    9.9874
 150    0
 151    0.3668
 152   62.8188
 153  130.136
 154   79.0865
 155  126.913
 156  187.186
 157   92.6044
 158   51.3349
 159    2.9637
 160   37.3601
 161   94.638
 162   92.6069
 163   73.0609
 164   45.4889
 165   96.1325
 166   33.6098
 167    0
 168    9.2951
 169    8.2785
 170    0
 171    0
 172    0.5235
 173    0
 174    0
 175    0
 176    0.4384
 177    0
 178    0
 179    0
 180    0.9297
 181    0
 182    0
 183    0
 184    0
 185    0
 186    0
 187    0
 188    0
 189    0
 190    0.7037
 191    0
 192    0
 193    0.5611
 194    0
 195    0
 196    0.7047
 197    0.5299
 198    0
 199    0
 200    0
 201    0.3742
 202    0
 203    0
 204    0.514
 205    0
 206    0
 207    0
 208   42.06
 209   64.1324
 210   33.7819
 211   63.9886
 212   40.9034
 213   39.2393
 214    8.0456
 215    0
 216  579.152
 217  730.627
 218  680.957
 219  597.483
 220  512.82
 221  549.214
 222  253.781
 223   78.2798
 224  604.556
 225  726.5
 226  698.648
 227  577.493
 228  460.979
 229  413.529
 230  271.521
 231   92.4201
 232   98.4834
 233  132.456
 234   80.1733
 235   42.1801
 236   78.6802
 237   27.032
 238   31.5776
 239   31.7486
 240    2.6423
 241   32.6035
 242    3.9688
 243    4.4096
 244   18.8064
 245    0
 246    0
 247    0
 248    0
 249    0
 250    0
 251    0
 252    0
 253    0
 254    0
 255    0
 256    0.0082
 257    0
 258    1.4294
 259    0.4134
 260    0
 261    0
 262    0
 263    0
 264    0
 265    0
 266    0.6984
 267    0
 268    0.6591
 269    0
 270    0
 271    0.6092
 272   55.2437
 273   66.3256
 274  105.377
 275   37.6979
 276   87.746
 277   52.4864
 278    0.698
 279    0
 280  588.25
 281  439.6
 282  543.856
 283  552.873
 284  442.491
 285  417.744
 286  206.781
 287  110.674
 288  415.849
 289  535.301
 290  551.57
 291  474.709
 292  413.273
 293  332.428
 294  199.973
 295   82.2413
 296   35.7788
 297   35.1605
 298   26.2941
 299   15.5774
 300   26.5288
 301   69.05
 302   21.842
 303    0.4019
 304    0.336
 305   10.6416
 306    6.0753
 307    2.9323
 308    0
 309    3.1179
 310    6.564
 311    3.1084
 312    0
 313    0.4796
 314    0
 315    0
 316    0
 317    0
 318    0
 319    0
 320    0.5921
 321    0
 322    0
 323    0
 324    0
 325    0
 326    0
 327    0
 328    0
 329    0.4813
 330    0
 331    0
 332    0
 333    0.1472
 334    0
 335    0
 336    7.8192
 337    0.1643
 338   22.5352
 339    9.7797
 340    0.3813
 341    0
 342    0.3865
 343    0
 344   61.8306
 345   72.7028
 346   83.6816
 347  123.899
 348   21.0961
 349   11.4079
 350    9.8667
 351   36.848
 352   76.1461
 353  103.833
 354  150.46
 355   87.6612
 356   68.2017
 357   70.4771
 358   16.9742
 359   19.2162
 360    1.4993
 361    0.8978
 362   17.65
 363    0.2572
 364    2.3412
 365   42.764
 366    0.3562
 367    0
 368    0.7508
 369    0.7378
 370    0
 371    0
 372    0.0669
 373    0
 374    0
 375    0.3097
 376    0
 377    0
 378    0
 379    0
 380    0
 381    0
 382    0
 383    0
 384    0
 385    0
 386    0
 387    0
 388    0
 389    0
 390    0
 391    3.6704
 392    0
 393    0.2422
 394    0.2744
 395    0.5546
 396    0
 397    0
 398    0
 399    0
 400    0
 401    0
 402    0
 403    0
 404    0
 405    0
 406    0
 407    0
 408    0
 409    0
 410    0
 411    0
 412    0.5427
 413    0
 414    0
 415    0
 416    1.4881
 417    0.9313
 418    0
 419    0
 420    0
 421    0
 422    0
 423    0
 424    0.1526
 425    0
 426    0.1526
 427    0
 428    0
 429    0
 430    0
 431    0.3097
 432    0
 433    0.1526
 434    0
 435    0.2688
 436    0
 437    0
 438    0
 439    0
 440    0
 441    0.5582
 442    0
 443    0
 444    0
 445    0.545
 446    0
 447    0.5713
 448    0
 449    0
 450    0
 451    0
 452    0
 453    0
 454    0
 455    3.8998
 456    0.375
 457    0
 458    0
 459    0
 460    0
 461    0
 462    0.0425
 463    0
 464    1.0767
 465    0
 466    0
 467    0
 468    0.7758
 469    0
 470    0
 471    0
 472    0
 473    0
 474    0
 475    0
 476    0
 477    0.2878
 478    0
 479    0
 480    0
 481    0
 482    0
 483    0
 484    0.9032
 485    0
 486    0
 487    0
 488    0
 489    0
 490    0.9032
 491    0
 492    0
 493    0
 494    0
 495    0
 496    0.7205
 497    0
 498    0
 499    0
 500    0
 501    0.5562
 502    0.1901
 503    0
 504    0
 505    0
 506    0
 507    0
 508    0
 509    0
 510    0
 511    0
