This file was gnenerated on 2021-06-17 21:20:09.696638 by Grant Finneman. This contains the extracted data from the Gate simulations
The edep for each bar was summed up and printed to this file. The only math operation done has been addition.

  id      edep
   8    0.919
  12    0.3389
  22    0.7961
  55    1.1888
  59    0.8079
  63    0.5996
  71    0.2507
  72    6.5186
  74   12.5349
  76    1.2605
  77    3.7815
  79    1.5495
  80    5.5925
  84    0.4005
  85    3.0159
  86   13.2734
  87   45.0517
  88   23.2049
  89   20.6498
  97    0.3052
  98    0.7611
 106    0.7509
 116    0.6023
 121    0.2617
 123    1.3312
 126    0.6965
 129    0.2193
 130    0.4722
 136   30.5703
 137   36.452
 138   59.6103
 139   62.2427
 140   10.4642
 141    5.3121
 142    0.3988
 143    8.0574
 144  110.753
 145  146.532
 146   90.8188
 147   68.4
 148   86.2678
 149   58.4629
 150   68.1238
 151   47.0799
 152  101.097
 153  124.257
 154  111.699
 155   51.897
 156  104.035
 157   56.6978
 158   63.9986
 159    2.2469
 160    2.9615
 161    4.3928
 162    6.5744
 164    3.0066
 165   15.4717
 166   16.5408
 167    5.0601
 168    4.8247
 169    3.6234
 170    0.7489
 171   38.4153
 172   33.1964
 173    6.5353
 176    0.6512
 177    2.5508
 178    8.3812
 180    0.8242
 181    0.8559
 183    0.9386
 185    0.155
 186    0.083
 190    0.4447
 192    0.52
 195    2.5337
 200  136.622
 201  129.914
 202   38.6124
 203   96.5852
 204  110.923
 205   47.9503
 206   46.6761
 207    5.0849
 208  261.992
 209  286.363
 210  260.375
 211  249.955
 212  270.271
 213  139.992
 214  119.232
 215   59.9606
 216  204.498
 217  214.857
 218  250.898
 219  255.888
 220  300.822
 221  151.908
 222  100.734
 223   39.1232
 224  254.314
 225  204.737
 226  167.32
 227  214.568
 228  199.653
 229  165.116
 230  118.887
 231   22.0537
 232  113.434
 233  173.071
 234  132.42
 235  181.966
 236  201.804
 237  193.65
 238   97.4036
 239   42.2053
 240   84.3418
 241  120.257
 242   74.142
 243   71.1698
 244   21.8539
 245   21.2934
 246   64.3176
 247   16.4829
 248    0.5369
 249   25.5104
 250   13.4057
 257    9.255
 258    0.8634
 259    6.5859
 264   50.9392
 265   77.0303
 266   52.5746
 267   36.0024
 268   63.0515
 269   79.0367
 270   67.8074
 271   23.6046
 272  207.759
 273  173.405
 274   93.4058
 275  144.79
 276  252.934
 277  165.027
 278  112.156
 279   69.7209
 280  290.58
 281  252.681
 282  226.867
 283  278.185
 284  331.172
 285  198.335
 286  148.025
 287   80.4263
 288  300.986
 289  230.527
 290  262.891
 291  230.042
 292  238.539
 293  186.612
 294  150.552
 295   16.9359
 296  170.821
 297  224.277
 298  193.77
 299  216.077
 300  227.763
 301  187.792
 302  112.047
 303   26.7145
 304  178.45
 305  178.236
 306  143.026
 307  127.418
 308  134.159
 309   73.6202
 310   22.127
 311    4.0795
 312    0.5335
 313    5.9726
 314    2.7151
 316   20.9366
 317    0.6521
 321   14.191
 325    0.5431
 328    6.787
 329   14.1617
 331    0.2405
 332    0.9306
 334    0.0246
 335    0.3689
 337   27.7641
 338   43.5957
 339   34.5856
 340   48.6643
 341   36.4535
 342    8.5884
 344   39.0237
 345   17.0574
 346   21.1894
 347   58.6202
 348   10.8
 349   24.7174
 350   31.7509
 351    2.7609
 352   76.9715
 353   47.9341
 354   50.8623
 355   79.4238
 356   54.7354
 357   59.6191
 358   23.8312
 359    5.2203
 360  127.089
 361  132.648
 362  158.948
 363  116.351
 364  110.405
 365  149.266
 366   61.4138
 367   17.941
 368   38.8675
 369   80.9771
 370  104.941
 371   79.8354
 372   31.4047
 373   48.4607
 374    6.4569
 375    0.4623
 376    0.2712
 377   26.0514
 381    0.914
 383    0.9179
 390    0.5431
 404   12.8826
 411    0.6033
 412   20.0396
 413   12.9844
 416    0.9155
 417    4.8468
 428    0.785
 440    0.6419
 442    0.8891
 445    0.8893
 448    0.5607
 455    0.4823
 464    0.6654
 466    0.7231
 473    0.0048
 480    0.2397
 490    0.0891
 497    0.0683
 498    0.9058
 509    0.8902
