This file was gnenerated on 2021-06-22 19:29:16.026276 by Grant Finneman. This contains the extracted data from the Gate simulations
The edep for each bar was summed up and printed to this file. The only math operation done has been addition.

  id        edep
   0     0.78832
   1     1.2347
   2     0.07861
   3     1.585
   4     0.12526
   5     1.55128
   6     3.07879
   7     0.35542
   8     2.37251
   9     0.88579
  10     0.15373
  11     1.49682
  12     0.31539
  13     1.68156
  14     2.30493
  15     0.8744
  16     0.10862
  17     0.73181
  18     2.80076
  19     1.6278
  20     0.84451
  21     0.96996
  22     1.69366
  23     3.39563
  24     1.99603
  25     1.84637
  26     1.87808
  27     5.208
  28     0.91789
  29     0.55594
  30     2.20125
  31     0.86572
  32     0
  33     3.05016
  34     0.72407
  35     1.86024
  36     1.88429
  37     0.81652
  38     1.77806
  39     0.46465
  40     0.60281
  41     0.88355
  42     1.58482
  43     0
  44     0.20167
  45     0.43026
  46     0.55376
  47     0
  48     3.59067
  49     1.82645
  50     1.69467
  51     0.26321
  52     1.88875
  53     0.81894
  54     1.02975
  55     1.72496
  56     1.30572
  57     0
  58     0.63258
  59     1.73365
  60    13.9102
  61    15.2328
  62     6.61044
  63     5.9489
  64     0.32442
  65     1.02071
  66     0.37766
  67     0.41993
  68     1.39564
  69     1.54895
  70     2.03744
  71     1.34054
  72     1.12454
  73     2.39156
  74     0.93387
  75     0.34806
  76     0.00312
  77     3.98114
  78     1.11667
  79     0
  80    21.4497
  81     1.42273
  82     0.5517
  83     2.18998
  84    28.8392
  85    21.5055
  86    10.8238
  87     1.35558
  88    16.6367
  89    30.2626
  90    68.8793
  91    64.8394
  92   131.044
  93    69.2496
  94    23.7945
  95     8.43578
  96    41.771
  97    41.1772
  98    57.1555
  99    18.0746
 100    38.8416
 101     8.62197
 102     9.94988
 103    18.2418
 104    25.4274
 105     1.37852
 106    14.1265
 107     0
 108     2.67215
 109    13.7006
 110    22.8274
 111    24.3692
 112     1.61646
 113     2.29228
 114     0.98138
 115     1.82079
 116     1.90736
 117    13.6515
 118     3.22409
 119     1.11025
 120     0.17398
 121     0.89724
 122     1.38922
 123     0.6951
 124     0.921
 125     0.64054
 126     1.26729
 127     0.52154
 128     0
 129     0
 130     0.96071
 131     0.22249
 132     0.45461
 133     0.36495
 134     0.31433
 135     0.9684
 136    16.0522
 137     1.22302
 138     0.95849
 139    12.7265
 140    14.7777
 141    45.7472
 142    26.8797
 143     7.48985
 144   275.979
 145   430.541
 146   402.529
 147   313.146
 148   456.806
 149   160.382
 150    75.292
 151     8.77621
 152  1548.3
 153  1883.96
 154  2015.15
 155  1761.13
 156  1920.6
 157  1165.51
 158   685.129
 159   210.075
 160   776.511
 161   900.024
 162  1102.36
 163  1261.14
 164  1166.96
 165   891.99
 166   516.75
 167   163.086
 168    14.8091
 169    43.8445
 170    23.4629
 171   113.59
 172    21.2879
 173    42.884
 174    86.3332
 175    34.1592
 176     1.58644
 177     1.77756
 178     2.22842
 179     2.61378
 180     5.82337
 181     4.49453
 182     4.90386
 183     1.52112
 184     2.5072
 185     2.84492
 186     0.88104
 187     0.87698
 188     0
 189     0.89502
 190     1.38086
 191     0.66761
 192     2.01529
 193     3.01062
 194     0.9442
 195     2.25068
 196     1.08312
 197     2.34306
 198     0.06347
 199     1.00804
 200    19.4898
 201     2.14612
 202    74.8829
 203     6.2119
 204    34.798
 205    21.8217
 206    24.7074
 207    11.1382
 208  1003.77
 209  1119.08
 210  1344.83
 211  1380.17
 212  1479.84
 213   981.512
 214   664.513
 215   203.637
 216  5434.71
 217  5862.73
 218  6258.11
 219  6790.85
 220  6073.14
 221  5015.8
 222  3348.37
 223  1392.86
 224  3669.36
 225  4023.78
 226  4287.61
 227  4510.85
 228  4042.45
 229  3470.94
 230  2338.62
 231   859.141
 232   348.795
 233   396.507
 234   445.134
 235   373.596
 236   336.803
 237   255.208
 238   172.315
 239    43.6485
 240    19.6127
 241     5.70999
 242    13.1161
 243     6.82507
 244    43.7965
 245     6.74009
 246     3.15997
 247     1.34952
 248     3.76524
 249     2.09761
 250     1.0696
 251     1.68683
 252     1.33503
 253     3.56086
 254     0.40302
 255     0.23755
 256     1.43771
 257     0.27625
 258     0.75929
 259     1.44098
 260     0
 261     2.6227
 262     1.31807
 263     2.61207
 264     4.11473
 265     3.8652
 266    21.0541
 267    29.5454
 268     0.76626
 269     3.86593
 270    40.4581
 271    15.8646
 272   413.111
 273   507.306
 274   557.491
 275   429.602
 276   577.681
 277   436.093
 278   252.929
 279    74.3357
 280  4198.61
 281  4349.39
 282  4712.84
 283  4339.94
 284  4543.88
 285  3982.99
 286  2308.26
 287   832.854
 288  6119.43
 289  5874.96
 290  6393.4
 291  6057.52
 292  5623.3
 293  4831.38
 294  3224.9
 295  1154.91
 296  1001.27
 297  1090.38
 298  1343.64
 299  1177.78
 300  1274.64
 301  1055.67
 302   599.758
 303   116.423
 304    22.133
 305    25.0831
 306    39.6753
 307     5.32003
 308    38.7159
 309    38.6139
 310     2.9641
 311     1.4023
 312     0.97423
 313     0.2731
 314     0
 315     1.01518
 316     0.50779
 317     0
 318     1.65718
 319     1.21507
 320     2.28349
 321     1.50047
 322     1.6306
 323     1.76045
 324     0.43399
 325     0.89248
 326     4.13059
 327     0.61576
 328    14.7949
 329     0.8997
 330     4.85769
 331     2.79213
 332     0.82266
 333     2.66079
 334     2.66509
 335     0.64357
 336    81.1691
 337    94.1353
 338    16.3201
 339   122.075
 340    90.0084
 341    11.3578
 342    26.2446
 343     3.82061
 344   873.253
 345  1062.24
 346  1058.43
 347  1032.89
 348   888.025
 349   751.141
 350   437.926
 351   101.856
 352  1361.04
 353  1849.26
 354  1590.15
 355  1687.33
 356  1649.38
 357  1374.13
 358   782.567
 359   324.438
 360   259.017
 361   303.571
 362   406.472
 363   250.255
 364   364.759
 365   190.378
 366   103.595
 367    24.7574
 368     2.76209
 369    16.7457
 370     1.91056
 371    20.5597
 372     9.25043
 373     2.38294
 374     0.47111
 375     8.06161
 376     0
 377     2.5963
 378     0.01732
 379     0.3702
 380     1.20986
 381     1.34768
 382     0.96584
 383     2.10149
 384     0.87997
 385     2.97151
 386     1.4752
 387     0
 388     0.06738
 389     1.77752
 390     0
 391     1.98785
 392     0.26709
 393     2.58014
 394     2.24061
 395     0.69493
 396     1.2008
 397     0
 398     0.47504
 399     0.58378
 400     2.84174
 401     2.70615
 402     1.93754
 403     1.52025
 404     1.55102
 405     2.38299
 406     2.0903
 407     2.18457
 408    39.7318
 409    38.257
 410    59.371
 411    30.8941
 412    23.6762
 413    39.5626
 414    31.363
 415    19.7584
 416    60.916
 417    35.4748
 418    53.9195
 419    41.0364
 420    53.851
 421    39.926
 422    21.7453
 423    22.7613
 424     3.46777
 425     3.4962
 426     2.57329
 427     3.62545
 428     2.90844
 429    23.4329
 430    12.5157
 431     7.25083
 432     1.9742
 433     1.59468
 434     0.77211
 435     1.65118
 436    18.767
 437     1.24359
 438     2.09037
 439     0.02088
 440     1.3569
 441     0.45429
 442     0
 443     0.83205
 444     1.41038
 445     1.19721
 446     0
 447     1.52894
 448    12.8066
 449     0
 450     0.79754
 451     0.9343
 452     0.71075
 453     0.18627
 454     0.09314
 455     0.58498
 456     1.05754
 457     1.29762
 458     0.60058
 459     0.40734
 460     3.08634
 461     1.80948
 462     0.01608
 463     1.19851
 464     1.01595
 465     2.00031
 466     1.27181
 467     0
 468     0.24606
 469     0
 470     0.44691
 471     0
 472     1.89115
 473     2.0891
 474     2.93209
 475     2.63543
 476     0.55648
 477     1.71856
 478     1.10096
 479     1.52264
 480     0
 481     0.74292
 482     0.87788
 483     1.77693
 484     0.67852
 485     1.97887
 486    38.3046
 487    21.0341
 488     0.63764
 489     2.3242
 490     0.00961
 491     0
 492     2.32206
 493     0.59441
 494     0
 495     0.54199
 496     1.38571
 497     1.42092
 498     0.74808
 499     0.59556
 500     0.74155
 501     1.69725
 502     0
 503     0.92928
 504     0.27458
 505     0.45791
 506     1.66737
 507     2.15697
 508     0
 509     1.88531
 510     0
 511     0.36303
