This file was gnenerated on 2021-06-22 19:47:51.458341 by Grant Finneman. This contains the extracted data from the Gate simulations
The edep for each bar was summed up and printed to this file. The only math operation done has been addition.

  id        edep
   0     0
   1     0.26007
   2     0
   3     0
   4     0
   5     0
   6     0.46699
   7     9.06054
   8     3.64947
   9     0.12494
  10     1.79439
  11     0.27166
  12     0.986
  13     0
  14     0.78694
  15    14.6334
  16     0.69391
  17     1.87859
  18     4.39236
  19     2.38188
  20     4.2405
  21     1.12417
  22     2.58223
  23    27.9235
  24     1.43384
  25    20.1426
  26    30.897
  27    36.9156
  28     0.7266
  29    18.5532
  30    13.0925
  31     8.59988
  32     8.31157
  33    18.5901
  34    29.1208
  35     2.6325
  36    18.0836
  37     0.7531
  38    29.4437
  39    19.9836
  40     1.62717
  41     0.98443
  42     0.88709
  43     0.70869
  44     1.31681
  45     1.08836
  46     0.11032
  47     0.45237
  48     0.14764
  49     0.96546
  50     0.69519
  51     0.01465
  52     0.5328
  53     0.22805
  54     0
  55     0.75718
  56     0.62422
  57     0.78353
  58     0.50188
  59     0
  60     0.25782
  61     1.6441
  62     0.47644
  63    11.6677
  64     1.3647
  65     1.09876
  66     0.92342
  67     3.74629
  68     1.43564
  69     1.14512
  70     0.6756
  71     0.91663
  72     0.68736
  73     0.82016
  74    68.2778
  75     7.6959
  76    12.6286
  77     1.53295
  78     1.92697
  79     2.12883
  80    63.1442
  81   104.841
  82   131.468
  83    82.3753
  84    54.2892
  85    45.4724
  86    36.1377
  87     1.76684
  88   363.756
  89   487.549
  90   549.988
  91   547.277
  92   392.398
  93   370.01
  94   199.649
  95    88.3637
  96   406.615
  97   396.772
  98   498.188
  99   694.271
 100   462.717
 101   302.229
 102   252.574
 103   120.531
 104    18.3172
 105    43.2806
 106    49.883
 107    82.9718
 108    25.7105
 109     2.18364
 110    10.6352
 111     3.28255
 112     5.92512
 113     1.28842
 114     1.04257
 115     1.56851
 116     1.71665
 117     1.84175
 118     2.13956
 119    19.6484
 120     0.6026
 121     0
 122     0.31638
 123     0.98104
 124     1.07205
 125     0
 126     0
 127    24.9787
 128     1.90174
 129     0.29524
 130     0.83405
 131     0.07093
 132     3.25676
 133     1.25688
 134     1.79802
 135     0.70003
 136   152.749
 137   175.752
 138   211.391
 139   210.452
 140   110.713
 141    87.1096
 142    71.5557
 143    23.3521
 144   951.064
 145  1136.25
 146  1365.16
 147  1167.29
 148  1041.07
 149   718.767
 150   522.314
 151   290.468
 152  1848.72
 153  2226.22
 154  2037.02
 155  2133.36
 156  2049.74
 157  1679.72
 158  1071.46
 159   373.886
 160  1819.87
 161  2006.43
 162  1821.49
 163  1594.1
 164  1564.73
 165  1529.17
 166   980.25
 167   277.761
 168   294.143
 169   229.585
 170   226.039
 171   247.355
 172   340.376
 173   147.078
 174   130.785
 175     7.31954
 176     0
 177     0.78624
 178     9.86112
 179    13.6167
 180    19.1413
 181    10.925
 182     0.40383
 183     0.88942
 184     1.54754
 185     0
 186     1.02948
 187     0.05611
 188     1.14278
 189     0.11114
 190     1.60945
 191     1.28347
 192     2.99256
 193     1.39186
 194     9.30436
 195     2.12439
 196     1.25413
 197     5.44119
 198     8.36016
 199     0
 200   282.49
 201   400.356
 202   388.492
 203   263.064
 204   285.796
 205   203.463
 206   170.634
 207    34.937
 208  1951.78
 209  2116.58
 210  1936.25
 211  2071.93
 212  1979.99
 213  1488.48
 214  1061.28
 215   353.905
 216  2443.9
 217  2506.02
 218  2591.1
 219  2763.91
 220  2423.82
 221  2025.17
 222  1455.21
 223   499.867
 224  2216.91
 225  2189.72
 226  2334.3
 227  2769.5
 228  2247.46
 229  1715.34
 230  1075.83
 231   474.285
 232  1133.92
 233  1071.4
 234  1114.68
 235  1336.06
 236  1282.73
 237  1149.27
 238   622.774
 239   266.976
 240    96.1324
 241    77.0128
 242    31.3903
 243    57.3225
 244   138.348
 245   164.786
 246    19.5098
 247     3.57471
 248     0.39491
 249     2.83516
 250     0
 251     1.03944
 252     1.66574
 253     2.4096
 254     1.71203
 255     1.46443
 256     2.22273
 257     0.98622
 258     0.07564
 259     1.90642
 260     2.50611
 261     6.60759
 262     9.37741
 263     0.1177
 264   105.445
 265    97.5946
 266    66.0262
 267   112.771
 268   117.315
 269   132.78
 270    31.6252
 271     6.96358
 272  1164.38
 273  1131.97
 274  1204.24
 275  1314.16
 276  1148.35
 277   780.015
 278   600.368
 279   206.537
 280  2476.04
 281  2485.96
 282  2633.46
 283  2561.09
 284  2446.38
 285  2177.9
 286  1431.2
 287   500.051
 288  2366.78
 289  2432.73
 290  2712.66
 291  2660.96
 292  2701.93
 293  2139.21
 294  1051.7
 295   366.844
 296  1933.84
 297  1986.76
 298  1903.99
 299  1795.85
 300  2066.36
 301  1926.95
 302  1129.34
 303   484.291
 304   243.56
 305   325.486
 306   253.422
 307   297.95
 308   345.898
 309   298.825
 310   116.377
 311    37.6591
 312     3.81533
 313     5.69434
 314     0.14435
 315     0.21044
 316     0.88269
 317     2.41777
 318     1.51443
 319     1.19027
 320     0.49253
 321     2.14406
 322     1.70616
 323     0.93216
 324     0
 325     0.83071
 326     0.98939
 327     1.07844
 328     1.56641
 329    14.8702
 330    19.5684
 331     0.56182
 332    10.1831
 333     1.29319
 334     3.843
 335     2.87948
 336   257.051
 337   224.999
 338   292.472
 339   440.497
 340   422.325
 341   355.55
 342   138.945
 343     7.81637
 344  1603.4
 345  1692.82
 346  1674.96
 347  1744.05
 348  1763.61
 349  1420.74
 350   840.999
 351   278.904
 352  1951.22
 353  2192.53
 354  2231.54
 355  2407.42
 356  1839.74
 357  1652.5
 358  1137.8
 359   386.433
 360  1068.82
 361  1331.91
 362  1148.02
 363   877.063
 364  1034.55
 365   900.131
 366   553.486
 367   170.477
 368   157.181
 369   278.076
 370   234.028
 371   167.18
 372   111.278
 373   132.593
 374    94.9731
 375    18.5209
 376    11.1018
 377    29.6001
 378     0.81163
 379     0.04073
 380     0.85074
 381     2.19607
 382     1.27944
 383     1.11471
 384     0.79697
 385     0.09682
 386     0.06997
 387     0.66918
 388     1.32404
 389     0.09682
 390     1.51318
 391     1.19197
 392     0.78496
 393     0.52224
 394     0.4528
 395     1.50155
 396     0.75903
 397     2.61534
 398     2.1661
 399     1.61396
 400    30.922
 401    57.1604
 402    66.4076
 403    57.7271
 404    73.505
 405    56.327
 406    34.0023
 407    14.1535
 408   348.558
 409   559.673
 410   662.96
 411   499.505
 412   492.114
 413   350.12
 414   163.689
 415    76.1799
 416   435.629
 417   375.185
 418   390.554
 419   455.465
 420   501.627
 421   299.174
 422   167.25
 423    86.3836
 424    86.5143
 425    76.5592
 426    42.5992
 427    60.2284
 428   116.09
 429   110.182
 430    29.0235
 431    13.107
 432     0.72356
 433     1.96966
 434    21.7871
 435    21.1464
 436     4.59188
 437    16.5254
 438    23.2685
 439     3.53573
 440     2.8647
 441     1.48661
 442     0.25391
 443     0.15481
 444     0.09968
 445     0.42386
 446     1.28402
 447     0.28487
 448     0.92676
 449     0.06556
 450     0.95188
 451     0.09682
 452     0.59854
 453     0.99901
 454     0
 455     0
 456     0.64533
 457     0.82443
 458     0
 459     1.75043
 460     0.59854
 461     1.26669
 462     2.38466
 463     0
 464     1.39563
 465     6.4776
 466     1.53309
 467     0.43947
 468     0.04647
 469     4.17008
 470     1.6101
 471     0.80127
 472    34.6249
 473    72.5469
 474    42.8914
 475     2.51711
 476     3.8918
 477    15.8377
 478     0.63342
 479     0
 480    19.4489
 481    44.9112
 482    10.6731
 483    54.2424
 484    31.4577
 485     0.37481
 486     2.31716
 487     1.83285
 488     1.76846
 489     1.29536
 490    20.3283
 491    16.9346
 492     7.16505
 493     1.47567
 494     0.99165
 495     0
 496     2.14087
 497     0.14614
 498     1.09804
 499     1.63808
 500     0.63777
 501     0
 502     1.42511
 503     1.18519
 504     0
 505     0.94847
 506     1.74335
 507     1.17524
 508     0.69091
 509     0
 510     1.77159
 511     1.56833
