This file was gnenerated on 2021-06-17 21:21:55.222843 by Grant Finneman. This contains the extracted data from the Gate simulations
The edep for each bar was summed up and printed to this file. The only math operation done has been addition.

  id      edep
  16    0.9737
  25    0.6353
  28    0.2783
  29    0.266
  30    0.3724
  31    0.2128
  36    1.2996
  37    0.3458
  48    0.3741
  51    0.2515
  55   10.3258
  65    0.7937
  68    0.5949
  81    0.8573
  83    0.4702
  87    0.0947
  88    1.3732
  89   14.7041
  90   17.8922
  91    0.8575
  92   11.7477
  93    5.5647
  94    0.5369
  96   66.3066
  97   62.0132
  98   44.4664
  99    5.6841
 100   29.1374
 101   39.1534
 102    9.0832
 103    4.4532
 104   10.2811
 105    0.4785
 106   30.0694
 107   13.264
 108    3.9857
 109   24.2286
 110    0.7962
 113    0.453
 130    0.1052
 140    0.7819
 141    0.754
 144    1.9226
 145    1.1796
 146   15.2197
 147   12.3116
 148    0.6872
 149   20.424
 152   82.9639
 153  109.563
 154  163.818
 155  102.725
 156   46.4455
 157   28.8814
 158   69.8103
 159   35.5745
 160  223.475
 161  304.806
 162  257.472
 163  186.601
 164  176.771
 165  218.393
 166  145.373
 167   39.5452
 168  171.47
 169  195.318
 170   97.0053
 171  188.183
 172  234.644
 173  128.35
 174   51.6199
 175   13.2617
 176   17.2842
 177   20.2869
 178   15.6566
 179   41.7376
 180   14.6918
 181    9.9544
 189    0.7314
 193    1.2364
 195    0.1171
 196    0.5115
 198    0.9863
 201   12.5156
 202    2.6901
 204    0.1243
 208   94.9819
 209   22.3582
 210   37.5632
 211   55.8021
 212   69.8853
 213   72.509
 214   32.874
 215    6.0329
 216  189.141
 217  225.787
 218  305.209
 219  387.524
 220  252.073
 221  243.122
 222  120.269
 223   38.434
 224  328.074
 225  281.901
 226  331.307
 227  308.277
 228  380.153
 229  312.639
 230  191.67
 231   66.1693
 232  203.419
 233  185.131
 234  214.046
 235  189.947
 236  190.67
 237  146.319
 238   96.0288
 239   52.299
 241   21.8758
 242   30.0703
 243   83.0809
 244   96.0068
 245   27.2494
 246    9.6556
 251    0.072
 254    0.8993
 255    0.1771
 256    0.6998
 257    1.4658
 264   18.446
 265    0.7077
 266   14.4662
 267   37.8156
 268   26.139
 269   29.4739
 270    8.9714
 271    1.5895
 272  279.941
 273  216.74
 274  284.083
 275  410.313
 276  425.383
 277  356.652
 278  182.965
 279   65.9216
 280  417.95
 281  293.348
 282  338.282
 283  425.541
 284  472.734
 285  369.591
 286  184.808
 287   62.0236
 288  291.111
 289  285.572
 290  227.107
 291  220.516
 292  277.274
 293  268.016
 294  131.974
 295   45.1701
 296   41.7784
 297   33.8671
 298   26.4226
 299   57.9232
 300   55.9058
 301   59.2187
 302   13.0497
 303    1.5247
 304    3.9081
 305   12.5676
 306    0.5877
 308    0.4488
 316    0.2079
 328    0.2064
 329    8.5232
 330    8.2233
 331   40.0322
 332   12.152
 334    0.9286
 336  110.463
 337   75.3632
 338  109.076
 339  184.954
 340  263.023
 341  150.657
 342  124.897
 343   49.264
 344  244.933
 345  294.503
 346  303.838
 347  335.612
 348  328.772
 349  260.12
 350  195.225
 351   56.2929
 352   28.2287
 353   39.3757
 354   29.5205
 355   76.6336
 356   41.5175
 357   48.1952
 358   29.1138
 359    1.4977
 361    1.0989
 362    0.1234
 363    0.959
 364    1.2127
 369    0.1339
 370    0.7147
 371    0.072
 372    0.8208
 375    0.8824
 377    0.3442
 378    0.4045
 380    0.4488
 382    2.3526
 383    4.7047
 389    0.1911
 393    1.2093
 395    0.3421
 400    9.286
 401    0.2776
 402    0.2776
 403    9.7526
 404   22.2111
 408   83.4342
 409   43.1258
 410   11.2966
 411    4.8763
 412   37.9139
 413   56.5022
 414    5.1357
 417    8.1978
 418   34.4354
 419    1.5144
 422    8.6913
 426    0.972
 427    0.2263
 435    0.3565
 440    0.7023
 464    0.8376
 478    0.5184
 484    0.2263
 486    0.3133
 490    0.7436
 491    0.6306
 492    0.2537
 493    0.6306
 494    0.2091
