This file was gnenerated on 2021-06-21 16:44:39.746852 by Grant Finneman. This contains the extracted data from the Gate simulations
The edep for each bar was summed up and printed to this file. The only math operation done has been addition.

  id      edep
   0    0
   1    0.5823
   2    0
   3    0.9572
   4    0
   5    0
   6    0
   7    0
   8    0
   9    0
  10    0.4948
  11    0
  12    0
  13    0
  14    0
  15    0
  16    0
  17    0.5337
  18    0.8947
  19    0
  20    0
  21    0
  22    0.3096
  23    0
  24    0
  25    0.3089
  26    0
  27    0
  28    0
  29    0.651
  30    0
  31    0
  32    0
  33    0
  34    0.2015
  35    0
  36    1.2122
  37    0
  38    2.5035
  39    0
  40    0
  41    0
  42    0
  43    0
  44    0
  45    0
  46    0
  47    0
  48    0
  49    0
  50    0.6722
  51    0
  52    0
  53    0.6722
  54    0
  55    0
  56    0
  57    0
  58    0
  59    0
  60    0
  61    0.7865
  62    0.3054
  63    0
  64    0
  65    0
  66    0
  67    0
  68    0
  69    0
  70    0
  71    0
  72    0.8018
  73    0.2371
  74    0
  75    0
  76    0
  77    0
  78    0
  79    0
  80    0
  81    0
  82    0
  83    0
  84    0
  85    0
  86    0
  87    0
  88    0.7892
  89    0.7425
  90    0
  91    0.4268
  92    0
  93    0.6847
  94    0.5848
  95    0
  96    1.0839
  97    0
  98   20.79
  99    5.491
 100   26.6572
 101    1.1267
 102    1.6873
 103    0
 104   58.5452
 105   89.3895
 106   42.707
 107   20.1567
 108   25.275
 109   25.0877
 110    0
 111    0
 112   20.8684
 113   13.8241
 114   24.5466
 115    0.6504
 116    0
 117    0
 118    0
 119    0
 120    0
 121    0
 122    0
 123    0
 124    0
 125    0
 126    0.7865
 127    0
 128    0
 129    0
 130    0
 131    0
 132    0
 133    0
 134   29.9646
 135    0
 136    0
 137    0
 138    0
 139    1.764
 140    0.8536
 141    0
 142    4.833
 143   13.5324
 144    0
 145    0.085
 146    0
 147   19.5312
 148   11.3932
 149    0
 150    0.9065
 151    0
 152   26.3887
 153   19.743
 154   49.0535
 155   17.8441
 156    5.0872
 157   18.2925
 158    0
 159    0
 160  141.945
 161  185.202
 162  192.778
 163  124.038
 164  154.474
 165  176.417
 166  161.647
 167   51.1321
 168  254.045
 169  314.219
 170  431.522
 171  412.201
 172  296.484
 173  208.573
 174  169.014
 175   72.6051
 176   28.1315
 177   24.8326
 178   83.2201
 179   22.6299
 180    5.3172
 181    0.5416
 182   30.966
 183    0
 184    0.6658
 185    0
 186    0
 187    0
 188    0
 189    0
 190    0
 191    0
 192    0
 193    0
 194    0
 195    0
 196    0.0524
 197    0
 198    0
 199    0
 200    0
 201    0
 202    0
 203    0
 204    0
 205    0
 206    0.2316
 207    0
 208    7.3588
 209   36.7225
 210   14.5825
 211   32.5619
 212    3.682
 213   30.8054
 214    9.5022
 215    6.5104
 216  225.427
 217  203.354
 218  185.672
 219  211.399
 220  205.807
 221  118.38
 222   68.6716
 223   25.2222
 224  397.068
 225  483.346
 226  510.807
 227  448.081
 228  440.947
 229  419.216
 230  308.401
 231   89.8435
 232  212.526
 233  271.825
 234  288.343
 235  292.072
 236  234.279
 237  123.539
 238   82.5383
 239   17.078
 240    8.004
 241   19.2406
 242   10.0182
 243   12.6922
 244   15.6795
 245    0
 246   12.885
 247    0.7997
 248    0
 249    0
 250    0
 251    0
 252    0
 253    0
 254    1.0049
 255    0
 256    0
 257    0.7906
 258    0.4805
 259    0
 260    0
 261    0
 262    0
 263    0
 264    0.4471
 265    0
 266    8.8368
 267   22.0552
 268    9.2092
 269    0
 270    0
 271    0
 272  157.561
 273  169.635
 274  138.675
 275  306.596
 276  173.466
 277  131.825
 278  106.589
 279   37.9991
 280  451.29
 281  551.569
 282  455.88
 283  444.099
 284  435.709
 285  289.19
 286  214.319
 287   75.7881
 288  179.408
 289  217.633
 290  243.645
 291  109.733
 292  219.174
 293  164.241
 294   96.2981
 295   33.0792
 296   14.6817
 297   35.6354
 298    2.3096
 299   10.7129
 300   38.1176
 301    2.4808
 302    0.7386
 303    0
 304    0
 305    0.4387
 306    0.3719
 307    1.351
 308    0
 309    1.4698
 310    0
 311    0.085
 312    0
 313    0
 314    0
 315    0
 316    0
 317    0
 318    0.568
 319    0
 320    0
 321    0
 322    0.5619
 323    0.6357
 324    0
 325    0
 326    0
 327    0
 328   27.3726
 329   34.6725
 330    8.9064
 331   56.5134
 332    8.6296
 333    0
 334    0.4805
 335    0
 336  213.917
 337  228.484
 338  212.936
 339  221.588
 340  257.94
 341  232.645
 342  132.637
 343   72.8086
 344  163.863
 345  173.047
 346  184.384
 347  193.9
 348  143.292
 349  160.957
 350   85.1733
 351   33.7628
 352   24.5724
 353    8.2592
 354    0
 355   13.8071
 356   35.6755
 357   22.1884
 358    0.3156
 359    1.9478
 360    1.3323
 361    0
 362    1.7786
 363    0.5518
 364    0
 365    0
 366    0
 367    0
 368    0.1773
 369    0.9705
 370    0
 371    0
 372    0
 373    0
 374    0
 375    0.7854
 376    0
 377    0
 378    0
 379    0
 380    0
 381    0
 382    0
 383    0
 384    0
 385    0
 386    0
 387    0
 388    0
 389    0
 390    0
 391    0
 392   13.5439
 393   12.6504
 394    0
 395    0.899
 396    0.5858
 397    0
 398    0
 399    0
 400   59.0352
 401   28.5406
 402    0
 403   12.5664
 404   40.8203
 405    9.789
 406    0
 407    0
 408    0.9692
 409    0.4904
 410   23.6571
 411    1.9752
 412   27.4107
 413    0.566
 414   18.0332
 415    0
 416    0.0777
 417    0
 418    0
 419    0
 420    0
 421    0
 422    0
 423    0
 424    0
 425    0.1106
 426    0
 427    0
 428    0.7292
 429    0
 430    0
 431    0.7001
 432    0
 433    0
 434    0
 435    0
 436    0
 437    0
 438    0
 439    0.7317
 440    0
 441    0
 442    0
 443    0
 444    0
 445    0
 446    0
 447    0
 448    0
 449    0
 450    0
 451    0
 452    0.7433
 453    0
 454    0
 455    0
 456    0
 457    0
 458    0
 459    0
 460    0
 461    0
 462    0
 463    0
 464    0.2316
 465    0
 466    0
 467    0
 468    0.8309
 469    0
 470    0.0582
 471    0
 472    0
 473    0
 474    0.1111
 475    0
 476    0
 477    0
 478    0
 479    0
 480    0
 481    0.723
 482    0
 483    0
 484    0
 485    0
 486    0.0538
 487    0
 488    0
 489    0
 490    0
 491    0.2095
 492    0
 493    0
 494    0
 495    0.8921
 496    0
 497    0
 498    0
 499    0
 500    0
 501    0
 502    0.4568
 503    0.4568
 504    0
 505    0.1519
 506    0
 507    0
 508    0
 509    0
 510    0
 511    0
