This file was gnenerated on 2021-06-22 19:42:29.134089 by Grant Finneman. This contains the extracted data from the Gate simulations
The edep for each bar was summed up and printed to this file. The only math operation done has been addition.

  id            edep
   0     0.35601
   1     0.19582
   2     0.56298
   3     0.2686
   4     0.45972
   5     0.89367
   6     0
   7     6.84023
   8     1.7778
   9     0
  10     0.35601
  11     1.41016
  12     1.26165
  13     0
  14     2.37516
  15     0.23587
  16     0.30134
  17     3.44921
  18     0.71008
  19     2.68182
  20     1.1417
  21     0.83568
  22     0.01357
  23     0.86922
  24     1.13542
  25     0
  26     1.70723
  27     4.22385
  28     1.12079
  29     2.56091
  30     0.96457
  31     1.20589
  32     1.42827
  33     3.48166
  34     0.02711
  35    11.1979
  36     6.57121
  37     6.43112
  38     6.18237
  39     0.1989
  40     1.95054
  41     0.33351
  42     0
  43     1.27044
  44     0.62736
  45     1.39194
  46     0.24155
  47     1.59508
  48     0
  49     2.50683
  50     0.83223
  51     0.21031
  52     0.57486
  53     0
  54     0
  55     0.25384
  56     0.75038
  57     1.99518
  58     0.6229
  59     0
  60     0.89121
  61     0
  62     0.87938
  63     0
  64     0.09406
  65     0.58573
  66     0.58573
  67     0.09471
  68     1.34031
  69     2.1617
  70     0.54398
  71    10.7079
  72     1.00563
  73     1.61029
  74    29.4555
  75    25.5848
  76     0.28958
  77     7.96061
  78     0.96667
  79    44.7456
  80    65.9043
  81   118.508
  82    65.5852
  83    77.7573
  84    54.0228
  85    32.1423
  86    52.2097
  87     8.07012
  88   221.427
  89   203.846
  90    89.7311
  91   135.977
  92   182.222
  93    86.0302
  94    50.4172
  95     4.40587
  96   196.554
  97   318.174
  98   314.176
  99   211.392
 100   295.919
 101   209.897
 102    70.4008
 103    19.7394
 104    17.2131
 105   107.779
 106   102.982
 107    48.2635
 108    34.6749
 109    58.9258
 110    17.3076
 111     1.87523
 112     0.63932
 113     1.18332
 114     8.62264
 115     0.25222
 116     1.20514
 117     1.24839
 118     0.20162
 119     0.56871
 120     0.79084
 121     3.34908
 122     0.68989
 123     0.70685
 124     0.23754
 125     0
 126     0.4493
 127     5.52942
 128    22.9583
 129     1.70855
 130     0.08087
 131     0.41123
 132     0.78913
 133     1.55878
 134     1.40779
 135     1.09087
 136    58.6821
 137    73.7007
 138   105.405
 139    76.5937
 140    53.417
 141    54.3365
 142    53.313
 143    15.7386
 144   897.947
 145   889.951
 146   952.099
 147  1119.28
 148   893.058
 149   674.77
 150   491.573
 151   171.682
 152  1588.63
 153  1781.09
 154  1808.26
 155  1578.53
 156  1651.68
 157  1576.29
 158   957.671
 159   321.446
 160  1892.63
 161  2107.41
 162  2155.6
 163  2068.9
 164  1829.29
 165  2007.97
 166  1116.87
 167   442.783
 168   474.669
 169   562.786
 170   728.671
 171   781.263
 172   556.971
 173   572.894
 174   231.433
 175   108.978
 176    10.9336
 177     0.15423
 178    19.8634
 179    38.3061
 180     1.30165
 181     0.82379
 182    16.0164
 183     2.05238
 184     0.58299
 185     0.25557
 186     0.27105
 187     0.21965
 188     0
 189     1.6879
 190     0
 191     0.86754
 192    26.2462
 193     0.4624
 194     1.03367
 195     4.5035
 196     0.03013
 197     1.67936
 198     3.56184
 199     2.42083
 200   113.497
 201   113.019
 202   195.909
 203    89.8694
 204   145.062
 205    47.9854
 206     8.99621
 207    11.3661
 208  1568.21
 209  1718.94
 210  1750.27
 211  1895.15
 212  1841.57
 213  1521.23
 214   969.033
 215   353.896
 216  2458.86
 217  2526.46
 218  2618.3
 219  3000.48
 220  2925.39
 221  2118.87
 222  1212.94
 223   531.014
 224  2501.7
 225  2930.33
 226  2548.09
 227  2720.3
 228  2540.77
 229  2203.97
 230  1352.76
 231   586.979
 232  1183.38
 233  1405.19
 234  1253.49
 235  1260
 236  1113.76
 237   827.008
 238   570.144
 239   163.774
 240    50.618
 241    92.8107
 242    57.1739
 243    56.6254
 244    46.3421
 245    62.4853
 246     8.29406
 247     2.08216
 248     0
 249    17.834
 250     0.20907
 251     2.96456
 252     5.03862
 253    25.7762
 254     1.15332
 255     0.51558
 256     0
 257     2.00114
 258     1.05677
 259     0.51866
 260     0.02366
 261    10.7741
 262     6.5815
 263     0.27027
 264     9.65869
 265    17.032
 266    31.4654
 267    27.2249
 268    41.2801
 269    60.6081
 270    26.3174
 271     8.12611
 272  1097.01
 273  1236.23
 274  1191.5
 275  1158.85
 276  1099.76
 277  1085.14
 278   776.092
 279   270.125
 280  2403.92
 281  2693.58
 282  2639.64
 283  2779.35
 284  2903.47
 285  2365.63
 286  1473.88
 287   565.251
 288  2140.65
 289  2705.15
 290  2980.29
 291  2671.01
 292  2947.58
 293  2318.65
 294  1386.85
 295   450.588
 296  1822.14
 297  1757.08
 298  1760.4
 299  1682.37
 300  1751.07
 301  1614.51
 302   967.303
 303   329.497
 304   137.768
 305   182.988
 306   188.468
 307    87.3087
 308   137.038
 309   125.272
 310    44.7304
 311    37.8265
 312     2.05385
 313     3.1551
 314     1.59316
 315     1.87601
 316     2.52778
 317     1.54449
 318     1.66376
 319     0.73754
 320     0
 321     0.27101
 322     2.05339
 323     1.7681
 324     2.11371
 325     0.71854
 326     0.90603
 327     0.97765
 328    10.7086
 329    40.1555
 330     0
 331     2.9059
 332    45.3011
 333    14.4017
 334    14.282
 335     1.5813
 336   819.624
 337   709.139
 338   718.408
 339   490.928
 340   601.448
 341   570.496
 342   249.44
 343   110.994
 344  2114.21
 345  2175.3
 346  1695.16
 347  1948.63
 348  1979.41
 349  1841.97
 350  1019.84
 351   357.771
 352  1557.08
 353  1567.71
 354  1577.4
 355  1664.85
 356  1771.77
 357  1480.07
 358   936.283
 359   383.799
 360   942.714
 361   935.021
 362   831.037
 363  1088.27
 364  1061.96
 365   931.565
 366   572.447
 367   186.997
 368    95.4721
 369   131.839
 370    92.0626
 371   138.245
 372   104.228
 373    88.575
 374    41.8615
 375     5.23882
 376     0
 377     4.57032
 378     3.54804
 379    17.6823
 380     5.02775
 381     1.0455
 382     0.0947
 383     2.51146
 384     0.8816
 385     0
 386     0.311
 387     0.46945
 388     0.88029
 389     0.78711
 390     0
 391     0.02781
 392     0.54123
 393     0.97468
 394     2.15414
 395     3.25038
 396     0.98274
 397     0.89416
 398     7.56841
 399     1.35102
 400   121.505
 401    86.8707
 402    71.1195
 403    70.3971
 404    75.3785
 405    51.4487
 406     7.85625
 407    29.9211
 408   311.124
 409   337.607
 410   338.643
 411   228.118
 412   166.068
 413   174.206
 414   112.159
 415    14.2578
 416   154.143
 417   127.464
 418   137.795
 419   206.977
 420    71.7377
 421   161.109
 422    65.3456
 423     2.90424
 424    44.6872
 425    51.9308
 426    30.3169
 427    63.809
 428    52.6923
 429    69.148
 430    12.8801
 431    23.7434
 432     4.48301
 433     5.69067
 434    11.8505
 435     0.1408
 436     0.81391
 437    24.5337
 438    21.1135
 439     5.30563
 440     0.66134
 441     2.09205
 442     2.02266
 443     1.3552
 444     0
 445     5.82471
 446     5.4874
 447     4.27164
 448     0
 449     0.07804
 450     0
 451     0
 452     0
 453     0.64477
 454     0
 455     0
 456     0.59856
 457     0
 458     0.3866
 459     0.89365
 460     0.48722
 461     0.15584
 462     0.36284
 463     0.91889
 464    11.762
 465     1.57244
 466     0
 467     0
 468     0.65827
 469     0
 470     0.000670001
 471     0
 472     0.32222
 473     0.98294
 474     2.22527
 475     0.65191
 476     1.21055
 477     2.09038
 478     0
 479     0.33189
 480     0.51848
 481     7.94128
 482     0.81665
 483     3.18197
 484     0.11235
 485     0.15472
 486     0.97603
 487     0.10561
 488     0.79371
 489     0
 490     1.69803
 491     0.12498
 492     0.64407
 493     1.66033
 494     0.65647
 495     2.53348
 496     0.14512
 497     1.02295
 498     2.98122
 499     0
 500     3.41875
 501     0.87917
 502     0.44481
 503     0.99197
 504     1.06078
 505     0
 506     0.93186
 507     0
 508     0
 509     0
 510     0.88092
 511     0
