This file was gnenerated on 2021-06-17 21:19:02.941614 by Grant Finneman. This contains the extracted data from the Gate simulations
The edep for each bar was summed up and printed to this file. The only math operation done has been addition.

  id      edep
   4    1.6576
  21    0.3697
  29    4.8404
  32    0.0034
  33    0.1515
  35    0.8029
  36    3.9097
  37   19.5244
  38    0.9696
  39   27.9384
  53    0.0524
  54    5.2416
  55   10.7016
  63    0.0966
  70    0.1569
  71    0.4034
  72    0.7697
  81    0.1757
  84    0.394
  85    0.7427
  87    0.5523
  88   75.3027
  89   94.7033
  90   60.379
  91   56.0352
  92   83.1324
  93   53.0694
  94   25.1784
  95   12.7119
  96   66.3561
  97   91.2597
  98  119.793
  99  104.642
 100   69.0038
 101   87.9719
 102   40.5555
 103    7.5045
 106    1.7112
 107    1.7512
 115    0.536
 116    0.7227
 122    0.9938
 123    0.5308
 124    0.7538
 125    0.7227
 131    0.5425
 133    0.8568
 136    0.2148
 138    0.3697
 139    0.7851
 140    0.5591
 141   18.0573
 143    1.3782
 145   39.6738
 146   49.1375
 148    4.1774
 149   21.6185
 150   16.0311
 151    0.2063
 152  285.676
 153  427.764
 154  292.493
 155  178.679
 156  143.989
 157  169.765
 158  138.157
 159   58.0749
 160  326.524
 161  384.831
 162  353.627
 163  262.842
 164  307.586
 165  276.34
 166  159.999
 167   76.369
 168   24.3858
 169    8.0908
 170    4.6009
 171    9.3435
 172    0.0632
 173   15.1308
 175    0.7522
 176    0.2973
 178    4.6299
 179    1.9083
 182    0.4291
 183    0.2373
 185    0.8075
 189    0.3072
 197    0.8987
 206    0.5455
 209    1.1531
 210    4.3515
 211    0.9524
 212    3.8734
 213    9.0882
 214    2.8404
 215    1.0133
 216  250.59
 217  301.413
 218  337.589
 219  339.39
 220  302.7
 221  184.593
 222  177.349
 223   31.7886
 224  216.29
 225  322.278
 226  432.088
 227  465.902
 228  379.506
 229  307.358
 230  176.439
 231   66.1618
 232    6.6825
 233    8.2815
 234   27.2489
 235   42.3317
 236   34.2625
 237   14.4803
 238   14.5494
 239    7.2747
 240    0.8075
 242    0.3581
 245    0.2163
 247    0.7221
 253    0.7559
 261    0.8987
 263    0.1705
 266    0.7952
 272   14.1773
 273   18.0096
 274    3.6288
 275   31.4968
 276    3.4328
 277    8.148
 278   22.4916
 279    1.1166
 280  265.865
 281  267.073
 282  364.645
 283  275.523
 284  305.929
 285  224.177
 286  131.641
 287   73.9251
 288  286.02
 289  384.223
 290  299.177
 291  213.255
 292  267.638
 293  298.995
 294   91.3021
 295   20.4663
 296    5.5288
 297    7.4144
 299   36.7909
 300    1.5621
 301    0.1409
 302    0.4273
 304    0.2463
 306    0.8414
 309    0.8478
 310    0.9089
 314    1.2565
 315    0.3476
 329    0.469
 333    0.1066
 336    2.7276
 337    6.9966
 338   54.4356
 339   19.4224
 340   31.7266
 341   23.3268
 342    0.8289
 343    0.6162
 344  247.004
 345  312.155
 346  261.298
 347  158.698
 348  192.1
 349  257.693
 350  158.161
 351   60.3977
 352  297.881
 353  337.013
 354  258.514
 355  270.353
 356  235.896
 357  288.327
 358  174.767
 359   79.3104
 360   36.7431
 361   18.0099
 362    0.1458
 363   21.9634
 364   25.805
 370    0.2463
 376    0.9121
 384    0.0475
 388    0.3808
 390    0.9124
 394    0.4015
 396    0.5277
 397    9.636
 399    0.4188
 400    6.0856
 401    0.3451
 402   43.2104
 403   16.1529
 404    0.5277
 405    8.4315
 406    4.4165
 407    2.8105
 408   72.6087
 409   73.3585
 410  144.694
 411  105.86
 412  102.962
 413  103.982
 414   47.6083
 415   15.739
 416   97.2773
 417   65.6493
 418   36.3866
 419   81.5155
 420  124.966
 421  147.029
 422   61.3999
 423   14.6352
 425    0.965
 427    6.7205
 428   19.85
 429   11.9644
 435    0.3722
 436    0.4397
 464    1.1032
 466    0.92
 470    0.5654
 477   12.7775
 478    8.5937
 484    8.3917
 485    9.6995
 495    7.4112
 496    0.0734
 510    0.3951
