This file was gnenerated on 2021-06-17 21:22:44.179693 by Grant Finneman. This contains the extracted data from the Gate simulations
The edep for each bar was summed up and printed to this file. The only math operation done has been addition.

  id           edep
   5    0.2053
  11   15.4704
  12    0.133
  25    0.1704
  26    0.7482
  34   23.6488
  35   14.3566
  40    0.1518
  41    0.8316
  42   20.2384
  43    0.9754
  50    0.6878
  53    0.9283
  54    0.1907
  55    0.194
  62   29.2256
  63   14.6128
  64    0.9331
  66    0.763
  72    1.9444
  73   20.7345
  75   10.3136
  76   26.7289
  80    7.7776
  81   10.6942
  82    7.5001
  83    7.3752
  84   24.9845
  86    0.4509
  87    0.1713
  88    5.0009
  89   14.3551
  90    2.6554
  91   21.6529
  92   41.2185
  93   38.6975
  94    9.6032
  95    0.8029
  96   68.1746
  97   52.2853
  98   44.7182
  99   67.2851
 100   23.8737
 101    7.5526
 102   29.1364
 103   27.4166
 104   56.5321
 105   44.3553
 106   35.1731
 107   61.3211
 108   35.8035
 109   40.9196
 110    6.8871
 111   27.7253
 115   15.3408
 116    1.8969
 119    1.4634
 121    0.2369
 123    1.5516
 124    0.9242
 130    0.3598
 131    5.8653
 134    0.6159
 136   47.2162
 137   27.0155
 138   79.4224
 139   79.3484
 140   56.2707
 141   23.2696
 142   26.5086
 143   14.2336
 144   64.3793
 145   55.0505
 146  145.547
 147  131.855
 148   63.4701
 149   77.0886
 150   40.4523
 151    4.0617
 152   75.6186
 153  128.735
 154  149.613
 155  100.535
 156   77.2282
 157   57.6043
 158   16.1378
 159    6.6042
 160  110.222
 161  188.565
 162  123.887
 163   84.6973
 164  103.107
 165  120.675
 166   49.4871
 167   21.0082
 168  113.128
 169   77.8677
 170  107.742
 171   35.5331
 172   18.7797
 173   64.6991
 174   35.5945
 175   13.9015
 176    4.3524
 177   15.4568
 178    0.11
 179    2.3548
 180   24.1353
 181   27.8197
 182    6.2573
 193    1.4257
 195    1.1049
 199    0.7324
 200   49.8249
 201   47.8232
 202   41.3167
 203   36.9408
 204   35.7786
 205   23.9114
 206    8.2152
 207    0.6456
 208  180.843
 209  185.867
 210  106.441
 211  168.02
 212  145.521
 213  120.602
 214   61.2373
 215   12.5345
 216  100.078
 217  195.77
 218  106.514
 219  118.883
 220   64.1344
 221   21.6186
 222   24.7992
 223   10.8133
 224  128.347
 225  189.979
 226   96.1301
 227  110.666
 228   87.0733
 229  109.859
 230   51.6996
 231    8.4807
 232  117.796
 233  143.552
 234  168.13
 235  143.948
 236  134.046
 237  111.449
 238   56.9676
 239   30.0481
 240   11.7287
 241   55.6232
 242   70.7906
 243   69.3528
 244   67.9331
 245   31.8445
 246   21.4935
 247    8.7728
 251    0.3603
 254    5.4131
 255   14.245
 257    0.9674
 264   29.125
 265   40.5867
 266   25.5892
 267   25.7724
 268   34.6039
 269   17.176
 270    0.5421
 272  117.321
 273  101.993
 274   65.7054
 275  207.081
 276  137.838
 277  150.579
 278   64.1332
 279   36.3892
 280  145.603
 281  131.856
 282   70.9114
 283   82.969
 284  133.56
 285  125.382
 286  112.725
 287   25.3662
 288   87.9944
 289  140.89
 290  133.776
 291   92.9193
 292  122.207
 293  137.71
 294   76.387
 295   20.1169
 296   55.6407
 297   96.3243
 298  191.051
 299  128.974
 300  123.54
 301  124.682
 302   79.9994
 303   29.9082
 304   17.7282
 305   19.3936
 306   37.9583
 307   72.37
 308   53.7774
 309   13.574
 310    7.364
 311    3.7165
 312    0.3885
 313    1.3756
 315    5.2279
 319    0.1854
 322    0.000600001
 328   28.886
 329   26.1334
 330   11.4263
 331   20.6181
 332    5.1817
 333   37.3277
 334   54.9961
 335   11.9217
 336   62.638
 337  139.577
 338  137.395
 339   77.6895
 340  124.197
 341  144.65
 342   84.2089
 343   19.1181
 344  163.431
 345  150.72
 346   75.6951
 347  123.533
 348  214.95
 349  227.88
 350  135.295
 351   34.9581
 352   97.517
 353   82.102
 354   79.0004
 355   52.5499
 356  105.663
 357  181.947
 358  108.317
 359   35.5266
 360   40.9303
 361   44.0302
 362   61.9145
 363   57.019
 364  154.188
 365  139.406
 366   74.1101
 367   40.2597
 368   38.9554
 369   55.0399
 370   40.7163
 371   21.5324
 372   57.9198
 373   62.5441
 374   67.5003
 375   32.2415
 377    0.1966
 378    5.4211
 379    8.9389
 381    0.8028
 383    0.5867
 392   15.4882
 393    6.734
 395    7.4574
 396   14.1082
 397   14.1775
 400   19.9654
 401   10.4897
 402   50.8719
 403   76.8544
 404   72.6938
 405   88.1776
 406   30.8696
 407   14.7053
 408   64.3421
 409   24.5062
 410   43.2939
 411   97.6447
 412  153.651
 413  102.781
 414   41.0892
 415   12.1863
 416   63.5006
 417   34.5782
 418    6.2057
 419   30.4939
 420   53.2777
 421    9.5495
 422   10.8513
 423    4.1614
 424    4.7359
 425    1.0008
 427   25.4097
 428   52.9929
 429   27.1178
 430   16.7346
 431    0.5711
 432    0.1958
 434    5.639
 435   11.278
 436    0.6941
 438   13.5899
 444    1.131
 449    0.7081
 456    0.4276
 459    4.5573
 465    6.096
 466    1.778
 467    9.5289
 468    0.399
 469    0.0931
 470    5.138
 471    6.6794
 472    0.4914
 473    0.6734
 477    1.4105
 482    0.6734
 487    1.3521
 494    0.4946
 501    0.9674
