This file was gnenerated on 2021-06-21 16:47:08.305037 by Grant Finneman. This contains the extracted data from the Gate simulations
The edep for each bar was summed up and printed to this file. The only math operation done has been addition.

  id      edep
   0    0
   1    0
   2    0
   3    0
   4    0
   5    0
   6    0
   7    0
   8    0
   9    0.0265
  10    0
  11    0
  12    0
  13    0
  14    0
  15    0.1806
  16    0
  17    0
  18    0
  19    0
  20    0
  21    0
  22    0
  23    0
  24    0
  25    0.4603
  26    0
  27    0
  28    0
  29    0
  30    0
  31    0
  32    0.2574
  33    0.1477
  34    0.1866
  35    0
  36    0.6192
  37    0
  38    1.5711
  39    0
  40    0
  41    0
  42    0
  43    0
  44    0
  45    7.209
  46   13.4568
  47    0
  48    0.2254
  49    0.1477
  50    0
  51    0.4508
  52    0.859
  53    0.859
  54    0
  55    0
  56    0
  57    0
  58    0
  59    0
  60    0
  61    0
  62    0
  63    0
  64    0
  65    0
  66    0
  67    0
  68    0
  69    0
  70    0
  71    0
  72    0
  73    0
  74    0
  75    0
  76    0
  77    0
  78    0
  79    0
  80    0
  81    0
  82    0
  83   10.5216
  84   13.8096
  85    0
  86    0
  87    0
  88    0.7571
  89    0
  90   23.8684
  91    3.288
  92   14.4672
  93    0.4846
  94    0
  95    0
  96    0.7813
  97   14.6504
  98   69.7568
  99   16.0076
 100    8.812
 101   28.3996
 102   14.328
 103    0
 104    0.1866
 105    0.9761
 106    0
 107    3.4929
 108   12.0317
 109   36.6203
 110   11.0538
 111    0
 112    0
 113    0
 114    0
 115    0
 116    1.6685
 117    0
 118    0.9889
 119    0
 120    0.2131
 121    0
 122    0
 123    0
 124    0
 125    0
 126    0
 127    0
 128    1.3671
 129    0
 130    0
 131    0.8279
 132    0
 133    0
 134    0
 135    0
 136    0
 137    0
 138    0
 139    0
 140    0.4767
 141    0
 142    0
 143    0.0845
 144   28.5445
 145   14.5176
 146   29.4563
 147   30.2276
 148   40.303
 149   21.6227
 150   29.6487
 151    4.2915
 152  117.348
 153  106.554
 154  103.562
 155  128.339
 156   71.0147
 157   60.6759
 158   20.2639
 159    6.8247
 160  258.411
 161  232.937
 162  210.882
 163  211.208
 164  140.559
 165  133.46
 166   81.3612
 167   27.5952
 168   65.2948
 169   98.3991
 170   78.1528
 171   54.4239
 172   47.3026
 173   73.4408
 174   45.4272
 175   16.2013
 176    0
 177    0
 178    0.1374
 179    0
 180    0
 181    0
 182    0
 183    0
 184    0
 185    0
 186    0.3712
 187    0
 188    0.16
 189    0.1374
 190    0
 191    0
 192    0
 193    0
 194    0.5845
 195    0
 196    0
 197    0
 198    0
 199    0
 200   52.3166
 201   22.1434
 202   26.3655
 203   14.5924
 204   34.9885
 205   45.6236
 206   18.6203
 207    5.8109
 208  161.368
 209  158.46
 210  157.747
 211  180.614
 212  284.102
 213  154.311
 214  131.244
 215   29.6857
 216  257.604
 217  270.291
 218  226.308
 219  272.497
 220  200.085
 221  324.149
 222  132.604
 223   39.9258
 224  342.126
 225  275.506
 226  317.092
 227  208.268
 228  210.777
 229  220.578
 230   79.4503
 231   31.4244
 232  231.823
 233  309.289
 234  160.463
 235  172.861
 236  205.729
 237  170.604
 238  103.814
 239   31.1757
 240    0.4765
 241   24.0519
 242   19.9058
 243    6.3276
 244    0.1105
 245   40.9864
 246   18.3284
 247    0
 248    0
 249   16.4088
 250    0
 251    0
 252    0
 253    0.5233
 254    0
 255    0
 256    0
 257    0
 258    0
 259    0
 260    0
 261    0
 262    0
 263    0
 264   52.7147
 265   40.9867
 266    7.6798
 267    0
 268    0.4946
 269   26.3935
 270   21.4251
 271    0
 272  130.666
 273  158.918
 274  166.044
 275  163.937
 276  182.664
 277  143.043
 278  104.623
 279   23.4358
 280  204.723
 281  198.619
 282  235.514
 283  270.407
 284  249.271
 285  255.388
 286  125.798
 287   12.1979
 288  192.891
 289  213.308
 290  299.68
 291  254.826
 292  206.923
 293  192.768
 294  101.058
 295   16.2964
 296  145.508
 297  183.481
 298  182.377
 299  213.118
 300  178.835
 301  106.899
 302   95.9701
 303   24.7934
 304   36.1175
 305   33.3624
 306   30.4158
 307   24.47
 308    8.6138
 309   12.2824
 310   22.9144
 311    0
 312    0
 313   14.5856
 314    0
 315    0
 316    0
 317    0
 318    0
 319    0
 320    0.8862
 321    0
 322    0
 323    0.0931
 324    0
 325    0
 326    0
 327    0
 328    0
 329    0
 330    4.9272
 331    0
 332    3.8702
 333    0.0931
 334    8.2422
 335    8.676
 336   51.3942
 337   40.546
 338   77.0797
 339   42.6544
 340   99.5065
 341   51.1435
 342   77.5896
 343   14.7123
 344  230.049
 345  233.79
 346  266.327
 347  279.084
 348  246.809
 349  151.061
 350  124.923
 351   57.0013
 352  157.322
 353  138.194
 354  234.599
 355  190.776
 356  136.378
 357  102.3
 358   80.6497
 359   20.6369
 360   35.549
 361   29.3861
 362   46.9203
 363   37.0854
 364   11.7569
 365    7.065
 366    5.2554
 367    0.435
 368    0.3852
 369    0
 370    0
 371    3.7381
 372    0.9252
 373    0
 374    0
 375    0
 376    0
 377    0
 378    0
 379    0.0812
 380    0
 381    0
 382    0
 383    0
 384    0
 385    0
 386    0.9793
 387    0
 388    0
 389    0
 390    0
 391    0
 392    0
 393    0
 394    0
 395    0
 396   10.4073
 397    0
 398    0
 399    0.3463
 400   14.5152
 401   15.3353
 402    5.485
 403    5.4532
 404   23.6176
 405    0.3043
 406   22.6882
 407    0
 408   13.0863
 409    9.3892
 410   40.0326
 411   16.7302
 412   32.7918
 413   20.8331
 414   13.6604
 415    1.5201
 416    0.0227
 417    6.2535
 418    3.6661
 419   13.468
 420    0
 421   16.3628
 422    0
 423    0
 424    0
 425    0
 426    0
 427    0
 428    0
 429    0
 430    0
 431    0
 432    0.9178
 433    0
 434    0
 435    0.1089
 436    0
 437    0.4175
 438    0.3759
 439    0
 440    0
 441    0.2285
 442    0
 443    0
 444    0
 445    0
 446    0
 447    0
 448    0
 449    0
 450    0.4555
 451    0
 452    0
 453    0
 454    0
 455    0
 456    0
 457    0
 458    0
 459    0
 460    0
 461    0
 462    0
 463    0
 464    0
 465    0.3607
 466    0
 467    0
 468    0
 469    0
 470    0
 471    0
 472    0
 473    0.8759
 474    0
 475    0
 476    0
 477    0
 478    0
 479    0
 480    0
 481    0.0177
 482    0
 483    0.0177
 484    2.5273
 485    0
 486    0.6031
 487    0
 488    0
 489    0
 490    0.0775
 491    0
 492    0
 493   13.984
 494   11.1872
 495    7.2158
 496    0
 497    0
 498    0
 499    0
 500    0
 501    0.99
 502    0
 503    0.3759
 504    0
 505    0
 506    0
 507    0
 508    0
 509    0
 510    0
 511    0
