This file was gnenerated on 2021-06-22 19:50:19.701740 by Grant Finneman. This contains the extracted data from the Gate simulations
The edep for each bar was summed up and printed to this file. The only math operation done has been addition.

  id        edep
   0     0
   1     0.11598
   2     0.99092
   3     0
   4     2.06194
   5     0
   6     0.49263
   7     0.14972
   8     0.25532
   9     2.03789
  10     0
  11     2.02067
  12     2.27409
  13     0.46202
  14     1.245
  15     0.52143
  16    18.8834
  17     5.96499
  18     3.06992
  19    14.491
  20    22.042
  21    26.7332
  22    22.26
  23     0.5001
  24   100.437
  25   190.43
  26   104.1
  27    59.1579
  28    65.7777
  29   114.848
  30   107.826
  31    64.5962
  32    73.9197
  33    69.0547
  34    72.6413
  35    26.8759
  36    25.6561
  37    51.4688
  38    57.6496
  39    17.4463
  40    11.3322
  41    15.2093
  42     1.84715
  43     1.40383
  44     1.13097
  45     1.82912
  46    28.3424
  47     0.52766
  48     5.22482
  49    11.9059
  50    16.3788
  51     0.44498
  52     0.07483
  53     0.64231
  54     2.02895
  55     0
  56     0.57151
  57     0.6177
  58     0.26648
  59     2.57511
  60     1.39935
  61     1.54977
  62     0
  63     0.7453
  64     1.47996
  65     1.78912
  66     0.22441
  67     0.80673
  68     2.39563
  69     0.43646
  70     0.62243
  71     0
  72     1.98091
  73    12.6967
  74    18.8909
  75    24.2044
  76     0.62816
  77     0.28268
  78     0.18767
  79     1.86893
  80    97.4162
  81   218.319
  82   102.318
  83   224.803
  84   237.783
  85   111.659
  86    81.6356
  87     9.42137
  88  1041.28
  89  1145
  90   994.23
  91   956.718
  92   913.5
  93   781.961
  94   500.991
  95   225.859
  96   950.02
  97   828.993
  98   617.658
  99   682.091
 100   753.12
 101   699.112
 102   413.385
 103   155.233
 104   168.446
 105   396.398
 106   378.212
 107   219.24
 108   356.619
 109   208.159
 110    68.5358
 111     4.16325
 112    67.9713
 113    32.166
 114    33.2303
 115    51.7499
 116    63.9342
 117    36.2726
 118    19.267
 119     2.04993
 120     0.64313
 121     0.52738
 122     3.65691
 123     1.6191
 124     0.57999
 125     0.78688
 126     0.66164
 127     0
 128     3.49327
 129     0.19656
 130     3.53428
 131     1.77841
 132     1.05259
 133     1.77992
 134     0
 135     0.76213
 136    57.7752
 137    29.9549
 138    71.6004
 139    34.0708
 140    18.4634
 141     6.85845
 142    11.1617
 143    22.8316
 144   476.476
 145   746.805
 146   643.531
 147   755.28
 148   571.281
 149   594.609
 150   304.662
 151   125.18
 152  1195.82
 153  1420.81
 154  1333.51
 155  1280.85
 156  1140.5
 157  1191.54
 158   737.303
 159   221.864
 160  1514.48
 161  1526.28
 162  1405.88
 163  1490.35
 164  1662.97
 165  1356.03
 166   690.484
 167   265.511
 168   937.197
 169  1177.2
 170  1357.02
 171  1223.67
 172  1394.55
 173  1099.38
 174   788.99
 175   170.606
 176   564.292
 177   584.194
 178   551.672
 179   591.034
 180   687.883
 181   603.57
 182   332.734
 183   127.914
 184    65.013
 185    47.2674
 186    52.3657
 187   107.016
 188    50.7803
 189    21.8494
 190    67.4637
 191    11.7456
 192     0
 193    57.2439
 194    33.0431
 195    12.8498
 196     9.50526
 197    19.0978
 198     3.43809
 199    11.0083
 200   240.236
 201   286.752
 202   261.193
 203   286.719
 204   243.419
 205   215.226
 206    67.9923
 207    18.5552
 208  1127.93
 209  1243.72
 210  1359.85
 211  1382.96
 212  1174.92
 213  1009.76
 214   691.986
 215   275.972
 216  1236.92
 217  1463.56
 218  1532.75
 219  1697.26
 220  1521.57
 221  1282.15
 222   919.452
 223   439.735
 224  1598.43
 225  1582.55
 226  1577.72
 227  1526.87
 228  1395.56
 229  1148.84
 230   842.842
 231   287.513
 232  1368.47
 233  1458.65
 234  1325.47
 235  1368.36
 236  1123.5
 237   940.747
 238   773.642
 239   300.367
 240   788.797
 241   722.794
 242   799.34
 243   642.323
 244   805.38
 245   724.462
 246   456.097
 247   156.738
 248    52.7499
 249    15.836
 250    59.192
 251   105.017
 252    46.3468
 253    86.3218
 254    36.6673
 255    25.5755
 256    39.8707
 257    49.5716
 258    21.6882
 259    72.8648
 260     6.15242
 261    23.1159
 262    47.0595
 263     0
 264   816.779
 265   787.924
 266   896.123
 267   921.716
 268   717.938
 269   550.817
 270   332.981
 271    94.7044
 272  1373.63
 273  1523.99
 274  1766.1
 275  1587.2
 276  1450.82
 277  1145.11
 278   718.122
 279   212.061
 280  1586.9
 281  1731.28
 282  1662.91
 283  1517.5
 284  1506.85
 285  1212.12
 286   643.504
 287   308.929
 288  1558.44
 289  1581.79
 290  1403.06
 291  1320.58
 292  1385.23
 293  1234.23
 294   657.19
 295   195.762
 296  1084.87
 297  1401.72
 298  1381.82
 299  1130.73
 300  1042.63
 301   959.728
 302   682.197
 303   322.157
 304   320.128
 305   256.058
 306   308.783
 307   270.441
 308   211.183
 309   214.852
 310   189.653
 311    82.0602
 312     0.28581
 313     0.59271
 314     9.84484
 315     1.59748
 316    25.6086
 317    74.4438
 318     1.17803
 319     2.58696
 320     8.63724
 321    52.3463
 322    39.1355
 323    16.4535
 324    22.2213
 325    41.2814
 326    18.3181
 327     0.94455
 328   471.061
 329   523.579
 330   666.99
 331   597.707
 332   479.074
 333   399.997
 334   319.36
 335    93.2076
 336  1161.41
 337  1253.51
 338  1403.51
 339  1269.81
 340  1024.73
 341   900.454
 342   614.553
 343   180.546
 344  1333.84
 345  1543.69
 346  1549.24
 347  1524.18
 348  1551.38
 349  1152.11
 350   705.215
 351   230.422
 352  1285.42
 353  1353.17
 354  1479.96
 355  1386.39
 356  1613.49
 357  1256.21
 358   744.966
 359   281.234
 360   710.39
 361   679.525
 362   730.414
 363   573.839
 364   632.328
 365   492.73
 366   256.62
 367   106.71
 368    26.9067
 369    50.5826
 370    85.719
 371    17.1766
 372    35.9924
 373    25.5305
 374    27.6287
 375     9.46445
 376     0.25338
 377     0
 378     7.98823
 379     7.01171
 380    24.4463
 381    23.5392
 382     6.73935
 383     0
 384     1.33367
 385     0.58563
 386     1.4331
 387     0.55256
 388     0.49304
 389    13.6012
 390     2.79035
 391     1.19183
 392    55.1701
 393    94.207
 394     7.24447
 395     0.81261
 396     3.72493
 397    15.3208
 398    19.4289
 399     7.06147
 400   229.416
 401   273.267
 402   312.811
 403   219.779
 404   175.234
 405   192.862
 406   145.202
 407    70.1284
 408   705.951
 409   666.001
 410   692.655
 411   802.083
 412   867.835
 413   793.647
 414   551.975
 415   143.812
 416   866.066
 417   956.252
 418   923.197
 419  1195.22
 420  1154.39
 421   792.967
 422   597.313
 423   157.503
 424   107.349
 425   151.658
 426   263.097
 427   144.209
 428   118.075
 429    74.2431
 430    84.4489
 431    19.7392
 432     2.04273
 433     0.22384
 434     1.35842
 435    13.1556
 436    13.2745
 437     7.35448
 438     0.45999
 439     0.51728
 440     0.97117
 441    21.1387
 442    10.3999
 443     0
 444    25.0607
 445     0
 446     0.98191
 447     0.36922
 448     1.53803
 449     0.88611
 450     0.32132
 451     2.17768
 452     0.17676
 453     1.47061
 454     0
 455     1.72644
 456     1.82809
 457     2.96214
 458     2.62044
 459     0.9145
 460     1.07264
 461     2.50268
 462     0
 463     1.45029
 464     5.59676
 465    17.1977
 466    19.8957
 467    12.0385
 468    21.0846
 469    16.9706
 470     1.45592
 471     1.17794
 472    68.3125
 473    80.3897
 474    87.5893
 475   104.881
 476    78.8751
 477    41.1654
 478    33.1657
 479     5.39267
 480   112.41
 481   116.116
 482   125.418
 483   186.852
 484    89.9825
 485    79.864
 486    44.3999
 487    14.8691
 488     1.84489
 489     5.45397
 490    18.6547
 491    19.0016
 492    11.2407
 493    31.6068
 494    23.0262
 495    14.5707
 496     1.01546
 497     2.17145
 498     2.81845
 499     0.79548
 500     0.3543
 501     0
 502     0.91863
 503     0
 504     0.91391
 505     1.54294
 506     0.67777
 507     0.16599
 508     0
 509     0
 510     1.15123
 511     0
