This file was gnenerated on 2021-06-22 19:27:16.828132 by Grant Finneman. This contains the extracted data from the Gate simulations
The edep for each bar was summed up and printed to this file. The only math operation done has been addition.

  id            edep
   0     0.47894
   1     0
   2     1.72468
   3     1.66186
   4     2.69658
   5     0
   6     0
   7     0
   8     0.22565
   9     0.60582
  10     0.24343
  11     0.67301
  12     0.4729
  13     0.04252
  14     0
  15     0.737
  16     1.13103
  17     1.08273
  18     1.62585
  19     0.74725
  20     0.44843
  21     1.21611
  22     0.19839
  23     0.34614
  24     2.03954
  25     0.000930001
  26     1.50615
  27     0.48761
  28     1.63789
  29     2.51167
  30     1.03648
  31     1.36177
  32    22.8511
  33    13.3928
  34     1.71182
  35     3.10881
  36     1.54618
  37     3.05128
  38     1.06864
  39     0.52386
  40     2.08031
  41     0.03357
  42     0.15973
  43     1.79218
  44    16.0403
  45     0.85585
  46     0.74696
  47     0
  48     0.55677
  49     0.48897
  50     0
  51     1.91038
  52     0.68896
  53     0
  54     0
  55     2.50328
  56     1.17906
  57     0
  58     1.65729
  59     0.92289
  60     0
  61     0.21407
  62     0.75436
  63    10.7206
  64     0
  65     0
  66     1.41366
  67     1.03213
  68     0
  69     0
  70     0
  71     0.76545
  72     0.75358
  73     0.6158
  74     1.78263
  75     0.83335
  76     0
  77     0.89373
  78     3.12791
  79     0.58557
  80     1.98925
  81     2.46271
  82     1.12881
  83     1.73754
  84     7.2103
  85     6.47059
  86     3.74735
  87     1.71886
  88    20.313
  89    53.2203
  90    69.6808
  91    42.6485
  92    47.54
  93    65.7265
  94    35.3228
  95    24.8621
  96   274.285
  97   336.49
  98   372.381
  99   412.619
 100   372.736
 101   225.612
 102    92.3776
 103    51.061
 104   222.503
 105   289.055
 106   341.088
 107   356.832
 108   278.531
 109   150.379
 110    65.1758
 111    17.4045
 112    58.9268
 113    20.6283
 114     4.63035
 115    36.8663
 116    21.3869
 117     3.54466
 118    37.3537
 119     6.10927
 120     0
 121     1.47641
 122     3.59836
 123     6.13822
 124     2.62949
 125     2.22446
 126     0.89451
 127     8.76963
 128     0.83673
 129     1.35631
 130     0
 131     0.60626
 132     0.48169
 133     1.52881
 134     0
 135     0.0941
 136     3.08655
 137     0.01167
 138     2.59776
 139     0.84114
 140     0
 141     0.72282
 142     3.97373
 143     2.81604
 144    81.478
 145   103.67
 146    25.4168
 147    27.1694
 148    62.1026
 149    16.1468
 150    30.7611
 151    14.1084
 152   610.762
 153   641.001
 154   608.403
 155   522.284
 156   604.053
 157   594.642
 158   300.15
 159    77.3195
 160  2249.85
 161  2241.15
 162  2313.66
 163  2497.55
 164  2505.13
 165  2093.8
 166  1282.34
 167   437.388
 168  1997.48
 169  1904.47
 170  2133.43
 171  1981.03
 172  1885.2
 173  1553.36
 174   943.099
 175   323.881
 176   363.42
 177   218.723
 178   254.349
 179   233.73
 180   338.33
 181   177.42
 182   164.867
 183    58.3095
 184     2.26701
 185     0.91343
 186     1.19019
 187    34.6145
 188     1.03625
 189     0.92841
 190    31.2956
 191    25.6214
 192     0
 193     1.02123
 194     0.53171
 195     0.95082
 196     0.98478
 197     0
 198     2.38684
 199     0.52244
 200    39.845
 201    56.5485
 202   140.742
 203   128.235
 204    46.0694
 205    55.4637
 206     1.89569
 207    24.4416
 208   626.157
 209   706.29
 210   821.153
 211   685.055
 212   679.742
 213   412.699
 214   251.085
 215   106.641
 216  2130.57
 217  2385.76
 218  2436.09
 219  2620.68
 220  2472.94
 221  2159.55
 222  1302.34
 223   518.462
 224  3058.56
 225  3477.26
 226  2969.46
 227  2811.15
 228  2952.34
 229  2505.44
 230  1945.87
 231   610.386
 232  2279.93
 233  2392.89
 234  2300.3
 235  2282.97
 236  2092.01
 237  1672.97
 238  1330.21
 239   477.815
 240   371.575
 241   548.648
 242   373.51
 243   382.803
 244   393.833
 245   314.391
 246   175.066
 247    63.091
 248     1.35326
 249    27.4478
 250     1.70293
 251     6.72148
 252    21.8463
 253    35.2284
 254     0
 255     0.81332
 256    30.2705
 257    29.6364
 258    54.2546
 259     0.75651
 260     3.0733
 261     1.96496
 262     0.66298
 263     1.10706
 264   429.855
 265   558.953
 266   469.99
 267   371.402
 268   288.109
 269   273.303
 270   125.479
 271    58.8036
 272  2298.17
 273  2269.53
 274  2429.45
 275  2552.68
 276  2408.01
 277  1895.92
 278  1224.82
 279   465.971
 280  2848.33
 281  2907.83
 282  3025.92
 283  3413.18
 284  3161.5
 285  2648.44
 286  1753.86
 287   481.972
 288  2461.33
 289  2436.43
 290  2279.69
 291  2474.72
 292  2257.49
 293  2091.31
 294  1321.51
 295   477.332
 296   418.358
 297   482.304
 298   504.575
 299   755.301
 300   654.943
 301   423.279
 302   173.252
 303    62.7875
 304    22.2026
 305    88.974
 306    22.9627
 307    43.3128
 308    46.3501
 309    63.9152
 310     3.57042
 311     0.11071
 312     2.51651
 313     1.29217
 314     0.62381
 315     3.02025
 316     1.15411
 317     0.41726
 318     0
 319     0.44508
 320     0.09778
 321     1.69385
 322     1.79103
 323     0.45132
 324     1.62822
 325     1.29137
 326     5.3566
 327     2.58576
 328   403.26
 329   302.764
 330   258.452
 331   199.121
 332   189.604
 333   135.851
 334    83.8602
 335    14.2293
 336  1606.05
 337  1938.78
 338  1829.24
 339  1844.47
 340  1714.52
 341  1516.38
 342  1022.37
 343   316.087
 344  2119.57
 345  2577.04
 346  2388.77
 347  2398.85
 348  2214.7
 349  1963.3
 350  1174.66
 351   434.705
 352   431.426
 353   605.493
 354   570.032
 355   502.286
 356   486.181
 357   525.397
 358   283.673
 359   103.588
 360    22.7192
 361    79.4591
 362    22.8356
 363    65.5038
 364   107.147
 365    14.263
 366    28.2272
 367    33.3671
 368     5.49565
 369     1.98957
 370     1.32787
 371     0
 372     2.90369
 373     8.7336
 374     1.18473
 375     3.26332
 376     1.63282
 377     1.4287
 378     0.36072
 379     1.23485
 380     0
 381     0.99739
 382     0
 383     0
 384     0.63253
 385     0.31507
 386     1.0013
 387     0.71655
 388     1.04491
 389     0.9848
 390     2.35165
 391     2.27148
 392    37.0772
 393    27.5687
 394    19.911
 395    13.6526
 396    23.509
 397    62.676
 398    15.5732
 399     6.32732
 400   225.466
 401   259.327
 402   278.717
 403   286.251
 404   288.084
 405   148.325
 406    78.318
 407    19.8249
 408   335.422
 409   295.988
 410   150.847
 411   293.869
 412   402.363
 413   392.379
 414   223.843
 415    66.7005
 416    66.6413
 417    16.3756
 418    24.632
 419    67.9094
 420     3.93346
 421    31.3583
 422    35.8962
 423     8.44241
 424     4.56217
 425     2.16669
 426     1.68054
 427     2.01322
 428     0.70003
 429     1.57429
 430     0.24943
 431     0
 432     3.63097
 433     1.10647
 434     0.59017
 435     0.48532
 436     0.54097
 437     1.35507
 438     0.11017
 439     0
 440     0.23082
 441     0.07693
 442     1.42281
 443     0.89148
 444     0.65501
 445     1.85042
 446     0
 447     0.76102
 448     1.01306
 449     0.49521
 450     0.73404
 451     0.09133
 452     1.88095
 453     1.02271
 454     0
 455     0.58692
 456     1.52276
 457     0.71552
 458     1.10104
 459     1.9091
 460     0
 461     0
 462     1.12435
 463     1.25579
 464     1.06634
 465     4.66149
 466     1.31976
 467    16.1003
 468     0.46998
 469     0
 470     0.31251
 471     4.81087
 472    24.2507
 473     0.90235
 474    11.8851
 475     2.2216
 476    22.9974
 477     1.40917
 478     2.48762
 479     0
 480     0.79081
 481     1.50394
 482     0.77784
 483     0.73678
 484     1.11316
 485     2.37988
 486     0.23663
 487     3.4549
 488     0.91533
 489     1.8278
 490     0.28614
 491     0.82644
 492     0.89603
 493     0.32617
 494     0.98749
 495     0.66878
 496     0.46703
 497     1.52694
 498     0
 499     0.44002
 500     0
 501     0
 502     0.90847
 503     0.6221
 504     0
 505     0
 506     0
 507     0
 508     0.39405
 509     0
 510     0.70006
 511     0.90114
