This file was gnenerated on 2021-06-17 21:20:25.546827 by Grant Finneman. This contains the extracted data from the Gate simulations
The edep for each bar was summed up and printed to this file. The only math operation done has been addition.

  id      edep
  21    0.6038
  29    0.7733
  34    0.7365
  35   10.1784
  40    0.698
  41    0.2759
  50    0.2505
  55    0.7503
  66    0.0017
  67    0.5867
  70    0.4878
  71    0.2378
  73    0.8514
  83   16.8709
  84    0.8719
  91    8.6182
  92    0.3008
  96    0.0339
  98    0.902
  99   49.7398
 102   11.9969
 103    5.8729
 105    6.9332
 110    2.9712
 113    0.9631
 115    0.6849
 116    0.4542
 134    0.2095
 138    1.9632
 143    0.2548
 144   48.6508
 145   11.4282
 146   35.513
 147   71.2992
 148   31.1425
 149   67.5505
 150   56.5121
 151    3.9498
 152   86.3463
 153  127.346
 154  101.881
 155  106.943
 156  103.817
 157   97.6073
 158   49.3798
 159   42.2779
 160  166.86
 161   94.0123
 162  103.019
 163  155.439
 164  227.129
 165  192.29
 166  108.335
 167   86.2111
 168   31.856
 169   30.543
 170   58.5129
 171   60.8675
 172   56.2564
 173   36.731
 174   17.9709
 175   13.737
 176    2.8065
 177    0.6849
 180    0.856
 183   15.1812
 192    1.1653
 195    0.9063
 198    0.4225
 201    0.6078
 204    0.5867
 206    0.3567
 208   76.0717
 209   79.2802
 210  109.949
 211  115.126
 212  141.016
 213  161.335
 214  119.31
 215   20.6427
 216  321.685
 217  510.665
 218  379.686
 219  460.414
 220  503.962
 221  399.162
 222  247.355
 223   72.9069
 224  474.23
 225  534.257
 226  452.655
 227  615.827
 228  601.529
 229  317.641
 230  230.203
 231   78.7601
 232  161.144
 233  179.265
 234  179.415
 235  272.051
 236  149.967
 237  189.977
 238  113.635
 239   34.0912
 240    0.2372
 241   18.6153
 242    0.5215
 243    5.5792
 245    0.9175
 262    0.0715
 265    6.833
 266    0.7775
 267    1.312
 269   14.532
 271    0.8685
 272   98.424
 273  137.6
 274  104.565
 275   96.1772
 276  217.468
 277  138.704
 278   53.9666
 279    8.7126
 280  363.814
 281  412.218
 282  405.513
 283  429.957
 284  426.589
 285  228.502
 286  177.269
 287   63.9018
 288  316.949
 289  475.597
 290  543.367
 291  472.396
 292  413.695
 293  313.211
 294  198.431
 295   52.4749
 296   96.2645
 297   88.8472
 298  124.623
 299  141.451
 300  168.785
 301  182.634
 302   57.1328
 303    5.9341
 305    0.8733
 306    5.155
 307   22.4723
 310    0.6161
 313    0.1534
 315    0.6075
 316    0.0444
 319    0.6469
 329   19.8157
 330    0.6692
 331    1.0231
 336   63.406
 337   22.866
 338    8.2551
 339   31.6255
 340   71.3164
 341   51.7744
 342   15.2386
 343    5.1649
 344  191.479
 345  133.622
 346  165.869
 347  124.42
 348  114.731
 349  113.94
 350   42.7969
 351   11.1797
 352  121.574
 353  147.155
 354  137.856
 355  130.539
 356  192.817
 357  133.14
 358   68.1246
 359    1.3071
 360   29.6941
 361   11.0949
 362   10.0785
 363   47.3532
 364   94.0769
 365   54.1751
 366   35.3958
 367   15.6715
 372    0.9558
 373    2.1415
 374    0.1679
 378    0.7276
 383    0.3162
 386    0.7828
 395    0.3504
 400    0.4688
 405    3.5831
 406    0.7614
 409    0.5444
 413    9.9152
 414   12.394
 418    0.6055
 422    0.146
 424   12.4955
 425    7.5675
 426    0.2622
 427    0.4864
 429    1.6848
 430    0.584
 431    1.3874
 433    0.7717
 443    0.4864
 466    0.9398
 487    0.4326
 492    0.4318
 501    0.2354
 506    0.0896
