This file was gnenerated on 2021-06-22 20:53:12.258555 by Grant Finneman. This contains the extracted data from the Gate simulations
The edep for each bar was summed up and printed to this file. The only math operation done has been addition.

  id        edep
   0     0
   1     0
   2     0
   3     0
   4     0
   5     2.83438
   6     9.94836
   7     6.87576
   8     0.75791
   9     1.12228
  10     1.98808
  11     0.88855
  12     1.48077
  13     0.94148
  14     0
  15     0.85218
  16    34.8497
  17    23.3303
  18     1.29686
  19     0.49669
  20     1.83638
  21     0.75681
  22     0.96157
  23     0
  24   140.657
  25   116.412
  26    66.9785
  27   122.457
  28    77.4044
  29    40.6536
  30     0
  31     0.47756
  32    59.4072
  33    60.7958
  34    70.1775
  35    48.0607
  36    43.4616
  37   101.08
  38     1.86517
  39     0
  40    16.5718
  41     4.02926
  42    11.1419
  43     2.25424
  44    27.1136
  45    17.9181
  46    13.9947
  47     2.2402
  48     1.57652
  49     0
  50     2.47587
  51     1.36112
  52     1.09947
  53     0.0119
  54     9.4918
  55    10.105
  56     1.01479
  57     0.31972
  58     0
  59     0.52208
  60     0.92733
  61     0
  62     0.29868
  63     0
  64     0.47793
  65     0.85732
  66     0.98911
  67     1.27436
  68     0
  69     1.23797
  70     0
  71     0.61369
  72     0
  73     7.39206
  74    14.9188
  75    11.841
  76     0.65886
  77     7.93118
  78     3.38267
  79     9.62885
  80   132.387
  81   199.27
  82   155.5
  83   139.708
  84    51.3323
  85    81.9575
  86    13.3099
  87     4.53484
  88   750.775
  89   920.486
  90  1032.57
  91   942.789
  92   691.241
  93   577.141
  94   456.16
  95   259.526
  96   745.405
  97   750.96
  98   778.455
  99   664.219
 100   565.706
 101   618.485
 102   354.124
 103   129.44
 104   171.942
 105   302.66
 106   251.526
 107   144.623
 108   171.732
 109    49.8873
 110    55.8775
 111    38.7445
 112    73.6935
 113   123.313
 114    32.7339
 115     9.88779
 116    42.7694
 117     9.08693
 118    47.6668
 119     7.16505
 120    12.1608
 121     4.57358
 122     0
 123     1.08349
 124    13.1021
 125     0.00512
 126     4.09605
 127     4.77672
 128     1.11022
 129     0.43061
 130     0.30714
 131     1.30254
 132     1.87193
 133     2.30615
 134     0.27129
 135     2.61638
 136    75.0278
 137    26.9543
 138    69.9029
 139    39.2838
 140    65.4199
 141    23.7943
 142     6.23211
 143     5.79148
 144   495.685
 145   797.184
 146   670.831
 147   477.46
 148   633.931
 149   392.697
 150   211.06
 151    61.378
 152  1819.5
 153  1911.54
 154  1861.37
 155  1899.06
 156  1679.66
 157  1336.7
 158   816.001
 159   358.623
 160  1981.45
 161  2056.17
 162  1864.42
 163  1735.88
 164  1498.59
 165  1277.4
 166   734.897
 167   270.939
 168  1362.32
 169  1492.73
 170  1465.4
 171  1378.35
 172  1164.26
 173   739.314
 174   467.295
 175   197.381
 176   509.281
 177   523.643
 178   496.045
 179   480.635
 180   337.011
 181   330.124
 182   153.096
 183    65.8095
 184    24.9567
 185    53.6488
 186    17.4323
 187    48.0393
 188    54.2501
 189    49.7506
 190    11.5475
 191     0
 192     0.91528
 193     3.26927
 194     1.56483
 195     4.76234
 196    14.5406
 197    21.9867
 198     1.71936
 199     0
 200   223.914
 201   124.253
 202   187.648
 203   228.865
 204   182.173
 205   140.463
 206    79.8798
 207    11.9574
 208  1251.14
 209  1537.53
 210  1464.34
 211  1499.47
 212  1373.28
 213  1058.15
 214   525.25
 215   161.648
 216  2123.06
 217  2286.23
 218  2016.29
 219  2225.69
 220  1962.03
 221  1570.48
 222   864.763
 223   243.599
 224  2160.81
 225  2056.89
 226  2197.09
 227  2400.94
 228  2091.13
 229  1526.3
 230  1007.31
 231   352.104
 232  1805.75
 233  1571.83
 234  1974.12
 235  2107.87
 236  1953.57
 237  1527.05
 238   886.904
 239   316.735
 240   637.262
 241   654.321
 242   889.965
 243   819.108
 244   734.163
 245   584.137
 246   368.354
 247   126.308
 248    52.1446
 249    28.7031
 250    49.4306
 251    56.7792
 252    36.2576
 253     0
 254     4.38893
 255     0.52439
 256    24.8235
 257    57.5604
 258    24.5109
 259    63.7221
 260     0.78927
 261     3.77667
 262     0
 263     1.88892
 264   592.594
 265   706.596
 266   699.638
 267   768.994
 268   796.164
 269   577.723
 270   322.942
 271    93.3743
 272  2229.07
 273  2117.28
 274  1856.9
 275  1781.01
 276  1697.91
 277  1386.01
 278   910.416
 279   297.538
 280  2061.6
 281  2257.6
 282  2455.52
 283  2527.86
 284  1970.83
 285  1579.39
 286   875.812
 287   292.833
 288  2100.09
 289  2251.39
 290  2334.29
 291  2143.81
 292  1706.3
 293  1714.9
 294   976.19
 295   397.948
 296  1399.32
 297  1456.83
 298  1577.83
 299  1699.25
 300  1562.03
 301  1235
 302   737.394
 303   269.204
 304   284.988
 305   251.662
 306   340.43
 307   176.542
 308   265.765
 309   129.94
 310    62.2102
 311    44.4209
 312    16.0924
 313     0.88792
 314     4.59226
 315     0.97678
 316     7.79271
 317     0.10258
 318    13.9229
 319     0
 320    21.7369
 321    79.7502
 322    38.9625
 323    79.7237
 324    43.5199
 325     6.79186
 326     0.97612
 327     1.65645
 328   312.76
 329   426.511
 330   425.647
 331   477.562
 332   446.504
 333   436.628
 334   241.544
 335    40.1476
 336  1406.58
 337  1576.55
 338  1507.4
 339  1295.14
 340  1190.01
 341  1021.55
 342   535.732
 343   181.186
 344  1735.27
 345  1986.62
 346  1891.14
 347  1870.98
 348  1688.34
 349  1382.69
 350   901.83
 351   331.549
 352  1513.46
 353  2053.48
 354  1635.23
 355  1668.18
 356  1725.34
 357  1371.77
 358   826.84
 359   326.202
 360   443.449
 361   721.366
 362   871.335
 363   614.055
 364   598.38
 365   412.609
 366   143.973
 367    38.3488
 368    49.3101
 369   101.574
 370    36.9893
 371    47.169
 372    29.4135
 373     6.83819
 374    36.4327
 375     0.87481
 376     1.75197
 377     0
 378     8.34014
 379     0.2886
 380     1.48323
 381     0
 382     1.4224
 383     0
 384     0.9192
 385     0
 386     1.42582
 387     0
 388     3.65158
 389    20.1192
 390     0.33939
 391     0.18675
 392    30.1687
 393    41.7654
 394    22.8159
 395    55.9347
 396     9.45329
 397    19.5288
 398     4.03715
 399     0.91562
 400   244.825
 401   235.608
 402   218.746
 403   169.543
 404   170.774
 405   135.801
 406    67.5172
 407    10.2616
 408   689.934
 409   799.182
 410   912.275
 411   882.329
 412   635.864
 413   458.1
 414   323.708
 415   162.673
 416   904.672
 417   857.255
 418   791.982
 419  1066.1
 420  1096.25
 421   691.236
 422   328.829
 423    96.8615
 424    88.1829
 425   204.454
 426   209.852
 427   174.517
 428    93.0462
 429    40.1581
 430    19.6966
 431     9.92313
 432     0.34427
 433     0
 434    27.806
 435    23.2381
 436     5.0784
 437     1.6569
 438    11.741
 439    14.2018
 440     0
 441     2.63097
 442     0.69188
 443     1.32895
 444     0.53423
 445     0.49288
 446     0.26643
 447     0
 448     0.82616
 449     1.84113
 450     1.80607
 451     0
 452     0
 453     0.78773
 454     0.85255
 455     1.96494
 456     0
 457     0.60208
 458     0.83023
 459     2.22035
 460     0
 461     0.84312
 462     0.75847
 463     0.869
 464    23.4059
 465     5.81733
 466     6.69714
 467     5.43937
 468     1.6312
 469     6.04633
 470     0.4324
 471     0.17619
 472    63.0292
 473    29.7941
 474    43.5454
 475    27.094
 476    25.4057
 477    52.7449
 478    12.8247
 479     8.27739
 480    52.6799
 481    82.4701
 482    68.3246
 483    75.6599
 484   148.615
 485   104.904
 486    11.1303
 487     0
 488    23.9801
 489    41.5485
 490    15.8937
 491     0.8382
 492     2.15624
 493     1.99417
 494     0.93444
 495     1.57926
 496     2.06516
 497     0
 498     2.34205
 499     0.31719
 500     0.37912
 501     0.34503
 502    12.9455
 503    15.8501
 504     1.23394
 505     0.52312
 506     0.18296
 507     0
 508     0.54922
 509     0
 510     0
 511     0.26205
