This file was gnenerated on 2021-06-22 20:56:49.506260 by Grant Finneman. This contains the extracted data from the Gate simulations
The edep for each bar was summed up and printed to this file. The only math operation done has been addition.

  id            edep
   0     0.000120001
   1     0.80435
   2     0.50893
   3     0.87718
   4     1.63387
   5     1.88242
   6     0.69919
   7     0.77
   8     1.31323
   9     1.69561
  10     1.1255
  11     0.2436
  12     0
  13     0.96925
  14     0
  15    16.4202
  16     1.77417
  17     2.24256
  18     1.54061
  19     0.9263
  20     1.18395
  21     0
  22     0
  23     0
  24     1.9031
  25     0
  26     0.14124
  27     0.66395
  28     0.37672
  29     2.37655
  30     1.74156
  31     0
  32     7.45761
  33    28.6187
  34    28.1288
  35     0.85129
  36     2.06557
  37     2.45468
  38     3.62643
  39     1.39845
  40     6.99455
  41    35.2174
  42     9.38536
  43     3.41784
  44     1.6259
  45     0.60221
  46     0.0174
  47     0
  48    20.5465
  49    27.3829
  50     2.34291
  51     1.46107
  52     0.66149
  53     0.34568
  54     0.7212
  55     0.01995
  56     0
  57     0
  58     0
  59     0
  60     0
  61     0.67057
  62     0
  63     0.17382
  64     1.53341
  65     2.32265
  66     1.53849
  67     1.62865
  68     0
  69     0.23723
  70     0.60713
  71     1.3305
  72     0.65961
  73     0
  74     2.24144
  75     1.59169
  76     0
  77     0.26128
  78    16.3344
  79     7.93408
  80     3.84575
  81     3.46863
  82     0.3557
  83     0.5445
  84     0.61635
  85     2.24826
  86     1.70942
  87     1.00814
  88     2.17858
  89    28.3753
  90     4.34958
  91     2.97296
  92     1.05134
  93     2.50817
  94    36.6966
  95     9.38552
  96    54.5268
  97    69.4914
  98    83.1423
  99    85.6702
 100    45.4679
 101    42.4315
 102     6.17937
 103     2.78823
 104   199.209
 105   201.142
 106   297.78
 107   280.393
 108   174.214
 109   143.586
 110    41.2505
 111    11.9689
 112    62.9811
 113    55.3353
 114   168.388
 115   114.288
 116    13.413
 117    55.3083
 118    25.4455
 119    11.0293
 120     6.13808
 121    29.4987
 122    25.1342
 123     1.69234
 124     1.21166
 125     0.352
 126    11.3336
 127     0.59589
 128     0.94313
 129     1.75905
 130     1.56091
 131    24.7962
 132     0.83582
 133     0.85701
 134     0.41642
 135     1.84526
 136     1.9068
 137    11.2348
 138    17.326
 139    36.7756
 140     0.81641
 141     1.66853
 142    24.7668
 143    19.8227
 144    56.456
 145    79.0845
 146    45.1123
 147    97.0983
 148    26.7955
 149    51.1122
 150    15.3447
 151     5.288
 152   336.751
 153   379.798
 154   319.511
 155   326.684
 156   235.958
 157   184.561
 158   128.625
 159    34.1366
 160  1187.41
 161  1186.23
 162  1458.46
 163  1289.41
 164  1113.8
 165   730.332
 166   316.969
 167    93.3375
 168  2265.19
 169  2395.77
 170  2100.72
 171  2168.35
 172  2119.61
 173  1661.59
 174  1054.66
 175   391.975
 176   686.09
 177   792.155
 178   601.668
 179   722.078
 180   566.843
 181   436.527
 182   188.917
 183    44.0334
 184     7.0313
 185    51.4731
 186    26.0272
 187    56.3005
 188     0.28641
 189    49.7747
 190    20.2633
 191     1.20442
 192    20.4238
 193    12.9693
 194    53.3938
 195    26.722
 196     3.95652
 197     0.27274
 198     1.88585
 199     1.43361
 200   230.681
 201   318.366
 202   252.655
 203   165.767
 204   127.855
 205    90.5073
 206    42.8961
 207    10.1898
 208   859.134
 209  1078.34
 210   891.472
 211   740.07
 212   705.473
 213   557.11
 214   284.131
 215    63.7095
 216  2649.97
 217  2804.39
 218  2733.97
 219  2889.86
 220  2407.4
 221  1625.7
 222  1061.86
 223   367.998
 224  3793.47
 225  4155.28
 226  3749.87
 227  3646.4
 228  2956.93
 229  2268.49
 230  1450.55
 231   584.993
 232  3169.55
 233  3777.08
 234  3253.33
 235  2867.95
 236  2721.58
 237  2205.4
 238  1459.95
 239   684.409
 240  1113.79
 241  1257.91
 242  1207.89
 243  1050.71
 244   940.152
 245   784.2
 246   410.52
 247   170.641
 248    48.1514
 249    85.8643
 250    51.3907
 251    70.2026
 252    36.6638
 253    58.1243
 254     2.27263
 255     1.50443
 256    43.6925
 257    54.7601
 258    61.7975
 259    65.407
 260    19.217
 261     1.06377
 262     0.9496
 263     0
 264  1080.05
 265  1207.92
 266  1261.09
 267  1249.75
 268  1042.94
 269   700.136
 270   468.654
 271   169.895
 272  2999.86
 273  3363.27
 274  3268.14
 275  3270.18
 276  3145.38
 277  2363.11
 278  1635.56
 279   597.564
 280  3439.62
 281  3993.8
 282  3799.75
 283  3578.62
 284  3267.41
 285  2691.79
 286  1840.87
 287   540.186
 288  2406.02
 289  2399.62
 290  2114.91
 291  2142.03
 292  1955.77
 293  1662.71
 294  1164.54
 295   397.703
 296   733.222
 297   864.506
 298   709.286
 299   682.77
 300   693.777
 301   538.317
 302   209.135
 303    74.5412
 304   213.223
 305    60.296
 306   135.616
 307   160.402
 308   166.847
 309    88.5401
 310    19.583
 311     1.7419
 312     7.42968
 313    21.8493
 314    34.9834
 315     7.55561
 316     0.42209
 317     1.63478
 318     1.93026
 319     1.90393
 320    25.8309
 321    37.9384
 322    50.51
 323    45.2983
 324    53.1803
 325    30.7692
 326     0.90702
 327     0.65943
 328   552.999
 329   807.475
 330   896.289
 331   883.633
 332   619.05
 333   468.674
 334   193.568
 335    90.4031
 336  2058.38
 337  2158.7
 338  2259.31
 339  2419.87
 340  2185.58
 341  1599.85
 342  1067.91
 343   445.604
 344  1304.11
 345  1244.94
 346  1157.17
 347  1186.64
 348  1105.84
 349   633.158
 350   419.597
 351   102.847
 352   328.3
 353   300.044
 354   315.492
 355   264.909
 356   354.585
 357   164.075
 358   109.164
 359    42.2969
 360    83.7571
 361   120.447
 362    38.1402
 363    12.2385
 364    73.7277
 365    54.5926
 366     6.24704
 367     0
 368     2.28706
 369    20.8254
 370    13.9024
 371     0.91243
 372     3.01516
 373     2.72904
 374     2.79959
 375     1.09785
 376     0.77575
 377     0.4081
 378     2.34631
 379     0.0584
 380     1.77805
 381     1.33442
 382     4.28682
 383     8.85823
 384     1.43485
 385     1.45644
 386     2.33995
 387     2.8157
 388    10.5552
 389    13.6635
 390    11.4167
 391     0.97565
 392   123.907
 393    64.6697
 394    78.7297
 395   100.179
 396    63.921
 397    60.1718
 398    18.4083
 399     0.07982
 400   235.014
 401   221.317
 402   194.542
 403   176.942
 404   223.746
 405   102.198
 406    64.4841
 407     7.22023
 408   167.441
 409   142.727
 410   109.5
 411    81.905
 412    32.8542
 413    47.921
 414    71.758
 415     4.08749
 416    36.7922
 417     1.85618
 418     0.36555
 419    28.3653
 420    40.4895
 421    11.4917
 422    10.7243
 423    15.9989
 424     1.61017
 425     2.73768
 426     1.31744
 427     1.40597
 428     2.1323
 429     0.5406
 430    14.2676
 431    19.8575
 432     0.81472
 433     2.18357
 434     0.91192
 435     0.50623
 436     1.50411
 437     0.76774
 438     1.90995
 439     2.98678
 440     0
 441     0
 442     0
 443     0
 444     0.84296
 445    31.7078
 446    49.2984
 447     0
 448     0.73443
 449     1.32797
 450     0
 451     0.97711
 452     0.11757
 453     0.34223
 454     1.21796
 455     0.79053
 456     2.13818
 457     1.43435
 458     0.97711
 459     0.46144
 460     1.72702
 461     0.56192
 462     0.97231
 463     0.03757
 464    15.3679
 465     9.79963
 466     0.87208
 467     3.73069
 468    12.1895
 469    19.1425
 470    19.2404
 471     0.8072
 472     2.72354
 473     2.43952
 474     1.76411
 475     2.71189
 476     0.96737
 477     0.52081
 478     0.58056
 479     0.85136
 480     1.19565
 481     2.08335
 482     0.2964
 483     0.19619
 484     0
 485     0
 486     0.94616
 487     0
 488     1.25429
 489     0.75133
 490     0.47476
 491     0.97871
 492     0
 493     0
 494     0.17826
 495     0.70657
 496     2.37362
 497     0.99573
 498     0.81535
 499     0.78792
 500     0.27508
 501     1.13434
 502     0
 503     0
 504     0.6608
 505     0
 506     0.15747
 507     0
 508     1.68186
 509     0
 510     0.28733
 511     0
