This file was gnenerated on 2021-06-22 20:11:48.560777 by Grant Finneman. This contains the extracted data from the Gate simulations
The edep for each bar was summed up and printed to this file. The only math operation done has been addition.

  id        edep
   0     0
   1     0.26857
   2     1.03125
   3     0.96058
   4     0
   5     0.14427
   6     0.31813
   7     1.41262
   8     0.1494
   9     0
  10     3.62122
  11     0.72018
  12     0.85607
  13     0.08992
  14     0.51271
  15     0
  16     3.02676
  17     2.10007
  18     2.05991
  19     0
  20     1.21203
  21     0
  22     1.47542
  23     0
  24    19.2641
  25    13.295
  26    32.3165
  27     4.81124
  28    32.106
  29    18.1074
  30     1.62127
  31     2.61229
  32     0.4092
  33    40.7976
  34    32.2876
  35    24.7192
  36     8.4782
  37    22.7559
  38    29.9208
  39     0.28522
  40     7.45956
  41     0.65495
  42     1.93811
  43     2.78869
  44     3.88622
  45     1.73725
  46     0
  47     2.02561
  48     2.41566
  49     0
  50     0.17972
  51     0
  52    14.969
  53     9.41668
  54     0.91203
  55     1.58716
  56     0.53166
  57     0
  58     0.56638
  59     0.66637
  60     0
  61     0.78405
  62     0.50993
  63     0.48371
  64     0
  65     0.84795
  66     0.78348
  67     0.69391
  68     0.90687
  69     0.18864
  70     0.61721
  71     0.93433
  72     1.01713
  73     1.12641
  74     0
  75     0.70157
  76     4.15176
  77     0.67474
  78     0.78881
  79     0.65015
  80     2.09026
  81    48.6815
  82     8.02491
  83    46.1935
  84    18.6214
  85     2.0017
  86     1.41842
  87     0
  88   273.298
  89   458.594
  90   342.166
  91   260.069
  92   252.09
  93   142.419
  94    81.2882
  95    25.617
  96   707.838
  97   959.53
  98   559.08
  99   555.828
 100   612.298
 101   495.17
 102   187.607
 103    31.5491
 104   163.771
 105   225.172
 106   150.365
 107    82.6654
 108   120.56
 109    98.6911
 110    30.0457
 111     8.76108
 112    10.0426
 113    24.1529
 114    34.3658
 115    34.1931
 116     5.45143
 117    15.0446
 118    22.2741
 119     5.95467
 120     0.37159
 121     0.88929
 122     0.27638
 123     0.55112
 124     1.18757
 125     1.19135
 126     0.87602
 127     0.5811
 128     0.5944
 129     0
 130     0.94492
 131     0.78311
 132     0.14623
 133     0
 134     0.98959
 135     0
 136     0
 137     2.31898
 138     1.34785
 139     0.36638
 140     1.61653
 141     3.22153
 142     0.99644
 143     2.72053
 144   101.931
 145   111.751
 146   172.019
 147    47.5067
 148    52.4749
 149    29.2929
 150    30.8358
 151     6.8384
 152  1533.04
 153  1905.08
 154  1740.46
 155  1353.73
 156  1127.45
 157   989.307
 158   624.011
 159   224.267
 160  4487.58
 161  5146.56
 162  4907.68
 163  4743.41
 164  4290.72
 165  3330.59
 166  2164.21
 167   858.861
 168   660.112
 169   778.582
 170   668.971
 171   687.636
 172   568.891
 173   530.895
 174   154.219
 175    53.2755
 176    54.2603
 177    27.7493
 178     3.26413
 179    31.2737
 180     2.46008
 181    26.1488
 182    10.404
 183    36.4147
 184     1.74009
 185     0
 186     0.33173
 187     0.62018
 188     1.61225
 189     0.43857
 190     0.24438
 191     1.42141
 192     0.11681
 193     0.15784
 194     0.73157
 195     1.80299
 196     0.40124
 197     2.17131
 198     3.90455
 199     2.37997
 200     0
 201     2.47476
 202     2.69247
 203     2.74914
 204     1.19207
 205     2.04102
 206     1.81677
 207     3.56917
 208   235.341
 209   325.669
 210   336.863
 211   268.758
 212   193.549
 213   150.509
 214    14.168
 215     7.47087
 216  2969.51
 217  3466.7
 218  3209.36
 219  2949.61
 220  2608.62
 221  2122.11
 222  1279.53
 223   374.939
 224  4796.21
 225  5158.02
 226  4775.13
 227  4656.52
 228  3965.63
 229  3035.38
 230  1767.55
 231   706.713
 232   437.852
 233   558.513
 234   580.324
 235   502.576
 236   363.713
 237   352.35
 238   150.53
 239    29.6235
 240    41.412
 241    40.5178
 242    14.978
 243    46.9768
 244     4.0256
 245    27.6833
 246    10.3038
 247     0.45014
 248     0.20085
 249     0.39465
 250     0
 251     0.49652
 252    10.8701
 253     6.9299
 254     5.90125
 255     3.65982
 256     0.39002
 257     1.13269
 258     1.71162
 259     0.95868
 260     0.96476
 261     0.63535
 262     0.70751
 263     1.74706
 264     4.16044
 265    16.1225
 266     5.14298
 267     2.90378
 268    63.8198
 269     5.63481
 270     2.43201
 271     1.70052
 272   573.986
 273   635.925
 274   562.753
 275   655.247
 276   475.558
 277   309.232
 278    62.0217
 279    26.3905
 280  4648.62
 281  5014.07
 282  5147.89
 283  4836.84
 284  4048.86
 285  2884.14
 286  1792.06
 287   647.137
 288  3628.02
 289  3703.34
 290  3713.94
 291  3351.32
 292  2784.47
 293  2217.24
 294  1337.69
 295   425.182
 296   263.543
 297   310.67
 298   220.399
 299   147.667
 300   158.404
 301   128.826
 302    21.0284
 303     2.13367
 304     1.10599
 305     1.99275
 306     5.49265
 307    11.109
 308    27.927
 309     1.43642
 310     7.94038
 311     5.18622
 312     0.74855
 313     0.74855
 314     3.37829
 315     0
 316     3.60381
 317     0.6108
 318     0.10738
 319     0.19304
 320    24.5915
 321    11.7976
 322     0.41778
 323     0
 324     0
 325     0
 326     0.82744
 327     0
 328    14.702
 329    17.3046
 330    39.7219
 331    43.3744
 332    17.5331
 333     1.04742
 334     0.69333
 335     1.93489
 336   644.843
 337   735.41
 338   612.103
 339   876.835
 340   646.548
 341   299.815
 342   134.161
 343    46.5939
 344  4292.73
 345  4533.94
 346  4573.28
 347  4543.96
 348  4351.51
 349  3603.39
 350  2249.92
 351   910.053
 352  1658.55
 353  1775
 354  1871.51
 355  1711.92
 356  1345.65
 357  1125.97
 358   737.678
 359   185.246
 360    91.1841
 361   174.618
 362   136.318
 363    93.711
 364    78.7924
 365    65.1611
 366    36.2463
 367    18.5985
 368     4.92197
 369     6.98648
 370     1.6792
 371     2.00214
 372     2.18469
 373     0
 374     1.42286
 375     0
 376     0.57229
 377     0.90688
 378     1.64058
 379     0.78574
 380     0.28339
 381     0.39184
 382     0.28339
 383     0.78382
 384     1.10613
 385     0.966
 386     1.23704
 387     0.19726
 388     1.32944
 389     1.83184
 390     1.30116
 391     0.6351
 392     0.92991
 393    12.9819
 394    25.4095
 395     4.06826
 396    23.2825
 397     1.01499
 398     1.01704
 399     1.78566
 400   238.109
 401   223.003
 402   281.751
 403   267.268
 404   141.079
 405    30.2034
 406    44.1978
 407    47.7965
 408   783.014
 409   737.627
 410   793.033
 411   683.204
 412   530.552
 413   424.217
 414   274.177
 415    28.9668
 416   303.008
 417   329.625
 418   306.179
 419   159.141
 420   160.554
 421   154.117
 422    43.1751
 423     2.22843
 424    11.0608
 425    19.7231
 426    45.4419
 427    14.0656
 428    12.9334
 429    12.1587
 430    25.5221
 431     1.0407
 432     0
 433     8.97315
 434     2.48429
 435     1.61227
 436     1.7835
 437     0.86291
 438     1.01334
 439     0.40129
 440     0.9791
 441     1.47466
 442     0.36961
 443     2.32124
 444     0.00156
 445     1.07115
 446     0.09819
 447     0
 448     0.64621
 449     0.84423
 450     0
 451     0
 452     0
 453     0
 454     1.21653
 455     1.03606
 456     0.3329
 457     0.26075
 458     5.47794
 459     2.63709
 460     1.92307
 461     1.21711
 462     0
 463     1.2266
 464    30.5167
 465    50.4115
 466    16.1261
 467     4.2232
 468    16.332
 469     0
 470     0.22283
 471    17.8976
 472    14.8905
 473     0.79175
 474    11.2841
 475     1.3037
 476    11.9446
 477    27.3211
 478     3.9428
 479     2.27706
 480    27.6434
 481    11.2222
 482     0.07027
 483     1.35387
 484     3.41163
 485     0.76555
 486     1.09796
 487     1.84427
 488     2.33226
 489     2.00315
 490     0
 491     0.05494
 492     0.53853
 493     1.52072
 494     2.23429
 495     0.58045
 496     1.53151
 497     1.00895
 498     0.83508
 499     0.48207
 500     0.77173
 501     0.21548
 502     2.12162
 503     0.61292
 504     1.82076
 505     1.43048
 506     0.51455
 507     0
 508     0.21056
 509     0
 510     1.01296
 511     0
