This file was gnenerated on 2021-06-22 20:06:09.747962 by Grant Finneman. This contains the extracted data from the Gate simulations
The edep for each bar was summed up and printed to this file. The only math operation done has been addition.

  id        edep
   0     0
   1     0
   2     0
   3     0.56594
   4     0
   5     0
   6     0
   7     0
   8     0
   9     2.40284
  10     0
  11     0.08166
  12     0.88461
  13     0.80351
  14     1.34572
  15     0.74941
  16    27.6412
  17    44.1985
  18     5.34181
  19     1.49028
  20    79.4194
  21     1.49654
  22    11.8262
  23     8.55056
  24    32.6337
  25    68.434
  26    10.1061
  27    18.9081
  28   111.882
  29    74.3501
  30     6.08655
  31    42.5204
  32    32.8602
  33     8.22318
  34    18.7228
  35    60.9754
  36    24.6715
  37     1.97843
  38     5.5793
  39    15.2396
  40     0
  41     1.21807
  42     1.27416
  43     0.62091
  44     0.89707
  45     3.07778
  46     3.83851
  47     1.56477
  48     1.477
  49     0.84383
  50     0
  51     0.32697
  52     0.76755
  53     0
  54     2.20228
  55     1.61857
  56     0
  57     0.24204
  58     0.05898
  59     4.23713
  60     0.76755
  61     0.24899
  62     0.59495
  63     0
  64     0.9615
  65     0.20119
  66     0.71911
  67     0
  68     0
  69     0.51797
  70     0.95272
  71     1.54946
  72     2.88703
  73     3.76017
  74    11.3777
  75     3.16329
  76     3.21622
  77     2.05669
  78     1.85622
  79     1.07821
  80   317.948
  81   245.546
  82   221.252
  83   367.215
  84   390.974
  85   126.157
  86    30.9064
  87    27.0171
  88  1230.23
  89  1454.56
  90  1490.04
  91  1557.75
  92  1409.9
  93  1153.69
  94   704.319
  95   253.277
  96   356.036
  97   452.188
  98   509.987
  99   200.827
 100   177.034
 101   201.76
 102    39.0385
 103    32.7403
 104     1.79476
 105    26.8063
 106    20.7859
 107    21.1522
 108    20.8571
 109     2.79435
 110     1.84054
 111     0.27901
 112     1.50436
 113     1.79724
 114     0.95108
 115     3.34061
 116     3.65656
 117     0.0877
 118     0.89725
 119     1.09745
 120     0.41817
 121     0.13404
 122     1.32118
 123     0.38705
 124     0
 125     1.65266
 126     0.65093
 127     0.74374
 128     1.24357
 129     0
 130     2.09678
 131     0.89869
 132     0.35695
 133     0.99473
 134     0.30695
 135    15.6244
 136     1.70322
 137    42.6035
 138     9.31406
 139     1.63498
 140     3.07226
 141    11.7391
 142    22.71
 143    11.388
 144   675.014
 145   552.67
 146   888.662
 147   743.778
 148   526.003
 149   265.48
 150   139.132
 151    38.6234
 152  4854.78
 153  5233.3
 154  5231.97
 155  5461.69
 156  4978.32
 157  4243.64
 158  2455.41
 159   935.475
 160  1096.64
 161  1137.13
 162  1426.3
 163  1076.49
 164  1257.15
 165   691.964
 166   243.558
 167    71.0021
 168    67.8235
 169    33.7598
 170    66.3142
 171    21.6215
 172    42.0979
 173    37.0553
 174     1.18666
 175    17.0271
 176     0.08078
 177     2.64407
 178     5.3041
 179     2.54497
 180     1.07205
 181     1.59499
 182     2.12382
 183     0.71243
 184     1.18156
 185     2.29004
 186     0
 187     0.54103
 188     1.45925
 189     1.78761
 190     0.36167
 191     0.67648
 192     1.07143
 193     0
 194     2.70805
 195     2.67853
 196     0.19082
 197     5.1001
 198     1.96827
 199     0
 200     2.26289
 201     4.1648
 202    35.4243
 203     3.37898
 204     4.20118
 205     0.77352
 206     3.19239
 207     2.28393
 208   301.604
 209   528.57
 210   464.531
 211   539.182
 212   298.338
 213   193.72
 214    17.577
 215    33.5743
 216  4215.52
 217  4648.77
 218  4781.08
 219  5032.72
 220  4806.63
 221  3752.56
 222  2158.62
 223   873.199
 224  2629.71
 225  2880.28
 226  2862.41
 227  2548.95
 228  2194.7
 229  1872.86
 230  1118.09
 231   410.677
 232   186.635
 233   316.388
 234   242.95
 235   181.175
 236   180.61
 237   184.071
 238    26.1742
 239     6.84042
 240     3.64326
 241    11.4714
 242     2.53323
 243    12.4157
 244    12.1165
 245    13.4459
 246     1.94704
 247     1.8814
 248     0.98641
 249     1.65534
 250     1.19601
 251     0.71168
 252     0.88893
 253     0.37746
 254     2.11279
 255     2.2838
 256     4.64273
 257     0.2014
 258     0.5062
 259     3.79011
 260     1.44264
 261     6.37874
 262     0
 263     4.5209
 264     7.19002
 265     0.25817
 266    15.5207
 267    13.0915
 268     3.14496
 269     2.80361
 270     2.68038
 271     2.11218
 272    90.0777
 273   166.19
 274   196.364
 275   334.084
 276   224.336
 277    49.4202
 278    47.2911
 279    15.4262
 280  2506.29
 281  2760.96
 282  2998.21
 283  2735.69
 284  2591.94
 285  1969.8
 286   981.892
 287   305.983
 288  4722.99
 289  4791.17
 290  4824.7
 291  4782.65
 292  4247.86
 293  3299.74
 294  2050.62
 295   737.941
 296   566.519
 297   547.985
 298   376.606
 299   348.809
 300   299.321
 301   136.499
 302    34.6113
 303    22.228
 304    22.0698
 305    44.3423
 306    11.3696
 307    31.6494
 308    19.5547
 309     1.58572
 310     3.43436
 311     0
 312     0
 313     1.4308
 314     0
 315     0
 316     0.39398
 317     1.67908
 318     1.36647
 319     0.56627
 320     0.47462
 321     0.93545
 322     0.87221
 323     0.53371
 324     0
 325     0.11767
 326     0.82378
 327     0.67449
 328     2.16284
 329     0.26944
 330     1.0742
 331    17.015
 332     0
 333     3.9868
 334     1.62317
 335     0
 336    87.855
 337   106.734
 338    75.132
 339    66.6604
 340    64.328
 341    14.3768
 342    15.8733
 343     4.89264
 344  1085.39
 345  1346.97
 346  1416.22
 347  1198.44
 348  1083.43
 349   560.636
 350   182.241
 351    17.4272
 352  5060.56
 353  5494.24
 354  5120.15
 355  5160.37
 356  4571.78
 357  3971.24
 358  2485.46
 359   823.352
 360   541.709
 361   839.348
 362   628.118
 363   642.521
 364   522.483
 365   417.997
 366   169.771
 367    31.6997
 368    21.3779
 369    19.3288
 370    23.7406
 371     9.00888
 372     1.85176
 373    14.1047
 374     2.20783
 375     2.42431
 376     1.4177
 377     0
 378     0.79263
 379     0
 380     1.79969
 381     1.38879
 382     0
 383     2.77563
 384     0.94306
 385     2.1852
 386     0.57618
 387     0.59024
 388     0.02589
 389     0.57618
 390     0
 391     0
 392     1.4957
 393     0.6642
 394     2.2512
 395     2.09558
 396     1.32878
 397     5.92744
 398     9.07686
 399     0
 400     4.43091
 401    18.5861
 402     9.65895
 403     1.92557
 404    42.9784
 405     9.95292
 406    26.4084
 407    21.7477
 408   181.795
 409   336.936
 410   363.923
 411   387.069
 412   309.886
 413   103.566
 414    30.2825
 415    23.0452
 416  1261.37
 417  1452.51
 418  1546.99
 419  1525.46
 420  1128.58
 421   862.216
 422   573.64
 423   227.471
 424   240.364
 425   260.554
 426   186.591
 427   194.563
 428   330.469
 429   180.885
 430    85.8103
 431    15.9702
 432     7.53485
 433    36.2148
 434    28.42
 435    30.7739
 436    38.4675
 437    13.5658
 438     0.78991
 439     2.60636
 440     0
 441     0.04116
 442     1.73543
 443     0.45033
 444     0.82365
 445     0.7071
 446     0.89662
 447     2.221
 448     0
 449     1.52405
 450     1.28477
 451     0
 452     2.3376
 453     1.1336
 454     0
 455     0
 456     2.43818
 457     0
 458     0.90126
 459     0.60583
 460     1.50447
 461     0.98356
 462     0.97648
 463     1.70414
 464     2.33254
 465     0.47769
 466     1.0765
 467     1.76013
 468     0
 469     1.38718
 470     2.33924
 471     1.57948
 472    32.8287
 473    66.8062
 474     8.18245
 475    44.828
 476    16.9724
 477     0
 478     0.82841
 479     0.70825
 480    92.1294
 481    77.6524
 482    57.9078
 483    28.1595
 484    21.9045
 485     6.42509
 486     0
 487     1.98231
 488    16.0757
 489     1.8581
 490    10.7499
 491    43.3092
 492    25.3701
 493     1.46803
 494     1.41655
 495     0.85439
 496     0
 497     0.88716
 498     0.85815
 499     0
 500     0.1095
 501     0.14477
 502     1.81986
 503     0
 504     0.42826
 505     2.05559
 506     0.72333
 507     0
 508     1.22901
 509     0.98933
 510     0.31567
 511     3.5536
