This file was gnenerated on 2021-06-22 21:00:15.595318 by Grant Finneman. This contains the extracted data from the Gate simulations
The edep for each bar was summed up and printed to this file. The only math operation done has been addition.

  id        edep
   0     1.29411
   1     0
   2     0.30152
   3     0.8746
   4     0.33936
   5     0
   6     0.66071
   7     0
   8     0
   9     0.18693
  10    13.9622
  11     1.57659
  12     0.58335
  13     0
  14     0
  15     3.10294
  16   132.114
  17    56.1196
  18    73.7437
  19   117.521
  20    13.0809
  21    39.213
  22    22.6495
  23     2.48782
  24   224.108
  25   249.023
  26   151.942
  27   179.546
  28   155.866
  29    84.9135
  30    56.6824
  31    28.6839
  32    99.464
  33   134.747
  34    90.8348
  35    57.1525
  36   186.122
  37   133.313
  38    37.7315
  39     2.70174
  40    16.2061
  41    37.1823
  42    58.1832
  43    35.305
  44     0.1522
  45    29.2357
  46     0.63603
  47     0
  48     0.22906
  49     0.62165
  50     9.86905
  51     0.01322
  52     1.38805
  53     0.75248
  54     0
  55     0.36167
  56     0
  57     0
  58     0
  59     0.79159
  60     0.70143
  61     0.55413
  62     0
  63     1.35635
  64     0.94547
  65     0.87411
  66     0.57421
  67     0.54875
  68     0.41597
  69     0.76784
  70     0.16687
  71     1.67572
  72    30.1813
  73     0.31806
  74     6.38084
  75     1.74686
  76     0.68921
  77     3.81139
  78     4.98001
  79     4.78791
  80   308.104
  81   227.792
  82   337.68
  83   343.515
  84   198.422
  85   157.648
  86   125.151
  87    37.2619
  88  1176.22
  89  1176.36
  90  1256
  91  1378.3
  92  1204.07
  93   781.596
  94   387.948
  95   169.668
  96   899.186
  97  1132.98
  98   942.743
  99  1042.42
 100  1002.12
 101   703.061
 102   414.793
 103   148.824
 104   286.538
 105   400.022
 106   274.101
 107   320.649
 108   341.058
 109   249.829
 110   115.227
 111    23.8861
 112    51.0276
 113    38.8647
 114    56.6609
 115    67.7352
 116   147.13
 117   161.348
 118     1.87642
 119     0.04671
 120     8.42747
 121     1.01006
 122     2.70622
 123    18.4643
 124    10.1868
 125     0
 126     0
 127     0.75787
 128    18.8213
 129     2.16141
 130     1.95069
 131     0
 132     1.74498
 133     0.2344
 134     1.20579
 135     0.95351
 136    17.1725
 137    55.9411
 138    68.1986
 139   120.767
 140    63.9046
 141    29.2627
 142     1.03549
 143     0.38873
 144   646.553
 145   649.405
 146   910.882
 147   852.061
 148   669.325
 149   672.774
 150   373.677
 151   125.864
 152  1417.18
 153  1484.62
 154  1324.14
 155  1790.22
 156  1553.07
 157  1183.79
 158   764.279
 159   310.297
 160  1452.9
 161  1727.6
 162  1575.65
 163  1671.24
 164  1441.48
 165  1053.52
 166   589.471
 167   186.09
 168  1113.69
 169  1558.95
 170  1361.15
 171  1376.7
 172  1431.58
 173  1050.75
 174   591.914
 175   236.738
 176   622.025
 177   756.99
 178   706.535
 179   735.274
 180   628.332
 181   662.618
 182   327.694
 183    90.6
 184    85.6287
 185    44.1856
 186    57.3905
 187    62.4244
 188    20.9749
 189    55.5838
 190    34.382
 191     5.27249
 192    31.7963
 193    51.7098
 194     5.19787
 195    26.0641
 196     0
 197    30.3539
 198     1.99609
 199     0.92954
 200   241.175
 201   370.747
 202   509.516
 203   261.398
 204   214.304
 205   125.395
 206    80.495
 207    20.6706
 208  1210.66
 209  1178.27
 210  1425.9
 211  1400.68
 212  1230.69
 213  1059.93
 214   621.554
 215   249.763
 216  1730.32
 217  1899.82
 218  1709.32
 219  1742.65
 220  1668.62
 221  1411.9
 222   869.032
 223   326.41
 224  1661.19
 225  1869.78
 226  1932.83
 227  1624.11
 228  1529.98
 229  1112.54
 230   696.703
 231   274.527
 232  1490.12
 233  1766.71
 234  1853.09
 235  1783.11
 236  1623.17
 237  1168.15
 238   750.612
 239   189.984
 240   650.437
 241   983.851
 242   945.086
 243  1040.86
 244   967.293
 245   731.353
 246   382.962
 247   119.677
 248    39.0364
 249   124.117
 250   161.367
 251    77.7009
 252    87.1741
 253    18.05
 254    33.2187
 255     8.98058
 256    76.0594
 257    94.9515
 258   145.664
 259    60.4203
 260   160.797
 261    62.2408
 262    54.7528
 263    41.8647
 264   997.974
 265   910.052
 266   899.961
 267   925.594
 268   975.067
 269   763.666
 270   413.023
 271   236.856
 272  1680.68
 273  1779.78
 274  1520.31
 275  1360.41
 276  1409.5
 277  1207.15
 278   665.48
 279   242.533
 280  1874.87
 281  2220.76
 282  1876.36
 283  1955.03
 284  1727.48
 285  1235.65
 286   763.957
 287   226.676
 288  1855
 289  2068.91
 290  1671.52
 291  1570.38
 292  1552.4
 293  1161.34
 294   690.242
 295   253.002
 296  1282.86
 297  1615.53
 298  1602.66
 299  1622.01
 300  1263.47
 301   817.986
 302   633.642
 303   198.767
 304   268.18
 305   376.625
 306   365.15
 307   331.806
 308   291.973
 309   237.216
 310   125.688
 311    20.8969
 312     0.59519
 313    52.7643
 314     2.54834
 315     1.81132
 316    21.7546
 317    32.8616
 318     1.23489
 319     0.09369
 320    40.2496
 321    74.4692
 322   175.118
 323   129.884
 324    60.9768
 325    15.6326
 326    42.0103
 327    32.6766
 328   619.96
 329   589.041
 330   660.244
 331   677.334
 332   596.51
 333   525.843
 334   387.339
 335   132.737
 336  1196.78
 337  1247.83
 338  1507.16
 339  1597.3
 340  1143.71
 341   954.305
 342   619.605
 343   256.987
 344  1614.8
 345  1670.7
 346  1743.86
 347  1774.91
 348  1472.6
 349  1232.89
 350   801.023
 351   310.566
 352  1512.52
 353  1461.24
 354  1693.3
 355  1854.23
 356  1512.66
 357  1169.09
 358   704.672
 359   318.631
 360   505.017
 361   643.67
 362   698.597
 363   656.074
 364   729.394
 365   595.163
 366   418.562
 367   121.166
 368    65.5575
 369    71.1163
 370    78.0008
 371   113.149
 372    55.0207
 373    42.032
 374     2.87986
 375    11.9609
 376     5.71462
 377     9.98734
 378     0.2957
 379     2.85956
 380     1.68964
 381     0
 382     0
 383     1.71801
 384     1.82857
 385     4.6999
 386     0.60085
 387     2.31044
 388    12.2907
 389     1.03448
 390     0
 391     7.2765
 392    48.6962
 393    60.2358
 394   123.238
 395    79.8356
 396    74.5867
 397   113.832
 398    53.0623
 399    22.5918
 400   208.497
 401   287.081
 402   485.075
 403   368.182
 404   314.334
 405   184.946
 406   122.033
 407    26.9295
 408  1028.23
 409  1119.74
 410  1107.08
 411  1102.74
 412   982.505
 413   797.93
 414   488.768
 415   147.511
 416  1147.59
 417  1209.57
 418  1430.75
 419  1246.78
 420  1170.2
 421   776.48
 422   447.102
 423   128.063
 424   218.232
 425   337.445
 426   313.455
 427   331.122
 428   155.967
 429    89.4307
 430    14.5119
 431     7.96676
 432    51.3776
 433    21.9343
 434    18.7439
 435    46.9361
 436     2.4968
 437    42.8879
 438     1.29027
 439     0.59541
 440     2.62895
 441     0.70721
 442     1.26144
 443     0
 444     0.54292
 445     0
 446     0.37709
 447     0
 448     0.71912
 449     0
 450     0
 451     0.5028
 452     1.50828
 453     0
 454     0.85535
 455     0.82985
 456     0
 457     1.67776
 458    24.8563
 459    13.7067
 460     1.50573
 461    13.2927
 462    17.4974
 463     0.79129
 464    21.6742
 465    46.9797
 466    69.7535
 467     0.00545
 468    26.0723
 469    11.0268
 470     1.16059
 471     0.59014
 472   163.783
 473   160.379
 474   127.997
 475   125.467
 476   127.42
 477   138.544
 478    46.4171
 479    26.8614
 480   221.531
 481   325.675
 482   187.301
 483   155.567
 484   136.228
 485    97.5732
 486    76.8303
 487     5.41999
 488    37.5501
 489     8.52427
 490    10.3609
 491    39.6089
 492    18.3015
 493     1.65028
 494     2.44309
 495     0.1354
 496    10.3426
 497    22.3811
 498     0.93606
 499     0.93797
 500    13.1631
 501     2.75697
 502    20.0179
 503    18.0803
 504     0
 505     0.20674
 506     0.1126
 507     0
 508     1.28031
 509     1.50036
 510     0.431
 511     0.63195
