This file was gnenerated on 2021-06-22 20:59:43.452344 by Grant Finneman. This contains the extracted data from the Gate simulations
The edep for each bar was summed up and printed to this file. The only math operation done has been addition.

  id        edep
   0     1.00702
   1     0
   2     0.97603
   3     1.40498
   4     0.50922
   5     1.28971
   6     2.6706
   7     0
   8     0.65623
   9     0.70016
  10     0
  11     0.37981
  12     9.902
  13     6.60647
  14     0.33897
  15     1.31368
  16    24.2004
  17    23.8345
  18    64.9858
  19    11.6664
  20    22.8143
  21     7.06272
  22     8.73654
  23     6.92368
  24   111.286
  25   132.76
  26    86.458
  27    60.3673
  28    83.4143
  29    83.6063
  30    15.245
  31    16.3072
  32    90.3813
  33    57.4625
  34    53.6858
  35    85.7128
  36    88.1118
  37    36.0221
  38    20.6608
  39     1.1808
  40     7.29487
  41    21.3911
  42    15.6229
  43    45.9832
  44    22.8848
  45     8.99823
  46    18.7198
  47     0.92439
  48     0.73009
  49     1.23707
  50     1.91394
  51     0.84072
  52     0
  53     0
  54     0
  55     1.00781
  56     0.79222
  57     1.67563
  58     0.30709
  59     1.52846
  60     0.92767
  61     0.65271
  62     0
  63     0.13765
  64     1.42952
  65     1.9673
  66    16.777
  67     3.95667
  68     0.20511
  69     3.47297
  70     0.8086
  71     0.01768
  72    83.9348
  73    79.7229
  74    78.0511
  75    75.4632
  76    67.7976
  77    65.457
  78    12.7877
  79     9.86229
  80   325.004
  81   305.014
  82   389.95
  83   312.997
  84   352.897
  85   220.314
  86   144.832
  87    31.825
  88   940.807
  89   968.29
  90  1038.4
  91  1114.13
  92  1009.03
  93   773.934
  94   467.6
  95   184.087
  96   753.704
  97   753.217
  98   983.747
  99   849.904
 100   758.031
 101   718.88
 102   435.376
 103   210.202
 104   155.279
 105   108.828
 106    84.7119
 107   129.818
 108    80.418
 109    40.8401
 110    64.4657
 111     7.5042
 112    39.6065
 113     4.26552
 114     2.16067
 115    23.7941
 116    24.2065
 117     0.92846
 118     0.0599
 119     0
 120     1.51527
 121     0.01141
 122     1.16205
 123     2.98147
 124     0.80955
 125     0.89555
 126     0.84072
 127     0
 128    25.6783
 129    59.4909
 130   103.806
 131    60.0952
 132    30.3827
 133    23.6345
 134    27.9361
 135     1.14479
 136   640.728
 137   545.048
 138   722.038
 139   646.409
 140   537.516
 141   390.8
 142   292.623
 143    85.567
 144  1282.22
 145  1462.22
 146  1235.2
 147  1387.89
 148  1422.65
 149   945.082
 150   521.346
 151   218.883
 152  1830.69
 153  1898.37
 154  1801.91
 155  1848.21
 156  1756.48
 157  1549.02
 158   907.33
 159   298.115
 160  1463.61
 161  1818.57
 162  1996.24
 163  1743.27
 164  1509.87
 165  1257.55
 166   700.126
 167   249.914
 168   385.89
 169   473.978
 170   436.081
 171   489.273
 172   503.118
 173   337.885
 174   173.498
 175    65.8655
 176    72.1779
 177    46.5188
 178    44.4317
 179    96.8423
 180    27.9308
 181     1.21897
 182     8.61585
 183    17.113
 184     0
 185     1.71526
 186     1.94135
 187     1.72304
 188     2.24593
 189     0.3273
 190     3.40791
 191     0.70155
 192   101.629
 193    32.8918
 194    57.9274
 195   109.343
 196    32.9589
 197    47.0019
 198    37.9204
 199    22.9424
 200   749.892
 201   849.546
 202   882.339
 203   992.666
 204   660.973
 205   491.637
 206   289.218
 207    71.6348
 208  1586.16
 209  1901.82
 210  2231.81
 211  2034.71
 212  1815.47
 213  1248.88
 214   589.55
 215   202.499
 216  2006.84
 217  2209.31
 218  2252.08
 219  2039.4
 220  1796.09
 221  1330.05
 222   821.6
 223   290.07
 224  1763.98
 225  2137.78
 226  1983.36
 227  1711.95
 228  1625.18
 229  1174.03
 230   756.137
 231   214.905
 232  1065.29
 233  1424.96
 234  1352.56
 235  1268.3
 236  1094.25
 237   748.239
 238   554.845
 239   265.519
 240   221.551
 241   282.639
 242   256.74
 243   169.336
 244   135.691
 245    85.9177
 246    44.0812
 247     4.64448
 248     1.42753
 249     2.8834
 250     0.33283
 251    24.5112
 252    16.2963
 253    24.2112
 254     0.59204
 255     0.52852
 256    20.8032
 257     1.82582
 258     1.35243
 259    29.3908
 260     1.06248
 261     4.62363
 262     0.60097
 263     0.03471
 264   133.875
 265   250.489
 266   211.917
 267   218.36
 268   175.019
 269    63.002
 270    23.5696
 271     1.07375
 272  1014.04
 273  1003.29
 274  1146.98
 275  1441.46
 276  1229.82
 277   899.739
 278   526.209
 279   172.324
 280  1742.8
 281  1729.14
 282  1798.42
 283  1852.63
 284  1607.09
 285  1299.74
 286   779.786
 287   291.524
 288  1724.36
 289  1769
 290  1947.1
 291  1761.56
 292  1645.89
 293  1361.13
 294   791.744
 295   328.499
 296  1640.88
 297  1674.83
 298  1643.96
 299  1818.27
 300  1512.18
 301  1304.26
 302   730.96
 303   269.54
 304   598.028
 305   800.608
 306   720.645
 307   818.973
 308   684.473
 309   496.981
 310   206.084
 311    45.4017
 312    21.1639
 313    53.2362
 314    18.3008
 315    33.2449
 316    31.8026
 317    10.3104
 318     2.14026
 319     0.65327
 320     0.46402
 321     0.57959
 322     0
 323     0.35199
 324     1.92791
 325     1.59338
 326     1.31076
 327     1.37682
 328    22.6947
 329    50.1548
 330     6.74919
 331    22.6429
 332    42.7686
 333    23.3093
 334    15.6728
 335     0
 336   463.272
 337   479.657
 338   478.982
 339   556.878
 340   384.492
 341   237.817
 342   113.328
 343    54.3219
 344  1508.75
 345  1741.32
 346  1654.29
 347  1678.33
 348  1792.46
 349  1268.04
 350   616.265
 351   219.61
 352  1917.84
 353  2070.91
 354  1876.47
 355  1815.03
 356  1597.51
 357  1278.23
 358   609.203
 359   234.419
 360  1506.27
 361  1548.76
 362  1709.22
 363  1722.29
 364  1416.96
 365  1035.33
 366   653.714
 367   305.492
 368   521.805
 369   689.757
 370   685.314
 371   618.078
 372   654.119
 373   493.281
 374   289.063
 375   102.463
 376    47.805
 377    64.5932
 378     7.66603
 379     2.85404
 380    38.1509
 381     0.87095
 382     0
 383     2.75218
 384     1.14766
 385     0
 386     0.37766
 387     0.86624
 388     0.03518
 389     0.56118
 390     1.51621
 391     0.88438
 392     8.93908
 393    20.6192
 394     5.56424
 395     6.49433
 396    18.1165
 397     1.47199
 398     0.99479
 399     0
 400    65.2429
 401   118.34
 402   151.666
 403   120.085
 404    67.4495
 405    68.28
 406     1.25117
 407     2.42428
 408  1092.46
 409  1059.56
 410  1067.1
 411  1070.53
 412  1067.44
 413   715.111
 414   343.539
 415   128.22
 416   942.792
 417  1150.82
 418  1200.35
 419  1093.17
 420  1117.76
 421   919.048
 422   453.922
 423   125.657
 424   292.045
 425   523.071
 426   398.035
 427   444.525
 428   337.206
 429   273.146
 430   120.673
 431    61.3959
 432    44.8678
 433   124.816
 434   114.178
 435   145.824
 436   159.863
 437    38.3691
 438    41.7056
 439    42.0759
 440     7.61543
 441    21.8553
 442     1.82673
 443     9.53971
 444     0.77144
 445     0.94294
 446     0.54797
 447     0
 448     0.01344
 449     0.15721
 450     1.09791
 451     1.57484
 452     0
 453     0.42035
 454     0.02413
 455     0
 456     1.22877
 457     2.4398
 458     0.81006
 459     0.02629
 460     1.62451
 461     0.98203
 462     1.23993
 463     0.08024
 464     3.65383
 465    25.5103
 466    46.8119
 467    43.7452
 468     0.9094
 469     3.06029
 470     0
 471     0.64817
 472   108.959
 473   105.307
 474   226.105
 475   210.94
 476   144.097
 477    76.2821
 478    33.3308
 479     7.71094
 480   101.804
 481   120.512
 482   117.839
 483   147.253
 484   136.425
 485    95.8875
 486    48.6527
 487     9.30465
 488     4.44739
 489   120.431
 490    88.0582
 491    97.1608
 492    24.8002
 493    46.0942
 494    16.8472
 495     7.64616
 496     5.70057
 497     1.75242
 498     0.8768
 499     0.59962
 500     1.78532
 501     1.61626
 502     0.87582
 503     1.61776
 504     1.31926
 505     2.55121
 506     1.62602
 507     0
 508     0.50843
 509     0
 510     0
 511     0
