This file was gnenerated on 2021-06-22 20:38:01.172829 by Grant Finneman. This contains the extracted data from the Gate simulations
The edep for each bar was summed up and printed to this file. The only math operation done has been addition.

  id        edep
   0     0
   1     0.09862
   2     1.79159
   3     0
   4     0.53383
   5     0.93197
   6     0.8368
   7     0
   8     0.53065
   9     0
  10     0.72609
  11     0
  12     0
  13     0.58078
  14     1.7235
  15     0.95095
  16     1.51805
  17     0.46728
  18     0.61208
  19     0.87619
  20     0
  21     2.13657
  22     0.98111
  23     1.48946
  24     0.61208
  25     1.50093
  26     7.63693
  27    13.2658
  28    12.4557
  29     2.00975
  30     0
  31     0.86764
  32     2.07832
  33     4.84923
  34    24.7853
  35    10.7487
  36     5.55374
  37     5.73326
  38     0.73028
  39     0
  40     0.46902
  41     1.21812
  42     0.51262
  43    39.3604
  44    24.0976
  45     0
  46     1.07931
  47     1.63543
  48     0
  49     0.79416
  50     1.31664
  51     0.9393
  52     0
  53     0.1208
  54     0.86478
  55     0
  56     3.19143
  57     0
  58     0
  59     0
  60    28.5734
  61     0.65835
  62     0.77383
  63     0
  64     0
  65     0
  66     0
  67     0.65051
  68     0.80559
  69     0.68943
  70     0.65472
  71     0
  72     0.70555
  73     1.49586
  74     0.94148
  75     1.37369
  76     0
  77     0.73052
  78     0
  79     0
  80     9.65825
  81     1.5641
  82     0.36165
  83     2.74928
  84     6.03656
  85    21.7401
  86    14.1783
  87     3.28538
  88   148.315
  89   236.455
  90   238.64
  91   233.675
  92   209.561
  93   101.821
  94    35.3661
  95     0.02185
  96   353.958
  97   533.042
  98   467.718
  99   313.213
 100   350.571
 101   284.573
 102    93.2467
 103    33.665
 104    67.1117
 105    35.2495
 106   131.922
 107   143.369
 108   106.644
 109    61.0086
 110    19.9468
 111     7.60114
 112     1.52534
 113     0.72106
 114     0
 115     0.77429
 116     0.0166
 117     0.79102
 118     0.70017
 119     0.67922
 120     2.36365
 121     1.1914
 122     0.05382
 123     1.88958
 124     0
 125     1.49274
 126     0
 127     0.35247
 128     1.30569
 129     0.88648
 130     1.70105
 131     0.15827
 132     1.01375
 133     0.51038
 134     0.66825
 135     0.196
 136     9.38942
 137     0
 138     1.96247
 139     0.89682
 140     2.37202
 141     0.78195
 142     3.21654
 143     2.09531
 144   184.294
 145   149.105
 146   196.121
 147    71.5992
 148   121.333
 149    21.486
 150    10.5132
 151     6.68079
 152  1628.95
 153  1521.28
 154  1584.41
 155  1571.42
 156  1598.57
 157  1220.39
 158   722.712
 159   211.3
 160  4059.27
 161  3933.6
 162  3772.72
 163  3918.39
 164  3662.56
 165  3219.76
 166  2256.08
 167   906.285
 168   579.468
 169   722.335
 170   477.858
 171   661.673
 172   350.13
 173   325.28
 174   161.733
 175    42.8036
 176    10.5229
 177    25.0201
 178    46.0506
 179     1.47747
 180    40.2128
 181    21.0068
 182     2.17359
 183     1.31798
 184     1.35536
 185     0.53575
 186     0.44402
 187     0.98816
 188     0.08005
 189     3.64055
 190     0.95473
 191     0
 192     0.44817
 193     2.56615
 194     1.72816
 195     1.6235
 196     0.54532
 197     0.46361
 198     0.25398
 199     0.75232
 200    19.2419
 201     4.48749
 202    16.2031
 203     1.12619
 204     5.56419
 205    36.3529
 206     8.66203
 207     4.91749
 208   250.204
 209   447.824
 210   403.071
 211   387.333
 212   334.052
 213   164.743
 214    10.9286
 215     5.23
 216  3520.67
 217  3902.96
 218  4111.78
 219  4073
 220  3308.46
 221  2710.34
 222  1584.54
 223   534.938
 224  4753.61
 225  5432.22
 226  5403.21
 227  5549.2
 228  4803.75
 229  4107.78
 230  2444.19
 231   909.251
 232   561.017
 233   831.899
 234   602.317
 235   678.329
 236   719.47
 237   351.865
 238    82.4694
 239    27.5741
 240    22.4839
 241    21.4013
 242     6.08788
 243     6.4937
 244    26.1395
 245     1.30663
 246    22.4112
 247    22.7583
 248     0.95817
 249     2.75549
 250     1.32334
 251     0.64561
 252     1.97115
 253     0.1808
 254     0.5876
 255     0.96552
 256     2.44878
 257     0.52884
 258     1.5955
 259     0.81266
 260     0.39887
 261     1.25186
 262     2.3233
 263     0
 264    28.4822
 265    19.5705
 266     9.51181
 267     4.84273
 268    45.7819
 269     7.12161
 270     0.64354
 271     1.69741
 272   435.074
 273   576.764
 274   597.324
 275   579.948
 276   537.598
 277   413.64
 278   133.032
 279    68.1431
 280  4958.01
 281  5716.96
 282  5520.47
 283  5540.04
 284  4582.42
 285  3748.91
 286  2226.6
 287   846.102
 288  3641.37
 289  4052
 290  3860.5
 291  3831.88
 292  3206.45
 293  2667.49
 294  1549.59
 295   549.002
 296   318.968
 297   351.18
 298   371.604
 299   254.897
 300   230.403
 301   160.126
 302    86.9528
 303    62.1583
 304    44.8167
 305     1.91199
 306     1.55777
 307     3.5214
 308     2.78378
 309     0.57891
 310     1.50494
 311    22.4645
 312     0.71347
 313     1.03206
 314     2.49106
 315     0.76441
 316     0.94937
 317     1.1528
 318     0
 319     0
 320     2.54966
 321     2.53077
 322     0
 323     2.06038
 324     0.2865
 325     0
 326     0.88401
 327     0
 328    24.0851
 329    23.0406
 330    59.3034
 331     8.42283
 332    41.2448
 333     2.53182
 334    15.0422
 335     0.41388
 336   423.874
 337   475.681
 338   535.896
 339   533.556
 340   476.147
 341   325.045
 342   176.632
 343    53.4
 344  3759.9
 345  4251.04
 346  4288.57
 347  4168.98
 348  3481.7
 349  3029.52
 350  1927.49
 351   711.444
 352  1355.17
 353  1457.49
 354  1652.92
 355  1841.5
 356  1375.23
 357  1009.85
 358   578.657
 359   132.349
 360   115.959
 361    47.1539
 362   141.828
 363    75.9423
 364    77.6821
 365     4.35346
 366     3.3971
 367     5.56395
 368     3.05222
 369     3.0592
 370     0.80609
 371     3.22195
 372     3.25127
 373     2.44456
 374     2.59588
 375     2.88552
 376     0.46588
 377     1.27155
 378     1.6897
 379     0.92904
 380     0
 381    21.0992
 382    20.5017
 383    10.5385
 384     0
 385     1.09479
 386     0.75891
 387     0.03328
 388     2.12184
 389     0
 390     0.22892
 391     0
 392    26.53
 393     2.60127
 394    16.6851
 395     1.73468
 396     1.15019
 397     1.83133
 398     2.89629
 399     0
 400    69.8243
 401    91.6795
 402   144.081
 403   144.397
 404   101.201
 405    27.623
 406    14.7538
 407     0.55377
 408   454.483
 409   487.376
 410   458.61
 411   358.512
 412   204.918
 413   222.781
 414   101.717
 415    19.9532
 416   199.485
 417   244.486
 418   129.586
 419   173.203
 420    97.5601
 421    57.9392
 422    35.5724
 423     0.41295
 424     0.91494
 425     5.97648
 426    10.3251
 427     2.27542
 428    32.0451
 429    12.1754
 430    22.4404
 431     5.67945
 432     0.30343
 433     0.73065
 434     3.60337
 435     2.18437
 436     3.99268
 437     4.14257
 438     2.98926
 439     1.56522
 440     0
 441     0.79829
 442     0.37458
 443     0.79995
 444     1.25194
 445     0
 446     0.97759
 447     0.97426
 448    10.6835
 449     2.79349
 450     0.53321
 451     0.70414
 452     1.36352
 453     0
 454     0.73909
 455     0.94745
 456     1.44268
 457     0.52401
 458     0
 459     1.67441
 460     0.15704
 461     1.82366
 462     0.9682
 463     0.70403
 464     1.94504
 465     0
 466     0
 467    28.6459
 468     0.54413
 469     0
 470     0
 471     0.56447
 472     6.05525
 473     1.26532
 474     5.20844
 475    25.5129
 476     2.01806
 477     1.6755
 478    18.5724
 479     0
 480     2.24971
 481    17.0282
 482     1.80691
 483     5.1233
 484     0.37458
 485     0
 486     0.56747
 487     0.66277
 488     0.39532
 489     0.6519
 490     0.58242
 491     0.58913
 492     0.47669
 493     1.00586
 494     8.08011
 495    16.7459
 496     1.25046
 497     0.83325
 498     0.51859
 499     0.33019
 500     0.50013
 501     0.77567
 502     1.55608
 503     0.74113
 504     0
 505     0
 506     0.82892
 507     0.8339
 508     1.49238
 509     0.79689
 510     0
 511     0.68081
