This file was gnenerated on 2021-06-22 20:14:26.668716 by Grant Finneman. This contains the extracted data from the Gate simulations
The edep for each bar was summed up and printed to this file. The only math operation done has been addition.

  id        edep
   0     0
   1     1.11694
   2     0
   3     0.41636
   4     0.97681
   5     0.71563
   6     1.37705
   7     0.11908
   8     0.79464
   9     0
  10     0.90495
  11     0.67506
  12     0.90495
  13     0
  14     0
  15     0.26507
  16     0.03322
  17     0
  18     0
  19     0.3681
  20     1.32156
  21     0.84126
  22     0.38958
  23     0
  24     1.81159
  25     0.61452
  26     0
  27     2.10163
  28     0.92308
  29     0
  30    16.1666
  31    14.1646
  32     1.10273
  33     0.83661
  34     0.99245
  35     1.4601
  36     0.48322
  37     1.26594
  38     0.91352
  39     0
  40     0.11117
  41     0.61562
  42     2.68323
  43     0.99628
  44     1.64169
  45     0.12442
  46     1.95758
  47     0
  48     0
  49     0.15357
  50     0.14363
  51     0.52473
  52     0.14909
  53     0.71924
  54     0
  55     0.50778
  56     1.5438
  57     0.7177
  58     0.35952
  59     0.894
  60     0
  61     0.99196
  62     0.82926
  63     1.93342
  64     0.91856
  65     0.18251
  66     2.19218
  67     0
  68     0
  69     0.06778
  70     0
  71     0.19098
  72    10.5079
  73     0.75651
  74     0.8927
  75     3.08585
  76     1.07751
  77     0.74649
  78     0.401
  79     0.96086
  80     2.20811
  81     0.6565
  82     1.81826
  83     0.82226
  84     2.20428
  85     4.21062
  86     1.10588
  87     0.56799
  88     2.09352
  89    45.4544
  90     0.89633
  91    29.6258
  92    26.7471
  93    53.1091
  94    44.6121
  95    19.6897
  96    13.0476
  97    11.6806
  98    60.9723
  99     2.45337
 100    58.0199
 101    11.9523
 102     4.34449
 103    10.2455
 104     1.64785
 105     2.94134
 106     4.86889
 107     4.69342
 108    12.6378
 109    21.1381
 110     2.03256
 111     1.63728
 112     0.47009
 113     0
 114     0.56799
 115     0.01378
 116     1.35017
 117     0.73838
 118     0.98723
 119     1.53521
 120     0.19638
 121     0
 122     0.95506
 123     0.35952
 124     1.8106
 125     0
 126     0
 127     0
 128     1.49293
 129     0.88358
 130     1.38364
 131     0.5922
 132     0.91412
 133     0.49807
 134     0.62213
 135     0
 136     5.98457
 137     1.74315
 138    13.7012
 139    24.3311
 140     1.65765
 141     1.78402
 142    36.0152
 143    15.2327
 144   133.696
 145    93.7934
 146   196.419
 147   159.292
 148    86.2819
 149    56.7404
 150    37.3789
 151     1.69832
 152   573.343
 153   775.621
 154   747.989
 155   757.262
 156   711.785
 157   564.484
 158   242.95
 159     8.1881
 160   545.972
 161   854.356
 162   886.938
 163   707.839
 164   647.929
 165   413.642
 166    92.4818
 167    28.8014
 168   150.379
 169   170.414
 170   209.391
 171    96.6909
 172   169.487
 173    97.542
 174    20.8106
 175     1.23898
 176     0.53381
 177    23.912
 178     2.11644
 179    10.8344
 180     3.50497
 181     2.95623
 182     3.76827
 183     7.0927
 184     0.34135
 185     0.54221
 186     1.65896
 187     1.48866
 188     0
 189    10.7168
 190    24.0071
 191    11.6091
 192     1.16656
 193     1.26226
 194     1.01634
 195     1.1413
 196     0.93182
 197     0
 198     0.4716
 199     0.67189
 200     2.76894
 201     2.28616
 202    16.2832
 203    12.3296
 204    37.917
 205     9.22838
 206     1.79368
 207     7.72269
 208   737.701
 209   955.143
 210   953.385
 211   742.478
 212   773.247
 213   395.435
 214   134.482
 215    14.2264
 216  6250.28
 217  6838.47
 218  6905.84
 219  6763.8
 220  6038.74
 221  4932.98
 222  3068.36
 223   964.195
 224  6376.76
 225  6680.54
 226  7121.29
 227  6675.81
 228  6148.23
 229  4907.35
 230  3153.2
 231  1150
 232   639.328
 233   590.192
 234   852.598
 235   650.408
 236   610.484
 237   422.235
 238   110.842
 239    58.1568
 240     8.17328
 241     0.51033
 242    19.2304
 243    29.0922
 244    10.5839
 245     2.62605
 246     1.75329
 247    10.2328
 248     0.37479
 249     1.05365
 250     0.56719
 251     0
 252     0.88889
 253     0.70609
 254     1.47418
 255    11.3232
 256     5.83119
 257     1.77792
 258     0.11428
 259     2.47649
 260     1.87354
 261     0
 262     1.40969
 263     0
 264    22.4669
 265     9.0601
 266    20.4076
 267    14.9957
 268     5.78405
 269     3.64398
 270     1.9241
 271     1.63062
 272   629.707
 273   815.796
 274   835.401
 275   676.013
 276   602.68
 277   258.277
 278   130.047
 279    50.1558
 280  6098.24
 281  6539.95
 282  6973.97
 283  6479.69
 284  5751.88
 285  4701.73
 286  2672.37
 287   968.117
 288  6789.59
 289  6979.92
 290  6730.95
 291  6246.9
 292  5873.48
 293  5015.98
 294  3321.95
 295  1233.24
 296   732.943
 297   699.75
 298   717.537
 299   668.968
 300   665.182
 301   445.203
 302   107.958
 303    44.2715
 304     4.17967
 305    22.3929
 306    26.8129
 307    13.3942
 308    25.4894
 309     4.98906
 310     1.34496
 311     0.91687
 312     1.67769
 313     0.50329
 314     0.07469
 315     0
 316     0.6497
 317     0.61934
 318     8.27035
 319    16.7191
 320     2.27277
 321     0.94482
 322     0.4359
 323     0.68256
 324     0.7556
 325     0
 326     0.88825
 327     0.7898
 328    18.4917
 329     7.91641
 330    33.626
 331    26.3735
 332    27.6745
 333    21.2921
 334     1.2929
 335     0.77895
 336    87.2719
 337   151.892
 338   133.275
 339   212.637
 340   190.724
 341    94.159
 342    74.9935
 343    14.1669
 344   749.184
 345   774.421
 346   808.855
 347   805.558
 348   740.4
 349   397.123
 350   203.839
 351    16.1661
 352   862.892
 353   630.043
 354   750.558
 355   657.149
 356   492.668
 357   332.115
 358   308.998
 359    46.7684
 360   136.19
 361   154.65
 362   147.113
 363   155.289
 364   134.257
 365    45.3564
 366    36.7997
 367    31.5551
 368    25.3721
 369     5.71329
 370     2.72123
 371    13.2948
 372     0.70469
 373     3.7484
 374     1.41065
 375     0
 376     1.70103
 377     0.42881
 378     0.63676
 379     1.47624
 380     1.63171
 381     0.71422
 382     0.47971
 383     1.21137
 384     0.09895
 385     0.56674
 386     0.38966
 387     1.14987
 388     0.76788
 389     0.45276
 390     0.9217
 391     0
 392     0.42103
 393     1.25325
 394     0.84507
 395     0.42606
 396     2.27272
 397     0
 398    13.4766
 399    14.5808
 400     2.184
 401    49.1779
 402    37.6448
 403    18.457
 404    68.2746
 405     3.93563
 406     2.59311
 407     0
 408    16.612
 409    57.0633
 410    26.2242
 411    17.9523
 412    10.991
 413     1.78703
 414     7.80483
 415     2.83553
 416    21.3595
 417    13.0914
 418    35.2997
 419    29.2386
 420     3.1497
 421     1.98174
 422    13.1847
 423     1.5049
 424     0.91612
 425    23.6577
 426     7.33485
 427     1.41755
 428    15.0478
 429     5.87457
 430     8.66207
 431     1.09334
 432     2.29914
 433     3.07703
 434     0.12306
 435     0.53989
 436     2.74145
 437     0.97564
 438     1.92179
 439     0
 440     0
 441     1.22172
 442     1.22572
 443     1.09344
 444     0.84954
 445     0.90055
 446     0.85888
 447     0
 448     0
 449     0.12036
 450     0.20653
 451     0.78613
 452     0.79554
 453     0.56797
 454     0
 455     0
 456     0.4386
 457     0
 458     0
 459     0
 460     0.62981
 461     0
 462    15.6315
 463     0.70004
 464     0.62048
 465     0.07948
 466     1.29529
 467     3.58102
 468     0.17082
 469     1.63041
 470     0.68838
 471     0.07484
 472     0
 473     0.01686
 474     0.57969
 475     0.29332
 476     1.35835
 477     0.6087
 478     0.90242
 479     0.18091
 480     0.39772
 481     2.19993
 482     0.96092
 483     1.53368
 484     1.07819
 485     0.22234
 486     1.58118
 487     0.36828
 488     1.81208
 489     0.70489
 490     2.60626
 491     1.69812
 492     1.13646
 493     0.77372
 494     1.99462
 495     1.98301
 496     0.31661
 497     1.1623
 498     0
 499     2.18436
 500     0.76371
 501     0
 502     0.71204
 503     7.56928
 504     0.78973
 505     0.37269
 506     0
 507     0.0749
 508     2.18111
 509     0.4716
 510     0.19803
 511     0
