This file was gnenerated on 2021-06-22 20:12:18.401285 by Grant Finneman. This contains the extracted data from the Gate simulations
The edep for each bar was summed up and printed to this file. The only math operation done has been addition.

  id        edep
   0    15.9504
   1     1.37831
   2     1.25344
   3     2.56933
   4     0
   5     0
   6     0
   7     0.43242
   8     0
   9     0
  10     0
  11     0.15585
  12     0.65898
  13     0
  14     0
  15     0
  16     0
  17     1.37073
  18     0.79644
  19     2.79278
  20     2.67449
  21     1.78379
  22     1.38208
  23     1.67642
  24     0
  25     1.31373
  26     0
  27     0.63797
  28     1.10828
  29     0.75991
  30     0.63394
  31     0
  32     0.4318
  33     2.73479
  34     0.9463
  35     0.93891
  36     0.13047
  37     0.85998
  38     2.31918
  39     0.9294
  40     0.43794
  41     0.98285
  42     0
  43     0.33531
  44     0
  45     0
  46     0.86948
  47     0
  48     0.61004
  49     1.5049
  50     0.32583
  51     0.45216
  52     0.47863
  53     0.9889
  54     2.25794
  55     0.62283
  56     0
  57     0
  58     0.55187
  59     0.70765
  60     0.74643
  61     0
  62     0.97283
  63     1.2576
  64     2.29582
  65     0.79931
  66     0.23056
  67     2.83196
  68     0.99083
  69     0.17538
  70     0
  71     1.14269
  72     0.55102
  73     0.08494
  74     2.83364
  75     1.29431
  76     0.78647
  77     1.73434
  78     1.4679
  79     0
  80     0.81261
  81     1.77929
  82     2.64359
  83     1.78424
  84     0.72968
  85     0.57073
  86     0.47293
  87     0.91888
  88    29.1822
  89    23.2812
  90    61.2037
  91    43.7489
  92    25.1957
  93    15.9647
  94     1.55245
  95     0
  96    27.7662
  97     1.8691
  98     3.55535
  99    29.135
 100     3.4266
 101    21.4828
 102     2.01904
 103     1.82979
 104     0.72835
 105     3.1213
 106    32.3069
 107    43.6334
 108    18.4977
 109     8.08723
 110     1.71702
 111     0
 112    18.7265
 113     6.62881
 114     0.68238
 115    49.8493
 116     1.55783
 117     4.86548
 118     4.02278
 119     0.08095
 120     4.013
 121     1.70362
 122     0.08874
 123     0.67406
 124     1.66832
 125     0.97283
 126     0.04998
 127     0
 128     1.06335
 129     0.19291
 130     0.20405
 131     0.91148
 132     0.9469
 133     0.99083
 134     0.66357
 135     0.88015
 136    27.1718
 137    40.1127
 138    56.9506
 139     9.68431
 140    12.9583
 141    18.8367
 142    15.9204
 143     0
 144    93.5343
 145    90.4547
 146   135.313
 147   173.421
 148    57.5775
 149    40.1791
 150    15.141
 151     7.32622
 152    75.91
 153   160.287
 154   280.906
 155   170.395
 156   146.98
 157   153.802
 158   118.528
 159    37.1452
 160   444.981
 161   535.717
 162   657.346
 163   558.039
 164   424.015
 165   343.768
 166   105.277
 167    23.9123
 168   791.501
 169   875.904
 170   634.483
 171   597.595
 172   652.825
 173   519.75
 174   180.117
 175    16.4298
 176   225.033
 177   153.656
 178   340.288
 179   312.363
 180   284.516
 181   157.103
 182    63.4571
 183    11.3529
 184    14.3524
 185     2.22893
 186    33.4409
 187    75.1243
 188     3.05261
 189    18.4929
 190     0.41646
 191     0.59174
 192    22.32
 193    36.0467
 194    69.3186
 195    21.5897
 196    12.5681
 197     4.3222
 198     2.9824
 199     2.21379
 200   378.232
 201   417.3
 202   381.339
 203   350.275
 204   390.254
 205   176.683
 206   153.009
 207    23.5159
 208  1555.29
 209  1408.88
 210  1547.88
 211  1642.54
 212  1544.79
 213   900.461
 214   599.885
 215   153.413
 216  2756.94
 217  2909.86
 218  3120.28
 219  3243.96
 220  2299.65
 221  2022.03
 222  1418.05
 223   525.643
 224  4117.37
 225  3762.42
 226  4091.63
 227  4066.62
 228  3695.1
 229  3065.04
 230  1858.13
 231   566.562
 232  4625.31
 233  4914.03
 234  4764.26
 235  4470.52
 236  4112.42
 237  3581.42
 238  2334.28
 239  1138.83
 240  1136.34
 241  1467.47
 242  1608.14
 243  1433.48
 244  1260.55
 245   829.452
 246   539.463
 247   162.375
 248     2.85418
 249    46.0804
 250    51.7714
 251    51.6641
 252     8.34014
 253     6.44883
 254    41.6911
 255     0.56039
 256    49.5658
 257   131.672
 258    92.0209
 259    51.2969
 260    25.5648
 261    15.0249
 262    15.0134
 263     1.27983
 264  1291.11
 265  1428.04
 266  1622.57
 267  1406.77
 268  1199.27
 269   947.038
 270   516.447
 271   266.98
 272  4395.27
 273  4733.12
 274  4737.63
 275  4423.2
 276  4079.15
 277  3679.79
 278  2382.78
 279   893.553
 280  4216.27
 281  4697
 282  4358.75
 283  4425.77
 284  3831.59
 285  3291.48
 286  2139.78
 287   697.079
 288  2605.55
 289  2899.75
 290  3194.6
 291  3145.33
 292  2633.36
 293  2114.78
 294  1224.32
 295   436.559
 296  1424.59
 297  1569.54
 298  1371.45
 299  1297.18
 300  1422.63
 301   961.916
 302   588.992
 303   218.689
 304   335.058
 305   420.678
 306   295.029
 307   366.208
 308   373.748
 309   189.266
 310    83.1147
 311     3.04758
 312    21.1804
 313    79.0717
 314    22.6587
 315    30.5741
 316    24.5659
 317     1.41981
 318     1.36609
 319     0
 320    39.0147
 321    79.1568
 322    15.0618
 323    27.3215
 324    41.6426
 325     1.08941
 326     1.5628
 327     0
 328   317.559
 329   396.473
 330   328.159
 331   342.059
 332   208.388
 333   142.291
 334    82.5467
 335    21.4146
 336   719.747
 337   859.755
 338   970.088
 339   925.927
 340   636.115
 341   410.564
 342   214.294
 343    27.4266
 344   400.023
 345   692.215
 346   494.907
 347   529.764
 348   401.045
 349   288.884
 350   254.876
 351    26.0151
 352   207.657
 353   279.445
 354   241.14
 355   231.467
 356   200.21
 357   154.384
 358    99.9679
 359    42.7937
 360   107.547
 361    94.3635
 362   138.315
 363    74.6171
 364    83.9206
 365    40.6056
 366    27.9024
 367    14.4312
 368    51.3389
 369     4.86214
 370    36.6157
 371     1.14253
 372     9.74562
 373    11.7514
 374     9.04424
 375    16.4907
 376    14.1516
 377     2.60589
 378     3.69983
 379     2.37319
 380     3.56472
 381     1.6121
 382     0
 383     0
 384     1.73451
 385     2.41685
 386     0.67594
 387     0.85271
 388     0
 389     1.32598
 390     0.38532
 391     0
 392     1.31379
 393    12.6152
 394    29.8958
 395    23.3734
 396     1.48722
 397     0.08747
 398     1.28913
 399     0
 400     1.05208
 401    20.8481
 402    42.8198
 403    36.3162
 404    16.6942
 405     3.63669
 406     0
 407     0.80847
 408     2.45862
 409     4.13234
 410     7.01999
 411     8.53697
 412     5.36649
 413     1.01939
 414     1.49294
 415     2.45123
 416     1.52802
 417     2.72916
 418     0.925
 419     2.85024
 420     2.57016
 421    13.3979
 422    13.0677
 423     2.42982
 424     0.75408
 425     1.76838
 426     0.87033
 427     1.7879
 428     2.59885
 429     1.42804
 430     0.43809
 431     0
 432     1.28454
 433     0.25692
 434     0.92058
 435     0.56926
 436     1.94674
 437     2.17234
 438     2.82824
 439     0.77653
 440     0.03429
 441     2.24879
 442     2.14973
 443     0.20263
 444     0
 445     1.37309
 446     0
 447     1.4003
 448     0.68912
 449     1.42512
 450     1.22935
 451     0
 452     0.52833
 453     0.90184
 454     0.56422
 455     0.04437
 456     0
 457     0.70532
 458     0.43164
 459     1.43492
 460     1.03018
 461     0.85401
 462     0.47983
 463     0
 464     0
 465     0.38103
 466     1.35927
 467     1.26601
 468     0.3131
 469     0.89002
 470     0.17918
 471     1.76228
 472     1.31018
 473     2.2854
 474     2.80363
 475     0.14711
 476     0.82538
 477     1.23204
 478     0.48029
 479     6.90567
 480     1.29367
 481     0.50643
 482     0.26016
 483     1.60828
 484     2.17325
 485     1.4369
 486     0.46154
 487     6.3946
 488     0.35616
 489     0
 490     0.8794
 491     4.40659
 492     0
 493     0.60106
 494     3.27944
 495     1.28148
 496     0
 497     1.41472
 498     0.85851
 499     0.55187
 500     0.58617
 501     0.83457
 502     1.07686
 503     0
 504     0.04027
 505     1.21386
 506     1.43833
 507     1.11086
 508     0.57235
 509     0
 510     0.87219
 511     0.20313
