This file was gnenerated on 2021-06-22 20:16:29.656888 by Grant Finneman. This contains the extracted data from the Gate simulations
The edep for each bar was summed up and printed to this file. The only math operation done has been addition.

  id        edep
   0     0
   1     0.76383
   2     0
   3     0
   4     2.47543
   5     0
   6     0.23018
   7     1.02389
   8     1.34901
   9     1.32452
  10     0
  11     0
  12     0
  13     0.69031
  14    40.1092
  15    42.6416
  16     0
  17     2.35919
  18     4.35928
  19     0.74111
  20     6.10815
  21     2.25359
  22     1.31446
  23    10.7396
  24     1.10263
  25     3.04859
  26     1.28843
  27     1.57716
  28    10.0201
  29     0.80701
  30     0.34349
  31     0
  32     0.77781
  33     3.01451
  34     1.70583
  35     0.86991
  36     0.84367
  37     1.79985
  38     1.49165
  39    25.1201
  40     1.05857
  41     2.88898
  42     1.74301
  43     0.73078
  44     0.99445
  45     1.59854
  46     0.85796
  47     0.87455
  48     1.24867
  49     0.80864
  50     1.62624
  51     0.37343
  52     0
  53     1.62554
  54     0
  55     1.16562
  56     0.60934
  57     0
  58     0
  59     0.30564
  60     1.09743
  61     0.57835
  62     0.45039
  63    18.4913
  64     0
  65     0.47715
  66     0.92637
  67     1.13222
  68     0
  69     0.63595
  70     3.16287
  71     0.40067
  72     0.14388
  73     0.46935
  74     1.20923
  75     1.4466
  76     0.34171
  77     4.21658
  78    11.3841
  79     6.13825
  80    30.5084
  81    24.1463
  82    41.7258
  83     0.41385
  84    12.3919
  85    18.0846
  86     9.2296
  87    15.6483
  88   143.987
  89   109.969
  90   239.824
  91   175.41
  92   155.181
  93   166.964
  94    73.5444
  95     8.68647
  96   109.779
  97   136.269
  98   196.585
  99   218.302
 100   151.107
 101   150.73
 102    98.3159
 103    47.423
 104    46.7772
 105    87.9043
 106    35.9422
 107   115.434
 108     8.32524
 109    29.2056
 110     0.08273
 111     0.35609
 112     2.32234
 113     1.86389
 114     8.89838
 115     1.39823
 116     1.76723
 117     2.1737
 118     0.08616
 119     0.70254
 120     2.18783
 121     0
 122     1.29737
 123     0.86685
 124     0.74685
 125     0.73275
 126     0
 127     5.24178
 128     2.85104
 129     1.26202
 130     1.73983
 131     1.74206
 132     2.00803
 133     0
 134     0.07051
 135     2.27475
 136     4.53796
 137     2.453
 138     0.01215
 139     1.52487
 140     1.67014
 141     3.72206
 142     1.55339
 143     0.08121
 144   157.268
 145   124.604
 146   286.871
 147   156.322
 148    68.5077
 149    26.3208
 150    34.5906
 151    26.6087
 152  1745.53
 153  2075.84
 154  2192.73
 155  1957.54
 156  1521.81
 157  1275.54
 158   768.284
 159   287.866
 160  2425.92
 161  2969.02
 162  2970.29
 163  2900.3
 164  2389.23
 165  1975.53
 166  1248
 167   296.061
 168   327.955
 169   558.575
 170   664.674
 171   683.705
 172   478.559
 173   264.385
 174    62.9452
 175    17.5896
 176     2.11201
 177    22.4547
 178    74.301
 179    42.575
 180     4.1137
 181     0.71292
 182     2.5057
 183    29.0969
 184     1.17816
 185     0.48984
 186     0.43722
 187     0.29578
 188     0.57433
 189     1.30164
 190     0
 191     1.58286
 192     0.34927
 193     0.67305
 194     3.15223
 195     0.92208
 196     1.2496
 197     0.51251
 198     0.37194
 199     1.40652
 200     7.22342
 201     8.09838
 202    18.8247
 203     6.25571
 204    18.2906
 205    17.864
 206     1.90559
 207     1.74552
 208   315.915
 209   570.205
 210   406.157
 211   339.847
 212   364.26
 213   210.608
 214    75.3943
 215    28.0801
 216  4342.19
 217  4395.79
 218  3987.51
 219  4549.26
 220  3757.78
 221  2766.7
 222  1774.62
 223   611.317
 224  5196.48
 225  5803.49
 226  5935.95
 227  5553.48
 228  5331.04
 229  4077.82
 230  2519.14
 231   997.68
 232   729.718
 233  1124.87
 234  1024.5
 235  1000.76
 236   781.411
 237   346.682
 238   117.576
 239    66.1531
 240    35.2371
 241    84.6581
 242    93.0413
 243    40.548
 244    15.3937
 245     3.89358
 246     1.9345
 247     1.72031
 248     1.21827
 249     0.94147
 250     1.39853
 251     2.08908
 252     1.06956
 253     2.63976
 254     1.53404
 255     0.15155
 256     1.11529
 257     1.79495
 258     1.14724
 259     0.3038
 260     1.48464
 261     1.27515
 262     0
 263     0.15779
 264    31.5375
 265    36.4019
 266     2.44107
 267    34.3726
 268    24.5179
 269    53.2501
 270    27.4199
 271     8.02588
 272   634.262
 273   692.794
 274   814.822
 275   790.197
 276   750.305
 277   519.824
 278   241.803
 279    54.0478
 280  4493.48
 281  4838.33
 282  5356.1
 283  5254.36
 284  4727.76
 285  3642.12
 286  2285.57
 287   782.805
 288  4157.01
 289  4697.56
 290  4724.62
 291  4523.64
 292  4412.52
 293  3189.13
 294  1761.16
 295   566.072
 296   416.323
 297   450.11
 298   369.046
 299   463.491
 300   331.836
 301   162.156
 302    83.9867
 303     5.53298
 304    51.6524
 305     1.46885
 306    17.6006
 307     6.66467
 308     4.88397
 309     1.15233
 310     1.13508
 311     1.17736
 312     1.1957
 313     0
 314     3.02921
 315     0.64651
 316     1.09876
 317     2.61174
 318     1.3631
 319     0.15155
 320     0
 321     0.17773
 322     0
 323     0.40821
 324     0
 325     0.44435
 326     0.40465
 327     0
 328    38.2589
 329    32.7499
 330     4.5248
 331     2.22331
 332     2.87946
 333    17.8212
 334     1.47492
 335     2.22139
 336   479.578
 337   547.232
 338   551.594
 339   556.611
 340   498.284
 341   298.412
 342    87.0372
 343    31.9252
 344  2447.46
 345  2643.11
 346  2735.12
 347  2806.93
 348  2544.17
 349  2193.63
 350  1186.26
 351   520.623
 352  1906.27
 353  1945.39
 354  1728.51
 355  1603.09
 356  1799.59
 357  1374.37
 358   755.89
 359   292.733
 360   114.236
 361   167.104
 362   185.976
 363    56.5067
 364    99.0613
 365    83.6036
 366    40.0129
 367    29.0244
 368     1.31407
 369    18.4355
 370     1.12849
 371    19.0973
 372    18.0429
 373     2.21852
 374     0.97946
 375    27.1905
 376     0.93322
 377     0.61565
 378     0
 379     1.37823
 380     0.9538
 381     0.91257
 382     2.98948
 383     1.73551
 384     0.63446
 385     0
 386     3.50777
 387     0.59117
 388     0.89111
 389     1.89836
 390     0.68762
 391     0.51269
 392     0
 393     0.69729
 394     2.23626
 395     2.92116
 396     0.19363
 397     1.73176
 398     1.68086
 399     2.80634
 400    43.664
 401    75.818
 402   100.259
 403    92.4102
 404    64.7087
 405    16.9384
 406     1.3664
 407    31.4253
 408   113.741
 409   105.036
 410   162.779
 411   148.327
 412   122.423
 413    95.1777
 414    38.7939
 415     2.65449
 416   117.368
 417   126.657
 418   190.738
 419   107.978
 420   104.839
 421    10.3889
 422    29.6509
 423     0.93844
 424    20.6881
 425    11.6205
 426     6.73887
 427     8.81271
 428    39.673
 429    14.2709
 430     0
 431     1.17353
 432     0.7028
 433     1.74798
 434     2.4048
 435     1.76192
 436     0.52373
 437     0
 438     0.67979
 439     0.10563
 440     0.78471
 441     0.94741
 442     0
 443     0.54571
 444     0
 445     0.19535
 446     1.18758
 447     0
 448     0.63469
 449     0.46183
 450     1.30585
 451     0
 452     2.53081
 453     0.00432
 454     0.7316
 455     0.27925
 456     1.56706
 457     1.71922
 458     0
 459     3.1265
 460     1.59262
 461     0.21542
 462     2.46471
 463     0
 464     0.84866
 465     3.86847
 466     0
 467     2.79198
 468     0.78844
 469     0.76297
 470     2.15257
 471     0.74872
 472    15.2943
 473    10.7814
 474     6.33236
 475     2.95388
 476     1.25731
 477     1.2679
 478     2.54337
 479     0.41445
 480     1.30111
 481     1.27187
 482     0.96026
 483     0.91053
 484     0.11995
 485     0.91639
 486     0.76687
 487     0.44377
 488     1.35528
 489     0.94943
 490     2.49684
 491     0.90351
 492     0.61805
 493     1.43915
 494     0.3576
 495     0.14045
 496     3.26238
 497     1.4491
 498     0.82557
 499     0.24604
 500     1.07941
 501     0.03179
 502     0
 503     0
 504     0.74131
 505     0
 506     0
 507     0.80182
 508     1.33411
 509     0.86894
 510     0
 511     0.33251
