This file was gnenerated on 2021-06-22 20:24:52.683540 by Grant Finneman. This contains the extracted data from the Gate simulations
The edep for each bar was summed up and printed to this file. The only math operation done has been addition.

  id        edep
   0     0.87486
   1     0.35143
   2     0.87874
   3     0.93157
   4     0.15392
   5     0
   6     0.00223
   7     0.91781
   8     8.22293
   9     0.01306
  10     0.76656
  11     0.94824
  12     1.48189
  13     0.53021
  14     2.39599
  15     2.29808
  16    15.7577
  17    57.5576
  18    70.4628
  19    23.4218
  20    25.3993
  21    38.5361
  22    32.606
  23    31.3981
  24    30.0091
  25    91.6964
  26   113.952
  27   139.31
  28    43.6508
  29    97.303
  30    25.1659
  31    44.6537
  32    93.8506
  33    98.6431
  34   122.428
  35    96.4269
  36    78.0823
  37    51.2674
  38    29.2366
  39     0.63493
  40     2.07032
  41    27.3623
  42     6.95173
  43     8.43825
  44    12.3885
  45    19.9314
  46     0.71456
  47     0.6474
  48     0.44585
  49     0.97353
  50     1.36478
  51     7.29353
  52     0.99328
  53     0
  54     0.54108
  55     0.45009
  56     0.8063
  57     0
  58     0
  59     0
  60     0.34943
  61     0.50203
  62     0
  63     0
  64     1.77062
  65     1.81648
  66     0.27585
  67     0.5847
  68     1.87526
  69     0.83864
  70     1.51085
  71     0
  72    18.2681
  73     2.27993
  74     1.34904
  75    24.4868
  76    48.7101
  77    30.4053
  78    14.6606
  79     1.26625
  80   393.812
  81   602.287
  82   578.464
  83   653.67
  84   594.846
  85   528.674
  86   240.093
  87    65.7801
  88  1170.28
  89  1417.23
  90  1543.52
  91  1720.64
  92  1403.35
  93  1118.61
  94   742.725
  95   237.53
  96   916.164
  97   966.107
  98  1108.9
  99  1170.28
 100   971.33
 101   621.442
 102   453.163
 103   119.146
 104    41.0958
 105    76.0441
 106    52.1225
 107    39.0952
 108    52.3463
 109     0.51439
 110    29.7013
 111    20.0981
 112     0.54456
 113    19.7244
 114    17.2809
 115     1.65465
 116     2.90132
 117     1.50087
 118     0.11068
 119     4.51098
 120     0
 121     0.21954
 122     1.10974
 123     0
 124     0
 125     0.50021
 126     0.72645
 127     0.64654
 128     2.31741
 129     1.52397
 130     8.68376
 131    15.918
 132     5.83239
 133     1.32805
 134     0.95831
 135     0.40445
 136    57.3363
 137   160.495
 138   108.31
 139    64.8671
 140    71.8708
 141    15.3457
 142    20.016
 143     4.03653
 144  1299.3
 145  1463.08
 146  1544.67
 147  1671.2
 148  1352.1
 149  1043.12
 150   537.62
 151   184.658
 152  2811.72
 153  2901.8
 154  3068.24
 155  3106.11
 156  2666.7
 157  2006.5
 158  1391.72
 159   435.595
 160  1980.03
 161  2089.95
 162  2019.62
 163  1937.63
 164  1814.29
 165  1595.84
 166   808.908
 167   248.662
 168   207.49
 169   314.502
 170   167.32
 171   256.646
 172   145.132
 173    84.6471
 174    44.2902
 175     5.27532
 176     2.80296
 177    24.9554
 178     2.34541
 179     0.95169
 180    12.0065
 181     3.84524
 182     1.4834
 183    25.6134
 184     0
 185     0
 186     0
 187     0
 188     0
 189     1.53077
 190     1.85274
 191     0
 192     1.64466
 193    34.6865
 194    15.1284
 195     0.72981
 196     0.29689
 197     1.22758
 198     1.92465
 199     1.65786
 200    64.9487
 201    33.0672
 202    96.801
 203    91.4531
 204    21.1389
 205    20.5623
 206     6.48501
 207    12.1997
 208   932.472
 209   805.789
 210  1013.35
 211  1084.01
 212   720.043
 213   533.726
 214   415.655
 215   191.489
 216  3043.2
 217  3548.36
 218  3314
 219  3318.57
 220  2631.16
 221  2101.67
 222  1351.18
 223   563.449
 224  2677.82
 225  2788.51
 226  2638.44
 227  2306.77
 228  2212.04
 229  1926.38
 230  1219.19
 231   502.39
 232   407.468
 233   414.553
 234   490.442
 235   491.335
 236   332.194
 237   271.405
 238   129.472
 239    13.5179
 240     9.13509
 241    71.7589
 242    29.2561
 243    14.914
 244    36.3198
 245    19.2994
 246     3.17482
 247     2.3099
 248     1.13725
 249     1.63319
 250     2.27356
 251     0.75078
 252     0
 253     1.26753
 254     1.08596
 255     0.43822
 256     2.32614
 257     0.10917
 258     0.80628
 259     2.1401
 260     0.91292
 261     0.56272
 262     0.83167
 263     0
 264     3.29682
 265    11.3876
 266    60.2641
 267    17.8043
 268     2.11277
 269     0.92034
 270     1.71201
 271     7.7263
 272   443.859
 273   487.834
 274   469.844
 275   475.575
 276   392.844
 277   313.274
 278   103.005
 279    33.9932
 280  2526.05
 281  2287.65
 282  2526.61
 283  2404.54
 284  2265.39
 285  1937.64
 286  1401.45
 287   511.05
 288  2620.11
 289  3133.71
 290  3158.55
 291  3156.19
 292  2911.12
 293  2123.78
 294  1274.08
 295   642.825
 296   927.014
 297  1032.39
 298   959.46
 299   983.726
 300   816.951
 301   679.701
 302   336.08
 303   106.451
 304    14.1554
 305    63.9335
 306    48.9898
 307    82.9095
 308    25.7123
 309    10.6966
 310     9.97443
 311    11.2704
 312     1.03063
 313     1.19996
 314     2.43382
 315     3.46855
 316     3.12802
 317     0.65648
 318     1.59857
 319     0.71993
 320     1.71711
 321     2.62263
 322     1.36431
 323     0.00185
 324     1.39345
 325     1.34456
 326     0.98306
 327     0.44213
 328     2.04549
 329     1.71681
 330     1.64275
 331     1.8607
 332     0.91073
 333     1.62709
 334     3.2243
 335     0
 336   246.864
 337   176.96
 338   170.783
 339   254.543
 340   272.823
 341   128.801
 342    22.8397
 343    33.1241
 344  2103.5
 345  1948.85
 346  1903.12
 347  1978.79
 348  1692.37
 349  1257.58
 350   946.687
 351   300.021
 352  2909.97
 353  3008.92
 354  3084.02
 355  3042.22
 356  2579.9
 357  1982.37
 358  1317.11
 359   506.086
 360  1304.28
 361  1478.67
 362  1613.93
 363  1407.41
 364  1537.87
 365  1012.74
 366   473.245
 367   172.684
 368    28.2313
 369   113.938
 370   146.688
 371    60.6557
 372    70.8933
 373    88.2713
 374    19.4331
 375    13.7168
 376     0.10937
 377     0.42261
 378     3.68439
 379     0
 380     1.38315
 381     0.73218
 382     0
 383     0.427
 384     1.08065
 385     0
 386     1.3529
 387     0.91978
 388     0.39215
 389     0
 390     0.47397
 391     1.3134
 392     0.14097
 393     2.08589
 394     1.27243
 395     2.69931
 396     2.76809
 397     1.09076
 398     0.32367
 399     1.35691
 400     7.49035
 401   106.815
 402    81.8887
 403    48.1181
 404    20.7064
 405    26.0407
 406     8.69142
 407     9.41392
 408   781.672
 409   951.808
 410   962.217
 411   835.494
 412   734.984
 413   528.135
 414   403.67
 415   101.946
 416  1291.94
 417  1627.51
 418  1494.16
 419  1409.66
 420  1136.18
 421   960.118
 422   624.456
 423   244.099
 424   581.346
 425   717.875
 426   836.92
 427   764.189
 428   519.002
 429   379.494
 430   207.253
 431    54.4601
 432   114.772
 433    20.9765
 434    69.8172
 435    57.541
 436     0
 437    12.6803
 438    45.7071
 439     0.36946
 440     0.13936
 441    17.9921
 442     2.96555
 443     0.82047
 444     1.59148
 445     0.01306
 446     1.18721
 447     0.49188
 448     1.97981
 449     0.83559
 450     0.41778
 451     1.31481
 452     0
 453     0.62349
 454     0
 455     0
 456     0.76293
 457     1.06807
 458     0
 459     2.19873
 460     0
 461     0.76078
 462     1.06733
 463     1.27539
 464     1.26832
 465     5.40464
 466     0.8743
 467     6.58426
 468     4.83498
 469     0.3235
 470    17.2515
 471     0.97636
 472    59.8185
 473    68.3595
 474    67.6484
 475    61.3892
 476    66.0999
 477    27.055
 478    12.7614
 479    13.2689
 480    57.1183
 481   102.907
 482    76.7586
 483   100.593
 484    77.0013
 485    53.2723
 486    13.0048
 487     4.12009
 488    76.7733
 489    80.7084
 490    64.1951
 491    38.7869
 492    35.2004
 493    14.9449
 494     0.63027
 495     0.94704
 496     2.05292
 497     2.41108
 498     2.34741
 499     1.61027
 500     1.2655
 501     0.86813
 502     1.64389
 503     0.48201
 504     0.11558
 505     0
 506     1.24297
 507     0
 508     0.77362
 509     0
 510     1.24782
 511     0.51556
