This file was gnenerated on 2021-06-22 20:43:02.784109 by Grant Finneman. This contains the extracted data from the Gate simulations
The edep for each bar was summed up and printed to this file. The only math operation done has been addition.

  id        edep
   0     1.82571
   1     0
   2     1.09309
   3     0
   4     0.82985
   5     0
   6     0
   7     0
   8     1.38464
   9     2.13116
  10    27.1978
  11     2.34694
  12     1.86277
  13     0.12815
  14    11.1766
  15     0
  16    18.8645
  17    55.1676
  18    90.8557
  19    92.1281
  20    51.737
  21    40.8435
  22    28.24
  23     9.94796
  24   170.051
  25   164.255
  26    85.8588
  27   149.421
  28    67.4261
  29    71.174
  30    22.9705
  31    39.5492
  32    57.5755
  33    58.1526
  34    80.1915
  35    59.3349
  36    81.381
  37    17.2477
  38     1.57904
  39    22.4909
  40    31.5108
  41     0.42727
  42     7.0799
  43    70.603
  44    42.1642
  45    35.6621
  46     2.22989
  47     1.31066
  48    11.4661
  49     4.49284
  50     0.85015
  51     0.32944
  52     4.45937
  53     0.56739
  54     4.16064
  55     0.15329
  56     0.85166
  57     0.78807
  58     0.7151
  59     0
  60     0.4248
  61     5.88854
  62     3.26392
  63     2.44794
  64     2.11187
  65     0
  66     0.37223
  67     0
  68     0.0682
  69     0.82985
  70     0
  71     0.88844
  72    19.5861
  73    30.5107
  74    41.5574
  75    26.1375
  76    24.3175
  77    16.6255
  78    35.1917
  79    20.059
  80   302.472
  81   382.907
  82   305.415
  83   373.37
  84   317.885
  85   288.911
  86   170.31
  87    33.0164
  88  1003.85
  89  1216.12
  90  1063.85
  91   816.344
  92  1043.55
  93   875.977
  94   538.993
  95   218.313
  96   654.89
  97   849.05
  98   870.758
  99   969.349
 100   723.825
 101   536.785
 102   284.136
 103   140.747
 104   368.602
 105   540.959
 106   444.906
 107   440.735
 108   444.772
 109   330.163
 110   160.761
 111    55.9925
 112    84.5315
 113    98.73
 114    94.6269
 115    95.0577
 116   117.53
 117   131.048
 118    44.1796
 119    33.5679
 120     1.01829
 121     0
 122     0.69425
 123     2.42676
 124    24.0835
 125    11.33
 126    17.6461
 127     1.86207
 128     3.94343
 129     0.82322
 130     0.87887
 131     0.15087
 132     0.11475
 133    15.1865
 134     5.48962
 135     1.00302
 136    22.7
 137     8.51269
 138    91.5607
 139   103.795
 140    58.9747
 141    50.9109
 142    25.5244
 143     8.28516
 144   916.831
 145   855.984
 146   909.506
 147   913.306
 148   890.699
 149   644.831
 150   470.279
 151   173.584
 152  1829.38
 153  2156.13
 154  2070.65
 155  2113.76
 156  1810.53
 157  1289.18
 158   805.54
 159   284.048
 160  1986.97
 161  1895.46
 162  1849.13
 163  2006.51
 164  1701.43
 165  1332.77
 166   869.083
 167   296.346
 168  1544.62
 169  1580.14
 170  1542.17
 171  1370.57
 172  1487.11
 173  1210.94
 174   789.067
 175   307.041
 176   425.925
 177   422.674
 178   455.897
 179   490.703
 180   481.56
 181   222.821
 182   161.156
 183    32.7813
 184    25.0029
 185    18.3954
 186    30.3959
 187    58.1183
 188     0.21725
 189     1.58928
 190     0.12194
 191     1.02096
 192     0.27764
 193    15.5769
 194     0.37253
 195    21.8276
 196    12.9347
 197    27.7317
 198     9.8049
 199     5.11349
 200   151.831
 201   184.511
 202   229.982
 203   165.419
 204   112.929
 205   107.726
 206    29.5782
 207     2.62368
 208  1310.59
 209  1269.46
 210  1141.14
 211  1074.68
 212  1108.73
 213   969.197
 214   517.039
 215   193.087
 216  1829.11
 217  1853.7
 218  1972.28
 219  2158.82
 220  1976.64
 221  1434.42
 222   862.006
 223   347.629
 224  1824.86
 225  1558.23
 226  1706.5
 227  1914.49
 228  1750.6
 229  1269.58
 230   787.764
 231   264.499
 232  1696.17
 233  1513.2
 234  1565.52
 235  1554.37
 236  1390.86
 237  1109.29
 238   664.634
 239   274.291
 240   267.557
 241   345.631
 242   345.765
 243   351.382
 244   345.014
 245   180.661
 246    48.0706
 247    21.8331
 248    13.3188
 249    37.7442
 250    31.7085
 251     7.71983
 252    19.6684
 253     3.6513
 254     0
 255     5.0075
 256    21.376
 257     2.8802
 258    13.1855
 259     0.85863
 260    14.0895
 261     0.58615
 262     1.37104
 263     5.15677
 264   291.581
 265   309.769
 266   190.969
 267   265.107
 268   283.463
 269   126.685
 270    63.9107
 271     7.38775
 272  1347.25
 273  1600.32
 274  1639.81
 275  1485.42
 276  1379.09
 277  1171.35
 278   684.441
 279   176.259
 280  1361.36
 281  1892.57
 282  1932.35
 283  2058.52
 284  1672.19
 285  1216.71
 286   651.061
 287   269.415
 288  1549.61
 289  1733.52
 290  1905.58
 291  1997.42
 292  1722.82
 293  1431.35
 294   778.068
 295   305.94
 296  1179.8
 297  1318.98
 298  1371.82
 299  1325.04
 300  1130.61
 301   908.737
 302   508.599
 303   193.347
 304   104.972
 305   154.295
 306   246.982
 307   222.523
 308   140.611
 309   180.776
 310    52.8535
 311    10.7036
 312     0.8275
 313     1.53393
 314    16.8406
 315    17.6576
 316    15.0381
 317     1.48561
 318     0.92638
 319     0.26833
 320     1.82492
 321     0.8509
 322    19.8562
 323    18.0375
 324    13.7257
 325     0.68635
 326     7.6782
 327     0.88052
 328   628.541
 329   518.762
 330   384.651
 331   437.061
 332   337.697
 333   365.904
 334   220.51
 335    35.8841
 336  1739.93
 337  1578.52
 338  1693.56
 339  1606.63
 340  1310.09
 341   978.539
 342   616.902
 343   215.394
 344  1841.74
 345  2016.81
 346  1675.97
 347  1664.07
 348  1440.47
 349  1160.28
 350   712.466
 351   196.912
 352  1714.15
 353  1891.25
 354  1978.57
 355  1821.93
 356  1748.02
 357  1069.57
 358   659.186
 359   367.1
 360   762.622
 361   661.833
 362   783.992
 363   736.464
 364   907.093
 365   672.434
 366   328.393
 367   159.318
 368    40.5418
 369    94.1619
 370   126.476
 371   161.574
 372    90.9816
 373     5.51452
 374    14.2386
 375     1.20968
 376     0.71519
 377     1.21075
 378     2.32959
 379     1.69344
 380     1.78306
 381     0.56576
 382     0
 383     0
 384     2.4971
 385    33.1825
 386     3.01449
 387    30.8386
 388     0
 389    20.2504
 390     0.9022
 391     0.945
 392   138.163
 393   157.446
 394   158.75
 395   140.484
 396   119.481
 397    58.2762
 398    21.4523
 399    22.0529
 400   474.126
 401   720.04
 402   627.166
 403   481.688
 404   398.402
 405   282.719
 406   125.721
 407    35.7154
 408   748.661
 409   908.009
 410  1052.12
 411   857.572
 412   840.761
 413   499.581
 414   276.24
 415    83.398
 416  1074.96
 417  1150.75
 418  1397.79
 419  1400.02
 420  1172.84
 421   817.839
 422   441.696
 423   210.215
 424   413.209
 425   279.301
 426   453.274
 427   445.019
 428   422.365
 429   380.279
 430   187.043
 431    91.1587
 432    36.8688
 433    18.2268
 434    33.9849
 435    58.414
 436     0.66324
 437    42.9433
 438     1.39156
 439     2.74058
 440     6.74353
 441     2.30883
 442     0
 443     1.24611
 444     0.50477
 445     0
 446     0
 447     1.79311
 448     0
 449     2.2573
 450     0.77605
 451     1.38225
 452     0.95266
 453     0.49645
 454     1.11585
 455     0.50868
 456     0.93937
 457    16.0889
 458    25.196
 459     0.98675
 460     0
 461     0.19436
 462     1.16597
 463     0.1316
 464    53.9996
 465    68.9078
 466    34.8968
 467    23.2164
 468     0.31921
 469     0.69979
 470     0
 471     0.19063
 472   113.06
 473   113.311
 474    82.9998
 475    54.5122
 476    42.7258
 477    44.9816
 478    17.668
 479     2.80517
 480   156.457
 481   130.64
 482   134.889
 483   166.808
 484    71.0719
 485    62.4097
 486    27.4728
 487    14.0032
 488    30.6451
 489    47.0904
 490    61.85
 491    89.3205
 492    40.3271
 493    35.8238
 494     0.17345
 495    22.9468
 496     0
 497     0
 498     0.10101
 499     1.40597
 500     6.18953
 501     3.76988
 502     1.13152
 503     0.67887
 504     0.86719
 505     0.94527
 506     1.36156
 507     0.96685
 508     0.82627
 509     0.2473
 510     0
 511     0
