This file was gnenerated on 2021-06-22 20:27:33.676250 by Grant Finneman. This contains the extracted data from the Gate simulations
The edep for each bar was summed up and printed to this file. The only math operation done has been addition.

  id        edep
   0     0
   1     1.69659
   2     2.44824
   3     0
   4     0.76929
   5     0.93069
   6     1.36649
   7     0.82374
   8     0.52682
   9     3.59711
  10     0
  11     0.62994
  12     0
  13     1.56962
  14     0
  15     0.90095
  16     0
  17     2.01492
  18     0.83264
  19     1.07437
  20     0.20917
  21     0
  22     1.58371
  23     1.79504
  24     2.15243
  25     0.20887
  26     5.65947
  27     1.05833
  28     0
  29     3.78199
  30    14.297
  31    16.3128
  32     0.20432
  33     1.20725
  34     4.13238
  35     9.20931
  36     2.41831
  37     0.88668
  38     2.65718
  39     0.6896
  40     0.64839
  41     0.45384
  42     0.59656
  43     0.21998
  44     1.52129
  45    12.4092
  46    14.6358
  47    16.0967
  48     3.76269
  49     0.34172
  50     0.99791
  51     0.74777
  52     0.59595
  53     0.59595
  54     0.41136
  55     0.95748
  56     1.84182
  57     0.02242
  58     0
  59     0.07289
  60     1.78205
  61     0.0799
  62     0.95295
  63     1.45898
  64     0.45142
  65     0.28725
  66     0.69127
  67     0.62994
  68     0.61336
  69     0.31148
  70     0.82078
  71     0
  72     2.88236
  73     1.82732
  74     0.69814
  75     5.93695
  76    20.1475
  77     0.34883
  78     2.40599
  79     1.39271
  80    24.645
  81    47.9935
  82    53.1359
  83    69.6352
  84    91.6911
  85    37.4939
  86     3.16562
  87     0.89926
  88    69.6956
  89   109.902
  90    90.8788
  91   118.621
  92   133.901
  93    25.2182
  94     0.80173
  95     3.21514
  96   157.472
  97    33.9171
  98    52.7489
  99    79.4992
 100    67.3193
 101    19.4612
 102    24.4103
 103     0.92478
 104    58.6839
 105    88.9795
 106    14.7952
 107     2.32547
 108     0.5116
 109     5.0691
 110     3.40887
 111     5.93984
 112     1.41088
 113     0.31178
 114     1.84637
 115     2.83674
 116     0.36797
 117     0.61266
 118     0
 119     1.54879
 120     2.54788
 121     0.98403
 122     0.17561
 123     0.26299
 124     0
 125     0.47889
 126     1.68378
 127     0.8994
 128     1.9584
 129     0.1733
 130     2.64858
 131     0.40109
 132     0.80256
 133     2.45423
 134     0.71305
 135     0.41032
 136     3.53976
 137    21.7903
 138    45.1318
 139    36.9988
 140    37.4774
 141    36.4669
 142    36.8652
 143    15.7642
 144   553.993
 145   586.092
 146   507.736
 147   501.676
 148   591.644
 149   416.452
 150   197.262
 151    58.7704
 152  1602.82
 153  1460.65
 154  1333.63
 155  1642.79
 156  1818.63
 157  1117.27
 158   633.828
 159   265.323
 160  1698.57
 161  1831.95
 162  1407.74
 163  1746.68
 164  1387.32
 165  1112.42
 166   589.359
 167   253.182
 168   507.676
 169   699.357
 170   535.463
 171   592.162
 172   474.33
 173   304.213
 174   145.615
 175    49.8614
 176    23.2493
 177    22.2068
 178    19.5155
 179    52.4507
 180     0.99481
 181     3.99467
 182    23.073
 183     7.461
 184     1.82092
 185     1.37645
 186     1.47786
 187     1.15085
 188     1.85814
 189     0
 190     1.1488
 191     0
 192     2.26885
 193     1.14165
 194     0.21847
 195     0.71575
 196     1.78981
 197     1.6058
 198     0.81231
 199     1.72742
 200    86.8289
 201   101.568
 202   119.505
 203    67.1369
 204    49.2257
 205    80.9572
 206    43.057
 207    11.1132
 208  1357.45
 209  1617.81
 210  1589.69
 211  1451.29
 212  1235.82
 213   905.134
 214   672.427
 215   270.085
 216  4647.4
 217  4799.24
 218  4918.15
 219  4969.77
 220  4001.53
 221  3047.02
 222  2170.56
 223   743.975
 224  4507.31
 225  4821.8
 226  4994.76
 227  5187.13
 228  4360.16
 229  3400.31
 230  2079.05
 231   789.314
 232  1393
 233  1648.81
 234  1523.69
 235  1502.37
 236  1470.39
 237  1101.97
 238   724.43
 239   258.22
 240    57.7197
 241   104.168
 242    78.4309
 243    95.5475
 244    88.6984
 245    60.0158
 246    24.581
 247    37.7196
 248     1.35089
 249     0.60273
 250     3.27951
 251     0.69866
 252     0.9447
 253     2.03163
 254     0.03551
 255     0
 256    21.063
 257     1.65723
 258     0
 259     0.44689
 260     0.18079
 261     0.60751
 262     1.6371
 263     1.6612
 264    89.9307
 265    67.2897
 266    64.027
 267    70.4625
 268    48.1691
 269    34.849
 270    23.5172
 271     0.6269
 272  1703.34
 273  1618.91
 274  1486.61
 275  1597.45
 276  1365.64
 277  1043.14
 278   547.595
 279   278.765
 280  4462.74
 281  4536.9
 282  4548.96
 283  4451.03
 284  3980.15
 285  3188.85
 286  2022.07
 287   781.232
 288  4230.8
 289  4944.29
 290  5010.75
 291  4847.02
 292  4073.55
 293  3265.19
 294  1946.57
 295   761.702
 296  1777.48
 297  1726.78
 298  1618.3
 299  1273.83
 300  1176.01
 301  1157.18
 302   612.95
 303   216.693
 304    73.1941
 305    37.9283
 306    75.5382
 307    71.2709
 308    32.114
 309    46.828
 310     1.35419
 311     4.0616
 312     0.84676
 313     2.27493
 314     1.76127
 315     2.34092
 316     1.91598
 317     0
 318     2.16689
 319     2.06837
 320     0.73417
 321     1.4763
 322     1.94456
 323     1.44431
 324     1.26017
 325     1.43164
 326     1.60997
 327     0
 328    14.1002
 329    35.3564
 330    57.3787
 331    80.1918
 332    59.7269
 333    26.1359
 334     4.2229
 335     1.68549
 336   545.348
 337   675.148
 338   556.477
 339   555.34
 340   506.408
 341   382.036
 342   134.712
 343    90.0322
 344  1489.03
 345  1547.6
 346  1508.51
 347  1486.77
 348  1484.93
 349  1099.88
 350   722.902
 351   181.485
 352  1344.17
 353  1661.12
 354  1692.08
 355  1240.65
 356  1287.77
 357  1020.35
 358   593.473
 359   157.593
 360   541.111
 361   572.184
 362   631.102
 363   707.821
 364   366.278
 365   328.73
 366   239.006
 367   108.908
 368    14.4516
 369    46.6862
 370    43.4382
 371    72.3857
 372    10.9159
 373    19.2584
 374     0.26483
 375     0.74419
 376     1.32481
 377     1.34571
 378     0.62
 379     1.07101
 380     1.29712
 381     1.43966
 382     4.50505
 383     0.96643
 384     2.44676
 385     1.16442
 386     0.55938
 387     0
 388     0.33671
 389     0
 390     0
 391    18.739
 392     1.19151
 393    33.3774
 394    14.5718
 395    23.4041
 396    18.4976
 397    10.2334
 398     8.9719
 399     6.90967
 400    51.4053
 401   121.854
 402    34.6279
 403    17.856
 404    42.8468
 405    12.0025
 406    45.68
 407    16.4737
 408    98.848
 409    93.1173
 410    65.5123
 411    61.59
 412   121.3
 413    72.5812
 414    48.2126
 415    35.3124
 416    29.4921
 417    41.5774
 418    29.0287
 419    34.6121
 420    37.5091
 421    41.4667
 422     6.33293
 423     4.56605
 424     3.56944
 425    39.9244
 426    84.2287
 427   113.245
 428    18.6718
 429    42.0006
 430    13.5618
 431     7.60782
 432     6.39605
 433     1.95545
 434     0.95142
 435     0.57065
 436     2.75896
 437     0.94503
 438     1.27741
 439     0.85477
 440     0.75122
 441     0.67437
 442     2.13998
 443     1.51921
 444     0.79823
 445     0.54341
 446     1.04596
 447     0.68436
 448     1.47497
 449     2.46028
 450     0
 451     0.17745
 452     0.35995
 453     1.67357
 454     0
 455     0
 456     0.74329
 457     0.12383
 458     1.02633
 459     1.95456
 460     0.77152
 461     0.19716
 462     0
 463     0.25003
 464     0
 465     0.43004
 466     1.21053
 467     0.92551
 468     2.8698
 469     0.50472
 470     0.17774
 471     4.27227
 472     2.91336
 473    22.31
 474     0
 475     2.58392
 476     0.16973
 477     0.09566
 478     2.09941
 479    11.199
 480     1.70359
 481     1.5432
 482     1.05988
 483     1.95319
 484     0.13222
 485     1.07885
 486     1.90031
 487     2.98826
 488     2.48552
 489     1.43163
 490     0
 491     2.18098
 492     0.86887
 493     0.64756
 494     2.72641
 495     1.23396
 496    10.9851
 497     2.40732
 498     0
 499     0.47791
 500     0.80053
 501     0
 502     1.00605
 503     0.01984
 504     0.21593
 505     0
 506     1.79176
 507     0.81804
 508     0
 509     0.86575
 510     0.54505
 511     0.11424
