This file was gnenerated on 2021-06-22 20:26:36.521007 by Grant Finneman. This contains the extracted data from the Gate simulations
The edep for each bar was summed up and printed to this file. The only math operation done has been addition.

  id        edep
   0     0.53814
   1     0.43193
   2     0.88916
   3     0
   4     0.41402
   5     0
   6     0.45285
   7     0
   8     0.97806
   9     2.19751
  10     0.07539
  11     1.14592
  12     2.03558
  13     0
  14     0.10024
  15     1.59865
  16     0.44311
  17     0
  18     0
  19     0.19976
  20     1.28151
  21     1.88973
  22     0.74845
  23     2.07838
  24     1.85984
  25     2.51492
  26     0.87321
  27     5.62055
  28     0.16084
  29     2.01982
  30     1.84304
  31     0.4309
  32     2.57211
  33     0.78085
  34     2.25755
  35     0.82644
  36     0.34167
  37     0.96371
  38     1.64719
  39     4.21119
  40     2.85434
  41     0.90812
  42     0.65962
  43     1.98005
  44     0
  45     0
  46     4.07427
  47     6.19093
  48     0.2512
  49     2.35849
  50     0.61188
  51     0.74214
  52     0.9504
  53     1.78343
  54    11.0299
  55     0
  56     0.07882
  57     2.20288
  58     1.41618
  59     1.16171
  60     0
  61     1.32816
  62     0
  63     0.20446
  64     1.65089
  65     1.09459
  66     0.49573
  67     0
  68     0.80756
  69     0.28713
  70     0
  71     0
  72     1.64168
  73     1.70138
  74     0.51158
  75     4.60448
  76    14.879
  77    11.4248
  78     1.12323
  79     1.81071
  80     1.20069
  81    56.3789
  82    16.9776
  83    69.2436
  84    22.5149
  85    29.3943
  86    29.8288
  87    27.6359
  88    19.1669
  89    70.4279
  90    30.1385
  91    36.238
  92    42.5219
  93    78.1722
  94    47.8913
  95    16.2656
  96    22.897
  97    56.9658
  98     4.524
  99    22.3626
 100    45.6905
 101     4.10235
 102     1.66679
 103     1.07497
 104     1.50974
 105    22.5008
 106    27.6716
 107     0.76616
 108     1.74814
 109     0
 110    22.0982
 111    29.0777
 112     3.37759
 113     1.30036
 114     0.11188
 115     1.81758
 116     1.50037
 117     1.8601
 118    22.4066
 119     0.55566
 120     0.2398
 121     0.09901
 122     3.14807
 123     0
 124     0.0166
 125     0.66951
 126     0
 127     1.53872
 128     1.93461
 129     0.61225
 130     0.70543
 131     0.94965
 132     0.88883
 133     0.24875
 134     0
 135     0.92957
 136    12.0811
 137     6.19603
 138    25.9328
 139    43.2365
 140    20.9549
 141    21.5393
 142    31.5627
 143     3.37658
 144   361.357
 145   339.602
 146   358.851
 147   376.418
 148   452.373
 149   204.171
 150    76.3631
 151    10.7654
 152  1212.13
 153  1231.04
 154  1537.72
 155  1422.14
 156  1294.27
 157   850.746
 158   555.033
 159   182.148
 160   672.771
 161   593.425
 162   715.559
 163   678.655
 164   439.741
 165   368.333
 166   114.249
 167    15.8677
 168   141.431
 169   180.012
 170   183.42
 171   164.568
 172   145.271
 173   128.417
 174    49.0739
 175     5.7482
 176     4.27246
 177     1.47137
 178    38.2171
 179    14.232
 180    17.8807
 181     1.13517
 182     1.322
 183     0.56091
 184     0
 185     1.79501
 186     0.93352
 187     1.15004
 188     0.95355
 189     0.96246
 190     0.77171
 191    20.8283
 192     6.78445
 193     1.31778
 194     6.37732
 195     0.04343
 196     0.73512
 197     1.45537
 198     3.42294
 199     1.18758
 200    98.6191
 201   121.411
 202   101.67
 203    70.796
 204    82.7541
 205   102.801
 206    75.6007
 207     1.07431
 208  1899.52
 209  1639.66
 210  1900.9
 211  1945.96
 212  1578.41
 213  1307.59
 214   680.738
 215   251.572
 216  6009.79
 217  5842.81
 218  5954.34
 219  6337.42
 220  6281.49
 221  4824.2
 222  3045.18
 223  1269.92
 224  4102.76
 225  4435.31
 226  5069.64
 227  4820.39
 228  4382.34
 229  3206.75
 230  2076.16
 231   685.053
 232  1106.88
 233  1444.53
 234  1347.74
 235  1190.53
 236  1021.91
 237   773.615
 238   458.263
 239    99.4299
 240    52.2063
 241   103.482
 242    85.0729
 243    81.0441
 244    27.2827
 245    65.0892
 246     9.28641
 247     0.55909
 248     0
 249     2.54832
 250     0.19543
 251     0.83167
 252     0
 253     2.14084
 254     0.21431
 255     0.76938
 256    25.844
 257     1.22664
 258     0
 259     3.10327
 260     1.20286
 261     2.87142
 262    13.4082
 263     2.10262
 264   129.899
 265   232.112
 266    43.4564
 267    40.7688
 268    69.5554
 269    27.2097
 270    35.1625
 271     9.67179
 272   921.522
 273  1238.52
 274  1245.05
 275  1216.51
 276  1114.51
 277   798.49
 278   416.999
 279   129.759
 280  4751.53
 281  5787.14
 282  5282.52
 283  4812.05
 284  4314.55
 285  3573.86
 286  2154.59
 287   921.875
 288  6336.91
 289  6620.51
 290  7163.74
 291  6489.14
 292  5880.42
 293  4762.17
 294  2998.34
 295  1111.76
 296  1673.09
 297  1673.53
 298  1917.27
 299  1908.96
 300  1786.79
 301  1406.51
 302   816.655
 303   263.389
 304    97.7495
 305   110.145
 306   115.024
 307    73.4546
 308    39.47
 309    50.4421
 310    37.7709
 311     5.02336
 312    17.7376
 313     0.88925
 314     0.10909
 315     0
 316     0
 317     1.57631
 318     0
 319     0.67978
 320     0
 321     2.5625
 322     0.81085
 323     2.48534
 324     1.15495
 325     0.54724
 326    18.5192
 327     0
 328    17.9113
 329    15.8856
 330     1.37043
 331     2.23716
 332     2.11993
 333     1.60513
 334     1.16371
 335     1.19768
 336   110.091
 337    79.8316
 338    93.7338
 339   185.381
 340    78.2512
 341    11.6633
 342    12.8197
 343     4.36021
 344   593.586
 345   685.388
 346   497.146
 347   440.335
 348   609.126
 349   350.956
 350   172.698
 351    12.4884
 352  1510.79
 353  1728.03
 354  1479.89
 355  1197.64
 356  1338.86
 357   990.616
 358   447.908
 359   193.767
 360   332.048
 361   573.862
 362   234.164
 363   325.38
 364   388.459
 365   161.311
 366   131.869
 367    31.7112
 368    46.9276
 369    23.9758
 370    19.0003
 371    26.7137
 372     2.37362
 373     0.12653
 374    23.3537
 375     2.25147
 376     0.2649
 377     0.45074
 378     0
 379     0.56207
 380     0.41221
 381     0.58753
 382     0.79524
 383     2.57975
 384     0.34706
 385     0
 386     0
 387     1.06367
 388     0
 389     3.02741
 390     0
 391     1.30075
 392     1.74847
 393     0.87773
 394     0.63131
 395     0.90257
 396     1.64936
 397     3.12141
 398     2.20359
 399    15.6267
 400     1.81606
 401     2.00607
 402     1.56923
 403     2.84629
 404     5.28267
 405     0.47113
 406     9.80253
 407    23.1047
 408    17.6997
 409    42.4018
 410    12.9994
 411    27.4428
 412    41.0064
 413     0.94178
 414     1.84667
 415     0.47488
 416    17.0349
 417    87.0142
 418    67.0293
 419    42.2819
 420    33.6657
 421     7.10744
 422     3.21729
 423    14.5804
 424    18.6623
 425    69.1992
 426     0.30897
 427     7.03083
 428    11.2254
 429     1.89245
 430     0.73234
 431     2.74173
 432    13.2352
 433     0.35956
 434     1.44856
 435     0.07156
 436     1.23772
 437     2.17686
 438     0.6726
 439     1.80479
 440     0.03948
 441     0.2649
 442     1.97484
 443     0.23531
 444     0.16133
 445     0
 446     0.46207
 447     0
 448     0.06499
 449     0.68777
 450     0.26416
 451     0
 452     0.54606
 453     0
 454     0
 455     0
 456     1.37533
 457     0.61711
 458     0.34706
 459     0
 460     2.17391
 461     0.45762
 462     0.94968
 463     0.16331
 464     0.54281
 465     1.94083
 466     2.4511
 467     0.88773
 468     0.27745
 469     8.27941
 470     8.22849
 471     3.81255
 472     0
 473     2.80412
 474     1.2389
 475     9.14573
 476    10.893
 477     3.2679
 478     0
 479     0
 480     0.84337
 481     1.80855
 482     2.10143
 483     1.99728
 484     0.79614
 485     0.50449
 486     0.91471
 487     0
 488     1.32456
 489     0
 490     1.23065
 491     2.56239
 492     0.67476
 493     0
 494     0.75117
 495     0
 496     0
 497     0
 498     0.9099
 499     1.69622
 500     0.96092
 501     0
 502     0.59749
 503     0
 504     0.01106
 505     0.44552
 506     0.75422
 507     0.84317
 508     0.73985
 509     0.65066
 510     0.10827
 511     0
