This file was gnenerated on 2021-06-22 20:57:40.429098 by Grant Finneman. This contains the extracted data from the Gate simulations
The edep for each bar was summed up and printed to this file. The only math operation done has been addition.

  id        edep
   0     0
   1     0.6881
   2     0.35284
   3     0
   4     0.52468
   5     0
   6     0
   7     0
   8     0.96692
   9     0
  10     2.09693
  11     0.53496
  12     0
  13     0.98664
  14     9.64702
  15     8.30801
  16     0
  17     0.61934
  18     1.9458
  19     1.72242
  20     0
  21     0.34794
  22     0.21429
  23     0.44246
  24     0
  25     1.20837
  26     0.96167
  27     0.23954
  28     2.68089
  29     2.85785
  30     1.1516
  31     0.26508
  32     0.65161
  33     0.28031
  34     1.63632
  35     0.86475
  36     1.68703
  37     0.86139
  38     1.41475
  39     1.188
  40     0
  41     1.0904
  42     0.8857
  43     0
  44     2.47465
  45     0.72293
  46     0
  47     0.98812
  48     1.56248
  49     0
  50     0
  51     0
  52     2.47924
  53     0.24996
  54     1.56156
  55    13.32
  56     0.8123
  57     0.13265
  58     0.97097
  59     0.16773
  60     0
  61     0.79379
  62     1.92509
  63     0.82372
  64     3.85855
  65     1.36595
  66    26.836
  67     1.5505
  68     0
  69    19.6705
  70     1.39823
  71     1.62058
  72     1.60643
  73     4.16208
  74     2.21566
  75     1.85368
  76     9.48791
  77    32.5576
  78     0.56549
  79     1.62216
  80    21.7838
  81    21.5271
  82    57.6007
  83     0.99939
  84    21.911
  85    23.7015
  86    17.3041
  87     4.4005
  88    35.029
  89    40.0086
  90    25.9327
  91    42.6103
  92    11.3676
  93     0.23925
  94     4.05855
  95     1.28309
  96    25.247
  97    29.3878
  98    10.002
  99     3.93285
 100    26.9275
 101     2.62171
 102     1.6126
 103    12.4929
 104    14.9252
 105    12.1593
 106    41.4086
 107    34.4521
 108    14.9564
 109     1.05993
 110     1.09167
 111     0.38442
 112     7.80936
 113     0.25066
 114    34.4831
 115    11.0069
 116    12.8719
 117     0.28607
 118     8.64213
 119    21.9424
 120     0.55539
 121     1.35779
 122     0.83119
 123     0
 124     2.18081
 125     1.155
 126     0.71963
 127    20.4773
 128    32.4182
 129     6.58593
 130    43.5711
 131    25.2902
 132     7.31101
 133    10.7934
 134    12.1701
 135    17.9935
 136   219.612
 137   305.831
 138   375.478
 139   256.597
 140   122.958
 141   113.261
 142    44.2146
 143     4.18619
 144   492.813
 145   490.111
 146   492.312
 147   433.711
 148   362.843
 149   334.811
 150   101.507
 151    47.0531
 152   533.505
 153   660.568
 154   482.51
 155   671.216
 156   482.423
 157   346.192
 158   129.177
 159    24.1396
 160   424.067
 161   565.75
 162   577.581
 163   547.499
 164   366.287
 165   276.474
 166   152.363
 167    72.1303
 168   565.986
 169   605.429
 170   539.682
 171   639.433
 172   413.421
 173   402.114
 174   140.995
 175    24.5339
 176   269.719
 177   331.588
 178   405.861
 179   330.348
 180   272.284
 181   136.156
 182   102.82
 183    31.9123
 184    17.2882
 185    44.9491
 186    49.6878
 187    37.0897
 188     6.58988
 189    22.9758
 190    12.9266
 191    14.658
 192    80.4497
 193   132.278
 194    83.3756
 195    78.1557
 196    83.6654
 197    95.4378
 198    87.1167
 199     0.95956
 200  1358.29
 201  1363.12
 202  1365.36
 203  1428.72
 204  1193.8
 205   984.04
 206   493.614
 207   185.208
 208  2880.46
 209  2889.28
 210  2836.05
 211  2800.8
 212  2401.11
 213  1919.3
 214  1024.5
 215   409.233
 216  2811.82
 217  2847.85
 218  2760.03
 219  2668.36
 220  2329.75
 221  2122.99
 222  1425.11
 223   562.103
 224  2510.19
 225  2926.5
 226  2928.55
 227  2890.35
 228  2790.99
 229  2080.19
 230  1273.59
 231   548.278
 232  2679.8
 233  3187.82
 234  2868.96
 235  2700.02
 236  2602.78
 237  1939.72
 238  1307.88
 239   518.118
 240  1454.65
 241  1417.89
 242  1582.7
 243  1508.8
 244  1505.75
 245   976.595
 246   542.146
 247   182.055
 248    78.6536
 249   123.299
 250   104.778
 251    30.0156
 252    90.7404
 253    15.2945
 254     4.35096
 255     5.08607
 256   135.661
 257   135.503
 258   144.113
 259   132.617
 260    37.0603
 261    38.5604
 262    36.7481
 263     7.46805
 264  1108.45
 265  1379.59
 266  1472.18
 267  1238.44
 268  1342.69
 269  1081.87
 270   595.854
 271   205.508
 272  2837.65
 273  2923.4
 274  2887.52
 275  2683.05
 276  2351.09
 277  1640
 278  1010.7
 279   380.931
 280  2772.7
 281  2941.81
 282  2669.84
 283  2591.85
 284  2805.95
 285  1964.01
 286  1326.83
 287   476.692
 288  2641.06
 289  2879.92
 290  3199.36
 291  2807.52
 292  2730.04
 293  1818.19
 294  1181.77
 295   462.998
 296  2785.11
 297  3005.79
 298  3102.11
 299  2961.83
 300  2479.28
 301  1887.36
 302  1110.82
 303   467.401
 304  1248.55
 305  1253.89
 306  1481.5
 307  1506.56
 308  1310.84
 309  1121.21
 310   727.971
 311   218.592
 312    88.783
 313    83.1426
 314   153.298
 315   138.582
 316   110.838
 317    52.8432
 318    62.7344
 319     6.02399
 320    22.2413
 321    47.044
 322    14.0908
 323     7.15066
 324     2.2028
 325     0.87716
 326     5.40951
 327     7.71978
 328   190.891
 329   303.921
 330   144.996
 331   201.17
 332   266.305
 333   270.283
 334   112.452
 335    15.4623
 336   652.523
 337   627.436
 338   374.612
 339   321.52
 340   361.255
 341   242.055
 342    95.654
 343     9.26451
 344   759.202
 345   625.359
 346   479.741
 347   501.082
 348   375.653
 349   213.124
 350   232.547
 351    13.3477
 352   567.997
 353   534.161
 354   531.942
 355   456.122
 356   406.541
 357   292.724
 358   164.582
 359    26.8244
 360   581.447
 361   526.062
 362   476.494
 363   443.859
 364   367.584
 365   372.084
 366   167.189
 367    63.9517
 368   186.665
 369   190.903
 370   292.564
 371   311.375
 372   209.489
 373   154.264
 374   106.177
 375    23.6188
 376    14.0769
 377     1.80287
 378    57.0437
 379    31.3672
 380    27.7382
 381    33.6195
 382     9.75388
 383     2.0941
 384     0
 385     0.15202
 386     0.34818
 387     0.61134
 388     1.60569
 389     0.8682
 390     0.26145
 391     0.52007
 392     1.68506
 393    11.1233
 394     2.46833
 395     2.74227
 396     2.71007
 397    20.3704
 398     1.19215
 399     0.74362
 400     7.9946
 401     1.93487
 402     2.35076
 403    18.4835
 404     0.78391
 405    18.6264
 406     0
 407    22.8001
 408    67.0886
 409    16.7169
 410    25.5253
 411    34.7859
 412    23.7842
 413    56.1421
 414    23.2933
 415    14.332
 416    11.028
 417     8.9904
 418    49.6113
 419    31.2289
 420    28.1398
 421    49.0458
 422     1.08124
 423     1.42881
 424    13.6958
 425     3.12912
 426    51.702
 427    31.8603
 428     7.23514
 429     1.60478
 430     1.98446
 431     3.82805
 432     2.16693
 433    23.6514
 434    19.3423
 435     8.42852
 436     7.16313
 437     3.07538
 438    16.4216
 439    38.7428
 440     1.05059
 441     2.09686
 442    12.3354
 443     1.03597
 444     1.71558
 445     1.58545
 446     0.21589
 447     1.16121
 448     0
 449     1.32044
 450     0.04056
 451     0.81399
 452     0.26349
 453     0
 454     0.40598
 455     1.4543
 456     2.58088
 457     0.73327
 458     0.36843
 459     1.3407
 460     0.21907
 461     1.32116
 462     0.5786
 463     0.66187
 464     1.86796
 465     1.48323
 466     1.36704
 467     0.08703
 468     0
 469     0.83535
 470     1.08658
 471     0.97974
 472     0.82016
 473     0.92048
 474     1.29674
 475     0.68971
 476     0
 477     0.4042
 478     1.62618
 479     0.12776
 480     2.65147
 481     0.12451
 482     0.15459
 483     3.25349
 484     0.47145
 485     0
 486     0.88839
 487     0.03078
 488     1.24852
 489     0.62065
 490     1.45165
 491     1.37479
 492     0.86687
 493     0
 494     1.83808
 495     1.06111
 496     0.23379
 497     1.11825
 498     0.27748
 499     0.91386
 500     0
 501     0
 502     1.13596
 503     0
 504     0.14407
 505     0.59508
 506     0
 507     0
 508     1.05799
 509     0.27197
 510     0
 511     0.26349
