This file was gnenerated on 2021-06-22 20:39:59.785652 by Grant Finneman. This contains the extracted data from the Gate simulations
The edep for each bar was summed up and printed to this file. The only math operation done has been addition.

  id        edep
   0     0.33098
   1     0.84873
   2     1.43943
   3     0
   4     0
   5     0.55157
   6     0.39714
   7     0
   8     0
   9     1.17116
  10     0.02993
  11     0.42407
  12     0.28753
  13     3.39671
  14     0.41421
  15     0.8218
  16     3.47807
  17     0
  18     0.83716
  19     0
  20     1.52515
  21     0.21738
  22     2.67212
  23     1.4409
  24     1.00441
  25     2.47669
  26     1.54234
  27     0.72614
  28     0.56778
  29     0
  30     1.26122
  31     0.1182
  32     2.83592
  33     1.37878
  34     1.70511
  35     0.35542
  36     0.35214
  37     0
  38     0.19752
  39     1.45991
  40     0.77057
  41     2.02975
  42     1.34963
  43     0.25676
  44     0.76844
  45     0.98526
  46     0.79657
  47     0.9223
  48     0.53281
  49     1.36087
  50     0.94133
  51     1.15856
  52     0.72064
  53     0.53675
  54     2.38133
  55     0.53693
  56     0.19541
  57     0
  58     0
  59     1.26358
  60     0
  61     0.45083
  62     0
  63     1.07829
  64     8.00657
  65     0.232
  66     0.56411
  67     1.41661
  68     1.19313
  69     0.93422
  70     1.27032
  71     0.99551
  72     1.99113
  73    14.1699
  74     0.46041
  75     5.79516
  76    11.3547
  77     1.51267
  78    15.9037
  79     0
  80    35.8488
  81    18.5971
  82    28.3516
  83    14.1654
  84     2.46237
  85    22.5353
  86     3.77449
  87     3.91855
  88    63.8381
  89    61.3719
  90    46.3499
  91    60.1048
  92    83.5542
  93    24.0191
  94    32.5349
  95     9.88411
  96    16.5401
  97    27.8417
  98    65.0293
  99    46.4227
 100    79.1145
 101    37.1001
 102    29.1939
 103     1.88972
 104    23.7623
 105     7.84909
 106    52.721
 107    53.4849
 108    39.2454
 109    46.6262
 110    11.4932
 111     3.42044
 112    15.7201
 113    10.2703
 114     0.50598
 115     6.50113
 116     1.8087
 117     0
 118     0
 119     0.45947
 120     0
 121     0.48329
 122     0.284
 123     1.1072
 124     0.92548
 125     1.46887
 126     0
 127     0.05087
 128     2.18215
 129     2.13927
 130     1.48129
 131     1.78205
 132     0.30503
 133     0.79827
 134     8.21002
 135     2.31843
 136   146.357
 137   143.539
 138   130.39
 139    71.3276
 140    72.4062
 141    10.3712
 142    29.9878
 143    12.8477
 144   890.661
 145   799.833
 146   948.46
 147  1015.03
 148   827.297
 149   578.526
 150   316.046
 151    93.74
 152  1349.46
 153  1285.19
 154  1294.66
 155  1183.86
 156  1072.85
 157   765.379
 158   450.96
 159   181.145
 160  1073.26
 161  1132.21
 162  1173.17
 163  1210.36
 164  1246.65
 165   879.782
 166   497.376
 167   135.91
 168   904.11
 169   978.72
 170   955.638
 171   858.618
 172   679.05
 173   387.574
 174   329.893
 175   134.272
 176    53.3066
 177   121.972
 178   110.021
 179   154.153
 180    64.945
 181    25.7769
 182    12.9931
 183    39.1758
 184     0.7194
 185     1.21394
 186     0.01467
 187     2.21148
 188     1.50384
 189     0.88541
 190     1.15889
 191     1.21374
 192     6.43385
 193    37.4455
 194     3.15667
 195    23.8995
 196    17.6177
 197     1.76657
 198     0.8423
 199     0.8344
 200   265.136
 201   312.965
 202   317.814
 203   227.075
 204   180.103
 205    94.0557
 206    92.2902
 207    21.1118
 208  2482.01
 209  2824.02
 210  2636.68
 211  2681.19
 212  2248.05
 213  1721.91
 214  1058.86
 215   413.467
 216  3434.07
 217  3247.75
 218  3633.08
 219  3710.47
 220  3435.56
 221  2471.64
 222  1424.56
 223   498.612
 224  3835.48
 225  3844.21
 226  3688.73
 227  3536.08
 228  3014.49
 229  2546.32
 230  1350.27
 231   602.57
 232  2404.66
 233  2481.87
 234  2689.4
 235  2527.47
 236  2316.67
 237  1870.8
 238  1002.05
 239   341.133
 240   248.05
 241   219.23
 242   251.721
 243   155.787
 244   239.925
 245    86.5981
 246    38.0147
 247     4.88601
 248     0.21545
 249    17.5149
 250    23.4295
 251    27.5535
 252    20.7162
 253     0.79734
 254     0.44311
 255     0.83102
 256     1.0277
 257     7.89283
 258     1.88014
 259    16.1536
 260     0.95983
 261    15.5114
 262     1.63706
 263     1.18255
 264   311
 265   350.84
 266   323.208
 267   205.211
 268   181.751
 269    80.6921
 270    80.3141
 271    17.7246
 272  2272.83
 273  2835.39
 274  2583.3
 275  2464.03
 276  2062.27
 277  1450.48
 278  1032.5
 279   494.165
 280  2885.71
 281  3229.88
 282  3623.84
 283  4063.07
 284  3380.28
 285  2453.46
 286  1549.78
 287   508.226
 288  3087.12
 289  3198.87
 290  3209.27
 291  3026.8
 292  3639.53
 293  2631.94
 294  1690.26
 295   552.266
 296  2068.91
 297  2357.39
 298  2351.36
 299  2598.45
 300  2342.84
 301  1876.69
 302  1119.34
 303   371.928
 304   226.497
 305   298.915
 306   235.27
 307   215.757
 308   286.731
 309   211.533
 310    90.1268
 311    20.2499
 312     1.03263
 313     1.80885
 314     0.40378
 315     1.9861
 316     1.4441
 317    14.883
 318    23.7246
 319     3.91857
 320    11.7164
 321     0
 322     3.62984
 323     2.21836
 324    10.9516
 325    12.7037
 326     0
 327     0
 328    85.0955
 329   120.254
 330   138.975
 331   101.409
 332    66.2014
 333    89.7116
 334    82.5168
 335     0.58142
 336   913.622
 337   850.794
 338   945.726
 339   801.377
 340   867.673
 341   677.26
 342   474.683
 343   158.883
 344  1058.32
 345  1082.07
 346  1165.97
 347  1171.73
 348  1027.75
 349   643.742
 350   489.652
 351   185.811
 352  1341.16
 353  1268.81
 354  1115.72
 355  1160.38
 356  1246.2
 357   850.689
 358   453.301
 359   144.442
 360   536.775
 361   732.636
 362   894.57
 363   759.229
 364   765.539
 365   718.682
 366   229.294
 367    82.2902
 368   118.196
 369   173.206
 370   105.744
 371    91.2836
 372    76.3281
 373    28.8281
 374    16.1994
 375     9.47341
 376     0.6483
 377     2.17915
 378     0.59183
 379     0.47665
 380    13.7278
 381     0.48411
 382     0.22246
 383     0.67938
 384     0.05887
 385     0.548
 386     0
 387     1.25713
 388     1.06979
 389     0
 390     0
 391     0.88752
 392     0.29721
 393    36.1231
 394    34.1683
 395     2.27428
 396     1.84917
 397     0.86252
 398     0.96834
 399    12.5409
 400    16.776
 401    64.5228
 402    48.6723
 403    31.7938
 404    62.4617
 405     3.37291
 406    23.736
 407    28.8259
 408    48.2782
 409   108.926
 410   114.041
 411    69.1408
 412    17.5816
 413     1.12801
 414    10.882
 415    27.0231
 416    23.8044
 417    96.1834
 418   132.005
 419    74.989
 420    53.0263
 421     9.69922
 422    30.7571
 423     3.31805
 424    44.0023
 425     5.92139
 426    51.8318
 427    16.9433
 428     0.8091
 429     5.09395
 430     2.62929
 431     0.2795
 432    24.0021
 433     4.29187
 434     0.13718
 435     5.50365
 436    10.0617
 437     3.26027
 438     0.99137
 439     3.94392
 440     0.65141
 441     0.40318
 442     0.53902
 443     1.08957
 444     4.16772
 445     1.19897
 446     0.78793
 447     0
 448     0.94683
 449     0
 450     0
 451     0.91305
 452     0
 453     0.49524
 454    15.2684
 455     5.42553
 456     2.1095
 457     0.50633
 458     1.66423
 459     0.6512
 460     0
 461     0.63222
 462     1.39687
 463    21.0975
 464     0.66213
 465     6.03235
 466     1.83111
 467     0.22529
 468     0
 469     0.99275
 470    26.2844
 471     5.6783
 472     0.08577
 473    39.9307
 474    24.5431
 475     0.9421
 476     1.61093
 477     0.55793
 478     0
 479     2.3523
 480     0
 481     0.58375
 482     1.44443
 483     0.82213
 484     0
 485     1.26656
 486     2.04626
 487     0
 488     0.13913
 489     3.27621
 490     1.41096
 491     0
 492     1.67735
 493     0.54719
 494     0.18073
 495     1.12756
 496     0.46514
 497     1.33679
 498     0
 499     0
 500     0
 501     0.73039
 502     0.67354
 503     0.792
 504     0.17793
 505     1.81549
 506     0
 507     0
 508     0
 509     0.93683
 510     0
 511     4.30614
