This file was gnenerated on 2021-06-22 20:44:00.870737 by Grant Finneman. This contains the extracted data from the Gate simulations
The edep for each bar was summed up and printed to this file. The only math operation done has been addition.

  id        edep
   0     0
   1     0.71392
   2     1.11444
   3     0
   4     1.50097
   5     0.87487
   6     0.0272
   7     0
   8     0.9045
   9     0.31065
  10     2.13688
  11     0.09974
  12     1.55322
  13     2.96177
  14    13.3281
  15     4.2311
  16     0
  17     1.7792
  18     0
  19     0.51151
  20     0.94674
  21     0.79843
  22     0.79667
  23     0
  24     1.14
  25     2.18931
  26     1.42582
  27     1.46044
  28     0.75431
  29     0.98084
  30     0.48563
  31     0.75997
  32     0.53709
  33     1.66622
  34     0.70098
  35     0.4758
  36     0.92463
  37     0.13492
  38     0
  39     0.24614
  40     7.11672
  41     0.95383
  42     0.40251
  43     0.94381
  44     0.82776
  45     1.08287
  46     1.28081
  47     0.69385
  48     2.8595
  49     0
  50     0.39433
  51     0.78236
  52     2.06151
  53     1.09654
  54     0.02738
  55     0.94098
  56     0.9185
  57     0
  58     0.96591
  59     0
  60     0.27048
  61     0.94379
  62     0.1899
  63     0.06122
  64    14.5336
  65     0.97831
  66     0.98358
  67     0
  68     0.64044
  69     3.18188
  70     0
  71     1.40473
  72    14.5915
  73     0
  74     0.8909
  75     1.60348
  76     0.8265
  77     0.68254
  78     0.67906
  79     0.62251
  80     0.86214
  81     2.53863
  82     1.54522
  83     1.2107
  84     2.96012
  85     3.81681
  86     0.31208
  87     0.34944
  88     5.63086
  89     1.98256
  90     3.14774
  91     2.34785
  92     1.8517
  93     1.74831
  94    29.0599
  95     0.4547
  96    74.4535
  97    29.9273
  98    48.8576
  99    13.3326
 100    58.3324
 101    60.8674
 102    24.4419
 103    15.5621
 104   141.465
 105   118.103
 106    43.1265
 107    66.7628
 108   111.684
 109    32.8354
 110    62.6225
 111     4.39535
 112    29.7514
 113    26.92
 114    29.9117
 115    39.1006
 116    25.8864
 117     1.1649
 118     1.42751
 119     0.18718
 120     6.71401
 121     0.81833
 122     0.09565
 123     0.44012
 124     0
 125     0.76223
 126     0.92354
 127     0.77231
 128     0.55821
 129     1.83744
 130     1.31259
 131     3.03182
 132     1.31118
 133     0.12979
 134     0.51337
 135    11.6546
 136     1.47245
 137     3.79611
 138     0.71486
 139     0.21489
 140     0.63763
 141     0.71599
 142     1.30731
 143     0.31958
 144    52.8875
 145    64.3958
 146    69.3732
 147     9.06444
 148    31.477
 149     2.5928
 150     2.14463
 151     0.9784
 152   284.035
 153   217.497
 154   305.829
 155   352.958
 156   224.455
 157   156.595
 158    60.9978
 159    67.485
 160  1156.55
 161  1296.12
 162  1248.62
 163  1058.99
 164   678.408
 165   552.984
 166   263.761
 167    95.747
 168  1441.11
 169  1968.37
 170  1937.01
 171  2012.37
 172  1550.13
 173  1319.47
 174   806.891
 175   255.755
 176   220.519
 177   256.438
 178   390.624
 179   334.049
 180   182.17
 181    79.1794
 182    72.2771
 183    26.6683
 184     9.743
 185     0
 186    12.8567
 187    15.2421
 188    15.1385
 189     3.79272
 190     2.24026
 191     0.40763
 192     2.02523
 193     1.3587
 194     0.42946
 195     0.83155
 196     3.64597
 197     0.2715
 198     1.3948
 199     0.0289
 200    79.9256
 201    96.3798
 202   137.618
 203   122.03
 204   109.356
 205   104.464
 206    13.1438
 207     4.89407
 208   681.179
 209   812.595
 210   758.568
 211   731.864
 212   633.55
 213   514.135
 214   248.42
 215    64.4556
 216  2615.08
 217  2853.26
 218  2904.77
 219  2682.13
 220  2497.67
 221  1808.23
 222  1109.56
 223   418.167
 224  5335.16
 225  5028.6
 226  4869.65
 227  5055.55
 228  4668.75
 229  3342.09
 230  2201.01
 231   848.098
 232  4009.2
 233  4197.9
 234  4156.29
 235  3752.66
 236  3566.91
 237  3231.54
 238  2188.03
 239   824.675
 240   386.352
 241   503.819
 242   411.041
 243   363.663
 244   286.231
 245   332.823
 246   163.901
 247    40.3574
 248     2.15061
 249     1.23319
 250    17.765
 251    12.8245
 252    33.6949
 253    28.053
 254     6.02587
 255     3.82338
 256    44.676
 257    40.1286
 258    53.1667
 259     6.76295
 260    28.9989
 261    34.8781
 262    11.0111
 263     0.49969
 264   354.739
 265   356.368
 266   357.872
 267   353.374
 268   406.529
 269   241.918
 270   119.138
 271    17.5763
 272  3526.02
 273  3750.73
 274  3886.46
 275  3513.3
 276  3472.99
 277  3150.17
 278  2025.82
 279   729.661
 280  4822.22
 281  5540.32
 282  5374.37
 283  5234.84
 284  4929
 285  4236.67
 286  2565.18
 287  1081.98
 288  2320.19
 289  2816.93
 290  3166.99
 291  2896.22
 292  2507.18
 293  2069.37
 294  1182.32
 295   502.464
 296   744.468
 297   772.544
 298   800.171
 299   754.664
 300   781.482
 301   746.002
 302   221.307
 303    78.8374
 304    42.0058
 305   101.776
 306   152.002
 307   154.412
 308   105.9
 309    54.9688
 310    22.5126
 311    10.1232
 312     1.20597
 313     1.63506
 314     0.88312
 315     1.78049
 316    16.7895
 317    22.2156
 318     1.83805
 319     0
 320    44.6017
 321     1.96215
 322     6.96762
 323    11.8253
 324     8.11434
 325    12.7964
 326     1.50768
 327     1.74594
 328   276.616
 329   255.31
 330   232.468
 331   214.249
 332   293.706
 333   149.335
 334   112.284
 335    41.9201
 336  1876.18
 337  1976.42
 338  1680.32
 339  1604.31
 340  1642.12
 341  1270.49
 342   798.943
 343   297.434
 344  1016.02
 345   929.117
 346  1037.51
 347  1079.39
 348   954.803
 349   676.455
 350   383.617
 351    89.0765
 352   248.549
 353   198.117
 354   404.16
 355   359.815
 356   181.622
 357   143.921
 358    66.4478
 359     2.58871
 360     9.41722
 361    24.6169
 362    47.1775
 363    34.4241
 364    68.182
 365    21.9454
 366    14.3732
 367     2.03285
 368     1.20671
 369     1.48734
 370     1.36505
 371     3.5552
 372     3.99596
 373     2.19447
 374     4.73932
 375     3.62258
 376     1.29839
 377     0.15806
 378     1.88752
 379     1.21609
 380     0.98762
 381     0.05785
 382     1.43368
 383     1.37318
 384     1.87567
 385     0.94323
 386     2.15309
 387     1.63107
 388     0
 389     0
 390     0
 391     0.82084
 392    17.1687
 393    48.0372
 394    56.003
 395     4.73327
 396    40.0613
 397     0.39226
 398     2.22746
 399     0.8075
 400    93.5138
 401   110.754
 402    45.7559
 403    48.9436
 404    47.847
 405    12.7468
 406    19.9583
 407    13.7775
 408    66.1182
 409    30.661
 410    23.7663
 411    48.8385
 412    54.8619
 413    34.3884
 414     2.94824
 415     1.88028
 416     5.01944
 417     3.36573
 418     1.97505
 419     2.51023
 420     0.81283
 421    13.5313
 422     3.04712
 423     1.22541
 424    11.2705
 425     1.89682
 426     1.68407
 427     6.38001
 428     1.80266
 429    13.7142
 430    13.3803
 431     1.60652
 432     0
 433     1.05633
 434     1.64019
 435     3.0118
 436     1.77958
 437     0.32261
 438     1.46177
 439    27.5422
 440     0.96291
 441     0
 442     0.4352
 443     1.45361
 444     0.58494
 445     0
 446     0.34111
 447     1.61164
 448     1.52636
 449     0
 450     0.07439
 451     0.62542
 452     1.23541
 453     0
 454     0.15
 455     0
 456     0.56918
 457     0.45664
 458     2.82533
 459     0
 460     0
 461     0.01972
 462     2.08101
 463     0.63178
 464     1.46012
 465     1.32565
 466     2.5455
 467     1.39344
 468     0.58337
 469     0
 470    17.9136
 471     0.66329
 472     3.80974
 473     0
 474     0.71948
 475     1.46474
 476     2.68518
 477    17.9128
 478     6.28012
 479    10.6293
 480     0.97174
 481     1.83563
 482     0.71454
 483     0.59344
 484     0
 485     0.69385
 486     1.10218
 487     1.05361
 488     0.35627
 489     0.79685
 490     2.29527
 491     0
 492     2.41281
 493     0.03196
 494     0.56478
 495     0
 496     0.76246
 497     2.21675
 498     0.18499
 499     0.18383
 500     0
 501     0.12454
 502     0.31986
 503     0.24827
 504     0.28052
 505     0
 506     0
 507     0.45374
 508     0
 509     0.50371
 510     0
 511     9.53325
