This file was gnenerated on 2021-06-22 20:57:34.458024 by Grant Finneman. This contains the extracted data from the Gate simulations
The edep for each bar was summed up and printed to this file. The only math operation done has been addition.

  id        edep
   0     0
   1     0
   2     0.62133
   3     0.98402
   4     0.57629
   5     0.57629
   6     0.20481
   7     0
   8     2.488
   9     0.22778
  10     4.73415
  11    42.839
  12     0.54829
  13    14.7312
  14    13.8686
  15     3.00809
  16    28.7263
  17    35.1319
  18    29.7804
  19    78.6579
  20     1.53323
  21    30.591
  22     0.69235
  23     1.54168
  24    79.0355
  25   113.97
  26    75.3674
  27    97.4033
  28   129.212
  29    46.2881
  30    10.0323
  31     8.28557
  32    18.0089
  33    36.6818
  34     8.81273
  35    43.9723
  36     2.06575
  37     1.30789
  38    24.1657
  39     2.19616
  40     0.35518
  41     4.28256
  42     1.03028
  43     2.68052
  44     1.91978
  45     0.388
  46     0.65684
  47     0
  48     0.14041
  49     0.93172
  50     0
  51     0.05382
  52     1.23807
  53     0.50888
  54    16.2495
  55     0
  56     0.10718
  57     1.1897
  58     1.10414
  59     0
  60     0
  61     0.19427
  62     1.00922
  63     1.13882
  64    29.3162
  65    11.9307
  66     1.30523
  67     0.93912
  68     0.76545
  69     0.80782
  70     0.61989
  71     0.53354
  72   104.033
  73   147.768
  74    98.272
  75   132.96
  76    47.0151
  77    57.2492
  78    24.9685
  79     0.6011
  80   629.407
  81   776.797
  82   762.618
  83   693.019
  84   540.717
  85   438.177
  86   236.541
  87    44.3896
  88  1146.27
  89  1348.59
  90  1252.37
  91  1115.99
  92   914.614
  93   811.027
  94   613.511
  95   300.93
  96   185.256
  97   277.098
  98   266.75
  99   164.88
 100   139.779
 101   120.987
 102   102.842
 103     2.44291
 104    31.2806
 105     2.33658
 106     5.05936
 107    38.1774
 108    13.7859
 109     1.75565
 110     1.35903
 111     2.00811
 112     0.95005
 113     1.42701
 114     1.6383
 115     0
 116     0
 117     0.37548
 118    17.7943
 119     6.81535
 120     1.01109
 121     0.1157
 122     0.9913
 123     0
 124     0
 125     0.92351
 126     0.77726
 127     0
 128    29.2505
 129    12.8395
 130    40.5464
 131     4.35003
 132     1.01507
 133    28.6858
 134    15.551
 135     0.62775
 136   308.32
 137   339.548
 138   453.617
 139   392.589
 140   209.461
 141   164.37
 142   134.063
 143     2.51329
 144  2352.12
 145  2171.56
 146  2457.39
 147  2688.66
 148  2179.65
 149  1643.4
 150  1255.4
 151   455.449
 152  2906.79
 153  3392.14
 154  3067.01
 155  3009.73
 156  2994.5
 157  2288.39
 158  1594.48
 159   664.282
 160  1084.65
 161  1272.82
 162  1240.41
 163  1119.46
 164   969.526
 165   752.161
 166   465.131
 167   144.559
 168   142.183
 169   120.367
 170   163.974
 171   174.369
 172    83.912
 173    64.6105
 174    30.9965
 175     6.21748
 176    14.4956
 177     2.21838
 178     2.77562
 179    15.2733
 180     1.1855
 181     0
 182     1.47042
 183     6.92518
 184     2.66009
 185     0.80492
 186     0
 187     0
 188     0.75009
 189     0.15864
 190     0.40386
 191     0.99833
 192     2.86481
 193     0.86085
 194    10.0117
 195     1.7684
 196     1.45065
 197     2.37432
 198     2.14296
 199     0
 200   101.136
 201   178.985
 202   127.223
 203   120.811
 204    82.4519
 205    11.2975
 206    50.3672
 207     3.97737
 208  1751.19
 209  1588.71
 210  1857.18
 211  1617.4
 212  1564.04
 213  1015.32
 214   709.013
 215   187.478
 216  3395.03
 217  3365.4
 218  3278.11
 219  3032.95
 220  2734.26
 221  2146.11
 222  1439.71
 223   567.298
 224  2546.99
 225  2633.07
 226  2470.58
 227  2724.63
 228  2215.44
 229  1829.86
 230  1166.5
 231   443.686
 232   431.665
 233   551.758
 234   618.153
 235   589.279
 236   517.617
 237   267.354
 238   221.962
 239    28.198
 240    53.47
 241    64.1766
 242    12.4702
 243    28.2719
 244    24.8636
 245    57.9795
 246    11.7782
 247     4.43172
 248     2.39616
 249    14.4271
 250     2.5615
 251     1.8555
 252    22.9914
 253     1.09004
 254     0.31725
 255     0.61162
 256     1.42401
 257     1.33093
 258     0.69043
 259     1.97287
 260     1.39124
 261     1.05463
 262     0.6586
 263     6.2349
 264    20.5132
 265    16.4796
 266    18.0365
 267    29.3547
 268    39.9993
 269     0.99352
 270     4.37805
 271     7.13418
 272   509.234
 273   831.805
 274   583.327
 275   538.507
 276   479.85
 277   326.465
 278   197.764
 279    35.8035
 280  2283.75
 281  2817.32
 282  2572.43
 283  2702.46
 284  2309.08
 285  1755.18
 286  1316.3
 287   436.978
 288  2934.56
 289  3142.58
 290  2919.52
 291  3060.98
 292  2899.71
 293  2169.52
 294  1620.17
 295   505.208
 296  1532.23
 297  1694.07
 298  1532.7
 299  1411.63
 300  1492.48
 301  1148.58
 302   734.054
 303   232.169
 304   120.095
 305   168.516
 306    97.2612
 307   163.71
 308   188.108
 309    99.5403
 310    45.6265
 311     2.25449
 312     2.5274
 313     2.21732
 314     1.04826
 315    17.0864
 316     0.66807
 317     6.51539
 318    14.5566
 319     0
 320     0.67934
 321     1.00929
 322     1.13794
 323     0.80965
 324     0
 325     0
 326     8.6416
 327     5.4992
 328     7.62804
 329     0.93887
 330     1.47291
 331    29.3114
 332    34.1347
 333     1.44853
 334     0
 335     0.35323
 336   124.2
 337   116.848
 338    70.1209
 339    90.0859
 340   143.132
 341    60.664
 342    61.4787
 343    10.7093
 344  1115.5
 345  1146.32
 346  1149.3
 347  1275.78
 348  1044.2
 349   735.312
 350   411.813
 351    91.1784
 352  2853.14
 353  3306.83
 354  3644.86
 355  2984.9
 356  2430.91
 357  2189.74
 358  1368.79
 359   470.455
 360  1933.03
 361  2264.57
 362  2189.7
 363  1990.92
 364  1782.74
 365  1563.09
 366  1143.16
 367   365.74
 368   340.053
 369   386.482
 370   327.633
 371   285.896
 372   242.515
 373   147.438
 374    88.8039
 375    29.5725
 376    18.5805
 377     1.20445
 378    64.4912
 379     2.10253
 380     1.60939
 381     2.94824
 382     0.81282
 383     0.60217
 384     1.12737
 385     0.59327
 386     0.98647
 387     0
 388     0.0171
 389     0.13746
 390     0.98647
 391     0.21098
 392     1.03679
 393     0.05801
 394     0.71653
 395     1.10266
 396     1.13364
 397     1.29518
 398     0
 399     2.19075
 400    20.4491
 401    20.5709
 402     9.66554
 403    20.2969
 404    22.262
 405    19.7484
 406    10.3965
 407    24.0478
 408   209.385
 409   240.129
 410   317.831
 411   250.81
 412   326.681
 413   102.774
 414   106.563
 415    23.3518
 416  1130.75
 417  1309.37
 418  1389.15
 419  1152.61
 420  1133.55
 421   821.975
 422   714.994
 423   340.233
 424   620.54
 425   563.382
 426   671.172
 427   618.283
 428   455.661
 429   477.838
 430   215.916
 431    92.9709
 432    74.1915
 433   148.783
 434   125.359
 435    78.7254
 436    75.7242
 437    83.5245
 438    47.3159
 439    18.7609
 440     0.36447
 441    17.4933
 442    14.126
 443     0.3546
 444    23.1704
 445     0
 446     0
 447     0.98644
 448     0.16053
 449     0.92025
 450     2.22482
 451     0.20368
 452     1.29778
 453     1.22037
 454     0.86451
 455     0
 456     0
 457     0.87893
 458     0.22078
 459     0.54231
 460     0.93726
 461     1.38786
 462     0.65627
 463     0
 464    43.3319
 465     1.05681
 466     0.23582
 467     0.59838
 468     1.92568
 469     1.09689
 470    16.1459
 471     6.90528
 472    24.2074
 473    14.6726
 474     3.65699
 475    26.7216
 476    34.224
 477     7.27644
 478    19.2363
 479     7.65871
 480    66.3796
 481   183.546
 482    93.8412
 483   115.121
 484    66.2234
 485    38.5813
 486    17.3129
 487    19.8802
 488    54.5374
 489    35.263
 490    63.9771
 491    57.7983
 492    25.7457
 493    16.4468
 494     0
 495     4.21557
 496     1.14622
 497    11.5559
 498     2.25099
 499     1.14305
 500     0
 501     0.48954
 502     0.53269
 503     0
 504     1.21032
 505     1.53648
 506     2.30024
 507     0
 508     0.49419
 509     8.88075
 510     5.12864
 511     4.31968
