This file was gnenerated on 2021-06-22 20:43:05.578982 by Grant Finneman. This contains the extracted data from the Gate simulations
The edep for each bar was summed up and printed to this file. The only math operation done has been addition.

  id        edep
   0     1.40243
   1     0.98413
   2     1.03666
   3     0.71615
   4     0
   5     1.40637
   6     0
   7     1.45498
   8     6.97872
   9    10.5565
  10     2.42076
  11     1.11527
  12     1.55882
  13     3.37876
  14     0.59236
  15     1.46964
  16    19.1008
  17    32.0539
  18    26.0556
  19    84.7844
  20     1.53535
  21    18.6058
  22     2.08005
  23     0.94151
  24    53.7094
  25    41.3868
  26    86.9975
  27   149.123
  28   117.934
  29    65.0743
  30     9.84354
  31     1.3269
  32   120.31
  33   108.755
  34   120.061
  35    74.3203
  36    84.6965
  37    65.8542
  38    21.661
  39     1.45876
  40    62.8738
  41    78.4515
  42    29.5804
  43    41.317
  44    26.0005
  45    12.0083
  46    16.7584
  47     0.74714
  48     1.92242
  49     0
  50    10.1413
  51    10.6562
  52     0.96432
  53     0.69338
  54     0
  55     0
  56     0.93522
  57     0
  58     0.80889
  59     0
  60     0.48002
  61     0
  62     0
  63     0.12764
  64     5.98562
  65    20.9032
  66     0
  67     0
  68     2.63846
  69    13.5972
  70     0.2331
  71     2.83862
  72   175.114
  73   202.772
  74   216.319
  75   202.361
  76    61.507
  77    85.7177
  78    38.2145
  79    11.0653
  80   550.568
  81   672.107
  82   535.527
  83   460.321
  84   407.423
  85   256.842
  86   180.489
  87    28.4843
  88   956.277
  89  1049.21
  90   977.122
  91   835.128
  92   825.37
  93   541.232
  94   324.786
  95   120.253
  96   976.312
  97  1196.18
  98  1234.48
  99  1106.11
 100   908.83
 101   862.242
 102   676.265
 103   266.932
 104   300.319
 105   422.587
 106   377.18
 107   313.041
 108   336.389
 109   269.256
 110   168.205
 111    37.3903
 112    37.3124
 113     6.13335
 114     1.92263
 115     9.76706
 116    47.0408
 117     6.00948
 118    19.9662
 119    14.9082
 120     0
 121     1.38162
 122     0
 123     0
 124     1.77585
 125     0
 126     0
 127     0.64222
 128     4.89678
 129    59.4217
 130    34.8899
 131    10.1627
 132    55.3431
 133     2.5401
 134     0
 135     1.57968
 136   628.885
 137   697.557
 138   579.273
 139   473.435
 140   492.641
 141   371.555
 142   205.854
 143    55.2826
 144  1805.88
 145  1776.36
 146  1894.57
 147  1499.31
 148  1464.3
 149  1101.79
 150   736.481
 151   190.465
 152  1891.16
 153  1949.23
 154  1962.51
 155  1582.38
 156  1765.87
 157  1355.01
 158   901.172
 159   302.081
 160  1834.3
 161  2137.65
 162  1990.18
 163  1826.11
 164  1497.27
 165  1278.06
 166   797.782
 167   316.096
 168   843.935
 169   968.385
 170   950.629
 171   798.209
 172   790.656
 173   551.326
 174   406.29
 175   101.059
 176    70.6448
 177    65.2106
 178    75.6986
 179    73.5387
 180    88.845
 181    22.1685
 182     0.27253
 183     1.25945
 184    19.6786
 185     0
 186     0
 187     2.35031
 188     0.31153
 189     0.95282
 190     0.51985
 191     0.82236
 192    19.2254
 193    34.502
 194    47.4071
 195    13.4521
 196     7.74814
 197    18.4392
 198     1.9015
 199     0.36831
 200   244.071
 201   344.941
 202   411.351
 203   297.976
 204   205.226
 205   122.547
 206    35.7946
 207    48.6592
 208  1580.96
 209  1685.79
 210  1589.9
 211  1591.63
 212  1499.81
 213  1035.12
 214   831.883
 215   322.406
 216  1857.98
 217  2016.41
 218  2091
 219  1901.24
 220  1587.27
 221  1273.34
 222   907.787
 223   272.738
 224  1551.01
 225  1756.86
 226  1960.03
 227  2008.64
 228  1572.76
 229  1425.12
 230   843.263
 231   332.287
 232  1337.57
 233  1221.28
 234  1288.06
 235  1082.5
 236   910.262
 237   560.042
 238   396.979
 239   105.894
 240   181.501
 241   213.7
 242   113.167
 243   184.554
 244   124.124
 245    73.933
 246     2.78037
 247     4.96353
 248     1.01328
 249    17.0012
 250     1.8577
 251    21.0506
 252     0.61737
 253     6.39949
 254     0
 255     1.10581
 256     1.19569
 257    12.5214
 258     1.83256
 259     1.15202
 260    39.9139
 261     1.43471
 262     0.80119
 263     2.3645
 264    65.9544
 265   139.78
 266   139.819
 267    69.5996
 268    69.0928
 269    59.06
 270    31.9591
 271    35.3861
 272  1278.26
 273  1352.6
 274  1189.45
 275   982.585
 276   909.72
 277   782.867
 278   481.026
 279   195.354
 280  1750.98
 281  1922.96
 282  2043.3
 283  2193.48
 284  1933.15
 285  1405.58
 286   832.108
 287   383.367
 288  1716.97
 289  1626.2
 290  1773.97
 291  2030.52
 292  1920.5
 293  1356.82
 294   849.151
 295   290.027
 296  1368.45
 297  1575.62
 298  1314.31
 299  1247.93
 300  1438.65
 301  1054.06
 302   643.943
 303   219.045
 304   291.171
 305   330.224
 306   333.814
 307   201.957
 308   207.676
 309   154.617
 310   105.646
 311     9.48885
 312    11.5861
 313     0.36779
 314    15.0174
 315    20.5773
 316    39.2685
 317    17.9824
 318     5.45562
 319     3.37605
 320     0
 321     0.84164
 322     0
 323     1.7256
 324    23.9791
 325     0.93563
 326     0.9946
 327     7.82754
 328    53.1681
 329    61.8482
 330    53.8946
 331    92.039
 332    90.7541
 333    22.2629
 334     9.30583
 335     3.66887
 336   775.614
 337   718.31
 338   728.416
 339   696.801
 340   664.181
 341   473.035
 342   293.35
 343   123.718
 344  1589.47
 345  1555.91
 346  1672.91
 347  1612.85
 348  1488.81
 349  1201.45
 350   636.111
 351   272.979
 352  1485.43
 353  1718.12
 354  1671.87
 355  1893.9
 356  1776.97
 357  1444.93
 358   872.103
 359   334.724
 360  1332.91
 361  1619.73
 362  1567.78
 363  1772.17
 364  1416.5
 365   940.756
 366   806.321
 367   339.002
 368   445.325
 369   433.748
 370   494.222
 371   486.408
 372   510.879
 373   471.511
 374   272.26
 375   126.732
 376     8.42924
 377     7.94087
 378    14.2361
 379     2.87852
 380    15.8871
 381    16.1992
 382    54.7856
 383     0
 384     0.61919
 385     0.76028
 386     0.78099
 387     1.07079
 388     0.83861
 389     0
 390     0.75449
 391     0.54464
 392     1.0046
 393    57.1385
 394    20.6991
 395    13.1353
 396    54.5469
 397     1.03611
 398     0
 399     0.73471
 400   318.675
 401   434.43
 402   339.634
 403   292.039
 404   326.278
 405   199.708
 406    99.4607
 407    25.248
 408   971.295
 409  1000.06
 410  1031.41
 411  1052.55
 412  1019.77
 413   782.518
 414   564.469
 415   167.618
 416   783.264
 417   888.04
 418   914.199
 419   942.436
 420   801.901
 421   603.067
 422   420.365
 423   170.226
 424   467.427
 425   513.716
 426   544.373
 427   637.955
 428   458.116
 429   286.565
 430   246.346
 431    54.3708
 432   115.143
 433   129.609
 434   100.327
 435   105.633
 436   115.229
 437   122.277
 438    70.3954
 439     6.95528
 440     9.06921
 441     4.01747
 442    13.9928
 443    23.1612
 444    14.0367
 445    10.5658
 446     0.61619
 447     0.59873
 448     2.3333
 449     0
 450     1.34451
 451     0
 452     0
 453     1.23581
 454     0
 455     0
 456     1.71592
 457     1.93054
 458     0.03961
 459     0.23535
 460     9.81022
 461    24.6905
 462     0
 463     0.26892
 464    62.6141
 465    59.8699
 466    44.7183
 467    89.633
 468    45.5698
 469    55.1014
 470     0.65438
 471     0.52467
 472   138.325
 473   118.297
 474   207.955
 475   175.351
 476   159.224
 477    43.047
 478    13.8632
 479     3.86688
 480   109.429
 481   130.286
 482   134.652
 483   160.25
 484   103.853
 485    22.8874
 486     8.76347
 487    18.9411
 488    63.3703
 489     4.26879
 490    34.5827
 491     6.38066
 492     3.31865
 493     0.27932
 494    16.1601
 495    23.1077
 496    10.1843
 497     9.76104
 498     1.4856
 499     2.65213
 500     5.69095
 501     0
 502     0.84595
 503     0
 504     0.4808
 505     0.43015
 506     0.20428
 507     0.71647
 508     0.94944
 509     1.32472
 510     0.4844
 511     0
