This file was gnenerated on 2021-06-22 20:39:17.921349 by Grant Finneman. This contains the extracted data from the Gate simulations
The edep for each bar was summed up and printed to this file. The only math operation done has been addition.

  id        edep
   0     1.10855
   1    26.6554
   2     1.08812
   3     1.0668
   4     0.88458
   5     0.20957
   6     0.96603
   7     1.05735
   8     1.205
   9     0.81227
  10     0.80882
  11     2.7416
  12     0.68033
  13     2.09239
  14     0
  15    11.5468
  16     2.32358
  17     3.92269
  18    26.3241
  19     0.90474
  20     0.34554
  21     2.30384
  22     0.02494
  23    29.0735
  24     0.04245
  25    23.4719
  26     6.57743
  27     2.70956
  28     0.94781
  29     0.47119
  30     0.12211
  31     0
  32     1.5804
  33    17.1029
  34     1.6902
  35     1.51812
  36     0.29435
  37     0.44454
  38     0
  39     0.8573
  40     1.64078
  41     2.6105
  42     4.02545
  43     0.80568
  44     1.71345
  45     2.44124
  46     0.74455
  47     0.00894
  48     0.18275
  49     1.59273
  50     0.99499
  51     0.00125
  52     2.09805
  53     0.11796
  54     8.90418
  55    19.1684
  56     0.11796
  57     0
  58     0
  59     1.28036
  60     0.61361
  61     0
  62     0
  63     0.54319
  64     1.084
  65     4.70803
  66     1.42374
  67     0
  68     0
  69     0.98874
  70     0.53178
  71     3.1179
  72     1.38644
  73     8.30958
  74    12.1097
  75    28.407
  76     1.14133
  77    16.2595
  78     1.73923
  79    11.6167
  80    52.6846
  81    74.6144
  82   107.437
  83   104.116
  84   160.345
  85    28.0678
  86    21.5442
  87    27.8451
  88   161.281
  89   282.326
  90   422.327
  91   374.623
  92   222.116
  93   162.817
  94    55.5249
  95     5.14188
  96   234.893
  97   228.536
  98   125.495
  99   308.009
 100   238.474
 101    87.2153
 102    49.4862
 103     0.42524
 104    23.1045
 105     5.32878
 106    12.3457
 107    36.5431
 108     1.01253
 109     7.49768
 110     2.02378
 111     2.02513
 112     2.51429
 113     1.63268
 114     0
 115     0.90662
 116     1.59485
 117     0.45427
 118    39.3138
 119     8.64289
 120     0.58284
 121     1.64687
 122     1.49299
 123     1.35391
 124     1.84739
 125     1.70924
 126     0
 127     0.5161
 128    18.53
 129     5.3505
 130    20.2613
 131     1.51305
 132     0.07337
 133     0.25746
 134     0.81155
 135     1.07542
 136    33.9061
 137    52.5434
 138    83.7257
 139    80.2882
 140    62.5904
 141    43.0202
 142    34.7359
 143    10.1454
 144  1015.78
 145  1064.53
 146  1010.34
 147   880.279
 148  1022.49
 149   974.917
 150   622.723
 151   166.756
 152  2645.24
 153  2743.35
 154  2926.23
 155  2876.97
 156  2735.45
 157  2297.22
 158  1324.93
 159   530.225
 160  1503.16
 161  1618.28
 162  1693.76
 163  1771.86
 164  1661.81
 165  1100.14
 166   708.454
 167   239.03
 168   144.482
 169    92.2607
 170   136.148
 171   165.744
 172    97.7699
 173    79.3644
 174    33.1141
 175    36.9717
 176     5.7537
 177     0
 178     2.71652
 179    12.6891
 180     1.23062
 181     0.33417
 182     0
 183    23.4544
 184     0.46593
 185     0.68048
 186     1.54708
 187     1.83598
 188     0.41705
 189     0.97706
 190     0.99911
 191     0.88588
 192    26.1239
 193     5.72846
 194     0.57235
 195     2.43147
 196     1.40331
 197     0.86922
 198     2.18759
 199     1.29852
 200    63.8155
 201   167.261
 202   134.258
 203   123.237
 204   125.761
 205    92.6184
 206    40.9829
 207     9.56265
 208  2011.16
 209  2196.82
 210  2121.94
 211  1891.77
 212  1998.19
 213  1487.35
 214   813.896
 215   337.832
 216  4202.1
 217  4398.17
 218  4485.23
 219  4705.76
 220  4111
 221  3191.28
 222  1857.76
 223   709.087
 224  3538.08
 225  3707.51
 226  3752.78
 227  3430.45
 228  3403.45
 229  2595.16
 230  1502.81
 231   540.583
 232   611.186
 233   678.408
 234   745.563
 235   637.766
 236   426.1
 237   442.332
 238   313.291
 239    75.4708
 240    17.5717
 241    42.5571
 242    48.5592
 243   104.418
 244    32.7145
 245    11.3748
 246     2.99456
 247     7.45052
 248     1.1713
 249     2.50629
 250     1.28849
 251     2.44636
 252     0.83723
 253     0.91396
 254     2.52381
 255     0.03908
 256    21.5083
 257     5.61606
 258     1.03029
 259    19.0311
 260    16.0948
 261     0.07337
 262     2.63968
 263     0.48883
 264    27.0416
 265    72.7187
 266    45.8755
 267    57.9258
 268    23.6496
 269    17.1106
 270    19.2742
 271    47.7969
 272   672.024
 273   732.144
 274   805.492
 275   615.554
 276   584.089
 277   372.27
 278   141.207
 279    66.2708
 280  3784.49
 281  4139
 282  3620.34
 283  3330.59
 284  3145.04
 285  2186.7
 286  1308.41
 287   514.977
 288  4450.24
 289  4391.64
 290  4627.79
 291  4237.03
 292  3972.3
 293  2869.9
 294  1711.28
 295   622.607
 296  2124.73
 297  2094.35
 298  2282.56
 299  2057.57
 300  2056.12
 301  1520.81
 302   945.1
 303   372.523
 304    49.3172
 305    53.4574
 306   116.127
 307   148.146
 308   148.801
 309     9.03375
 310    48.6763
 311     2.27629
 312     0.09295
 313     0.45787
 314     0.90062
 315     3.94508
 316     1.08852
 317     0.07071
 318     1.62361
 319     0
 320     0.68911
 321     1.89429
 322     1.69989
 323     0.56963
 324     0
 325     1.57731
 326     0.44236
 327     0.5916
 328     7.57519
 329    36.1474
 330     2.86926
 331     3.48754
 332     7.55826
 333     1.33579
 334    11.6332
 335     0
 336   157.717
 337   216.154
 338    81.3645
 339   100.862
 340   140.233
 341    94.385
 342    23.7595
 343     2.90596
 344  1390.89
 345  1260.74
 346  1614.46
 347  1411.73
 348  1241.91
 349   923.196
 350   579.671
 351   266.285
 352  2766.37
 353  2920.15
 354  2806.18
 355  2484.27
 356  2462.33
 357  1811.53
 358  1092.55
 359   443.501
 360  1121.56
 361  1254.12
 362  1242.21
 363  1193.55
 364  1116.99
 365   747
 366   416.014
 367   163.124
 368    74.6335
 369   146.505
 370   150.041
 371    70.26
 372    55.4328
 373     0.62692
 374    30.1389
 375    22.2236
 376     0.62881
 377     0.92066
 378     4.83787
 379     5.26229
 380     1.96381
 381    12.8914
 382     2.91524
 383     0
 384     0
 385     0.98732
 386     0.11703
 387     0.43877
 388     0.08317
 389     0.07785
 390     1.20564
 391     0
 392     2.61531
 393     1.33699
 394     1.47457
 395     1.01696
 396     1.53974
 397     4.42797
 398     0.61191
 399     0.89324
 400    48.9709
 401    18.6874
 402    41.7843
 403    29.3995
 404     1.74042
 405     3.33636
 406     3.08602
 407     3.39706
 408   178.972
 409   269.624
 410   233.608
 411   104.364
 412   169.146
 413   169.926
 414    74.5264
 415    23.8569
 416   282.934
 417   326.78
 418   330.38
 419   177.382
 420   236.174
 421   172.763
 422    47.0843
 423    15.1121
 424    74.8545
 425    58.8119
 426    23.2658
 427   155.354
 428   127.256
 429    40.7966
 430     1.05941
 431     3.70004
 432     1.79781
 433     9.47555
 434    19.1468
 435    22.322
 436    25.7117
 437    16.46
 438    38.5286
 439     0.60128
 440     0.11783
 441     0.99499
 442     0.59508
 443     1.03481
 444     0.89851
 445     0.98394
 446     1.91934
 447     0.84325
 448     0
 449     0.53438
 450     0
 451     0.6289
 452     1.44688
 453     0.40793
 454     0
 455     0
 456     0.0325
 457     0
 458     1.19785
 459     2.40833
 460     0.54639
 461     0
 462     0.62397
 463     0
 464     0.85595
 465     3.86309
 466     1.03471
 467     1.24343
 468     1.18176
 469     0
 470     2.08639
 471     0.53661
 472    21.5454
 473     0.9628
 474     1.16853
 475     2.95827
 476     1.77189
 477    19.9069
 478     0
 479     0.88791
 480     1.34051
 481     2.99921
 482     1.47046
 483     0.99617
 484     1.21386
 485     2.43223
 486     0.447
 487     0.62973
 488     0
 489     1.55258
 490     0
 491     1.37151
 492     5.34248
 493     4.7482
 494     4.88837
 495     2.4464
 496     1.1586
 497     0
 498     1.96492
 499     0
 500     2.89715
 501     2.74773
 502     0
 503     0
 504     1.87752
 505     1.13652
 506     0.50474
 507     0
 508     0.80132
 509     0
 510     0.3718
 511     0
