This file was gnenerated on 2021-06-22 20:19:55.960380 by Grant Finneman. This contains the extracted data from the Gate simulations
The edep for each bar was summed up and printed to this file. The only math operation done has been addition.

  id        edep
   0     0
   1     0.41596
   2     0.70102
   3     0
   4     0
   5     0
   6     1.40947
   7     0
   8     0
   9     0.86729
  10     0.43135
  11     1.51325
  12     0.88093
  13     0
  14     0.57343
  15     0
  16     0.43516
  17     0.46257
  18     1.7802
  19     2.93198
  20     0.64041
  21     0.78323
  22     1.22628
  23     0.74208
  24     0.9082
  25     2.14977
  26     0.89868
  27     1.07829
  28     1.95514
  29     1.11387
  30     0.7588
  31     0
  32     0.60623
  33     1.75898
  34     1.76559
  35     1.65885
  36     0
  37     0.75049
  38     2.11256
  39     0
  40     1.09862
  41     1.35525
  42     2.59464
  43     1.71762
  44     0.93722
  45     1.20376
  46     1.90171
  47     0
  48     0.8739
  49     0.17957
  50     1.02424
  51     3.77826
  52     0.36784
  53     0.08786
  54     0.23354
  55     1.14172
  56     0.63823
  57     0.44376
  58     0
  59     0
  60     2.62367
  61     0
  62     0.04845
  63     0
  64     0.91405
  65     0
  66     0.97346
  67     0
  68     0.8699
  69     0.37052
  70     0
  71     4.84943
  72     1.82596
  73     1.14178
  74     0.52628
  75     1.46355
  76     2.85938
  77     0.83028
  78     1.28893
  79     0.29898
  80    29.0334
  81     1.07426
  82     4.49107
  83    46.7994
  84    19.4171
  85     1.53535
  86     0
  87     2.0059
  88    46.3505
  89    43.8009
  90    52.9465
  91    65.2366
  92     7.85038
  93    19.1874
  94     1.39304
  95     0.85672
  96    65.7456
  97    17.2957
  98     2.97171
  99    23.1339
 100    38.534
 101    78.1156
 102     9.76877
 103     9.05435
 104    36.118
 105    29.5587
 106     7.39805
 107     4.77805
 108     1.38908
 109    18.9818
 110    12.7677
 111     0.5639
 112     0.81492
 113     0.78761
 114     0.89138
 115     0.43589
 116     3.4824
 117     1.31699
 118     0.83999
 119     0.78426
 120     0.59685
 121     0.01394
 122     0
 123     0.8147
 124     0.29742
 125     0.8873
 126     0.39885
 127     1.21725
 128     0
 129     0.88093
 130     3.08062
 131     1.16705
 132     0.48065
 133     0.99157
 134     0.12402
 135     0.6391
 136     3.05502
 137     6.1369
 138     1.58949
 139     3.46921
 140    16.2562
 141     8.50657
 142     1.05022
 143     1.44458
 144   105.761
 145   184.993
 146   113.941
 147   243.776
 148   251.284
 149   102.805
 150    10.1273
 151    38.1523
 152  1138.66
 153  1357.78
 154  1367.66
 155  1453.07
 156  1063.22
 157   659.195
 158   284.625
 159    62.294
 160  1101.82
 161  1062.13
 162  1297.68
 163  1096.77
 164  1063.96
 165   809.643
 166   475.8
 167    70.4898
 168   161.884
 169   175.12
 170   155.876
 171   168.4
 172   142.809
 173    68.1456
 174    35.4205
 175    26.6536
 176    15.622
 177     2.60459
 178     0
 179     0.759
 180    22.7458
 181    16.9728
 182     7.39184
 183     0.37943
 184     2.08616
 185     1.82021
 186     1.12558
 187     0.78603
 188     0.72355
 189     0
 190    21.6723
 191    30.086
 192     0.91891
 193     1.45904
 194     2.92621
 195     1.7037
 196     1.11491
 197     7.51764
 198     6.78864
 199     2.90876
 200     1.94667
 201     1.61354
 202    11.1113
 203    10.15
 204    19.6277
 205    19.9792
 206    12.4282
 207     6.7875
 208   305.658
 209   684.092
 210   383.856
 211   417.63
 212   486.913
 213   251.768
 214   114.357
 215    28.9286
 216  5721.48
 217  6320.44
 218  6570.32
 219  6714.95
 220  6303.27
 221  4734.89
 222  2847.59
 223  1064.74
 224  6086.73
 225  6490.49
 226  6141.83
 227  6588.46
 228  6262.42
 229  4678.74
 230  3224.03
 231  1156.7
 232   417.355
 233   522.658
 234   547.864
 235   556.155
 236   341.455
 237   172.557
 238    18.7082
 239     8.22876
 240     1.78978
 241     2.89032
 242    32.7172
 243     7.10489
 244    20.4828
 245     8.21139
 246    11.6705
 247    11.1706
 248     1.38539
 249     1.3333
 250     1.65182
 251     0.97222
 252     1.3339
 253     0.23412
 254     8.49602
 255     4.71426
 256     2.0304
 257     0.58695
 258     0.87092
 259     0.76479
 260     0
 261     1.33056
 262    27.4879
 263     9.37522
 264     8.1921
 265     2.9224
 266    21.1636
 267    18.8209
 268    37.5786
 269    35.4381
 270     1.19454
 271     8.16661
 272   430.548
 273   606.075
 274   466.052
 275   487.414
 276   347.546
 277   207.66
 278    92.2064
 279    25.684
 280  5831.54
 281  6287.97
 282  6573.19
 283  6613.8
 284  5984.32
 285  4623.5
 286  2965.34
 287  1089.46
 288  6042.38
 289  6614.79
 290  7067.56
 291  6389.15
 292  6214.96
 293  4855.78
 294  2966.01
 295  1140.24
 296   399.895
 297   566.351
 298   552.238
 299   496.115
 300   441.148
 301   270.257
 302   116.175
 303    45.9859
 304    13.0566
 305     0.42069
 306     7.77024
 307     1.1771
 308     1.46874
 309     0.86924
 310     2.13295
 311     1.25088
 312     3.32483
 313     2.23642
 314     1.88888
 315     1.02292
 316     0
 317     0
 318     0
 319     0.44791
 320    18.7133
 321     2.14354
 322     0.91467
 323     1.26453
 324     0
 325     1.97017
 326     2.77733
 327     0.24162
 328    20.6837
 329    10.2258
 330    11.3118
 331     1.96201
 332     1.057
 333    23.4421
 334    12.2031
 335     1.67852
 336   119.482
 337   147.841
 338    59.0244
 339   113.567
 340   179.601
 341    82.5052
 342    60.0651
 343    13.9548
 344  1051.28
 345  1257.95
 346  1008.59
 347  1086.23
 348   699.172
 349   599.158
 350   356.313
 351    84.8986
 352  1108.09
 353  1219.07
 354  1152.12
 355  1246.32
 356   899.181
 357   774.699
 358   489.074
 359    88.3162
 360   139.923
 361   130.449
 362    88.2674
 363   196.522
 364   122.442
 365    99.9516
 366    20.4892
 367    22.4309
 368     3.78351
 369     0.0422
 370     1.10977
 371     2.75317
 372     1.59151
 373     2.71763
 374     1.70551
 375     1.22001
 376    13.89
 377     2.8554
 378     2.01218
 379     1.60732
 380     1.89647
 381     0.68688
 382     0.28465
 383     0
 384     0.5338
 385     0
 386     2.404
 387     0
 388     1.33294
 389     0.55558
 390     1.40478
 391     0
 392     0.26704
 393     2.22074
 394    13.4977
 395     3.00373
 396     1.84218
 397     2.0879
 398     0.0347
 399     0.61393
 400     8.55285
 401     0.6285
 402     9.60283
 403     5.87535
 404    15.083
 405     2.8016
 406     0.14423
 407     2.49528
 408    43.2167
 409    63.527
 410    51.2464
 411    31.4907
 412    39.608
 413    29.3161
 414     7.08149
 415     2.4198
 416    93.5833
 417    84.351
 418    53.3411
 419   103.047
 420   108.965
 421    56.6341
 422     2.83759
 423     1.08358
 424     1.89535
 425     2.06415
 426    10.9842
 427    12.2586
 428     2.46552
 429     1.1224
 430     1.03888
 431     1.30555
 432     1.06422
 433     2.19803
 434     1.40605
 435     1.81284
 436     0.66905
 437     1.09989
 438     1.21119
 439     0
 440     1.22342
 441     0
 442     1.60412
 443     0.73143
 444     0.57631
 445     1.32517
 446     0
 447     0
 448     1.04267
 449     0
 450     1.46199
 451     0.47329
 452     0.69372
 453     0.00662
 454     0.15483
 455     0.38668
 456     0
 457     0.06918
 458     0
 459     0
 460     1.09352
 461     0.40066
 462     0.66382
 463     0.29598
 464     0.35959
 465     0.65234
 466     0.16944
 467     1.15211
 468     0
 469     0
 470     0
 471     0.32984
 472     1.6323
 473     0.98287
 474     0.48193
 475     3.33715
 476     7.42139
 477     0
 478     0.59182
 479     2.28066
 480     2.24978
 481     0.53527
 482     0.20653
 483     0.35836
 484     0.59912
 485     0.04322
 486     0.09853
 487     0.45931
 488     1.09396
 489     0.46748
 490     0.88757
 491     1.46472
 492     0.19169
 493     3.88564
 494     2.28678
 495     1.5855
 496     1.25633
 497     0
 498     0.94826
 499     0.16748
 500     0.76456
 501     0.27682
 502     0
 503     0
 504     0.00503
 505     0
 506     0
 507     0
 508     0
 509     0
 510     0
 511     0.73527
