This file was gnenerated on 2021-06-22 20:17:58.500714 by Grant Finneman. This contains the extracted data from the Gate simulations
The edep for each bar was summed up and printed to this file. The only math operation done has been addition.

  id        edep
   0     0.48974
   1     0.85835
   2     0.80676
   3     0.48098
   4     0
   5     0
   6     0.24048
   7     1.22369
   8     0.0338
   9     1.36133
  10     1.72685
  11     0.96743
  12     0.62525
  13     0.78272
  14     0.18832
  15     1.93789
  16     0.69741
  17     0.33394
  18     0.04125
  19     1.25379
  20    17.6588
  21     1.55368
  22     1.48174
  23    17.0628
  24     1.2416
  25     2.8948
  26     0.28268
  27     5.09351
  28     4.43371
  29     2.38364
  30     0.51335
  31     0
  32     0.96798
  33     0.84268
  34    14.8985
  35     0.45532
  36     1.18957
  37     1.04735
  38     0.66716
  39     0.90271
  40     2.78488
  41     5.26325
  42    32.4833
  43     2.33079
  44     0.50354
  45     2.68606
  46     0.94332
  47    15.0303
  48     0.52476
  49     1.14329
  50     0.21653
  51     0.71159
  52     0.71154
  53     0.74742
  54     0.13538
  55     0.82881
  56     0.96156
  57     0
  58     1.35116
  59     0
  60     0
  61     0
  62     0
  63     0.14483
  64     1.14967
  65     1.27404
  66     0.02344
  67     0.46299
  68     1.63889
  69     1.22229
  70     0.9033
  71     0
  72     0.80009
  73     0
  74     1.18444
  75     0.67014
  76     0
  77     1.5165
  78     1.54706
  79     0
  80     2.88112
  81     2.2816
  82     1.94175
  83    24.1866
  84    12.5372
  85     3.58206
  86     3.22387
  87    11.8858
  88    73.8925
  89    53.8488
  90    49.307
  91   125.234
  92    62.484
  93    50.9206
  94    10.3442
  95    11.6929
  96   251.297
  97   336.699
  98   250.618
  99   218.824
 100   229.869
 101   148.845
 102    52.6567
 103     7.93615
 104   213.963
 105   146.124
 106   224.458
 107   115.666
 108   107.848
 109    20.9412
 110     4.76867
 111    14.3365
 112    15.8566
 113    28.4492
 114     8.0245
 115    19.2979
 116    47.8683
 117    20.1215
 118     0
 119     0
 120     1.05491
 121     0
 122     1.51577
 123     1.04578
 124     0
 125     0.92616
 126     0
 127     1.91736
 128     1.10202
 129     2.58628
 130     0.82795
 131     0.90369
 132     0.0962
 133     0.39425
 134     2.39889
 135     0.276
 136    20.3027
 137     0
 138     3.91247
 139     1.682
 140     4.8134
 141     7.26912
 142    15.8304
 143    14.5237
 144    76.8622
 145    55.7776
 146    47.6305
 147    73.1071
 148    64.0832
 149    42.6842
 150    21.9656
 151    18.3026
 152   589.447
 153   658.407
 154   506.802
 155   570.273
 156   476.574
 157   340.062
 158   148.624
 159    30.4545
 160  2349.24
 161  2783.12
 162  2808.85
 163  2599.09
 164  2210.14
 165  1922.62
 166  1098.2
 167   331.716
 168  1866.3
 169  2060.18
 170  2159.62
 171  2088.3
 172  1642.18
 173  1385.27
 174   708.529
 175   225.299
 176   156.39
 177   272.147
 178   237.32
 179   228.208
 180   207.445
 181   147.155
 182    59.5327
 183    13.2357
 184     4.74099
 185    48.1362
 186    14.2909
 187     1.60302
 188    23.487
 189    12.4713
 190    19.0505
 191     1.67297
 192     2.04046
 193     0.53197
 194     1.72833
 195    21.3859
 196     0.80159
 197     1.09876
 198     0.24799
 199     1.64653
 200    58.6681
 201    71.5575
 202    60.0229
 203    92.8034
 204    79.6654
 205    20.5703
 206     1.7119
 207     5.89804
 208   533.455
 209   527.674
 210   542.299
 211   590.14
 212   418.906
 213   335.702
 214   156.32
 215     6.97969
 216  2710.98
 217  3141.72
 218  3054.36
 219  2931.11
 220  2501.41
 221  2013.48
 222  1206.51
 223   480.177
 224  4370.02
 225  4719.24
 226  5034.34
 227  4780.68
 228  4433.15
 229  3193.04
 230  2083.22
 231   899.708
 232  2390.66
 233  2404.27
 234  2563.73
 235  2573.1
 236  2453.55
 237  1905.4
 238  1009
 239   424.148
 240   164.622
 241   296.271
 242   287.328
 243   240.575
 244   221.318
 245    92.2366
 246    40.5112
 247     6.54845
 248     7.05374
 249    63.2191
 250    36.8901
 251    14.5107
 252    17.1544
 253    28.6143
 254    20.9566
 255     9.75632
 256    17.7529
 257    11.379
 258    24.6467
 259    11.9793
 260    27.8233
 261    11.2777
 262     3.72449
 263     2.58648
 264   190.905
 265   290.333
 266   255.469
 267   318.488
 268   215.351
 269   118.198
 270    68.4699
 271    14.332
 272  2510.76
 273  2826.82
 274  2665.63
 275  2518.09
 276  2419.86
 277  2032.99
 278  1194.69
 279   439.286
 280  4445.4
 281  4579.67
 282  4932.72
 283  4843.17
 284  4226.86
 285  3726.19
 286  2263.8
 287   865.383
 288  2850.6
 289  2880.22
 290  3207.77
 291  3247.26
 292  3159.95
 293  2154.37
 294  1345.96
 295   513.231
 296   396.281
 297   693.365
 298   674.027
 299   637.226
 300   514.093
 301   325.033
 302   163.575
 303    42.5764
 304    20.7471
 305   106.381
 306    61.6935
 307    72.2977
 308    56.0212
 309     3.11882
 310    15.5877
 311     4.04514
 312     1.49932
 313     0.85047
 314     0.05297
 315     1.71788
 316     2.05315
 317     1.91491
 318    16.7371
 319     0.79045
 320     0.36553
 321     8.70548
 322     2.42844
 323    46.9976
 324     1.53909
 325     0.99606
 326     0.49269
 327     1.87699
 328   147.442
 329   243.727
 330   260.66
 331   185.888
 332   109.981
 333   140.095
 334    36.6271
 335    27.6464
 336  1864.95
 337  2138.14
 338  2250.41
 339  2081.95
 340  1730.25
 341  1272.95
 342   694.794
 343   225.278
 344  2680.12
 345  2622.56
 346  2555.45
 347  2582.79
 348  2381.32
 349  1869.48
 350  1268.17
 351   437.983
 352   677.218
 353   779.637
 354   824.225
 355   356.02
 356   448.662
 357   233.587
 358   178.058
 359    45.1245
 360    58.8189
 361    42.6358
 362    80.9915
 363    67.7418
 364    75.1192
 365    64.3649
 366    24.7221
 367     3.13123
 368     1.61829
 369     1.34243
 370     2.94958
 371     0.75021
 372     1.25431
 373     2.52704
 374     7.53668
 375     3.03706
 376     1.5498
 377     0
 378     0.99499
 379     2.02569
 380     1.93707
 381     1.21926
 382     0.64155
 383     0
 384     0.53346
 385     1.51194
 386     1.24991
 387    17.3508
 388     3.20829
 389     0
 390     0
 391     0
 392    23.0777
 393    28.7615
 394    27.3489
 395    20.9085
 396    18.4111
 397    23.8119
 398     1.99683
 399     1.96308
 400   157.336
 401   161.656
 402   209.859
 403   158.538
 404   136.01
 405    85.5341
 406    16.1696
 407     5.73685
 408   190.725
 409   190.755
 410   125.765
 411   205.399
 412   238.339
 413   147.76
 414   116.148
 415     6.09633
 416    88.928
 417    90.5989
 418    88.1478
 419    67.8094
 420     8.32489
 421    44.5553
 422    40.1413
 423     2.31689
 424     2.26026
 425     1.53619
 426     1.31291
 427     1.06916
 428     1.63689
 429     0.03797
 430     3.56407
 431     0
 432     0.01922
 433     1.55049
 434     1.33804
 435     0.72987
 436     0.59199
 437     0.3745
 438     0
 439     0.45089
 440     0
 441     1.31487
 442     0.49262
 443     0
 444     0.79589
 445     0.2124
 446     0.16299
 447     0.24235
 448     0.80513
 449     0.74822
 450     0
 451     0.15701
 452     0.84825
 453     0.3412
 454     0.2243
 455     0.96398
 456     0.00452
 457     0.74578
 458     0.54726
 459     0.8176
 460     1.13158
 461     0.80448
 462     0.49724
 463     0
 464    22.439
 465    11.8203
 466    19.1225
 467    20.9096
 468     0.96615
 469     0.29965
 470     1.0952
 471     0.10489
 472     0.69561
 473     3.23323
 474    11.3899
 475     0.99499
 476     2.48257
 477     1.31654
 478     0.93045
 479     1.94556
 480     0.04668
 481     2.28546
 482     2.39863
 483     1.96818
 484     1.00278
 485     0.57714
 486     0.09789
 487     0
 488     1.58813
 489     0
 490     0.61957
 491     0.72871
 492     0.68528
 493     1.04773
 494     0.66451
 495     0
 496     0.98224
 497     0
 498     0
 499     1.74992
 500     0.43602
 501     0.08737
 502     0.6081
 503     0.50406
 504     0.85597
 505     0.99679
 506     0
 507     0
 508     0.99669
 509     0.98263
 510     0.23388
 511     0
