This file was gnenerated on 2021-06-22 20:03:16.434225 by Grant Finneman. This contains the extracted data from the Gate simulations
The edep for each bar was summed up and printed to this file. The only math operation done has been addition.

  id        edep
   0     0
   1     0.97989
   2     0
   3     0
   4     0.83225
   5     0
   6     2.56517
   7     0
   8     0.5228
   9     0.20061
  10     0.61413
  11     1.41201
  12     0
  13     0
  14     0.62292
  15     0.71979
  16     0
  17     0.57554
  18     0
  19     0.32545
  20     1.10874
  21     0.62811
  22     0.50895
  23     0
  24     1.42113
  25     0.64711
  26     1.32256
  27     1.22222
  28     2.74088
  29     1.54601
  30     1.73734
  31     0
  32     2.32623
  33     0.87653
  34     0.73435
  35     1.16901
  36     1.67454
  37     0.57
  38     2.16606
  39     1.45018
  40     1.07651
  41     1.07438
  42     2.31226
  43     1.3302
  44     0.91967
  45     0.21634
  46     0
  47    11.222
  48     0
  49     1.45079
  50     2.66925
  51     0
  52     1.64043
  53     1.26278
  54     0.15405
  55     2.18039
  56     1.52149
  57     0
  58     1.44063
  59     0.86533
  60     0.0742
  61     0.58813
  62     0.33069
  63     0.94471
  64     0
  65     0.43595
  66     1.84744
  67     0.37881
  68     0
  69     0.98409
  70     0
  71     1.31036
  72     3.00636
  73     1.1985
  74     0.82444
  75     0.50954
  76     1.093
  77     0.89061
  78    21.3063
  79     5.58857
  80     0.39064
  81     0.72515
  82     1.58124
  83     3.4317
  84     0.95328
  85     2.11461
  86     1.36703
  87     3.52294
  88    13.542
  89    12.2449
  90     7.07182
  91     2.79189
  92    20.8064
  93     1.27925
  94     0.74201
  95    13.9862
  96    13.6755
  97     3.23384
  98     2.64949
  99     2.88098
 100     1.10127
 101     0.25797
 102    16.5958
 103     6.3532
 104     1.67733
 105     0.85753
 106     1.33172
 107     0.6465
 108     1.7984
 109     1.12344
 110    16.0073
 111    27.7993
 112     0.70896
 113     0.91593
 114     0
 115     0.29307
 116     1.94612
 117     0.36331
 118     0.28886
 119     1.88223
 120    15.3668
 121     0.95029
 122     1.80038
 123     0
 124     0.65142
 125     0
 126     1.44312
 127     0.13244
 128     0.97658
 129     0.37307
 130     1.12549
 131     0.68949
 132     0.93363
 133     1.84939
 134     0.59365
 135     2.87067
 136     1.34976
 137    16.5635
 138     0.98018
 139    17.3431
 140     1.02048
 141     1.11457
 142    20.7949
 143     7.68798
 144    70.2575
 145    92.5669
 146   108.871
 147   147.285
 148    63.9869
 149    69.4614
 150     3.37486
 151     3.47054
 152   429.698
 153   413.595
 154   465.608
 155   406.415
 156   325.834
 157    64.6219
 158    65.7493
 159    35.4733
 160   328.637
 161   441.627
 162   465.933
 163   470.373
 164   325.655
 165   226.222
 166    82.8085
 167    16.8103
 168   131.84
 169   100.788
 170   152.789
 171    96.7716
 172   109.953
 173    63.6765
 174    67.4573
 175    12.6018
 176     3.75516
 177    26.2658
 178     2.67152
 179     1.57516
 180    23.802
 181     0.92966
 182    12.7006
 183     0.05172
 184     1.66387
 185     0
 186     1.26121
 187     1.48742
 188     1.96026
 189     0.52599
 190     0.01762
 191     0
 192     2.73887
 193     2.14734
 194    10.3194
 195     3.54626
 196     0
 197     0.10968
 198     1.70583
 199     0.65383
 200    30.5809
 201    41.145
 202    68.9109
 203    44.8676
 204    71.2656
 205    24.2419
 206    23.3143
 207     0
 208  1106.2
 209  1343.18
 210  1273.27
 211  1059.78
 212  1091.67
 213   838.691
 214   285.634
 215    69.7465
 216  6271.07
 217  6807.57
 218  6615.1
 219  6738.01
 220  6080.65
 221  4727.16
 222  3222.98
 223  1292.73
 224  6525.41
 225  6897.09
 226  6674.69
 227  6219.97
 228  6047.96
 229  4994.03
 230  3041.46
 231  1104.82
 232   999.705
 233  1344.82
 234  1629.31
 235  1421.12
 236  1197.7
 237   762.872
 238   453.816
 239   196.596
 240    49.1371
 241    38.1995
 242    50.0096
 243    24.4906
 244    61.7315
 245    43.4719
 246    22.8439
 247    13.081
 248     2.51428
 249    12.9818
 250     0.0662
 251     2.69283
 252     0.95534
 253     1.17586
 254     0
 255     0.58238
 256     0.30914
 257     0
 258     0
 259     0
 260     1.20735
 261     0.93263
 262     2.08849
 263     2.45115
 264     3.39061
 265    41.3816
 266    50.4692
 267    61.7171
 268    51.8891
 269    56.5169
 270    40.8587
 271     6.37228
 272  1041.4
 273  1171.67
 274  1234.38
 275  1271.99
 276  1111.76
 277   814.358
 278   240.477
 279    56.1636
 280  6208.06
 281  6664.84
 282  7108.36
 283  6698.16
 284  5918.32
 285  4751.74
 286  3246.36
 287  1250.29
 288  6764.78
 289  6955.28
 290  6806.26
 291  6277.9
 292  5765.44
 293  5174.61
 294  3196.12
 295  1353.48
 296  1180.3
 297  1204.18
 298  1053.06
 299  1264.52
 300   953.804
 301   721.177
 302   375.002
 303    92.1778
 304    67.1361
 305    46.4033
 306    69.9243
 307    48.3424
 308    56.1851
 309    48.9324
 310    29.9042
 311     4.99385
 312     0.63059
 313     1.33929
 314     1.83197
 315     0.81244
 316     1.06767
 317     0
 318     0
 319     0.36453
 320     1.75746
 321     0
 322     0
 323     1.16818
 324     0.11634
 325     0
 326     0
 327     0
 328     3.5089
 329    15.3741
 330    12.7015
 331     0.25894
 332     8.43019
 333    11.5855
 334     1.31833
 335     0
 336    66.2835
 337    95.6564
 338    68.6012
 339   124.589
 340    39.9363
 341    82.6779
 342    30.7348
 343    16.148
 344   301.577
 345   524.255
 346   431.796
 347   314.33
 348   326.497
 349   170.8
 350    54.1301
 351    48.0114
 352   380.263
 353   431.081
 354   377.97
 355   475.459
 356   329.675
 357   153.928
 358    74.9525
 359    15.7777
 360   133.878
 361   187.24
 362   141.903
 363   206.991
 364    83.2761
 365    18.0175
 366    75.3179
 367     2.52764
 368     4.73455
 369     7.57913
 370    49.6628
 371    16.9952
 372    31.8982
 373    27.7793
 374    19.5339
 375     0.35574
 376     2.99091
 377     0
 378     1.52232
 379     4.33323
 380     0.43693
 381    18.8649
 382     7.62636
 383     0.12756
 384     0
 385     0
 386     1.94744
 387     2.1648
 388     2.11104
 389     0.31856
 390     0.27581
 391     0
 392     0.41783
 393     4.6395
 394     1.36761
 395     0
 396     1.00338
 397     2.22738
 398     0.78763
 399     0
 400     1.3331
 401     0.9081
 402     0.41087
 403     2.11884
 404    21.6223
 405    24.0449
 406     1.36486
 407     9.2816
 408    11.9258
 409     4.42231
 410    43.4844
 411    34.6618
 412    22.76
 413     8.18734
 414     3.43444
 415     0.74332
 416    18.323
 417     0.22835
 418     3.54486
 419    24.0369
 420    14.4304
 421     1.41244
 422     8.87246
 423     4.46753
 424     3.38512
 425     1.90506
 426     3.66403
 427     0.69389
 428     1.23558
 429     2.49799
 430     3.15401
 431     0
 432     0
 433     1.05948
 434     1.09372
 435     1.89638
 436     1.61926
 437     1.34003
 438     2.46254
 439    24.1611
 440     0
 441     1.3912
 442     0.55581
 443     3.3077
 444     0.50633
 445     0.81495
 446     0.98121
 447     0
 448     0
 449     0.60733
 450     0.16346
 451     0.93445
 452     0
 453     0
 454     0
 455     0.27581
 456     0.3755
 457     1.26413
 458     0.0278
 459     1.92222
 460     0.2169
 461     0
 462     0.09884
 463     0
 464     2.0407
 465     0.74868
 466     1.40905
 467     0.60132
 468     0.45102
 469     0.40735
 470     0.91545
 471     0
 472     0
 473     0.87246
 474     1.03903
 475     1.35458
 476     0.29689
 477     1.71073
 478     0
 479     1.17175
 480     2.7213
 481     0.35627
 482     2.327
 483     2.00992
 484     0.69115
 485     0.5943
 486     8.6635
 487     5.22789
 488     1.44789
 489     0.21233
 490     0
 491     0.20233
 492     0.30821
 493     0.43629
 494     0.09062
 495     0.86487
 496     0.64861
 497     0.64812
 498     0
 499     2.4825
 500     0.46917
 501     1.08068
 502     0.38371
 503     0
 504     0
 505     0.70742
 506     1.52329
 507     0.75491
 508     0.68793
 509     0
 510     0
 511     0.65842
