This file was gnenerated on 2021-06-22 20:22:48.871237 by Grant Finneman. This contains the extracted data from the Gate simulations
The edep for each bar was summed up and printed to this file. The only math operation done has been addition.

  id        edep
   0     0.62338
   1     0.98202
   2     0.89971
   3     0.92815
   4    24.136
   5     3.59884
   6     0.20869
   7     1.16844
   8     0.92302
   9     0.62338
  10     0
  11     0.87204
  12     0
  13     0
  14     0
  15     7.46159
  16     0.0727
  17     2.78446
  18     2.30552
  19     2.05864
  20     0.63799
  21     0.4475
  22     0.93854
  23     2.82874
  24     1.17533
  25     0.09529
  26     2.11772
  27     1.81282
  28     2.01346
  29     0.53835
  30     1.62119
  31     0.71914
  32     0.56184
  33     2.0987
  34     2.13858
  35     0.60304
  36     1.84801
  37     0
  38     0.86404
  39     1.11278
  40     1.8062
  41     2.65654
  42     0.66386
  43     0
  44     0
  45     2.36456
  46     4.41308
  47     2.30176
  48     0.67323
  49     0.25743
  50     0.31042
  51     0
  52     0
  53     2.14496
  54     0.88951
  55     0.90863
  56     1.09894
  57     0.82588
  58     0
  59     1.81462
  60     0
  61     0
  62     0.08594
  63     0.02933
  64     1.04451
  65     0
  66     1.01738
  67     0
  68     1.27508
  69     4.88849
  70     0
  71     0
  72    24.5077
  73    21.4812
  74    23.1994
  75    43.2904
  76    27.5145
  77    18.9794
  78     7.45039
  79     7.02221
  80    68.0662
  81    57.5635
  82    72.2689
  83   124.366
  84    51.9873
  85    79.9999
  86     4.59386
  87    11.4789
  88    67.7808
  89   117.923
  90   136.62
  91   175.885
  92   134.973
  93    59.2039
  94    17.131
  95     3.41825
  96    74.6337
  97    32.3262
  98    62.7707
  99    52.8332
 100    71.0822
 101     1.81318
 102     3.06493
 103     0
 104     0.75328
 105     0.02533
 106     3.58208
 107     0.71025
 108     2.15288
 109     0.96225
 110     3.35797
 111     0.02933
 112     0.27861
 113     0.61747
 114     0
 115     2.0567
 116     0.42108
 117     2.16756
 118     0
 119     1.07867
 120     0.92666
 121     0
 122     0.75137
 123     0.602
 124     0.47376
 125     0.45716
 126     1.01138
 127     1.28136
 128     1.2103
 129    13.8872
 130    14.163
 131     1.4526
 132     1.22968
 133     1.89886
 134     1.17732
 135     0.87747
 136    37.5542
 137    98.7925
 138    52.3252
 139    63.7107
 140   141.131
 141    29.0236
 142    19.151
 143     2.17226
 144   867.903
 145  1055.94
 146   964.591
 147   970.085
 148   976.758
 149   599.762
 150   327.17
 151    96.788
 152  1723.11
 153  1725.88
 154  1864.1
 155  2006.52
 156  1604.84
 157  1236.2
 158   629.564
 159   243.081
 160   600.813
 161   608.659
 162   569.716
 163   636.724
 164   482.169
 165   417.514
 166   147.175
 167    48.9401
 168   175.173
 169   172.282
 170   111.98
 171   120.104
 172   122.722
 173    56.7455
 174    31.534
 175    11.8593
 176    19.0915
 177    21.453
 178    24.3806
 179     7.32903
 180    32.9217
 181    13.7404
 182    13.8093
 183     1.77154
 184     0.73733
 185     1.43868
 186     1.17395
 187     0.84394
 188     1.17893
 189     0.74336
 190     0.90344
 191     0
 192    15.5972
 193    15.2696
 194    24.0964
 195     2.30031
 196     1.06585
 197     0.52797
 198     0.89222
 199     1.16041
 200   348.905
 201   318.462
 202   294.325
 203   326.66
 204   251.23
 205   108.682
 206    18.7674
 207     1.42726
 208  3035.35
 209  2824.11
 210  2692.36
 211  2840.66
 212  2542.49
 213  2015.24
 214  1299.91
 215   527.465
 216  4000.37
 217  4151.05
 218  4324.84
 219  4218.79
 220  3879.66
 221  3008.94
 222  1647.81
 223   539.191
 224  3261.78
 225  3529.68
 226  3740.92
 227  3511.28
 228  3275.03
 229  2558.9
 230  1471.67
 231   461.738
 232  1449.04
 233  1654.66
 234  1833.05
 235  1717.92
 236  1394.05
 237  1062.67
 238   657.941
 239   221.523
 240   188.993
 241   305.502
 242   229.849
 243   161.029
 244   109.641
 245    97.0525
 246    37.0796
 247     6.87739
 248     3.61942
 249    23.7355
 250     3.74138
 251     0.96042
 252     2.75831
 253     0
 254     2.33449
 255     0.08018
 256     7.89588
 257     1.70095
 258    35.9638
 259     5.34825
 260     0.85631
 261     0.27262
 262     1.58249
 263     0.6504
 264   182.053
 265   159.552
 266   182.272
 267   303.744
 268   173.075
 269    98.6757
 270     4.45571
 271     8.56378
 272  1467.52
 273  1475.55
 274  1637.38
 275  1468.38
 276  1467
 277  1116.84
 278   776.583
 279   202.134
 280  3518.07
 281  3609.93
 282  3688.38
 283  3456.4
 284  2975.63
 285  2449.48
 286  1626.75
 287   626.184
 288  3952.66
 289  4264.29
 290  4364.95
 291  3916.77
 292  3854.11
 293  3113.21
 294  2088.08
 295   708.99
 296  2519.15
 297  2920.21
 298  3073.92
 299  2800.45
 300  2629.25
 301  1901.78
 302  1282.97
 303   477.997
 304   328.424
 305   332.49
 306   237.891
 307   348.439
 308   197.534
 309   133.016
 310    42.668
 311    34.0489
 312     2.41046
 313    28.7551
 314     1.20755
 315     0.88715
 316     1.21784
 317     0.49391
 318     0.7705
 319     0
 320     0.7589
 321     1.07903
 322     0.2454
 323     0.59955
 324     1.80652
 325     0.38501
 326     2.03135
 327     0.91203
 328    18.8486
 329    19.2423
 330    35.4834
 331    49.5767
 332    27.5557
 333     1.57479
 334     1.8466
 335     0.00817
 336   139.151
 337   217.492
 338   231.149
 339   125.46
 340    83.7084
 341    96.5044
 342    43.0435
 343    17.4854
 344   782.975
 345   653.35
 346   754.663
 347   606.634
 348   602.226
 349   441.015
 350   174.586
 351    49.1205
 352  2027.42
 353  1916.38
 354  2085.96
 355  2011.47
 356  1867.8
 357  1509.35
 358   857.387
 359   259.741
 360  1304.75
 361  1290.29
 362  1109.9
 363   891.888
 364   908.634
 365   765.331
 366   515.458
 367   135.117
 368    70.1929
 369   113.918
 370    75.6394
 371    96.5252
 372    33.2114
 373   116.961
 374    28.7059
 375    11.9121
 376     1.2328
 377     0
 378     0.43956
 379     1.01269
 380     0.42986
 381     2.07595
 382     6.46148
 383     4.4732
 384     0.71153
 385     0
 386     1.7441
 387     0
 388     0.81762
 389     0.29009
 390     0.2302
 391     0.02631
 392     0
 393     1.79274
 394     1.47158
 395    13.124
 396     0.37625
 397     0.9805
 398     0.98242
 399     0.43895
 400     0.30814
 401     3.04077
 402     7.08731
 403    24.8397
 404     0.78824
 405    21.4602
 406    25.5746
 407     1.13587
 408     3.11921
 409    18.6376
 410    62.1795
 411    33.3576
 412    29.7114
 413    10.1944
 414    35.5093
 415    20.6458
 416   162.244
 417   228.769
 418   260.065
 419   178.931
 420    82.4788
 421    90.314
 422    72.8744
 423    18.4914
 424    79.675
 425    85.5429
 426    98.2626
 427   102.344
 428   119.198
 429    71.2833
 430     7.95125
 431     8.36846
 432     3.66798
 433     8.54322
 434     0.98604
 435     2.85919
 436     2.96031
 437    15.452
 438     1.66064
 439     1.24139
 440     0.10334
 441     0.22143
 442     1.33589
 443     1.57201
 444    16.4773
 445    11.2487
 446    15.8683
 447     6.109
 448     0.96194
 449     0
 450     0
 451     0.48935
 452     0
 453     0.1381
 454     0
 455     0.73314
 456     0
 457     0.745
 458     0.98583
 459     0
 460     1.25016
 461     0.9346
 462     0.13664
 463     0.13664
 464     1.4435
 465     0.74739
 466     2.43577
 467     1.38062
 468     0
 469     1.38376
 470     1.50905
 471     0.13762
 472     0.74468
 473     0
 474     0.52473
 475     1.7445
 476     0.65447
 477     3.79606
 478     2.7732
 479     0.27136
 480     0
 481     0.08882
 482     0.96452
 483     3.68621
 484     1.26869
 485     0.13909
 486     1.77301
 487     8.2295
 488     0.98712
 489     4.46114
 490     0.8331
 491     3.44373
 492     0.38635
 493     0
 494     0
 495     0.37136
 496     0.28458
 497     0.48447
 498     0.58956
 499     0.80309
 500     0
 501     0.33887
 502     1.74438
 503     0
 504     0.56866
 505     0.88115
 506     0.30673
 507     0
 508     0.98688
 509     0.49653
 510     1.25652
 511     0
