This file was gnenerated on 2021-06-22 20:34:13.976806 by Grant Finneman. This contains the extracted data from the Gate simulations
The edep for each bar was summed up and printed to this file. The only math operation done has been addition.

  id        edep
   0     0
   1     0
   2     0
   3     0.98288
   4     0.06926
   5     0
   6     0.56823
   7     0
   8     1.30563
   9     0.08789
  10     0.94468
  11     0.86748
  12     0.88846
  13     0.18417
  14     0
  15     1.34886
  16     2.28596
  17     1.0963
  18     0.901
  19     0.78469
  20     0.18883
  21     1.89385
  22     1.76994
  23     0.50469
  24    11.9679
  25    15.2684
  26     0.37767
  27     1.35355
  28     0.24941
  29     0.24205
  30     0.73765
  31     1.06925
  32     1.30229
  33     1.67324
  34     3.13283
  35     0
  36     0.29661
  37     0.30435
  38     0.1018
  39     0.75585
  40     1.00585
  41     0
  42     1.25456
  43     1.1909
  44     0
  45     0.56666
  46     7.35443
  47     4.53056
  48     0
  49     0.30746
  50     1.02995
  51     0.44461
  52     1.49014
  53     1.10185
  54     1.68974
  55     0
  56     0.81843
  57     0.83861
  58     0
  59     0.09016
  60     0.71724
  61     0.30822
  62     0
  63     0
  64     0.59638
  65     0
  66     0
  67     0.3425
  68     1.08191
  69     0.86521
  70     0
  71     0
  72     0.98766
  73     2.8261
  74     1.45973
  75    15.5366
  76    14.384
  77     1.95639
  78     0.59329
  79     1.62177
  80    18.7209
  81    79.5428
  82    75.7853
  83    43.7667
  84    50.7785
  85    18.1096
  86    19.8227
  87     6.40556
  88    79.1365
  89   195.994
  90   326.602
  91   150.179
  92   114.171
  93    75.5861
  94     8.2422
  95     5.94483
  96    44.0061
  97   141.519
  98   120.905
  99    60.1849
 100    46.89
 101    77.9003
 102    11.7217
 103     1.36412
 104    40.5806
 105    38.3952
 106    19.8418
 107    31.147
 108    22.9036
 109     1.87036
 110     1.5485
 111     1.94562
 112     1.17818
 113    11.7518
 114     0.43273
 115     0.87697
 116     2.70381
 117     1.76587
 118     0.18641
 119     0
 120     0.85893
 121     0
 122     1.40156
 123     0.60808
 124     2.07989
 125     0.81849
 126     0.92193
 127    23.8901
 128     3.85325
 129     0.14744
 130     1.4565
 131     2.11758
 132     0.42356
 133     1.15492
 134     1.17806
 135     0
 136    60.7968
 137    52.7502
 138    89.1477
 139    87.9085
 140    30.9572
 141    14.2648
 142     7.05885
 143    18.1842
 144   683.418
 145   778.006
 146   894.838
 147   789.242
 148   561.843
 149   444.023
 150   252.343
 151   178.511
 152  1397.8
 153  1637.19
 154  1986.07
 155  2356.12
 156  2017.71
 157  1080.4
 158   669.888
 159   255.791
 160  1095.76
 161  1202
 162  1263.38
 163  1179.14
 164  1003.59
 165   930.546
 166   364.689
 167    52.1414
 168   429.383
 169   643.099
 170   518.702
 171   673.613
 172   543.142
 173   268.007
 174   138.273
 175     7.56056
 176    76.2393
 177    98.2282
 178    72.1882
 179    58.3883
 180   109.425
 181    22.3888
 182    21.4097
 183    12.5968
 184     0.01337
 185     0.69789
 186     0.95863
 187     0.96902
 188     1.5818
 189     2.23423
 190    12.4127
 191     8.56713
 192     0.48971
 193    12.93
 194    18.2719
 195     3.12246
 196     1.95917
 197    27.7724
 198     0.90205
 199     0.19672
 200   151.906
 201   151.25
 202   273.878
 203   141.496
 204   182.107
 205   158.619
 206    19.7947
 207     4.56006
 208  1749.55
 209  1918
 210  1970.56
 211  1747.73
 212  1575.01
 213  1268.55
 214   786.554
 215   318.575
 216  3702.95
 217  3766.4
 218  4100.48
 219  4104.89
 220  4078.78
 221  3050.19
 222  1904.96
 223   610.733
 224  3663.16
 225  3990.87
 226  4008.41
 227  3821.72
 228  3382.68
 229  2741.83
 230  1972.73
 231   779.099
 232  2128.39
 233  2293.54
 234  2207.23
 235  2264.43
 236  2303.75
 237  1926.32
 238  1153.09
 239   470.431
 240   168.951
 241   140.976
 242   255.869
 243   307.165
 244   202.762
 245   148.26
 246    77.2103
 247    15.7169
 248     0.91293
 249     8.94352
 250     1.80642
 251     1.67858
 252     1.57763
 253    13.6222
 254    10.4948
 255     0.4664
 256     1.78209
 257     0.84338
 258     1.71798
 259     9.99783
 260     9.54885
 261     0.186
 262     2.18014
 263     0
 264   270.361
 265   278.942
 266   269.532
 267   352.389
 268   283.895
 269   167.345
 270    16.8135
 271     2.55951
 272  2284.26
 273  2468.89
 274  2508.88
 275  2255.25
 276  2095.98
 277  1692.8
 278  1025.15
 279   319.265
 280  3981.75
 281  4325.2
 282  4289.66
 283  3621.13
 284  3480.91
 285  3096.02
 286  1649.06
 287   459.537
 288  4088.35
 289  3872.54
 290  3998.61
 291  4201.12
 292  3814.31
 293  3222.3
 294  1733.82
 295   661.078
 296  1918.13
 297  1822.47
 298  2122.33
 299  2107.75
 300  1802.27
 301  1545.24
 302   851.773
 303   289.96
 304   131.607
 305   161.806
 306   142.811
 307   186.027
 308   123.845
 309    85.2409
 310    30.4606
 311     1.15812
 312     2.631
 313     2.25105
 314    13.6004
 315     2.15938
 316     2.54716
 317     0.81941
 318     2.42551
 319    15.9309
 320     0.71258
 321     2.27095
 322     2.15136
 323     0.90007
 324    17.6245
 325     1.63678
 326     0.56064
 327     0.19675
 328    27.2555
 329    33.6464
 330    83.1142
 331   127.603
 332    80.7622
 333    53.3079
 334    36.6115
 335     0.72092
 336   325.854
 337   397.19
 338   418.21
 339   468.572
 340   292.623
 341   201.902
 342    76.9745
 343    11.4215
 344  1186.7
 345  1287.07
 346  1206.91
 347  1224.89
 348  1147.31
 349   823.433
 350   384.894
 351   112.51
 352  1627.27
 353  1938.38
 354  2125.91
 355  1907.92
 356  1670.38
 357  1234.39
 358   753.86
 359   261.887
 360   682.077
 361   883.343
 362   754.451
 363   826.792
 364   600.051
 365   512.598
 366   379.274
 367    90.0817
 368    15.28
 369    74.8157
 370    19.382
 371   121.254
 372     9.30858
 373    11.0252
 374    17.3313
 375    18.0955
 376     1.55833
 377     1.1253
 378     0.33346
 379     0.99222
 380     1.55563
 381     0.09341
 382     0.44584
 383     1.6713
 384     0.84516
 385     1.2506
 386     0.69545
 387     0
 388     0.11472
 389     2.02928
 390     0
 391     0.06312
 392     0.20101
 393     1.18312
 394    25.8378
 395     3.01213
 396     2.76322
 397     0
 398     0
 399     1.17439
 400     0.6298
 401     1.72375
 402     6.59988
 403    14.939
 404     1.4236
 405    11.2355
 406    24.8478
 407    15.3914
 408    68.8925
 409    42.9404
 410    40.6049
 411    54.951
 412    57.0367
 413    15.197
 414    24.5329
 415    24.1497
 416    97.57
 417   200.275
 418   145.295
 419   100.473
 420   117.84
 421     4.16706
 422    46.5376
 423    77.4969
 424    79.58
 425   106.177
 426    36.8711
 427    83.3445
 428    24.6553
 429     4.71634
 430     1.86542
 431     3.5744
 432     9.27367
 433     0.6261
 434     1.58647
 435     1.09394
 436     2.09852
 437     0.70418
 438     0.59954
 439     3.8019
 440     0.27483
 441     0
 442     0.81082
 443     0.82994
 444     0
 445     0
 446     0.56729
 447     0.88625
 448     0.8831
 449     0.03564
 450     1.02936
 451     0
 452     0
 453     0.35748
 454     0.28798
 455     0
 456     0
 457     0
 458     1.30343
 459     0.70748
 460     0
 461     0.45096
 462     0.15708
 463     0.20944
 464     0.24841
 465     1.55658
 466     0.79349
 467     1.06269
 468     0
 469    28.8565
 470    19.564
 471     0
 472     1.74972
 473     0.60794
 474     2.58732
 475     2.76439
 476     0.68032
 477     4.03249
 478     5.68549
 479    24.6784
 480     2.88263
 481     3.19401
 482     0.65443
 483     2.17374
 484     0.37118
 485     1.98423
 486     7.78473
 487     9.45412
 488    11.5233
 489     0.58448
 490     1.18224
 491     2.59939
 492     0.70936
 493     0.76964
 494     0.43458
 495     3.98061
 496     2.4359
 497     0.74167
 498     0
 499     0.96369
 500     0.63467
 501     2.89205
 502    13.232
 503     6.77295
 504     0
 505     0
 506     0
 507     0
 508     0.3229
 509     1.31037
 510    22.3834
 511    12.8661
