This file was gnenerated on 2021-06-22 20:25:50.174270 by Grant Finneman. This contains the extracted data from the Gate simulations
The edep for each bar was summed up and printed to this file. The only math operation done has been addition.

  id        edep
   0     0.90131
   1     0.65929
   2     1.21939
   3     0.60748
   4     2.22344
   5     0.95788
   6     0.7707
   7     0.0643
   8     1.11993
   9     1.71243
  10     1.49402
  11     0.45705
  12     1.35477
  13     0.48184
  14     0
  15     0
  16     2.31927
  17     1.66672
  18     1.05746
  19     0
  20     0
  21    21.3622
  22    14.7283
  23     0.64839
  24     3.15606
  25     3.63298
  26     1.73549
  27     1.43851
  28     0.6727
  29     1.36762
  30     0.81734
  31     6.59415
  32     2.61639
  33     1.60321
  34     0
  35     0.4074
  36     0
  37     0.41615
  38    21.4617
  39     3.43575
  40     0.35926
  41     0.9975
  42     0.77848
  43     2.57547
  44     0.56555
  45     0.41806
  46     0.20176
  47     0.86648
  48     1.32657
  49     1.71208
  50     0.91188
  51     0.70185
  52     0
  53     0
  54     0.94576
  55     0
  56     0
  57     0
  58     0.50713
  59     0.53985
  60     0
  61     1.34858
  62     0.38372
  63     0.18655
  64     0.36062
  65     0
  66     0
  67     0.93927
  68     0.71757
  69     1.10672
  70     0.39289
  71     0.84404
  72     1.00756
  73     1.77813
  74     1.37459
  75     0.85733
  76     0.28574
  77     0.40599
  78     1.2304
  79     0
  80     1.50995
  81     1.96766
  82     2.14362
  83     1.50305
  84     1.36075
  85     0.96885
  86     9.95226
  87    14.5285
  88     3.34126
  89    15.4799
  90    60.1642
  91    22.6394
  92     7.02143
  93     1.78128
  94     1.44347
  95     0.83051
  96    40.0031
  97    68.7617
  98    15.222
  99    45.1691
 100    80.2226
 101    54.8065
 102    30.3502
 103     1.53019
 104     9.10302
 105     2.13355
 106    19.7444
 107    15.967
 108    50.3703
 109    16.6512
 110     2.48351
 111     1.26853
 112     1.44588
 113     0.74022
 114     1.50966
 115     2.53596
 116     1.19747
 117     0.65756
 118     2.19034
 119     0
 120     0.63788
 121     1.25061
 122     0.41466
 123     1.54018
 124     1.37046
 125     0.95845
 126    15.8976
 127     0.83689
 128     0
 129     0.77664
 130     2.27372
 131     0.62095
 132     0.73421
 133     0.69832
 134     0.45113
 135     0.53909
 136     0.24865
 137     0.41958
 138     1.97956
 139     2.69663
 140     4.94228
 141     2.62542
 142     2.28441
 143     6.66194
 144    23.0736
 145    56.852
 146    66.1367
 147    83.7763
 148    40.8991
 149     5.81579
 150    20.4279
 151     9.32686
 152   495.471
 153   624.235
 154   616.888
 155   568.771
 156   417.03
 157   290.79
 158   148.834
 159    13.9621
 160  1310.22
 161  1538.58
 162  1512.85
 163  1787.16
 164  1473.23
 165   979.847
 166   471.207
 167   107.943
 168   474.143
 169   528.312
 170   396.776
 171   412.221
 172   560.287
 173   279.628
 174   140.624
 175    43.7076
 176    16.2343
 177    19.1884
 178    14.5608
 179    38.3364
 180    43.6549
 181    11.6012
 182    28.984
 183    26.4816
 184     2.7084
 185     0.59515
 186     0
 187     2.11432
 188     0.10609
 189     0.6194
 190    31.5632
 191    13.2898
 192     1.03606
 193     0.49288
 194     1.90687
 195     0.50535
 196     0.99977
 197     2.61029
 198     0
 199     0.78247
 200     1.11099
 201    34.1061
 202    34.3128
 203    22.8923
 204    15.3511
 205     2.91698
 206     0.28845
 207    36.1809
 208   457.404
 209   646.711
 210   487.513
 211   618.838
 212   500.667
 213   257.195
 214   151.722
 215    64.4655
 216  4049.27
 217  4403.32
 218  3867.7
 219  3874.29
 220  3624.96
 221  2438.52
 222  1401.47
 223   412.919
 224  7943.75
 225  8496.82
 226  8380.35
 227  7876.37
 228  7543.61
 229  5650.23
 230  3819.33
 231  1309.71
 232  1425.85
 233  1529.06
 234  1475.02
 235  1747.33
 236  1385.7
 237   994.702
 238   571.125
 239   140.647
 240    35.2568
 241    18.3114
 242   162.199
 243   121.287
 244    84.7368
 245    31.9255
 246     7.03426
 247     7.12639
 248     1.02368
 249     0.89074
 250     2.14305
 251     1.05567
 252     1.01414
 253     1.13523
 254     1.28856
 255     0
 256     1.04524
 257     0.41538
 258     0
 259     0.6094
 260     1.84506
 261     1.21488
 262     2.3784
 263     0.88685
 264    26.4152
 265    66.7096
 266    73.4136
 267    25.0745
 268    60.8501
 269    62.1423
 270     0.33021
 271     1.71763
 272  1348.67
 273  1594.68
 274  1828.16
 275  1615.26
 276  1238.13
 277   957.419
 278   548.813
 279   155.968
 280  6855.09
 281  7964.25
 282  7589.47
 283  7473.9
 284  6927.98
 285  5737.61
 286  3364.41
 287  1361.03
 288  4379.49
 289  4247.24
 290  4011.93
 291  3998.63
 292  3448.13
 293  2711.24
 294  1391.94
 295   524.382
 296   448.905
 297   647.493
 298   417.664
 299   438.011
 300   448.427
 301   371.821
 302   143.873
 303    31.8194
 304     7.69851
 305     1.12322
 306     3.89338
 307    27.9803
 308    10.0146
 309     4.58827
 310     2.22906
 311     6.64584
 312     0.71399
 313     0.5446
 314     0.74123
 315     4.90111
 316     2.80722
 317     0.7271
 318     0
 319     0
 320     1.32221
 321     0
 322     0.91353
 323     1.68002
 324     1.07671
 325     1.05567
 326     1.25043
 327     0
 328    26.1286
 329    17.1451
 330     9.6636
 331    31.9158
 332    22.0605
 333     1.74316
 334     2.30644
 335     0
 336   417.818
 337   409.15
 338   588.752
 339   340.937
 340   388.457
 341   196.124
 342   158.184
 343    43.8292
 344  1600.43
 345  1632.2
 346  1509.01
 347  1761.54
 348  1372.34
 349   890.112
 350   501.081
 351   168.713
 352   463.966
 353   565.697
 354   560.135
 355   435.104
 356   423.085
 357   239.885
 358    79.0052
 359    26.2236
 360    25.2076
 361    32.8956
 362    66.926
 363    33.5333
 364    32.9576
 365     4.28268
 366    37.9814
 367    16.169
 368     1.74159
 369     0.04351
 370     2.00704
 371     4.52497
 372    10.2529
 373     0
 374     0.29152
 375     0.17508
 376     0.57759
 377     2.35299
 378     2.8286
 379     1.86846
 380     0
 381     0.30554
 382     0.11462
 383     0.96882
 384     0.88607
 385     0
 386     1.1187
 387     0.44659
 388     0
 389     0.60157
 390     0
 391     0.93075
 392     0
 393     1.48551
 394     0.69332
 395     2.26686
 396     0.16072
 397     0
 398     0.89069
 399     0
 400    18.0805
 401     7.00379
 402     9.85932
 403     0.2232
 404     4.94329
 405     8.6105
 406    35.9766
 407     1.8545
 408    78.0879
 409    19.7063
 410    43.8133
 411    31.7414
 412    35.2084
 413    63.1533
 414     3.04755
 415     1.83589
 416    31.1131
 417    34.1711
 418    27.8588
 419    45.9236
 420    28.2298
 421    17.9331
 422    19.3911
 423    10.3849
 424    23.6499
 425     2.6024
 426     2.8705
 427     0
 428     1.55287
 429     3.22279
 430     2.07499
 431     0.51353
 432     2.1877
 433     1.6227
 434     1.73246
 435     1.38279
 436     1.11779
 437     0.8162
 438     0.66028
 439     1.35549
 440     0
 441     0.59716
 442     0.141
 443     0.48158
 444     2.7995
 445     0.17172
 446     1.5226
 447     0
 448     5.3101
 449     0
 450     0
 451     2.37941
 452     0.20059
 453     0.96328
 454     0.6107
 455     0
 456     2.0236
 457     0.10402
 458     1.07576
 459     0.18378
 460     0.71916
 461     0.40462
 462     0
 463     0.79818
 464     2.81951
 465     1.87816
 466     1.86953
 467     0
 468     0.00838
 469     0.59111
 470     0.00261
 471     0.78567
 472     1.58717
 473     0.86327
 474     0.87503
 475     3.32826
 476     1.46469
 477     0.26245
 478     0.66314
 479     0.85022
 480     3.41947
 481     2.38097
 482     0.38359
 483     0.09013
 484     0.91873
 485     0.75299
 486     2.16697
 487     0
 488     2.82679
 489     2.73672
 490     1.00724
 491     0.38438
 492     0.2142
 493     0
 494     1.28801
 495     0.87279
 496     1.4559
 497     0.41716
 498     0
 499     0.39059
 500     0
 501     0.91968
 502     0.83624
 503     0.65286
 504     0.5423
 505     0.49375
 506     0
 507     0
 508     0.66755
 509     0
 510     0.64849
 511     0.59883
