This file was gnenerated on 2021-06-22 21:01:18.450459 by Grant Finneman. This contains the extracted data from the Gate simulations
The edep for each bar was summed up and printed to this file. The only math operation done has been addition.

  id        edep
   0     0.63152
   1     0.67545
   2    22.9374
   3     1.0595
   4     0.46786
   5     0
   6     0
   7     0
   8     0.25244
   9    34.5318
  10    29.3427
  11     1.91606
  12    31.7378
  13     2.473
  14     0
  15     0.40412
  16     9.43849
  17    47.5701
  18    17.4899
  19     5.50051
  20    22.525
  21    10.8472
  22     3.7803
  23    16.3055
  24    55.8066
  25    90.1369
  26    56.7023
  27    96.8928
  28    49.8512
  29     2.17885
  30     0.94454
  31     4.14665
  32    48.8953
  33   145.43
  34    59.9621
  35   151.585
  36    83.9829
  37    93.1558
  38     0.33723
  39     1.44375
  40    44.6568
  41   113.451
  42   173.717
  43   103.852
  44   144.381
  45    58.8814
  46    20.5332
  47     0.71962
  48    37.9095
  49    78.996
  50    31.484
  51    16.9872
  52    20.1563
  53    15.936
  54     0.30542
  55     0
  56     0
  57     0
  58    14.4132
  59    21.7991
  60    12.9819
  61     1.62385
  62    32.3906
  63    13.4694
  64    58.1765
  65    27.9763
  66    24.3423
  67    13.3231
  68    25.3208
  69    50.0429
  70     4.22176
  71     1.44455
  72   121.83
  73   169.581
  74   291.359
  75   279.282
  76   225.483
  77   100.671
  78    22.0178
  79     6.71134
  80   363.154
  81   377.743
  82   422.595
  83   325.158
  84   349.368
  85   285.667
  86   105.421
  87    63.1244
  88   521.167
  89   462.939
  90   784.753
  91   669.772
  92   592.636
  93   373.024
  94   192.513
  95    68.2582
  96  1058.6
  97   877.826
  98  1072.54
  99   873.937
 100   721.887
 101   553.396
 102   326.9
 103   162.917
 104   860.244
 105   886.389
 106  1100.41
 107  1000.84
 108   870.215
 109   579.411
 110   400.889
 111   118.9
 112   200.453
 113   138.828
 114   202.96
 115   181.457
 116   168.793
 117   143.778
 118    30.5802
 119     2.772
 120    14.6903
 121     1.02932
 122     6.62459
 123    16.5694
 124    11.0795
 125     1.32193
 126     0
 127     8.21344
 128   183.197
 129   127.063
 130   170.043
 131   126.14
 132    79.787
 133    93.9504
 134    51.6703
 135     4.43084
 136   700.432
 137   794.298
 138   847.285
 139  1154.14
 140   920.301
 141   760.056
 142   334.564
 143    98.6652
 144  1465.5
 145  1389.88
 146  1322.46
 147  1431.25
 148  1201.57
 149   890.682
 150   484.989
 151   197.014
 152  1347.95
 153  1204.25
 154  1448.13
 155  1543.22
 156  1302.39
 157   863.122
 158   595.678
 159   175.383
 160  1135.58
 161  1393.9
 162  1458.4
 163  1416.76
 164  1218.97
 165   994.132
 166   591.952
 167   265.781
 168  1126.41
 169  1563.81
 170  1441.84
 171  1330.33
 172  1204.52
 173  1043.46
 174   516.099
 175   161.899
 176   363.629
 177   404.715
 178   385.782
 179   400.957
 180   332.573
 181   416.661
 182   158.749
 183    47.3642
 184    24.7856
 185    40.7105
 186     7.67836
 187    22.6143
 188    20.3563
 189     0.54847
 190     1.26133
 191     0.42387
 192    87.0767
 193   129.629
 194   121.654
 195   133.516
 196   107.957
 197    52.2842
 198    32.2719
 199     0.91167
 200   838.739
 201   982.376
 202   904.167
 203   973.126
 204   997.014
 205   606.411
 206   414.742
 207   120.135
 208  1263.4
 209  1346.12
 210  1349.52
 211  1307.07
 212  1038.73
 213   955.833
 214   638.873
 215   201.333
 216  1330.3
 217  1419.41
 218  1450.2
 219  1334.97
 220  1199.55
 221   789.406
 222   575.77
 223   279.488
 224  1288.46
 225  1244.55
 226  1255.6
 227  1241.98
 228  1193.08
 229  1080.82
 230   635.89
 231   291.227
 232  1174.85
 233  1296.47
 234  1193.66
 235  1120.9
 236  1056.42
 237   779.831
 238   549.832
 239   175.113
 240   534.833
 241   623.387
 242   765.915
 243   758.33
 244   640.24
 245   409.349
 246   218.439
 247    81.7206
 248    73.5128
 249   125.685
 250   142.485
 251    83.4347
 252    91.5727
 253     1.58451
 254     2.06424
 255     1.2091
 256    39.7302
 257   116.988
 258    47.009
 259    83.8461
 260    36.4277
 261    57.417
 262    31.0784
 263    12.6183
 264   493.199
 265   708.502
 266   842.506
 267   643.781
 268   593.585
 269   441.726
 270   169.509
 271    57.7456
 272  1143.32
 273  1473.99
 274  1345.28
 275  1254.65
 276   957.841
 277   754.16
 278   595.246
 279   218.753
 280  1456.79
 281  1469.51
 282  1358.46
 283  1526.53
 284  1300.1
 285   843.363
 286   609.624
 287   216.821
 288  1218.21
 289  1322.32
 290  1347.54
 291  1423.33
 292  1210.96
 293   963.028
 294   539.57
 295   184.262
 296  1339.33
 297  1351.97
 298  1157.76
 299  1264.97
 300  1081.98
 301  1053.39
 302   458.153
 303   142.465
 304   829.861
 305  1156.3
 306  1033.94
 307   823.225
 308   645.608
 309   352.262
 310   156.379
 311    63.7287
 312    80.4689
 313   127.309
 314    95.0152
 315    61.6189
 316    69.0812
 317    22.2677
 318    26.752
 319    35.0998
 320    35.5341
 321    45.8041
 322    36.1242
 323    41.2897
 324    47.4033
 325    20.979
 326     5.05134
 327     0.77319
 328   300.996
 329   421.37
 330   365.87
 331   413.865
 332   380.699
 333   244.778
 334   105.732
 335    48.7682
 336  1125.21
 337  1434.22
 338  1050.24
 339  1174.57
 340  1077.28
 341   766.84
 342   403.188
 343   167.689
 344  1418.42
 345  1503.33
 346  1494.35
 347  1649.55
 348  1533.24
 349  1161.26
 350   639.495
 351   184.505
 352  1441.24
 353  1362.34
 354  1218.51
 355  1262.26
 356  1034.94
 357   956.07
 358   554.72
 359   207.844
 360  1212.73
 361  1199.99
 362  1251.75
 363  1286.09
 364  1130.26
 365  1200.53
 366   672.535
 367   252.513
 368   776.197
 369   738.077
 370   995.354
 371   806.003
 372   797.234
 373   669.506
 374   479.068
 375   213.573
 376    63.183
 377   114.736
 378   126.926
 379   147.316
 380   140.4
 381    72.208
 382    23.5928
 383    23.7984
 384     0
 385     0.84385
 386     8.28464
 387    31.1821
 388    10.2445
 389    10.1027
 390    18.6158
 391     0
 392   150.316
 393   191.438
 394   223.79
 395   192.239
 396   124.259
 397    10.6971
 398    37.1241
 399    10.5491
 400   755.98
 401   828.523
 402   780.055
 403   828.712
 404   732.739
 405   551.681
 406   304.614
 407   133.17
 408   877.098
 409   942.323
 410  1009.59
 411   821.82
 412   850.849
 413   542.219
 414   335.358
 415   166.59
 416   696.103
 417   669.982
 418   639.892
 419   662.764
 420   584.178
 421   326.002
 422   201.858
 423   101.265
 424   393.782
 425   530.541
 426   339.838
 427   389.298
 428   364.186
 429   232.458
 430   130.208
 431    37.4547
 432    69.3317
 433    84.0199
 434   145.745
 435   172.196
 436   188.615
 437   107.024
 438    73.8551
 439    19.5548
 440     9.03283
 441     1.36954
 442    40.1409
 443    41.2961
 444    46.9303
 445     1.76196
 446     0.02232
 447     7.15058
 448     1.15818
 449     1.3506
 450     0.38131
 451     0
 452     0.4878
 453     0
 454     0
 455     0.3375
 456     3.14821
 457   112.488
 458   114.556
 459    29.2517
 460    20.4241
 461     6.34972
 462    21.3849
 463    23.1964
 464   162.13
 465    86.9564
 466   153.897
 467    47.7049
 468    89.1075
 469    21.5481
 470    35.3445
 471    32.9453
 472    69.9546
 473   114.538
 474   113.613
 475   124.062
 476    56.2005
 477    65.6275
 478    27.6465
 479     7.33922
 480    62.6377
 481   106.173
 482   127.824
 483    99.1371
 484    20.7923
 485    64.0434
 486    18.6677
 487     0
 488     4.38637
 489    55.6255
 490    47.5725
 491    74.609
 492    33.5827
 493     1.9026
 494     0
 495     0.01838
 496     1.42662
 497     0
 498     6.15197
 499     6.2566
 500     2.36947
 501     8.5954
 502     0.72842
 503     1.82738
 504     0
 505     0.09241
 506     0.98939
 507     0.65104
 508     3.25486
 509     9.69432
 510     0
 511    10.4784
