This file was gnenerated on 2021-06-22 20:46:01.378033 by Grant Finneman. This contains the extracted data from the Gate simulations
The edep for each bar was summed up and printed to this file. The only math operation done has been addition.

  id        edep
   0     1.64112
   1     0
   2     0.48902
   3     0.88839
   4     0
   5     0
   6     0.9366
   7     0.71185
   8     0.04303
   9     0.55663
  10     2.16182
  11     1.84264
  12     1.08202
  13    20.2024
  14    22.8542
  15     0.92053
  16     1.22979
  17     0.60687
  18     2.37782
  19     2.03611
  20     1.3394
  21     0
  22     9.88519
  23     0.68962
  24    44.3125
  25    23.9007
  26    16.9929
  27    25.9978
  28    43.3531
  29     0.66882
  30     1.41986
  31     2.61926
  32     1.04454
  33     5.52552
  34    15.767
  35    11.6434
  36    61.2383
  37     0.96472
  38     2.22858
  39     7.25126
  40     1.76791
  41     0.50568
  42     1.68165
  43     0.22953
  44     1.76713
  45     0.37584
  46     1.53509
  47     7.51538
  48     0
  49     0.40611
  50     0.32833
  51     0
  52     0.6942
  53     1.19337
  54     1.55537
  55     0
  56     1.793
  57     0
  58     0
  59     0.45068
  60     0.6325
  61     0
  62     1.383
  63     0.01534
  64     2.74265
  65     0.85808
  66    20.2255
  67     0
  68     0.52897
  69     1.14591
  70     1.55327
  71     1.60743
  72    25.0332
  73     1.90885
  74    26.0096
  75    53.9409
  76    41.4705
  77    11.0084
  78    24.4299
  79     0.50597
  80   162.714
  81   211.713
  82   175.695
  83   181.53
  84    93.3418
  85   130.151
  86    14.8419
  87    13.7643
  88   510.838
  89   587.899
  90   683.415
  91   722.247
  92   542.402
  93   281.666
  94   197.057
  95    67.1976
  96   270.374
  97   436.287
  98   332.561
  99   403.752
 100   342.512
 101   251.12
 102   180.114
 103    48.1138
 104    13.6794
 105     5.26635
 106    38.7054
 107   125.255
 108    43.7812
 109     1.87019
 110     2.75286
 111     2.34942
 112     3.79245
 113     1.92339
 114     0.86425
 115     1.4518
 116     0.79136
 117     1.13001
 118     9.46767
 119     0.54645
 120     0
 121     1.16765
 122     0.93181
 123     0.3714
 124     1.41811
 125     1.16434
 126     0.94424
 127     0
 128     2.51114
 129     2.81894
 130     1.25636
 131     1.44927
 132     8.06415
 133    16.2299
 134    19.4508
 135    22.1538
 136   226.456
 137   118.281
 138   198.193
 139   134.654
 140   158.611
 141   104.502
 142    83.734
 143    39.3931
 144  1410.03
 145  1474.7
 146  1312
 147  1140.89
 148  1038.07
 149  1100.52
 150   731.704
 151   287.952
 152  2736.49
 153  2750.23
 154  2527.2
 155  2446.28
 156  2498.65
 157  2012.8
 158  1136.4
 159   383.022
 160  2008.43
 161  1968.73
 162  1842.67
 163  1596.07
 164  1502.68
 165  1177.31
 166   780.697
 167   354.537
 168   103.124
 169   251.833
 170   200.421
 171    97.0201
 172   197.175
 173   105.489
 174    72.4647
 175     8.79754
 176     1.79827
 177    39.2402
 178     1.79781
 179     1.69396
 180     5.87589
 181    22.2524
 182     7.29209
 183     4.94447
 184     0.87725
 185     1.08856
 186     0.34273
 187     0.29393
 188     0
 189     1.03635
 190     0
 191     0.45378
 192     0.46387
 193    12.75
 194    29.5675
 195     0.64959
 196    35.5823
 197     9.47461
 198     0.5975
 199     0.46832
 200   179.834
 201   178.284
 202   287.981
 203   235.882
 204   241.571
 205    88.5071
 206    86.0245
 207    16.7305
 208  2050.59
 209  2156.92
 210  2354.71
 211  2273.98
 212  1827.14
 213  1272.02
 214  1073.68
 215   278.47
 216  3087.06
 217  2971.32
 218  3461.23
 219  3160.03
 220  3043.04
 221  2497.04
 222  1432.43
 223   432.231
 224  2799.56
 225  2825.03
 226  2608.33
 227  2745.43
 228  2525.86
 229  1853.48
 230  1127.49
 231   475.171
 232   976.082
 233   995.954
 234   853.29
 235   742.604
 236   809.336
 237   602.308
 238   287.472
 239   103.075
 240    57.5862
 241   151.982
 242   110.994
 243    49.9034
 244    30.3603
 245    30.0435
 246    50.6984
 247     1.54027
 248     3.06806
 249     3.71537
 250     0
 251     2.81386
 252     2.56001
 253     1.03969
 254     2.49509
 255     0.8179
 256     2.54119
 257     1.67651
 258     0.72999
 259     1.19346
 260     0.47026
 261     1.5688
 262     0
 263     0.21891
 264    86.1712
 265   145.093
 266    65.0762
 267    40.0784
 268    65.5483
 269     8.46526
 270    12.8935
 271     2.46086
 272   982.915
 273  1080.15
 274   888.194
 275   887.226
 276   917.652
 277   704.356
 278   335.401
 279    86.7289
 280  2531.77
 281  2525.64
 282  2914.62
 283  2953.22
 284  2726.63
 285  2096.93
 286  1241.44
 287   501.116
 288  3320.73
 289  3222.88
 290  3227.24
 291  2891.78
 292  2963.08
 293  2231.48
 294  1309.41
 295   599.8
 296  2105.88
 297  2380.43
 298  2079.24
 299  1801.59
 300  1813.07
 301  1427.99
 302   813.865
 303   362.812
 304   315.364
 305   261.927
 306   175.094
 307   165.834
 308   224.608
 309   171.8
 310    52.5363
 311     1.60436
 312     1.28668
 313     1.16106
 314     7.43372
 315     4.97126
 316     0.56993
 317     2.51946
 318     2.90436
 319     2.18126
 320     1.89215
 321     1.05515
 322    18.709
 323     0
 324     0.51116
 325     1.66239
 326     0
 327     0.93672
 328     4.57454
 329     8.07539
 330    27.6676
 331     0.90291
 332     1.46212
 333     0.78585
 334     1.77346
 335    22.511
 336   309.815
 337   227.728
 338   196.679
 339   259.849
 340   281.441
 341   176.23
 342    54.875
 343    13.9002
 344  1852.35
 345  2051.7
 346  1792.91
 347  1794.39
 348  1596.89
 349  1276.05
 350   895.952
 351   365.114
 352  2586.19
 353  2701.83
 354  2837.33
 355  3061.41
 356  2839.63
 357  2103.86
 358  1396.53
 359   493.308
 360  1405.14
 361  1325.3
 362  1772.12
 363  1596.19
 364  1280.01
 365  1173.62
 366   562.173
 367   231.12
 368   132.424
 369   226.397
 370   153.467
 371   176.036
 372    95.2683
 373    86.5746
 374    21.5354
 375     4.47528
 376     0.28286
 377    12.9454
 378     2.49487
 379     0.15597
 380     0.52298
 381     1.27859
 382     0
 383     0.57099
 384     1.43275
 385     0
 386     0.52025
 387     1.8402
 388     0.28968
 389     0
 390     0.83112
 391     0
 392     0.50479
 393     0
 394     1.88901
 395     2.06943
 396     0.51945
 397    18.1202
 398     2.94078
 399     0.38625
 400    23.9428
 401    24.1181
 402    22.9232
 403    15.5404
 404     9.19698
 405    37.2732
 406     0
 407     0.20944
 408   489.621
 409   551.568
 410   413.966
 411   364.251
 412   291.864
 413   231.903
 414   179.403
 415    66.3589
 416   548.532
 417   567.91
 418   662.08
 419   677.455
 420   327.371
 421   322.722
 422   215.574
 423    62.1534
 424   191.787
 425   250.649
 426   138.548
 427   106.313
 428   166.952
 429    77.0912
 430    16.2782
 431    12.2708
 432     7.53722
 433    24.2952
 434    16.7304
 435     4.28236
 436    25.4248
 437    38.8657
 438     1.64568
 439     0.72717
 440     0.57304
 441     1.1525
 442     0
 443     0.05832
 444     2.26969
 445     0
 446     1.50602
 447     0.94518
 448     0.32302
 449     0.92397
 450     0
 451     1.29961
 452     1.09238
 453     0
 454     0.07055
 455     0.56567
 456     0.57519
 457     0
 458     0.43402
 459     0
 460     0
 461     0.17308
 462    22.3363
 463    21.2804
 464     0
 465     1.07452
 466    19.0951
 467    24.231
 468     0.63829
 469     4.14946
 470     7.33869
 471     5.99742
 472     2.71976
 473     2.01734
 474    59.49
 475    20.1351
 476    22.6796
 477    76.2836
 478    25.5202
 479     0.90752
 480    14.4186
 481     3.99241
 482    11.2766
 483    20.6053
 484     0.96336
 485     1.71256
 486     1.9234
 487     1.19214
 488     0.73478
 489     0.7684
 490     2.95934
 491     1.40853
 492     0.2875
 493     3.48309
 494     0
 495     0
 496     2.33782
 497     2.13299
 498     0.24522
 499     1.13321
 500     0.76179
 501     0.25114
 502     0
 503     0.69544
 504     0.7607
 505     0
 506     0.97333
 507     0.70094
 508     0.84675
 509     1.55524
 510     0
 511     0.1847
