This file was gnenerated on 2021-06-22 20:44:12.756120 by Grant Finneman. This contains the extracted data from the Gate simulations
The edep for each bar was summed up and printed to this file. The only math operation done has been addition.

  id        edep
   0     0
   1     0.85868
   2     1.67389
   3     0
   4     0.71211
   5     0.64381
   6     2.29966
   7     0.19755
   8     0.5709
   9     0.2919
  10     2.16165
  11     0.80233
  12     0.00683
  13     0.78489
  14     0.42041
  15     0.03849
  16    16.4926
  17     0.71647
  18     1.25619
  19     2.76569
  20     0.83351
  21     2.09638
  22     0.54507
  23     0
  24     0.61504
  25     1.02301
  26     0.16973
  27     0
  28     1.74042
  29     0.98025
  30     1.09952
  31     1.92454
  32     1.61658
  33     0.22054
  34     0.89138
  35     0.26439
  36     1.45237
  37     0.90425
  38     3.08847
  39     2.94823
  40     1.89748
  41     0
  42     0
  43     0.79764
  44     1.19865
  45     0.93182
  46     0.09705
  47     0.15156
  48     0
  49     1.484
  50     0.82947
  51     0.74371
  52     0
  53     0.59052
  54     0.86884
  55     0
  56     0
  57     0.86669
  58     1.21829
  59     0.23348
  60     0.66256
  61     0.0234
  62     0.0234
  63     0.68765
  64     0.9498
  65     0.24858
  66    24.0952
  67     1.6419
  68     2.31345
  69     2.83753
  70     0
  71     0.19611
  72    28.071
  73    25.7799
  74    12.8208
  75     8.4259
  76    14.505
  77    48.4124
  78     0.07713
  79     0.89951
  80   103.954
  81   127.058
  82    98.5218
  83    53.8894
  84   132.963
  85    38.2541
  86     4.12932
  87     1.56767
  88    18.1378
  89    61.0392
  90    86.33
  91    72.8339
  92    42.4939
  93    53.7498
  94    27.7861
  95    38.1996
  96     1.64946
  97     1.59244
  98     1.32829
  99     9.08233
 100     2.67604
 101     1.58812
 102     4.88379
 103     8.93452
 104     2.0136
 105     1.78572
 106     2.00716
 107     0.88381
 108     2.55769
 109     1.11352
 110     0.91507
 111     0.93692
 112     0.38832
 113     0.86035
 114     0.82617
 115     0
 116     0
 117     1.55925
 118     1.47445
 119     0
 120    14.8142
 121     2.02479
 122     2.05594
 123     0.97418
 124     0
 125     0.44761
 126     1.79221
 127     0.22873
 128     2.60205
 129     0.10873
 130    23.1878
 131     1.89643
 132    27.3382
 133    16.5775
 134     0.6208
 135    12.0238
 136   388.105
 137   239.04
 138   188.373
 139   240.758
 140   242.286
 141   129.233
 142    61.6867
 143    73.5566
 144  1456.56
 145  1640.66
 146  1647.24
 147  1674.85
 148  1571.44
 149  1310.42
 150   803.84
 151   360.425
 152  1018.14
 153  1157
 154  1002.74
 155  1155.96
 156  1047.94
 157   522.493
 158   363.172
 159   132.785
 160   188.135
 161   209.841
 162   197.218
 163   242.932
 164   159.067
 165   198.414
 166    70.6078
 167     2.292
 168    53.0908
 169    51.5949
 170     9.30413
 171    56.8816
 172    36.3986
 173    31.3467
 174     4.78974
 175     0.83415
 176     1.71478
 177     0.08732
 178     3.08033
 179     0.97103
 180     1.27188
 181     2.48651
 182     0.38495
 183     0
 184     2.20314
 185     1.45897
 186     1.61864
 187     0.43179
 188     1.226
 189     1.51648
 190     0.08256
 191     0.08256
 192     1.48038
 193    19.1614
 194    24.9249
 195    13.7504
 196    20.2626
 197    11.121
 198    49.8616
 199    63.555
 200   520.588
 201   384.277
 202   426.298
 203   342.616
 204   198.425
 205   276.65
 206    72.0958
 207    53.827
 208  3625.81
 209  4387.86
 210  4243.38
 211  3730.7
 212  3517.81
 213  2797.85
 214  1912.85
 215   933.338
 216  5399.79
 217  5800.23
 218  5446.57
 219  5202.77
 220  4825.68
 221  3884.75
 222  2420.67
 223   970.911
 224  2845.85
 225  2996.03
 226  3013.85
 227  2777.65
 228  2389.42
 229  1818.99
 230  1071.59
 231   381.008
 232   674.372
 233   767.976
 234   806.101
 235   698.164
 236   547.572
 237   352.99
 238   153.898
 239    69.1109
 240   126.054
 241   132.421
 242   177.05
 243    94.3265
 244   127.964
 245    34.6564
 246    14.6402
 247    11.2123
 248     3.13648
 249    19.2442
 250     2.56623
 251     0.20953
 252     1.10779
 253     5.45874
 254     7.03886
 255     1.03706
 256     1.44942
 257     1.04477
 258     1.74061
 259     1.55214
 260     0.96898
 261     0.86949
 262     2.16427
 263     0.4938
 264    61.651
 265   158.574
 266    60.3189
 267    41.7559
 268    55.4623
 269    72.053
 270    37.5765
 271    28.363
 272   902.894
 273   943.976
 274   856.275
 275   712.319
 276   653.348
 277   593.463
 278   212.429
 279    50.9461
 280  3227.25
 281  3189.76
 282  2951.8
 283  2773.83
 284  2459.86
 285  1904.07
 286   977.177
 287   332.722
 288  5237.8
 289  5594.59
 290  5276.85
 291  5188.97
 292  4930.09
 293  3927.86
 294  2426.46
 295   859.186
 296  3961.74
 297  4122.56
 298  4138.79
 299  4254.85
 300  4018.36
 301  3257.2
 302  2327.96
 303   862.005
 304   300.907
 305   510.32
 306   422.572
 307   352.755
 308   362.553
 309   211.438
 310   168.184
 311     9.09452
 312    22.6655
 313    21.5345
 314    19.7084
 315     1.75144
 316     1.81196
 317     1.08174
 318     2.82847
 319     7.56436
 320     0.51169
 321     1.00833
 322     1.52119
 323     0.68823
 324     1.05149
 325     3.51264
 326     4.2998
 327     2.16427
 328     3.48801
 329     1.14155
 330     2.2173
 331    19.6806
 332     0.57837
 333     0.37039
 334    23.0502
 335     7.62056
 336    16.4048
 337    38.0208
 338    42.7931
 339     8.06268
 340    19.0059
 341     3.55312
 342    16.08
 343     1.70557
 344   299.546
 345   339.09
 346   201.822
 347   289.344
 348   225.459
 349   197.489
 350    84.319
 351    29.0515
 352  1213.15
 353  1206.87
 354  1057.24
 355   964.104
 356   866.704
 357   376.642
 358   163.413
 359    44.7892
 360  1418.81
 361  1890.02
 362  1906.47
 363  1920.72
 364  1391.93
 365  1103.67
 366   759.514
 367   235.411
 368   155.435
 369   310.092
 370   336.613
 371   211.544
 372   232.625
 373    88.0815
 374    75.7664
 375    58.9153
 376    10.8278
 377     3.30737
 378     7.29729
 379     1.88379
 380    11.3168
 381     2.87577
 382     1.29852
 383    25.3618
 384     0
 385     0.94996
 386     0.22949
 387     1.18978
 388     0.56783
 389     0
 390     0.14707
 391     0.69992
 392     0.54516
 393     1.75001
 394     0.56356
 395     1.86737
 396     2.42821
 397     0
 398     0.43208
 399     2.93937
 400     0.52347
 401     0.97476
 402     3.68204
 403     3.22108
 404     2.41449
 405     2.38129
 406     2.25967
 407     0.96986
 408     4.41461
 409     7.30406
 410    22.4909
 411    16.7308
 412    21.6673
 413     2.30617
 414     1.408
 415     3.76624
 416    24.3722
 417    66.9613
 418    61.5216
 419     4.41067
 420     3.36978
 421    14.926
 422     2.02348
 423     1.41349
 424    29.132
 425   150.869
 426   130.097
 427    37.0038
 428    35.4265
 429    61.1887
 430    41.4867
 431     4.44848
 432    10.9826
 433    14.9638
 434    26.8815
 435     2.03689
 436     1.80619
 437    29.9722
 438    16.349
 439     0.29854
 440     5.08353
 441     0.54536
 442     1.63394
 443     1.5886
 444     1.07781
 445     1.02552
 446     2.59657
 447     1.27588
 448     0.57442
 449     0.27355
 450     1.58395
 451     0.96985
 452     0
 453     1.80872
 454     0
 455     0.07969
 456     0.18154
 457     1.30306
 458     0
 459     0.56547
 460     0
 461     0.86713
 462     0
 463     1.67691
 464     1.32101
 465     3.13265
 466     0.58066
 467     1.58473
 468     0.7767
 469     2.09055
 470     0.90385
 471     1.88296
 472     1.55918
 473     1.69523
 474     0
 475     0.76095
 476     1.58904
 477     0.89551
 478     0.79092
 479    26.9461
 480     1.32234
 481     2.19445
 482     1.0492
 483     0
 484     2.55974
 485     0.4372
 486     1.61531
 487     2.07058
 488    14.2424
 489     7.59338
 490     1.27843
 491     0.76563
 492     0
 493     1.39361
 494     0.93339
 495    14.0036
 496     1.24386
 497     2.01701
 498     0.35038
 499     0.11307
 500     0.88292
 501     1.77036
 502     3.52812
 503     5.5635
 504     0
 505     0
 506     1.14282
 507     1.43164
 508     2.52545
 509    13.4075
 510     2.93204
 511     0.04618
