This file was gnenerated on 2021-06-22 21:01:14.998351 by Grant Finneman. This contains the extracted data from the Gate simulations
The edep for each bar was summed up and printed to this file. The only math operation done has been addition.

  id        edep
   0    24.1879
   1     4.77549
   2     5.79546
   3     0
   4     0.08726
   5     2.50565
   6     0
   7     0
   8    18.8032
   9    30.8263
  10    56.0175
  11     6.76772
  12     8.5054
  13     0.72654
  14     2.27954
  15     0.85739
  16   147.113
  17   180.382
  18   135.177
  19   143.823
  20   133.82
  21    75.8828
  22    37.1228
  23    29.2416
  24   177.603
  25   146.517
  26   153.276
  27   107.009
  28    87.2363
  29    28.6633
  30    30.3064
  31    13.2271
  32    90.1623
  33   125.203
  34    70.2536
  35    52.735
  36    32.0654
  37    24.8876
  38    31.86
  39     2.25531
  40    25.1418
  41    11.4231
  42    28.7918
  43     7.26943
  44    14.8757
  45    13.0224
  46     1.92837
  47     0
  48    32.875
  49     2.00111
  50    27.3956
  51     9.7392
  52    42.6796
  53     0.74447
  54     0.63177
  55     0
  56     0.81357
  57     0.97379
  58    18.1203
  59    19.8364
  60     6.08076
  61     1.37457
  62     0
  63     0
  64    16.6208
  65     0.7919
  66     4.65176
  67     2.45779
  68     0.21813
  69     2.36001
  70     0.99149
  71     0.29088
  72   163.983
  73   205.495
  74    86.2622
  75   134.519
  76    66.0956
  77    92.3114
  78    30.2629
  79     8.62809
  80   879.539
  81   915.964
  82  1049.33
  83   883.286
  84   676.166
  85   626.877
  86   377.665
  87   109.081
  88   975.582
  89   916.306
  90   966.521
  91   923.576
  92   789.531
  93   775.102
  94   445.815
  95   155.713
  96   755.121
  97   773.411
  98   661.974
  99   640.427
 100   632.826
 101   411.215
 102   202.704
 103   107.692
 104   401.172
 105   430.258
 106   326.798
 107   271.344
 108   295.609
 109   247.263
 110   107.049
 111    59.9853
 112   160.747
 113   221.026
 114   182.894
 115   104.045
 116    80.8743
 117    72.5186
 118    41.016
 119    13.217
 120    28.8305
 121    37.8767
 122    78.9553
 123    49.0203
 124    98.8173
 125    11.1159
 126     0
 127     1.54004
 128    47.8265
 129    42.1314
 130    25.8322
 131    25.6133
 132    13.7245
 133    20.5343
 134     2.28187
 135     0
 136   346.19
 137   377.571
 138   429.635
 139   484.619
 140   334.724
 141   214.351
 142   115.818
 143    33.0575
 144  1163.2
 145  1161.13
 146  1200.96
 147  1235.51
 148  1083.63
 149   850.057
 150   477.006
 151   204.822
 152  1329.14
 153  1444.59
 154  1618.75
 155  1377.52
 156  1129.58
 157   857.465
 158   570.623
 159   199.657
 160  1218.24
 161  1022.41
 162  1209.66
 163  1291.63
 164  1107.54
 165   813.876
 166   432.496
 167   146.92
 168  1127.61
 169  1112.05
 170  1232.75
 171  1174.19
 172  1029.08
 173   968.263
 174   629.564
 175   297.396
 176   960.4
 177   901.346
 178   971.908
 179  1047.24
 180  1020.11
 181   752.792
 182   433.175
 183   194.857
 184    76.361
 185   128.481
 186    91.2883
 187   148.651
 188   108.565
 189    74.2192
 190    56.5538
 191     2.733
 192    40.726
 193    72.4355
 194    36.9477
 195    21.5045
 196     3.30699
 197     1.15246
 198     1.30882
 199     2.26956
 200   545.393
 201   578.305
 202   604.349
 203   649.406
 204   499.165
 205   400.357
 206   295.168
 207   103.31
 208  1278.42
 209  1602.7
 210  1546.74
 211  1359.78
 212  1136.01
 213   931.075
 214   580.632
 215   233.305
 216  1164.81
 217  1212.19
 218  1339.11
 219  1313.62
 220  1039.9
 221   980.248
 222   585.079
 223   209.905
 224  1503.22
 225  1450.37
 226  1306.61
 227  1325.76
 228  1230.66
 229   978.716
 230   552.477
 231   297.525
 232  1115.49
 233  1302.44
 234  1402.97
 235  1382.59
 236  1403
 237  1081.57
 238   646.704
 239   256.997
 240   705.386
 241   803.85
 242   862.166
 243   984.362
 244   973.927
 245   640.59
 246   404.704
 247   152.626
 248   110.994
 249    54.1264
 250   160.866
 251   102.932
 252    67.3873
 253    56.0847
 254    22.5474
 255     5.14744
 256    73.323
 257    55.2146
 258    74.4295
 259    80.3783
 260    19.4775
 261    32.3798
 262    11.6173
 263     0.66129
 264   745.331
 265   810.254
 266   854.775
 267   917.257
 268   887.777
 269   604.12
 270   454.768
 271   147.358
 272  1253.51
 273  1170.81
 274  1215.46
 275  1266.91
 276  1326.72
 277  1070.37
 278   597.568
 279   200.171
 280  1316.28
 281  1248.58
 282  1366.36
 283  1409.09
 284  1154.09
 285  1116.22
 286   659.147
 287   206.221
 288  1507.55
 289  1495.34
 290  1457.71
 291  1348.06
 292  1372.69
 293  1078.97
 294   675.442
 295   251.824
 296  1359.32
 297  1681
 298  1363.15
 299  1157.17
 300  1305.96
 301   900.619
 302   437.654
 303   187.208
 304   543.456
 305   790.628
 306   702.989
 307   698.774
 308   603.602
 309   460.868
 310   299.295
 311    86.1714
 312    50.941
 313   112.103
 314   129.687
 315    46.2547
 316    18.6663
 317     3.35994
 318    27.0334
 319    20.0349
 320    92.5799
 321   126.409
 322    88.2369
 323   104.168
 324    62.293
 325   117.302
 326    43.519
 327    12.4464
 328   827.064
 329   818.323
 330   968.704
 331  1090.89
 332   822.705
 333   639.842
 334   449.704
 335   221.336
 336  1060.86
 337  1076.56
 338  1276.07
 339  1204.4
 340  1060.97
 341   901.946
 342   480.858
 343   137.289
 344  1204.27
 345  1391.72
 346  1421.88
 347  1347.71
 348  1386.69
 349   968.659
 350   647.068
 351   196.104
 352  1282.58
 353  1216.78
 354  1277.92
 355  1284.69
 356  1197.4
 357   980.014
 358   667.254
 359   209.137
 360  1277.92
 361  1262.88
 362  1094.51
 363   909.929
 364   842.376
 365   832.79
 366   682.504
 367   271.735
 368   542.448
 369   378.472
 370   219.534
 371   396.422
 372   414.329
 373   228.443
 374   129.388
 375    51.0165
 376    27.2789
 377     5.82344
 378    17.2655
 379     1.00902
 380     2.0588
 381     3.81717
 382     0.0973
 383     6.96024
 384    17.5298
 385     5.177
 386    53.6764
 387    32.9088
 388    10.0746
 389     5.05838
 390     2.47409
 391     0
 392   180.77
 393   226.169
 394   124.275
 395   193.828
 396   135.84
 397    79.4503
 398    14.9166
 399    23.3985
 400   393.223
 401   455.275
 402   299.309
 403   352.897
 404   263.391
 405   246.744
 406   115.93
 407    40.1149
 408   662.315
 409   924.763
 410   825.046
 411   845.219
 412   743.505
 413   605.498
 414   264.659
 415    73.5667
 416   649.584
 417  1029.72
 418   932.93
 419   941.509
 420   893.037
 421   566.799
 422   235.822
 423    91.3904
 424   788.483
 425   967.801
 426   959.789
 427   908.014
 428   679.885
 429   705.413
 430   355.586
 431   167.439
 432   242.408
 433   132.953
 434   125.508
 435   168.149
 436   138.832
 437   112.543
 438    68.9394
 439    11.993
 440     0.13989
 441    17.8481
 442     2.11751
 443    10.9873
 444     1.81182
 445     1.25261
 446     1.69673
 447     0
 448     0.11853
 449     0
 450     0.03658
 451     0.71065
 452     2.58002
 453     0.86647
 454     0.72475
 455     0.67507
 456     0.24065
 457    24.9259
 458    13.6109
 459     1.18594
 460    16.424
 461     5.93755
 462     0.03486
 463     0.96947
 464    55.3226
 465    13.2704
 466    27.5096
 467    48.1695
 468     1.29204
 469    21.0735
 470     0.05012
 471     6.86019
 472    97.2399
 473    39.3299
 474   116.1
 475    41.7058
 476    79.4103
 477    43.8819
 478     6.12467
 479     0.75777
 480    43.0409
 481    44.6843
 482   147.25
 483    83.9415
 484    40.8291
 485    25.8132
 486     7.10981
 487     0.39664
 488   174.952
 489   182.69
 490   184.585
 491   143.023
 492   103.394
 493    61.3169
 494    40.213
 495     4.78312
 496     6.33494
 497    28.4925
 498    33.525
 499    63.3211
 500    54.2879
 501    37.6717
 502     5.1491
 503     3.12315
 504     0
 505     0
 506     4.15425
 507     1.50227
 508     0.88922
 509     0.28674
 510     0
 511     1.08677
