This file was gnenerated on 2021-06-22 20:36:00.151348 by Grant Finneman. This contains the extracted data from the Gate simulations
The edep for each bar was summed up and printed to this file. The only math operation done has been addition.

  id        edep
   0     1.04501
   1     0
   2     0.79715
   3     1.46379
   4     1.81196
   5     0
   6     0
   7     0.02454
   8     0.11321
   9     1.09731
  10     1.15437
  11     0.37843
  12     1.4611
  13     5.4208
  14     8.61029
  15     0
  16     1.32953
  17    20.8772
  18    40.4205
  19     1.13645
  20     0.75754
  21    13.6743
  22     3.4644
  23     1.94963
  24     3.04965
  25    62.7998
  26    25.8657
  27     0.55269
  28     0.82043
  29    14.7522
  30    16.3127
  31     5.93587
  32    31.7829
  33    63.0265
  34    35.441
  35    14.9865
  36    17.2775
  37     8.2675
  38     5.98308
  39     6.45566
  40     0.8674
  41     1.18335
  42     3.40603
  43     5.41743
  44     1.76825
  45     1.72734
  46    10.0075
  47     9.45311
  48     1.09555
  49     1.36297
  50     0
  51     0.0996
  52     0
  53     1.17906
  54     8.43023
  55     9.0636
  56     0.95856
  57     0.63146
  58     0
  59     0
  60     0
  61     1.55821
  62     0.45946
  63     0
  64     0.03009
  65     0.64328
  66     1.50587
  67     0
  68     0.86686
  69     0.80903
  70     0.24207
  71     0.69847
  72    12.9095
  73     1.04216
  74     5.4162
  75     2.09809
  76     0.93825
  77     6.3722
  78     2.63825
  79     0.95387
  80    40.5105
  81    14.2051
  82    73.9097
  83    44.9706
  84     2.18292
  85     8.71584
  86    16.7834
  87    12.7794
  88   269.111
  89   319.135
  90   298.257
  91   260.536
  92   267.231
  93   197.538
  94    72.3986
  95    16.7064
  96   496.413
  97   518.742
  98   608.267
  99   547.244
 100   412.383
 101   415.762
 102   295.346
 103    49.8465
 104   161.636
 105   151.718
 106   220.167
 107   146.738
 108    79.2124
 109    57.3271
 110    53.4689
 111    17.0348
 112    73.0461
 113    11.1942
 114    46.1759
 115     7.3961
 116     1.12361
 117    22.1676
 118     8.56805
 119     6.71992
 120     5.67727
 121     3.3594
 122     1.11136
 123     0.93826
 124     0.48747
 125     1.10989
 126     0.38646
 127     0.49356
 128     1.21267
 129     0.67032
 130    17.0512
 131     0.37345
 132    17.8971
 133     1.69758
 134     0
 135     0.41536
 136    22.9854
 137    31.4986
 138    27.8853
 139    41.7624
 140    42.9656
 141    15.4607
 142    22.2197
 143     0.24641
 144   305.855
 145   368.649
 146   284.208
 147   309.854
 148   294.476
 149   252.369
 150    60.3463
 151     5.46594
 152  1402.63
 153  1562.85
 154  1389.55
 155  1255.67
 156  1209.47
 157  1208.49
 158   577.389
 159   273.664
 160  1865.38
 161  2288.18
 162  2559.75
 163  2429.46
 164  2062.24
 165  1609.01
 166  1028.3
 167   374.4
 168  1114.39
 169  1322.43
 170  1286.55
 171  1158.53
 172  1287.87
 173   766
 174   413.606
 175   115.193
 176   191.852
 177   224.662
 178   146.46
 179   244.691
 180   180.383
 181    82.0819
 182    22.108
 183     0.54365
 184     4.24176
 185     0
 186     0.82358
 187     3.08478
 188     1.01473
 189     2.19683
 190     0
 191     6.42564
 192     4.19236
 193    50.599
 194    17.4545
 195    17.2502
 196    32.1525
 197    19.8746
 198    15.9648
 199    12.6266
 200   339.941
 201   387.644
 202   381.831
 203   333.762
 204   257.334
 205   165.764
 206    49.3065
 207    21.4991
 208  1649.9
 209  1839.69
 210  1639.3
 211  1665.68
 212  1298.14
 213  1222.23
 214   660.803
 215   173.204
 216  2431.09
 217  2953.1
 218  2800.17
 219  2396.37
 220  2215.61
 221  1693.01
 222   970.914
 223   341.505
 224  2829.4
 225  3065.99
 226  2892.57
 227  2753.59
 228  2414
 229  1868.84
 230  1002.17
 231   326.994
 232  2178.16
 233  2551.15
 234  2619.72
 235  2342.56
 236  2286.99
 237  1737.19
 238  1164.3
 239   452.642
 240   651.61
 241   641.606
 242   701.5
 243   856.48
 244   624.404
 245   467.653
 246   349.828
 247   127.891
 248    31.4441
 249    10.9459
 250    69.6209
 251    36.8531
 252    16.7216
 253     0.33685
 254     2.26577
 255     0.67414
 256    39.0446
 257   100.349
 258    46.285
 259     2.65768
 260    22.3178
 261    18.5361
 262     1.76025
 263     0.7187
 264   506.196
 265   560.102
 266   552.31
 267   544.988
 268   524.153
 269   598.316
 270   270.825
 271    95.1514
 272  1985.9
 273  2139.7
 274  2097.2
 275  2118.65
 276  1923.97
 277  1709.17
 278  1026.49
 279   351.16
 280  2558.99
 281  2645.73
 282  2676.13
 283  2844.05
 284  2711.74
 285  2086.34
 286  1140.61
 287   366.159
 288  2588.61
 289  2834.88
 290  2755.72
 291  2690.75
 292  2376.74
 293  1902.44
 294  1060.78
 295   452.949
 296  1708.48
 297  1941.78
 298  1563.42
 299  1560.55
 300  1368.06
 301  1096.24
 302   723.012
 303   282.642
 304   393.059
 305   309.053
 306   233.304
 307   240.312
 308   214.727
 309   177.845
 310    86.4922
 311    28.2062
 312    21.79
 313     2.52428
 314    16.9353
 315    59.601
 316     0.61374
 317     2.27847
 318    52.5471
 319     0
 320    25.8369
 321    30.6212
 322     3.61436
 323     0.849
 324    19.2562
 325     0
 326     0.78468
 327     2.00856
 328    99.6162
 329   158.952
 330   116.995
 331   134.22
 332   139.696
 333    80.6618
 334    23.3705
 335     0.96502
 336  1144.74
 337  1229.41
 338  1229.25
 339  1129.12
 340   879.263
 341   832.698
 342   361.321
 343    93.4659
 344  2004.36
 345  2269.26
 346  2486.36
 347  2544.05
 348  2178.06
 349  1660.11
 350   984.457
 351   334.829
 352  1577.05
 353  1793.37
 354  1707.39
 355  1722.74
 356  1413.8
 357  1039.26
 358   651.491
 359   198.082
 360   369.545
 361   345.632
 362   357.656
 363   353.005
 364   271.447
 365   233.959
 366    92.4682
 367    38.2185
 368   104.057
 369    83.0305
 370    32.0644
 371    56.0443
 372    12.8201
 373     5.51376
 374     2.13453
 375     0.64356
 376     1.25419
 377     2.25743
 378     1.52046
 379     1.32729
 380     0
 381     1.00795
 382     0
 383     1.80638
 384     1.36645
 385     1.42548
 386     1.93393
 387     1.71422
 388     0.39489
 389     0.33962
 390     0.60239
 391     0.84068
 392    12.1314
 393     3.85189
 394    27.0648
 395     0.90451
 396     1.18485
 397    47.5239
 398     6.316
 399     0.38047
 400   267.014
 401   229.117
 402   118.773
 403    85.8894
 404    51.1317
 405    65.6459
 406    40.2524
 407     1.72703
 408   565.333
 409   612.876
 410   564.901
 411   540.95
 412   625.094
 413   363.289
 414   193.176
 415    67.1542
 416   277.071
 417   379.887
 418   238.588
 419   302.752
 420   222.907
 421    70.0383
 422    36.8837
 423    14.0108
 424    33.7235
 425    68.9104
 426    42.9457
 427    50.6699
 428    15.7334
 429     5.92167
 430    45.3976
 431    16.6052
 432     0.54408
 433     3.15756
 434     1.86294
 435     1.99757
 436     0.53611
 437     0.56298
 438     0.57143
 439     0
 440     0.84099
 441     1.46416
 442     0.55379
 443     1.33179
 444     0.60346
 445     0.13617
 446     0.55102
 447     0.3872
 448     0.1487
 449     0.48895
 450     2.92111
 451     0
 452     2.07959
 453     0.59715
 454     1.90091
 455     2.23586
 456     0.36853
 457     1.03303
 458     1.08153
 459     0.61567
 460     0.3461
 461     0
 462     1.31259
 463     0.95102
 464     0.65407
 465    19.6631
 466    13.4091
 467    15.4293
 468     0
 469     0
 470     5.77276
 471     2.90628
 472     5.55513
 473    46.2937
 474    36.4043
 475    35.4478
 476    36.778
 477    20.0016
 478     2.57536
 479     1.61393
 480     2.10125
 481     1.21001
 482     1.05004
 483    14.2749
 484     0.29273
 485     0.61987
 486     0.15894
 487     1.58964
 488     1.66386
 489     1.80121
 490     1.57566
 491     1.76962
 492     0.34146
 493     1.04608
 494     0.98885
 495     0.37442
 496     1.03987
 497     1.11712
 498     0
 499     0
 500     0
 501     0
 502     0.20032
 503     0.21381
 504     0.84099
 505     0.47331
 506     0
 507     0
 508     1.40855
 509     0.79109
 510     0.39907
 511     0.82724
