This file was gnenerated on 2021-06-22 20:41:38.725970 by Grant Finneman. This contains the extracted data from the Gate simulations
The edep for each bar was summed up and printed to this file. The only math operation done has been addition.

  id        edep
   0     0.35967
   1     0.94174
   2     0
   3     0.44719
   4     0.75654
   5     0.50267
   6     0
   7    12.9869
   8     0.87781
   9     0
  10     1.15562
  11     1.17278
  12     0.49579
  13     0.15137
  14     0
  15     0.83234
  16    10.3538
  17    13.2374
  18     4.81277
  19     3.70936
  20     1.77174
  21    10.7968
  22    18.1615
  23    15.0538
  24    48.7577
  25    77.5023
  26    65.3905
  27    38.3571
  28    27.3618
  29    39.2647
  30     4.74821
  31     5.01924
  32     1.30471
  33     9.3402
  34    66.4792
  35    19.3504
  36     0.44458
  37     0.41419
  38     0
  39     0.13426
  40     2.08854
  41     2.23278
  42     8.25382
  43     1.03021
  44     1.04691
  45     2.36408
  46     8.75444
  47    12.5028
  48     0
  49     0.71698
  50    27.1624
  51     0
  52     4.45409
  53     0.52629
  54     0
  55     0.83972
  56     0.0461
  57     0
  58     0
  59     0
  60     0
  61     0
  62     0.35856
  63     1.7255
  64     0
  65     2.29897
  66     0
  67     0
  68     0.9661
  69     0
  70    22.8023
  71    26.9068
  72     7.90247
  73    36.5317
  74    42.4582
  75    43.4457
  76    39.7645
  77    15.0314
  78     1.55967
  79     5.30161
  80   245.092
  81   379.011
  82   270.077
  83   190.973
  84   213.331
  85   164.45
  86    29.6941
  87    15.7646
  88   760.295
  89   773.829
  90   676.368
  91   649.353
  92   726.839
  93   592.421
  94   317.768
  95    88.9631
  96   168.834
  97   279.936
  98   254.329
  99   360.322
 100   190.957
 101   128.363
 102    46.82
 103     3.34429
 104    44.0968
 105    95.6923
 106    71.7238
 107    56.0648
 108     3.08328
 109    20.8897
 110     6.36252
 111     3.87655
 112     0.13052
 113     1.24953
 114    15.8492
 115    15.6975
 116     5.03113
 117     1.49197
 118     1.91615
 119     0.70586
 120     1.83754
 121     0.12583
 122     0.47335
 123     0
 124     2.51576
 125     3.4217
 126     1.35652
 127     8.67394
 128     8.86588
 129     0.83484
 130     1.69963
 131     0.91623
 132     1.07617
 133    10.9863
 134     0
 135     2.77707
 136    77.5436
 137   106.33
 138   140.46
 139    97.3806
 140    73.1547
 141   126.39
 142    11.6988
 143     8.1505
 144  1148.42
 145  1163.15
 146  1226.63
 147  1229.24
 148  1105.34
 149   662.376
 150   440.617
 151   182.593
 152  2094.77
 153  2226.53
 154  2256.28
 155  1795.34
 156  1636.75
 157  1167.04
 158   819.588
 159   262.332
 160  1634.75
 161  1757.82
 162  1459.61
 163  1401.01
 164  1581.1
 165  1188.55
 166   587.216
 167   147.76
 168   531.515
 169   635.324
 170   726.393
 171   647.481
 172   485.311
 173   476.333
 174   256.813
 175    45.4473
 176    86.0395
 177   153.019
 178   138.694
 179    46.0177
 180   141.912
 181    62.121
 182    56.1296
 183    30.1467
 184     0.9014
 185     9.64232
 186     8.08861
 187     0.64309
 188    18.1159
 189    32.622
 190     6.42538
 191     2.7684
 192    45.5435
 193    31.1414
 194    60.6666
 195    18.9892
 196    18.6846
 197    23.1522
 198    25.5531
 199     4.69813
 200   445.434
 201   399.545
 202   390.508
 203   479.655
 204   451.431
 205   278.051
 206   100.882
 207    32.9495
 208  1843.32
 209  2036.91
 210  2194.29
 211  2032.29
 212  1696.04
 213  1426.3
 214   939.012
 215   352.087
 216  2474.2
 217  2626.95
 218  2458.28
 219  2311.41
 220  2175.94
 221  1441.77
 222  1086.72
 223   304.19
 224  2347.53
 225  2647.15
 226  2414.44
 227  2515.9
 228  2173.37
 229  1703.15
 230   758.454
 231   302.209
 232  1845.14
 233  2115.1
 234  2056.17
 235  2092.62
 236  1710.71
 237  1460.46
 238   840.595
 239   358.182
 240   584.302
 241   826.603
 242   836.401
 243   721.4
 244   712.583
 245   471.201
 246   358.228
 247   143.152
 248    22.6842
 249    26.8582
 250    22.0198
 251    43.2467
 252    49.114
 253    39.6284
 254     7.31843
 255    27.0943
 256    74.4825
 257    85.8106
 258    32.6921
 259    69.2525
 260    84.491
 261    55.4444
 262     8.21537
 263     7.9436
 264   762.65
 265   905.56
 266   691.667
 267   671.251
 268   693.627
 269   680.947
 270   343.038
 271   102.06
 272  1891.52
 273  2113.2
 274  1970.86
 275  1870.48
 276  1642.96
 277  1431.67
 278   993.898
 279   392.369
 280  2504.89
 281  2573.55
 282  2631.49
 283  2263.44
 284  1915.39
 285  1781.54
 286  1020.62
 287   378.984
 288  2314.7
 289  2463.43
 290  2391.4
 291  2512.82
 292  2196.95
 293  1727.37
 294   904.474
 295   354.702
 296  1917.92
 297  1915.67
 298  2128.73
 299  1905.48
 300  1573.48
 301  1436.92
 302   869.297
 303   315.638
 304   354.04
 305   297.833
 306   428.11
 307   573.661
 308   411.876
 309   321.553
 310   169.806
 311    39.9346
 312    65.3526
 313    29.1882
 314    96.1662
 315    90.5928
 316    24.1609
 317     0.95808
 318    11.855
 319     1.96099
 320    46.9526
 321    16.2486
 322     2.72132
 323    20.8434
 324    15.6146
 325    22.6932
 326     0
 327     0.75162
 328   107.77
 329   136.799
 330   194.354
 331   116.064
 332    75.0157
 333   194.851
 334    88.1227
 335    23.3556
 336   487.516
 337   629.601
 338   669.318
 339   639.884
 340   488.228
 341   423.37
 342   162.17
 343    47.3002
 344  1594.3
 345  1706.49
 346  1754.11
 347  1800.97
 348  1249.89
 349   894.897
 350   450.324
 351   221.383
 352  1996.08
 353  2072.58
 354  2116.45
 355  1902.06
 356  1610.36
 357  1431.71
 358   650.016
 359   237.824
 360  1091.98
 361  1163.34
 362  1183.58
 363  1222.48
 364   967.538
 365   759.697
 366   458.765
 367   140.671
 368   114.47
 369   196.48
 370   165.986
 371    76.255
 372    51.8693
 373    13.9282
 374    15.3172
 375     7.633
 376     0.78987
 377     1.21637
 378     1.1333
 379     0.48747
 380     0.43143
 381     1.67284
 382     0
 383     0
 384     2.91795
 385     2.83236
 386     1.2005
 387     1.23194
 388     1.70026
 389     0
 390     0
 391     0
 392    24.5124
 393    11.9342
 394     2.65133
 395     0.73954
 396     1.5044
 397     0.17034
 398     0
 399     0.84178
 400    33.2226
 401    73.6322
 402    83.9707
 403    74.0308
 404    85.2058
 405    81.443
 406    36.2744
 407    23.501
 408   235.621
 409   312.034
 410   294.877
 411   272.665
 412   185.564
 413   204.691
 414    24.7492
 415    17.7012
 416   552.112
 417   800.321
 418   759.02
 419   841.676
 420   654.588
 421   552.679
 422   261.088
 423   121.738
 424   281.684
 425   314.723
 426   298.758
 427   357.356
 428   209.888
 429   165.165
 430    59.008
 431     4.87729
 432     7.53164
 433    51.7462
 434    52.2171
 435    31.0204
 436     1.90112
 437     1.28286
 438    17.7722
 439     0
 440     6.28806
 441     2.69153
 442     1.15407
 443     0.82209
 444     0.11943
 445     1.7511
 446     2.07696
 447     2.76928
 448     0.5045
 449     0.86759
 450     0
 451     0.03923
 452     0
 453     0
 454     0.20412
 455     0.26359
 456     1.28455
 457     0.53608
 458     0.68622
 459     0
 460     0
 461     0
 462     0.23809
 463     0.07431
 464     0.87367
 465     3.01022
 466     1.42606
 467     0.49475
 468     1.85386
 469     7.9689
 470     0.47593
 471     1.27521
 472    17.2383
 473    15.1238
 474    30.1846
 475    48.8193
 476    28.2165
 477    24.7617
 478     2.75514
 479     0.21055
 480    12.8792
 481    65.1081
 482    95.6807
 483    50.6552
 484    30.2242
 485    46.5996
 486     0.64427
 487     1.72666
 488     1.60807
 489    45.8615
 490    41.7896
 491    35.0568
 492    29.7085
 493    28.1289
 494     0
 495     1.0606
 496     0
 497     0.76382
 498     1.14
 499     2.2332
 500     0.66087
 501     0.9894
 502     0.29823
 503     0
 504     1.16643
 505     0.01
 506     0
 507     0.22996
 508     0
 509     9.86729
 510     1.31216
 511     0
