This file was gnenerated on 2021-06-22 20:19:09.676114 by Grant Finneman. This contains the extracted data from the Gate simulations
The edep for each bar was summed up and printed to this file. The only math operation done has been addition.

  id        edep
   0     0.95031
   1     0
   2     0
   3     0.15227
   4     0
   5     0.13572
   6     0.13572
   7     0.35326
   8     0
   9     0.93198
  10     1.06948
  11     1.52536
  12     1.65773
  13     0
  14     0.35132
  15     0.14942
  16     2.01116
  17     0.99605
  18     0
  19     0.27931
  20     0
  21     0.55227
  22     1.07698
  23     0
  24     1.87335
  25     8.50671
  26    22.2821
  27    47.9446
  28     6.85257
  29    21.5766
  30     0.73684
  31     1.19377
  32   109.599
  33    68.3536
  34    42.956
  35   106.725
  36    40.3937
  37    45.0301
  38    19.6738
  39     0.14501
  40    31.6212
  41    25.1858
  42    19.8872
  43    32.6722
  44    31.5006
  45    46.9314
  46     7.00282
  47    18.3068
  48     1.01763
  49     0.87416
  50     0.9885
  51     0.28457
  52     1.11434
  53     0
  54     0.74355
  55     0
  56     3.24756
  57     1.97837
  58     0
  59     0.18282
  60     0.64984
  61     0.9839
  62     0.17626
  63     0.8397
  64     1.10545
  65     0.18531
  66     1.25176
  67     0.92601
  68     0.058
  69     0
  70     0
  71    14.183
  72     2.16656
  73     1.53903
  74     0.86647
  75     0.47671
  76     1.15157
  77     1.73546
  78     0.8904
  79     0.45394
  80    20.542
  81    43.2706
  82    14.7158
  83     5.66679
  84     3.2668
  85     5.35286
  86     6.05108
  87     1.30104
  88   171.208
  89   157.783
  90   111.892
  91   122.194
  92   191.01
  93   107.259
  94    22.6701
  95     8.9699
  96  1059.97
  97  1185.21
  98  1163.95
  99  1096.65
 100  1078.79
 101  1120.27
 102   667.738
 103   221.615
 104   701.614
 105   649.518
 106   953.445
 107   792.017
 108   542.959
 109   488.716
 110   315.614
 111    92.1399
 112    44.05
 113    59.084
 114   111.255
 115    69.2663
 116    57.0476
 117    62.172
 118    45.6975
 119     5.58923
 120     0.01301
 121     0.39768
 122     0.74033
 123     0.89616
 124     0.03046
 125     0.80247
 126     1.12299
 127     0
 128     2.39105
 129     0
 130     0.20123
 131     1.61336
 132     1.37254
 133     1.44188
 134     0.22315
 135     0
 136     9.54017
 137     0.66776
 138     1.64422
 139     0.06926
 140     1.39598
 141     1.63023
 142     1.94804
 143     0.32551
 144    45.5664
 145    77.133
 146    67.4541
 147   134.207
 148    57.4854
 149    51.3754
 150    56.5548
 151     0
 152   945.335
 153   907.019
 154   803.045
 155   765.967
 156   708.689
 157   566.001
 158   239.881
 159    91.515
 160  3318.82
 161  3383.97
 162  3179.96
 163  3031.2
 164  2929.79
 165  2563.19
 166  1404.53
 167   668.169
 168  2623.42
 169  2672.94
 170  2528.09
 171  2384.08
 172  1790.74
 173  1381.66
 174   904.332
 175   495.14
 176   165.545
 177   122.544
 178   214.182
 179   187.951
 180   112.666
 181    70.4808
 182    10.9709
 183    14.1647
 184     0.36771
 185     2.97648
 186     1.86827
 187     2.45538
 188     0.0333
 189     3.26567
 190     0.8724
 191     0.59977
 192     0.57726
 193     2.39476
 194     2.11806
 195     0.61905
 196     1.52664
 197     0.56246
 198     0
 199     0.73225
 200    10.2283
 201     2.85532
 202    14.4262
 203     8.20463
 204     1.42756
 205     2.17005
 206     3.52375
 207    10.8788
 208   273.068
 209   278.472
 210   270.64
 211   174.206
 212   191.453
 213   103.585
 214    72.8114
 215    36.1363
 216  2458.36
 217  2407.7
 218  2454.48
 219  2211.24
 220  2297.68
 221  1785.68
 222   993.046
 223   327.284
 224  3506.73
 225  3960.02
 226  3663.69
 227  3234.35
 228  3148.85
 229  2789.68
 230  1806.23
 231   668.529
 232  1324.39
 233  1249.74
 234  1156.88
 235  1206.49
 236  1169.49
 237   873.558
 238   552.281
 239   170.489
 240   112.885
 241    65.474
 242    87.6601
 243   187.953
 244    21.9192
 245    14.4036
 246     3.2083
 247     1.08127
 248     2.27195
 249     0.89505
 250     9.40998
 251    13.097
 252     2.68802
 253     1.64707
 254    19.2539
 255     8.56436
 256     0
 257    15.6808
 258     4.76235
 259     3.6707
 260     0.97491
 261     0
 262     0.52139
 263     0
 264    28.6249
 265    69.3703
 266   167.001
 267   171.091
 268    68.7827
 269    25.1425
 270     9.43154
 271     0.68374
 272  1198.55
 273  1229.89
 274  1305.95
 275  1143.73
 276   976.025
 277   730.463
 278   395.077
 279   155.021
 280  3157.97
 281  3797.23
 282  3733.76
 283  3749.89
 284  3281.36
 285  2689.16
 286  1709.49
 287   604.383
 288  2326.21
 289  2442.79
 290  2480
 291  2385.11
 292  2236.31
 293  1762.25
 294  1025.39
 295   364.187
 296   341.798
 297   370.802
 298   314.489
 299   337.001
 300   282.701
 301   236.255
 302    38.194
 303    24.0218
 304    10.1562
 305    14.4934
 306     5.49632
 307     1.55443
 308    11.2719
 309    23.3347
 310    50.0446
 311     1.30911
 312     1.50421
 313     0.44863
 314     1.34232
 315     0
 316     0.66343
 317     0
 318     0.75778
 319     3.0876
 320     2.18561
 321     0
 322    21.0037
 323     9.02034
 324     0.88727
 325    26.298
 326     0
 327     0.15892
 328   167.091
 329   162.762
 330   238.933
 331   213.759
 332   132.857
 333    63.6439
 334    34.6558
 335    14.1106
 336  2333.6
 337  2465.93
 338  2276.55
 339  2430.73
 340  2268.6
 341  1670.94
 342  1034.24
 343   377.321
 344  3585.41
 345  3484.3
 346  3406.95
 347  3501.04
 348  3155.46
 349  2403.43
 350  1555.51
 351   549.389
 352   952.775
 353   859.379
 354   868.362
 355   799.703
 356   463.445
 357   474.556
 358   277.209
 359    91.2306
 360    15.8996
 361    31.545
 362    57.6425
 363   100.175
 364    44.2043
 365    37.3356
 366    29.6643
 367     8.86578
 368     1.76148
 369     6.74874
 370    14.6021
 371     8.69295
 372     7.79865
 373     5.97174
 374     2.94924
 375     4.37015
 376     0
 377     1.04864
 378     0
 379     0
 380     0.67449
 381     1.4264
 382     1.01383
 383    11.526
 384     0.61261
 385     1.72816
 386     1.02215
 387     0
 388    29.3497
 389     0.39758
 390     0.87647
 391     0.90851
 392   101.799
 393   124.794
 394    46.7228
 395   130.111
 396    59.6761
 397    28.5418
 398     1.82591
 399     0.71883
 400   819.572
 401   954.299
 402   721.356
 403   612.404
 404   578.428
 405   429.285
 406   211.582
 407    70.4211
 408   972.368
 409  1028.18
 410  1246.64
 411  1090.28
 412  1003.85
 413   797.825
 414   535.697
 415   224.829
 416   136.748
 417   186.785
 418   105.091
 419   148.819
 420   144.909
 421   109.29
 422    50.7072
 423     2.89817
 424     6.45853
 425     4.25112
 426     2.04064
 427     9.98655
 428     0.5052
 429     1.04058
 430     0
 431     7.85843
 432     7.22794
 433     1.05391
 434     1.45317
 435     1.42026
 436     2.28983
 437     0
 438     0
 439    12.6996
 440    15.9369
 441     0.74575
 442     0.90888
 443     0.37752
 444     1.84601
 445     0.26216
 446     0
 447     0
 448     0
 449     0
 450     0
 451     0.91313
 452     1.52671
 453     0.85195
 454     0.53943
 455     2.95974
 456     0.83427
 457     1.19685
 458    18.8016
 459    24.8485
 460    15.5311
 461     3.68812
 462     1.13098
 463     0
 464    38.263
 465    22.0178
 466     4.21886
 467    18.5482
 468     0.81699
 469    39.5323
 470    30.1646
 471     0
 472    51.4483
 473    11.0222
 474   104.721
 475    89.8668
 476     7.73365
 477    17.1839
 478    27.1475
 479     0.76652
 480     6.70387
 481    21.0651
 482     1.75609
 483    19.0732
 484     1.95715
 485     1.0693
 486     1.70063
 487     1.01907
 488     1.3661
 489     0.1942
 490     0.50861
 491     0.17462
 492     2.47345
 493     1.56345
 494     0
 495    10.8471
 496     1.08168
 497     0.36976
 498     0.32301
 499     0.64337
 500     1.67374
 501     0
 502     0.43551
 503     8.38121
 504     0
 505     0
 506     0
 507     0.80271
 508     0
 509     0
 510     0.74634
 511     1.08368
