This file was gnenerated on 2021-06-22 20:09:21.461694 by Grant Finneman. This contains the extracted data from the Gate simulations
The edep for each bar was summed up and printed to this file. The only math operation done has been addition.

  id        edep
   0     0.87887
   1     0.23207
   2     0.4737
   3     0.51781
   4     0.28672
   5     0.79325
   6     0
   7     0
   8     0.69387
   9     0
  10     0.31823
  11     0.59855
  12     0.01657
  13     0.87436
  14     0
  15     0.32987
  16     0.74172
  17     1.25884
  18     1.01092
  19     0.38346
  20     1.09486
  21     0
  22     0.93736
  23     0
  24    10.6456
  25     0.17161
  26     0.53754
  27     1.73939
  28     0.55423
  29     1.65369
  30     1.25196
  31     0.75311
  32     2.73742
  33     0.51352
  34     0.6027
  35     0.67903
  36     2.85028
  37     1.98054
  38     0
  39     0.35452
  40     0
  41     1.75733
  42     1.67489
  43     0.53875
  44     1.14536
  45     1.18476
  46     1.12005
  47     1.62821
  48     2.08053
  49     0.94432
  50     1.01693
  51     1.47391
  52     0.43108
  53     2.08844
  54    26.032
  55    10.7855
  56     0.6906
  57     0.38506
  58     0.42355
  59     0.20758
  60     0.64307
  61     0.31223
  62     2.10925
  63     1.22995
  64     2.2623
  65     3.04538
  66     1.42268
  67     0.25366
  68     0.19381
  69     2.90892
  70     1.44681
  71     0.32242
  72     0.63579
  73     0.66542
  74     0.98627
  75     0.40458
  76    18.724
  77    11.9809
  78     0
  79     0.91973
  80     1.83242
  81     1.045
  82    14.0246
  83     1.46384
  84     3.86662
  85    24.758
  86    18.1772
  87     9.32119
  88    11.0176
  89    23.3727
  90    12.2567
  91    25.9275
  92    31.1589
  93     7.32582
  94     5.15276
  95     1.32907
  96    53.1438
  97    41.831
  98    40.9555
  99    67.0465
 100    37.8232
 101    10.5153
 102    10.8304
 103    28.6612
 104     2.20815
 105     1.14632
 106    34.4887
 107    26.8645
 108    36.8126
 109    18.3173
 110    13.186
 111     6.70004
 112     1.12405
 113     1.55067
 114     0
 115     0.76259
 116     1.67673
 117     0.3076
 118     0.88874
 119     0.7657
 120     0.9984
 121     0.11528
 122     0.66828
 123     0.07509
 124     1.62307
 125     0
 126     0
 127     0
 128     0.99471
 129     1.96911
 130     0.36544
 131     0.86918
 132     1.42714
 133     1.76351
 134     0.89586
 135     1.22272
 136     0.11035
 137     1.41154
 138     0.22485
 139     8.8791
 140    14.5899
 141    12.4045
 142     9.16482
 143     6.24134
 144    88.0858
 145    85.0485
 146   116.566
 147    61.9039
 148    79.9455
 149    48.4318
 150    31.2034
 151     3.01947
 152   464.744
 153   506.183
 154   477.367
 155   595.671
 156   302.46
 157   157.784
 158   114.135
 159    39.0112
 160   848.678
 161  1151.92
 162   973.555
 163  1007.02
 164   909.273
 165   475.979
 166   277.33
 167    96.1845
 168   215.954
 169   362.736
 170   235.526
 171   247.502
 172   286.745
 173    49.105
 174    62.734
 175    23.5203
 176     7.48707
 177    21.1193
 178    28.495
 179     1.25366
 180     1.74258
 181     0.58421
 182     3.14767
 183     1.39895
 184     1.71928
 185     2.25603
 186     1.96794
 187     2.958
 188     0.60721
 189     0
 190     5.7986
 191     3.33734
 192     0.56087
 193     1.39796
 194     0.50244
 195     1.15018
 196     0.50236
 197     0.96295
 198     0.35657
 199     0
 200    39.4434
 201    26.5192
 202    25.5516
 203     6.54538
 204     3.01436
 205    23.0855
 206     2.8471
 207     1.30302
 208   599.335
 209   568.63
 210   464.501
 211   588.062
 212   494.097
 213   307.7
 214   159.944
 215    19.0707
 216  4917.46
 217  5286.28
 218  5230.53
 219  5443.58
 220  4804.84
 221  3415.02
 222  2198.34
 223   697.117
 224  8195.01
 225  8740.81
 226  8416.18
 227  8432.42
 228  7674.86
 229  6241.38
 230  3887.03
 231  1633.49
 232  1127.86
 233  1214.93
 234  1309.23
 235   959.649
 236   841.501
 237   555.5
 238   258.405
 239    43.5523
 240    15.2864
 241    50.3466
 242    63.28
 243    31.8061
 244    18.3825
 245     5.58177
 246    15.604
 247     8.07204
 248     0
 249    14.5506
 250    13.4736
 251     1.19342
 252     0
 253     8.7814
 254     6.75573
 255     1.61882
 256     1.10657
 257     2.34393
 258     0.61274
 259     0.82372
 260     0.23863
 261     1.11611
 262     0.25446
 263     0
 264    15.0102
 265     4.55779
 266     8.98348
 267     2.53143
 268    27.4617
 269     0.3607
 270     1.75819
 271    11.0949
 272   875.314
 273  1026.29
 274  1017.76
 275   909.362
 276   858.785
 277   589.452
 278   232.221
 279    47.8844
 280  7885.82
 281  8494.86
 282  8335.1
 283  8216.49
 284  8248.03
 285  6236.11
 286  3951.61
 287  1444.1
 288  4782.86
 289  5116.91
 290  4708.99
 291  5010.56
 292  4443.35
 293  3233.76
 294  1892.61
 295   655.76
 296   584.13
 297   709.074
 298   697.491
 299   572.824
 300   558.596
 301   225.292
 302   117.317
 303    21.8537
 304    20.491
 305    56.4901
 306    51.5959
 307    94.0323
 308    33.3007
 309    22.7746
 310     2.78894
 311     3.83758
 312     9.39363
 313     2.08149
 314     0
 315     2.13691
 316     0.56474
 317     0.24042
 318     1.50125
 319     0
 320     0.8572
 321     0.04913
 322     0.97871
 323     3.01468
 324     1.00143
 325     0.75366
 326     1.68197
 327     4.65178
 328     1.08163
 329     8.27935
 330    34.9436
 331     3.63164
 332     2.61067
 333     1.43055
 334     6.46995
 335     3.88197
 336   207.83
 337   201.184
 338   201.645
 339   251.999
 340   185.828
 341   168.288
 342    78.6757
 343    13.1064
 344  1108.26
 345  1156.27
 346  1169.66
 347  1024.95
 348   822.068
 349   492.769
 350   169.066
 351    37.3941
 352   576.666
 353   505.533
 354   507.968
 355   510.268
 356   380.123
 357   276.787
 358    76.4701
 359    15.678
 360    61.8378
 361    98.0706
 362   108.327
 363    62.3695
 364    38.6422
 365    53.726
 366    37.4838
 367    27.5146
 368     1.22555
 369     2.44527
 370     1.09435
 371     6.42917
 372    20.8762
 373     8.95506
 374     5.27443
 375     0.67237
 376     4.27538
 377     1.00853
 378     0.91816
 379     0.93612
 380     2.89683
 381     0.62181
 382     0.65015
 383     0
 384     0.8913
 385     1.54174
 386     1.1885
 387     2.99599
 388     1.88744
 389     1.35173
 390     9.4692
 391     9.79231
 392     6.51607
 393     1.89466
 394     2.13498
 395     2.82625
 396     1.97336
 397     0
 398     1.41663
 399     1.80247
 400    19.2973
 401     2.37966
 402     3.11688
 403     1.74085
 404     8.40093
 405     0.41153
 406    42.3812
 407    24.7695
 408   115.713
 409    52.128
 410    28.1541
 411    12.9958
 412    10.4308
 413    10.9464
 414    14.8583
 415     1.21256
 416    42.5813
 417    13.4217
 418    34.7316
 419    60.8927
 420    22.4131
 421     5.66389
 422     0.78228
 423     0.00768
 424     4.70129
 425     0.91938
 426     1.58281
 427     3.2959
 428     2.05912
 429     1.65397
 430     2.07041
 431     2.80344
 432     0.56828
 433     0.84543
 434     0
 435     0.66165
 436     1.67687
 437     0.7218
 438     0
 439     1.01314
 440     0
 441     0
 442     1.84394
 443     2.4766
 444     0.50298
 445     1.82503
 446     1.72809
 447     0.53498
 448     0
 449     0
 450     2.66002
 451     0
 452     1.27265
 453     0
 454     0
 455     0
 456     0
 457     0
 458     0.76953
 459     0
 460     0.79325
 461     0.87588
 462     0.7214
 463     0.46466
 464     1.37131
 465     0.15208
 466     1.49124
 467     1.81909
 468     1.2474
 469     1.64273
 470    14.4733
 471     4.96084
 472     0.86087
 473     2.80352
 474     0
 475     0.35209
 476     0.91435
 477     0
 478     0.94029
 479     1.17227
 480     3.20038
 481     0.05276
 482     3.81619
 483     1.33986
 484     0
 485     0.10797
 486     0
 487     0
 488     0.90744
 489     0.38985
 490     2.49254
 491     0
 492    15.649
 493    17.3541
 494    10.7266
 495     9.3448
 496     0.22211
 497     0.28546
 498     0.93599
 499     1.26593
 500     1.25873
 501     0.42499
 502    19.2634
 503     0
 504     0.80713
 505     0.48685
 506     0
 507     0.56843
 508     0
 509     0.44708
 510    11.9109
 511     7.74673
