This file was gnenerated on 2021-06-22 20:24:04.605903 by Grant Finneman. This contains the extracted data from the Gate simulations
The edep for each bar was summed up and printed to this file. The only math operation done has been addition.

  id        edep
   0     0.13794
   1     2.61329
   2     0
   3     0
   4     0.93001
   5     0
   6     0
   7     0.31879
   8     1.38289
   9    21.0938
  10     0.3729
  11     1.98379
  12     1.13199
  13     2.71536
  14     0.51661
  15     1.27951
  16     0.03874
  17     2.42041
  18     0
  19     2.15257
  20     0
  21     8.61083
  22     8.24137
  23     6.31044
  24     0.2774
  25     1.1257
  26     1.12807
  27     2.04582
  28     0.7734
  29     2.29485
  30     0.97047
  31     0.62127
  32     1.45983
  33     0.27248
  34     0.17523
  35     0.82178
  36     0
  37     0.15002
  38     0.86419
  39     0.39759
  40     0.89381
  41     0.8994
  42     0
  43     0.96481
  44     0
  45     1.18602
  46     0.90289
  47     0.19092
  48     0.66169
  49     0
  50     0.68909
  51     0.93516
  52     0.16759
  53     1.4813
  54     0
  55     0.35266
  56     0.04452
  57     0.99251
  58     0
  59     0.27744
  60     0
  61     0
  62     0.61572
  63     0.26712
  64     1.06503
  65     4.39743
  66     1.66445
  67     0.3624
  68     0.87309
  69     0.62323
  70     0.75996
  71     1.65704
  72     1.94902
  73    10.5568
  74    32.2314
  75     8.3213
  76    11.1306
  77    10.8699
  78    13.9278
  79     1.36499
  80     7.27809
  81    44.5293
  82    28.9565
  83    17.7914
  84    19.0962
  85     3.2327
  86     8.87649
  87     7.20119
  88    25.8499
  89    23.7555
  90    30.0602
  91    32.5636
  92    21.939
  93     3.78225
  94     0.75935
  95    14.2597
  96    37.5595
  97    41.5299
  98    12.8863
  99    13.7803
 100    15.3932
 101     2.70624
 102    10.8034
 103     2.84851
 104    20.4026
 105    52.6886
 106    16.7569
 107    33.8321
 108    10.9157
 109    57.0521
 110    17.4623
 111    14.9029
 112     6.3622
 113     1.1013
 114     4.909
 115     2.01513
 116    15.2673
 117     0.40156
 118    11.2583
 119    13.3321
 120     0
 121     0.11841
 122     1.49067
 123     0.17373
 124     0.24115
 125     3.20409
 126     3.16666
 127     7.56837
 128     1.73037
 129     0.01683
 130     1.29712
 131    21.4373
 132     2.84122
 133     1.94734
 134     0.023
 135     3.30316
 136   200.286
 137   214.884
 138   218.385
 139   201.26
 140   176.196
 141   133.11
 142    18.0678
 143    33.1127
 144   643.602
 145   717.834
 146   720.136
 147   643.406
 148   382.375
 149   240.11
 150   114.671
 151    19.8605
 152   667.163
 153   770.05
 154   808.729
 155   672.976
 156   501.069
 157   328.026
 158   179.012
 159    16.1914
 160   745.335
 161   638.149
 162   475.021
 163   685.33
 164   557.52
 165   429.829
 166   191.947
 167    28.7284
 168   656.856
 169   611.66
 170   685.934
 171   557.842
 172   485.916
 173   424.304
 174   124.426
 175    19.4191
 176   241.58
 177   335.738
 178   363.197
 179   224.288
 180   201.098
 181    93.062
 182    57.9045
 183    19.8615
 184    22.9964
 185    39.316
 186    17.2584
 187    40.2681
 188    52.5017
 189    19.4198
 190     2.53237
 191     9.86688
 192    63.78
 193   121.778
 194    41.1071
 195    30.9626
 196    53.2806
 197    14.0456
 198     1.41781
 199     2.31201
 200  1085.27
 201  1069.82
 202   957.144
 203  1069.23
 204   965.059
 205   667.849
 206   337.103
 207   141.738
 208  2572.57
 209  3005.3
 210  2997.17
 211  2955.22
 212  2561.18
 213  1861.22
 214  1051.01
 215   369.177
 216  2624.97
 217  3114.12
 218  3537.05
 219  3252.02
 220  2976.1
 221  2326.81
 222  1249.55
 223   446.647
 224  2860.3
 225  2937.91
 226  2920.57
 227  3160.25
 228  2806.3
 229  2252.43
 230  1397.03
 231   532.731
 232  2733.21
 233  2930.6
 234  3089.96
 235  3097.24
 236  2788.86
 237  2186.14
 238  1446.19
 239   573.028
 240   881.104
 241  1078.59
 242  1127.05
 243   981.783
 244   791.326
 245   659.273
 246   416.516
 247   184.086
 248    14.7812
 249    55.3891
 250    34.3651
 251    78.9601
 252    21.3451
 253    11.9157
 254     1.15539
 255     1.10589
 256   104.747
 257    65.2975
 258    63.9653
 259    21.3312
 260    22.06
 261    35.7664
 262    16.9959
 263    17.4476
 264  1081.2
 265  1148.9
 266   964.765
 267   922.572
 268   819.36
 269   585.035
 270   345.28
 271   176.881
 272  2764.53
 273  3153.93
 274  3271.67
 275  3222.86
 276  2525.91
 277  2244.73
 278  1326.65
 279   606.711
 280  3072.54
 281  3312.7
 282  3571.43
 283  3193.17
 284  2803.26
 285  2110.07
 286  1235.81
 287   505.068
 288  2684.71
 289  2947.15
 290  3067.45
 291  3012.79
 292  3218.48
 293  2569.67
 294  1403.45
 295   458.58
 296  2754.15
 297  3244.31
 298  3386.21
 299  3073.29
 300  2671.86
 301  2119.33
 302  1335.03
 303   532.316
 304   970.327
 305  1060.08
 306  1138.58
 307   901.407
 308   859.358
 309   679.608
 310   396.072
 311   131.463
 312   123.072
 313    67.9048
 314    86.3708
 315    69.4288
 316    22.9949
 317    11.1811
 318    24.1526
 319     1.81781
 320    31.6131
 321    14.0289
 322    50.5996
 323     2.786
 324     1.80838
 325     2.01392
 326     7.584
 327     3.19883
 328   311.48
 329   355.336
 330   233.624
 331   285.503
 332   155.951
 333    76.121
 334    38.442
 335     9.7524
 336   441.825
 337   666.474
 338   685.061
 339   583.563
 340   542.881
 341   389.966
 342   147.048
 343    20.0768
 344   609.671
 345   596.987
 346   698.37
 347   615.817
 348   580.98
 349   344.432
 350    83.4218
 351    13.7394
 352   553.789
 353   726.31
 354   836.906
 355   852.824
 356   583.56
 357   360.916
 358   213.143
 359    86.1973
 360   572.127
 361   628.409
 362   706.407
 363   763.506
 364   716.022
 365   313.996
 366   128.19
 367    32.4783
 368   170.124
 369   260.353
 370   162.546
 371   190.049
 372   233.012
 373   137.66
 374   108.055
 375     2.80866
 376    28.1932
 377     5.8419
 378     7.79846
 379    21.9059
 380     4.10908
 381     0.47727
 382     1.59441
 383     0
 384     0.75968
 385     0.30928
 386     0.72855
 387     0.57877
 388     1.29978
 389     0.57179
 390     0.92388
 391     0
 392     2.05045
 393    29.4022
 394     1.90379
 395     1.01775
 396     1.6258
 397     0.38659
 398     0
 399     0
 400     0.70918
 401     4.24668
 402     1.03983
 403     0.04386
 404     1.01189
 405     7.06987
 406     1.14288
 407     1.0859
 408    47.7285
 409    79.525
 410    10.0324
 411    31.7059
 412    18.3246
 413     1.65373
 414     2.09577
 415     1.62663
 416    36.1049
 417    31.9394
 418    11.5443
 419    18.8476
 420     0.7656
 421     2.3157
 422     0.65386
 423     1.82734
 424    30.824
 425     9.05397
 426    11.6876
 427    42.5227
 428    43.9386
 429    21.491
 430     3.14434
 431     3.40809
 432    27.7542
 433    31.7435
 434     7.88209
 435    17.2367
 436     1.48035
 437    19.755
 438     1.63662
 439     0.69753
 440     2.47951
 441     2.15565
 442     0.92399
 443     0.30027
 444     0.81146
 445     1.09365
 446     0.75347
 447     1.13294
 448     0.37939
 449     0
 450     0.72855
 451     0
 452     0
 453     0
 454     0
 455     0.92444
 456     2.33365
 457     1.08231
 458     1.73653
 459     0.64515
 460     0.64478
 461     0
 462     0
 463     0.8658
 464     0
 465     0.8958
 466     0.88675
 467     1.94995
 468     0.42312
 469     1.26533
 470     2.26158
 471     4.12835
 472     1.69627
 473     1.90491
 474     1.69032
 475     0
 476     0
 477     4.0724
 478     0.51786
 479     1.22568
 480     0
 481     0.83001
 482     2.66985
 483     0.42259
 484     0
 485     1.22052
 486     0.93125
 487     0
 488     0.86249
 489     0.79609
 490     1.07656
 491     0.33302
 492     1.26477
 493     0
 494     0
 495     0
 496     0.63158
 497     0.35318
 498     0.77779
 499     1.56931
 500     0.94756
 501     0.72484
 502     0.94276
 503     4.64478
 504     0.41482
 505     0
 506     0
 507     0
 508     1.19122
 509     1.21163
 510     0.29995
 511     1.06213
