This file was gnenerated on 2021-06-22 20:39:49.709471 by Grant Finneman. This contains the extracted data from the Gate simulations
The edep for each bar was summed up and printed to this file. The only math operation done has been addition.

  id        edep
   0     1.0224
   1     0
   2     0.28039
   3     0.53058
   4     0.93502
   5     0.56075
   6     0
   7     0
   8     0.57916
   9     1.01494
  10     0.99643
  11     1.18919
  12     1.65035
  13     0
  14     0.76935
  15     0.19318
  16     0
  17     0.84569
  18     1.52425
  19     0.78443
  20     1.10735
  21     0.80383
  22     2.07688
  23     0.29956
  24    19.7924
  25    10.6611
  26     9.99974
  27    27.5184
  28     4.81841
  29     0.5374
  30     0
  31     2.52737
  32    34.8548
  33     1.05754
  34     0.25588
  35    15.0166
  36    11.4845
  37     0.91474
  38     0.95543
  39     1.38639
  40     1.97247
  41     2.18363
  42     0.70374
  43     0.64388
  44     0
  45     0.79259
  46     0.77519
  47     0.18924
  48     1.82647
  49     4.14166
  50     0.44719
  51     0.83162
  52     0.38817
  53     0.54864
  54     0.25144
  55     0.01002
  56     1.05431
  57     0.15793
  58     1.55293
  59     0
  60     0
  61     0.48574
  62     0
  63     0
  64     0
  65     0.9088
  66     0
  67     0.68033
  68     0
  69     0.73865
  70     0
  71     0.81092
  72     1.94801
  73     1.93028
  74     0.79379
  75     0.67053
  76     2.37221
  77     0
  78     1.38365
  79     1.0176
  80    97.9274
  81   107.995
  82    80.1105
  83    43.2677
  84    43.824
  85    31.3088
  86     2.88646
  87     9.62048
  88   277.348
  89   385.267
  90   372.377
  91   272.187
  92   374.058
  93   181.166
  94    61.6775
  95    18.171
  96   249.54
  97   326.663
  98   304.469
  99   188.775
 100   163.066
 101   109.284
 102    74.7622
 103    20.2501
 104    66.9966
 105    52.2904
 106   213.651
 107    95.2662
 108    83.5508
 109    87.5856
 110    32.7612
 111    11.9048
 112     0
 113     0.95674
 114     1.50769
 115     1.56156
 116     5.1
 117     1.81457
 118     0.86172
 119     6.0607
 120     0
 121     0.56001
 122     2.11277
 123     0
 124     3.05636
 125     1.60094
 126     0.99574
 127     1.41498
 128     0.32255
 129     0.72125
 130     1.32524
 131     0
 132     0
 133     4.2788
 134     5.8552
 135    20.7218
 136     1.96605
 137     3.18794
 138    28.3386
 139     0.39846
 140     0.66767
 141     5.2538
 142     3.03678
 143     4.76167
 144   409.208
 145   280.314
 146   488.037
 147   504.553
 148   476.777
 149   149.436
 150    53.9621
 151     9.63724
 152  2304.11
 153  2277.87
 154  2375.18
 155  2280.67
 156  2190.64
 157  1862.51
 158  1061.75
 159   456.11
 160  2421.72
 161  2483.1
 162  2323.11
 163  2463.92
 164  2120.46
 165  1671.77
 166  1129.41
 167   362.681
 168  1121.56
 169  1107.06
 170   982.108
 171   897.542
 172   763.809
 173   670.961
 174   400.208
 175   112.981
 176    45.8028
 177    39.287
 178    26.2455
 179   243.979
 180   127.075
 181    39.0395
 182    44.4159
 183    17.1694
 184     1.42602
 185     1.81071
 186     0.3844
 187     0.51705
 188     0.92267
 189     0.10478
 190     0.09199
 191     1.05714
 192     1.64659
 193     2.97724
 194     1.90025
 195     0.55529
 196     1.34007
 197     0.71458
 198    12.616
 199     0.89107
 200    65.2124
 201    68.9838
 202    76.7858
 203    35.006
 204    26.4994
 205    28.7882
 206    41.3891
 207    16.6613
 208   950.313
 209   998.875
 210  1164.25
 211   993.191
 212   836.207
 213   762.787
 214   263.359
 215    50.2694
 216  3283.83
 217  3697.91
 218  3576.81
 219  3214.54
 220  2969.17
 221  2421.41
 222  1480.78
 223   638.318
 224  3494.32
 225  3567.19
 226  3726.62
 227  3607.93
 228  3227.55
 229  2634.9
 230  1555.15
 231   576.59
 232  1507.22
 233  1712.53
 234  1507.51
 235  1568.98
 236  1224.66
 237   811.291
 238   473.684
 239   142.523
 240    55.3721
 241    89.087
 242    98.8675
 243    56.1249
 244    71.5625
 245    49.6912
 246    11.0758
 247     3.15475
 248     1.89515
 249     1.8216
 250    14.4013
 251     0.2505
 252     0
 253    12.3621
 254    13.9204
 255    23.1308
 256     1.48029
 257     1.73781
 258     0.92016
 259     0.82902
 260     3.05342
 261     2.38847
 262     0.14274
 263     0.27896
 264   173.57
 265   193.138
 266   202.814
 267   128.034
 268    63.5766
 269    20.0555
 270     4.80469
 271     3.23172
 272  1485.28
 273  1634
 274  1939.22
 275  1988.38
 276  1754.71
 277  1317.96
 278   584.11
 279   172.445
 280  3801.83
 281  3858.87
 282  3457.72
 283  3614.16
 284  3155.81
 285  2393.08
 286  1389.5
 287   517.668
 288  3266.3
 289  3352.63
 290  3730.63
 291  3554.1
 292  3126.43
 293  2359.82
 294  1509.5
 295   588.098
 296  1070.21
 297  1138.19
 298  1034.07
 299  1120.13
 300   967.939
 301   716.537
 302   480.996
 303    89.7266
 304    32.7744
 305    74.6954
 306    57.2868
 307   104.793
 308    43.7813
 309    53.6834
 310    26.7196
 311    18.2941
 312     3.78062
 313     1.87538
 314     1.21999
 315     0.5885
 316     0.59551
 317     0.18767
 318     0
 319     0
 320     2.1555
 321     3.57485
 322     0.24578
 323     2.23994
 324     0.88643
 325     0
 326     0.80169
 327     0.12418
 328    87.4406
 329    96.6251
 330    48.195
 331   119.387
 332    75.0692
 333    52.6982
 334     2.88303
 335     1.01616
 336  1160.79
 337  1199.77
 338  1006.88
 339  1016.97
 340   988.243
 341   642.54
 342   397.104
 343   172.244
 344  2242.91
 345  2118.02
 346  2265.3
 347  2355.54
 348  2305.9
 349  1815.78
 350   919.977
 351   357.354
 352  2238.37
 353  2256.61
 354  2473.15
 355  2365.03
 356  2061.53
 357  1539.31
 358  1037.48
 359   350.397
 360   298.205
 361   372.325
 362   443.118
 363   352.671
 364   367.892
 365   204.104
 366   133.508
 367    22.7307
 368    31.6517
 369     7.42728
 370    21.375
 371     9.01399
 372     7.37001
 373    19.3678
 374     7.11793
 375     0.49072
 376     0.04071
 377     1.51236
 378     0
 379     0.7971
 380     1.49282
 381     0.35006
 382     0.817
 383     0
 384     0.79516
 385     0.93328
 386     0.30991
 387     3.17509
 388     0.97307
 389     0
 390     1.25412
 391     0.08331
 392    11.3653
 393     0
 394    14.8927
 395    22.9079
 396     0.52441
 397     2.49684
 398     0
 399     3.15571
 400    80.9166
 401   132.693
 402    85.1278
 403    88.8149
 404    39.3907
 405    41.0455
 406    14.1535
 407    23.202
 408   165.581
 409   416.891
 410   301.575
 411   272.433
 412   131.257
 413    65.7725
 414    80.2201
 415     1.64558
 416   306.031
 417   289.315
 418   241.222
 419   311.491
 420   233.234
 421   102.019
 422    40.8384
 423     0.57345
 424    60.5391
 425    98.0689
 426    48.5962
 427    71.2108
 428    42.1098
 429    71.0617
 430    21.9433
 431    10.4761
 432    12.3117
 433     2.63944
 434     1.08683
 435     1.99172
 436     1.91821
 437     0.95572
 438     1.5814
 439     0
 440     1.41117
 441     2.3774
 442     3.37204
 443     1.09948
 444     0.54974
 445     2.41248
 446     1.03064
 447     1.59084
 448     0
 449     0.3805
 450     0.20876
 451     1.23461
 452     0
 453     0
 454     0.24287
 455     0
 456     2.68862
 457     0.76236
 458     0.98727
 459     1.30502
 460     1.43505
 461     0.91342
 462     1.23314
 463     0.02204
 464     0.87288
 465     1.14238
 466     1.41862
 467     1.67294
 468     1.26475
 469     1.40538
 470     0
 471     0.01837
 472     2.56549
 473    32.9597
 474     0.9654
 475     2.91319
 476     2.07098
 477     0.01627
 478     3.13305
 479     6.69675
 480     0.9578
 481     1.61141
 482     1.00764
 483     2.48534
 484    29.7161
 485     9.17743
 486    12.8539
 487     6.57351
 488     1.10153
 489     0
 490     0.0081
 491     1.1877
 492     0.7936
 493     0.04046
 494     0
 495    13.0973
 496     0.60844
 497     0
 498     0.85934
 499     0.29855
 500     0.10017
 501     0
 502     2.49454
 503     0
 504     0.54695
 505     0.17209
 506     0
 507     0
 508     0.25417
 509     0
 510     0
 511     1.44702
