This file was gnenerated on 2021-06-22 20:28:50.297559 by Grant Finneman. This contains the extracted data from the Gate simulations
The edep for each bar was summed up and printed to this file. The only math operation done has been addition.

  id        edep
   0     0.81384
   1     1.88839
   2     1.21694
   3     0.78775
   4     0.83644
   5     0
   6     0.64491
   7     0.51002
   8     0
   9     1.98617
  10     1.64288
  11     1.07787
  12     1.3092
  13     1.21975
  14     1.22342
  15     0
  16     2.69759
  17     0.12557
  18     0.37001
  19     0
  20     0.73818
  21     1.47482
  22     0
  23     0.55435
  24     1.40428
  25    37.256
  26    28.1416
  27    17.3716
  28     2.66694
  29     1.98306
  30     0.53016
  31     0.87625
  32    12.4027
  33    19.27
  34     2.18789
  35     0.74936
  36    17.0257
  37     7.41494
  38     2.4195
  39     1.60294
  40     1.64288
  41    13.9602
  42     0.10454
  43     9.39623
  44     8.11806
  45     0.78848
  46     3.08504
  47     0.88814
  48     0.78978
  49     1.71092
  50     1.18899
  51     0
  52     0.53296
  53     1.14051
  54     0
  55     0
  56     1.0003
  57     2.13947
  58     0
  59     0.88208
  60     0.22043
  61     0.55044
  62     0
  63     1.44124
  64     0.78333
  65     0.86181
  66     1.34171
  67     0.79314
  68     0
  69     0
  70     0.30226
  71     0.80795
  72     1.67722
  73     4.03499
  74    43.9721
  75    14.0121
  76     6.13479
  77     0.33738
  78     2.28908
  79     0
  80    66.0939
  81    97.8153
  82   197.195
  83    44.3788
  84   132.713
  85    61.4363
  86    23.1973
  87     3.88086
  88   336.585
  89   339.008
  90   363.521
  91   250.623
  92   336.178
  93   283.397
  94    70.758
  95     6.98272
  96   361.619
  97   424.16
  98   494.092
  99   500.945
 100   356.336
 101   193.943
 102    85.8564
 103     9.57006
 104    82.7885
 105    47.4968
 106    29.4094
 107    51.9322
 108    31.8252
 109    21.7099
 110    40.4194
 111     1.80459
 112     1.078
 113     0.18866
 114    11.6075
 115     0.72813
 116     1.39053
 117     1.00464
 118     0.13501
 119     0.1817
 120     0.93915
 121     1.18925
 122     0.04825
 123     1.11555
 124     0.34885
 125     1.74753
 126     1.2404
 127     0.59922
 128     2.14676
 129    16.2103
 130     1.09363
 131     1.01507
 132     0.10175
 133     0.16306
 134     1.78532
 135     0.75766
 136   108.585
 137    53.4518
 138   152.971
 139    76.5409
 140    66.9112
 141    42.1493
 142    22.2786
 143     0
 144  1026.29
 145   798.703
 146   956.421
 147   973.124
 148  1122.09
 149   833.699
 150   356.802
 151   108.838
 152  2403.75
 153  2217.17
 154  2364.82
 155  2494.84
 156  2272.27
 157  1822.93
 158  1157.46
 159   433.495
 160  2053.94
 161  2255.53
 162  2073.4
 163  1986.63
 164  2071.71
 165  1610.15
 166  1005.88
 167   437.224
 168   249.104
 169   258.023
 170   207.935
 171   207.73
 172   191.786
 173   129.816
 174    21.3132
 175    11.2601
 176     4.11714
 177     9.79458
 178     7.20314
 179    15.2571
 180    19.818
 181    17.9493
 182    28.8817
 183     0.78348
 184     0.94709
 185     1.89525
 186     2.39114
 187     0.27047
 188     0.54729
 189     1.2704
 190     0
 191     0
 192     4.90015
 193     1.89792
 194    12.2415
 195    36.3986
 196     9.23713
 197    15.0165
 198     3.69615
 199     0
 200   244.992
 201   191.857
 202   280.382
 203   277.831
 204   220.325
 205   164.155
 206    74.841
 207    26.9922
 208  2203.63
 209  2530.35
 210  2354.2
 211  2099.46
 212  2179.46
 213  1688.88
 214   978.175
 215   289.156
 216  3208.02
 217  3922.73
 218  3704.5
 219  3783.67
 220  3228.11
 221  2536.85
 222  1598.79
 223   554.063
 224  3265.7
 225  3519.11
 226  3467.22
 227  3331.06
 228  3227.94
 229  2641.65
 230  1485.59
 231   570.441
 232  1014.27
 233  1311.94
 234  1122.4
 235  1004.3
 236   950.653
 237   700.314
 238   374.757
 239   117.364
 240   116.372
 241   112.133
 242    44.7913
 243    78.1303
 244    39.5199
 245    45.5846
 246    49.8702
 247    17.7504
 248     0.96833
 249     1.42256
 250     0
 251     4.76705
 252     0.85849
 253     5.25947
 254     0.94079
 255     0.12615
 256     2.79634
 257     9.46136
 258     3.95616
 259    17.3256
 260    25.6013
 261    23.3169
 262     1.65651
 263     0.7872
 264    56.5553
 265    66.8703
 266    95.5007
 267   141.337
 268    62.8882
 269    36.3598
 270    59.5227
 271    25.9856
 272  1146.16
 273  1324.13
 274  1036.08
 275  1094.81
 276   856.346
 277   681.579
 278   364.881
 279   166.553
 280  3268.73
 281  3627.6
 282  3804.66
 283  3571.41
 284  2924.74
 285  2298.81
 286  1625.66
 287   557.366
 288  3978.99
 289  3811.41
 290  3643.97
 291  3678.14
 292  3024.33
 293  2495.84
 294  1354.17
 295   536.32
 296  2092.38
 297  2114.12
 298  2351.95
 299  2305.46
 300  1832.93
 301  1522.03
 302   895.662
 303   387.953
 304   207.279
 305   279.719
 306   346.829
 307   201.805
 308    80.0614
 309   100.097
 310    24.4087
 311    18.5477
 312     5.31664
 313     1.0053
 314     5.71863
 315     0.3647
 316     0
 317     0
 318     3.12632
 319     0.67851
 320     1.36171
 321     0.89775
 322     1.01432
 323     1.25738
 324     0.67152
 325     0.39574
 326     1.48208
 327     0
 328     2.8727
 329     0.66912
 330     1.47643
 331    27.7541
 332     0.38718
 333     4.60912
 334     0.7113
 335    17.1011
 336   282.207
 337   242.849
 338   230.659
 339   233.355
 340    88.1073
 341   177.046
 342    40.923
 343    20.8857
 344  2012.33
 345  2037.73
 346  2129.45
 347  2160.48
 348  1582.32
 349  1389.01
 350   702.039
 351   278.403
 352  2323.51
 353  2825.75
 354  2558.17
 355  2342.62
 356  1977.83
 357  1702.48
 358   924.6
 359   313.161
 360   943.998
 361  1052.64
 362  1004.12
 363   923.17
 364   786.483
 365   393.055
 366   212.311
 367    88.2742
 368    66.7503
 369   126.739
 370   177.358
 371   139.868
 372    52.3773
 373    41.2883
 374    11.5693
 375     4.33917
 376     0.91656
 377     2.36842
 378     1.92913
 379     1.14778
 380     1.51906
 381     0.60086
 382     0.74174
 383     0
 384     0.6911
 385     0.72621
 386     1.98091
 387     0
 388     0
 389     0.58993
 390     0.80881
 391     0.69011
 392     2.20849
 393     0.86855
 394     1.61239
 395     1.86795
 396     0.66375
 397    20.9856
 398     0.87153
 399    15.5934
 400    16.3456
 401    19.996
 402    19.2947
 403    62.996
 404    18.5196
 405    56.2877
 406    45.0161
 407    14.1822
 408   345.67
 409   343.639
 410   370.715
 411   277.833
 412   212.707
 413   163.924
 414   110.151
 415    42.7655
 416   332.575
 417   331.496
 418   238.522
 419   278.755
 420   250.602
 421    77.6162
 422    33.5806
 423    39.9529
 424    68.002
 425   153.14
 426    91.317
 427    37.4486
 428    27.6875
 429    24.5566
 430    32.2182
 431     5.12068
 432     9.16882
 433    18.5523
 434     2.27903
 435     1.22509
 436     9.62346
 437     0.95024
 438     1.16138
 439     0.0237
 440     1.2981
 441     1.79475
 442     0.19208
 443     1.18986
 444     1.6631
 445     0.81526
 446     0
 447     0
 448     0.99984
 449     0
 450     0.41681
 451     0
 452     0.92712
 453     2.0616
 454     0
 455     0.69011
 456     1.47958
 457     0.78976
 458     0
 459     1.74284
 460     0
 461     0
 462     0
 463     0.42599
 464     1.42323
 465    33.1676
 466     1.44874
 467     5.89942
 468    18.1285
 469    14.7952
 470     0.74912
 471     0.43237
 472     3.04007
 473    28.242
 474     1.56389
 475    17.544
 476     0.87321
 477     0.30535
 478     1.78289
 479     1.42794
 480     6.50944
 481    17.9196
 482    15.1649
 483    25.3606
 484    25.9854
 485    17.4732
 486     7.9997
 487    10.4575
 488     0.47662
 489     1.23965
 490     3.07646
 491     0.84803
 492     1.26774
 493     0.67771
 494     0.89847
 495     1.97184
 496     0.76611
 497     0
 498     0.31092
 499     0.99189
 500     0.5587
 501     2.10109
 502     0
 503     0.47379
 504     0
 505     1.00063
 506     1.54483
 507     1.12693
 508     0
 509     0
 510     0
 511     0.30061
