This file was gnenerated on 2021-06-22 22:00:18.001369 by Grant Finneman. This contains the extracted data from the Gate simulations
The edep for each bar was summed up and printed to this file. The only math operation done has been addition.

  id        edep
   0     0
   1     0
   2     1.09905
   3     0.22792
   4     0
   5     2.061
   6     0
   7     0
   8    47.1895
   9    18.7091
  10    18.0349
  11    20.0767
  12    34.9188
  13     0.44504
  14     1.23487
  15     0.2549
  16    75.2411
  17    55.1606
  18    50.9916
  19    29.4215
  20    79.5292
  21    15.5749
  22     0
  23    11.9525
  24   193.748
  25   113.223
  26   104.758
  27   129.056
  28    51.1723
  29    25.5082
  30    16.589
  31     0.68928
  32    19.5079
  33     1.89892
  34    30.755
  35    68.9277
  36    59.9568
  37     3.3233
  38     8.16119
  39     2.75562
  40     1.18781
  41     0.42039
  42     7.83507
  43     9.84275
  44     0
  45     0.91931
  46     1.9617
  47    13.2893
  48     1.84649
  49     0.8085
  50     0.18749
  51     0.4609
  52     0.23012
  53     0
  54     0
  55     0.8803
  56     0.41822
  57     0.84566
  58     0
  59     0
  60     0.11795
  61     0.95232
  62     0
  63     0.83517
  64     0
  65    20.3684
  66    33.9427
  67    14.9307
  68    29.6356
  69    11.0543
  70     1.37577
  71     1.35658
  72   129.669
  73   142.408
  74   161.212
  75   158.819
  76   106.458
  77    60.3157
  78    43.589
  79     5.74827
  80   513.864
  81   636.471
  82   518.287
  83   488.785
  84   429.818
  85   284.134
  86    85.5676
  87    66.3113
  88  1380.57
  89  1571.1
  90  1419.77
  91  1217.44
  92  1088.45
  93   930.054
  94   533.786
  95   260.373
  96   597.176
  97   469.895
  98   490.756
  99   504.148
 100   359.108
 101   303.586
 102   131.69
 103    23.5709
 104   117.08
 105    70.1601
 106   105.389
 107    47.6824
 108    37.8995
 109    13.3622
 110     5.78115
 111    13.1632
 112     0.02464
 113     0.45338
 114     6.0718
 115     0.57081
 116     0.70791
 117    14.8507
 118    38.1386
 119    31.5738
 120     0
 121     1.15659
 122     1.42971
 123     2.35152
 124     0.69577
 125     0.3114
 126     0.51429
 127     1.16655
 128    33.5676
 129    14.2801
 130    57.0665
 131    13.2731
 132    37.4744
 133    42.2064
 134     5.83453
 135     6.07499
 136   426.58
 137   469.474
 138   470.085
 139   514.145
 140   401.955
 141   327.756
 142   153.579
 143    84.4177
 144  1759.07
 145  1887.47
 146  1886.75
 147  1909.76
 148  1471.92
 149  1205.49
 150   651.795
 151   274.179
 152  2536.98
 153  2872.43
 154  2423.88
 155  2201.82
 156  1919.63
 157  1561.09
 158   975.271
 159   356.871
 160  1691.29
 161  1621.88
 162  1672.12
 163  1311.47
 164  1025.45
 165   908.259
 166   489.356
 167   191.478
 168   220.991
 169   279.083
 170   241.666
 171   282.523
 172   163.167
 173    78.3715
 174    46.4895
 175    17.0556
 176    13.2187
 177    22.5256
 178    70.6981
 179    46.3395
 180     1.59334
 181     4.34798
 182    12.2166
 183     9.13424
 184     5.71634
 185     0.51572
 186     0.0062
 187     1.63021
 188     9.82624
 189     6.16485
 190     0
 191     1.39314
 192    37.2106
 193    66.9163
 194    72.1168
 195    34.4677
 196    38.2162
 197    18.0219
 198    12.8428
 199     0.41182
 200   361.717
 201   380.185
 202   245.058
 203   297.425
 204   281.368
 205   137.327
 206    73.0379
 207    20.1451
 208  1928.64
 209  2192.73
 210  2049.92
 211  1732.43
 212  1343.08
 213  1053.6
 214   661.038
 215   265.518
 216  2554.94
 217  3060
 218  2809.89
 219  2355.76
 220  2173.29
 221  1837.61
 222  1188.07
 223   338.974
 224  2545.49
 225  2570.7
 226  2836.16
 227  2372.77
 228  1801.76
 229  1457.99
 230   896.447
 231   406.408
 232  1002.51
 233   990.587
 234   874.565
 235   674.163
 236   487.646
 237   404.182
 238   350.395
 239   141.84
 240   120.63
 241    83.4666
 242    44.9287
 243    48.7668
 244    69.8083
 245    56.3957
 246    26.7217
 247     1.08986
 248     1.75864
 249    13.7959
 250    21.8945
 251     1.80009
 252    13.2656
 253     1.70205
 254     0.24561
 255     1.17012
 256    25.3782
 257     1.7012
 258     7.29465
 259     0.30526
 260     1.61205
 261     2.66989
 262     0.3996
 263     1.10148
 264   137.59
 265   201.827
 266   107.479
 267   101.1
 268   132.173
 269    58.1735
 270    27.2936
 271    15.7022
 272   962.009
 273  1156.28
 274  1003.43
 275   669.289
 276   501.386
 277   468.313
 278   233.788
 279    61.8797
 280  2339
 281  2382.29
 282  2240.6
 283  2307.46
 284  2007.37
 285  1411.9
 286   817.877
 287   217.358
 288  2523.41
 289  2814.94
 290  2900.83
 291  2486.02
 292  2355.09
 293  1641.93
 294  1055.53
 295   434.643
 296  1864.33
 297  1725.93
 298  1726.47
 299  1622.63
 300  1595.18
 301  1015.83
 302   699.427
 303   270.805
 304   280.089
 305   234.314
 306   350.16
 307   263.199
 308   201.792
 309    87.4808
 310   105.29
 311    29.0646
 312     0.58381
 313    37.448
 314    31.178
 315     7.37136
 316    33.0769
 317     0
 318     0.02974
 319     0.79423
 320     0.87932
 321     0.46797
 322     1.56173
 323     0.91927
 324     0.86225
 325     2.88123
 326     0.4335
 327     0
 328     1.0224
 329    59.3859
 330    44.0579
 331    23.4194
 332    65.9553
 333    28.7577
 334     6.83263
 335     6.66984
 336   220.848
 337   145.166
 338   261.662
 339   135.397
 340   139.478
 341    59.5018
 342    17.1828
 343     2.37392
 344  1623.73
 345  1617.66
 346  1763.66
 347  1512.02
 348  1369.62
 349  1039.75
 350   580.861
 351   153.861
 352  2354.32
 353  2414.23
 354  2214.24
 355  2456.08
 356  2018.01
 357  1687.95
 358   832.408
 359   312.436
 360  2060.48
 361  2095.94
 362  2133.42
 363  2210.49
 364  1868.3
 365  1513.39
 366   917.141
 367   349.611
 368   462.781
 369   416.918
 370   551.852
 371   461.164
 372   398.02
 373   287.472
 374   261.345
 375   108.044
 376    17.3391
 377     5.01508
 378    11.672
 379    40.8555
 380    21.2942
 381    11.0001
 382     8.91716
 383     3.99462
 384     0.46297
 385     1.65678
 386     0
 387     0.81781
 388     0
 389     1.87439
 390     0.50863
 391     0.76188
 392     0.58505
 393     1.49711
 394     0.36175
 395     0.156
 396     2.19845
 397     0.04941
 398     0.26941
 399     1.27058
 400    52.8955
 401    15.6623
 402   112.315
 403    41.1983
 404    53.1817
 405    14.8685
 406     2.19533
 407     0.76327
 408   532.658
 409   359.37
 410   615.471
 411   354.558
 412   400.557
 413   344.58
 414   167.774
 415    36.7991
 416  1136.12
 417  1163.76
 418  1349.48
 419  1103.41
 420   888.179
 421   765.487
 422   384.209
 423   139.44
 424   637.953
 425   805.092
 426   674.197
 427   462.443
 428   429.245
 429   323.648
 430   155.817
 431    44.1243
 432   148.965
 433   130.242
 434   165.686
 435    76.5351
 436    75.3963
 437    45.5216
 438     1.40427
 439    21.9397
 440    26.2811
 441     8.07653
 442     1.39986
 443     8.05698
 444    17.049
 445     7.73384
 446     0
 447     0.04296
 448     0
 449     0
 450     1.65323
 451     0
 452     0
 453     0.21699
 454     0
 455     0
 456     0.77448
 457     0.44093
 458     0.09728
 459     1.13168
 460     0.49063
 461     0.20917
 462     0
 463     7.61875
 464     2.05406
 465     1.06497
 466     5.47958
 467     0.54931
 468     0.38919
 469     5.38719
 470     4.32564
 471     3.39959
 472    38.7476
 473    45.104
 474   143.488
 475    30.2909
 476     9.91945
 477    20.6883
 478    19.2104
 479     0.2377
 480   167.287
 481   156.344
 482    85.0803
 483    56.5698
 484    78.0434
 485    59.1188
 486    36.3374
 487     0
 488    85.0978
 489    81.3635
 490    44.5479
 491    30.625
 492    59.8609
 493    26.8903
 494    36.3438
 495    26.8614
 496    33.7175
 497     0.73276
 498     0.795
 499    55.3594
 500    17.2813
 501    27.0635
 502     6.27481
 503     0.22705
 504     0.32061
 505     1.00603
 506     0.71868
 507     0.78063
 508     0.59108
 509     0.78453
 510     0
 511     0.2608
