This file was gnenerated on 2021-06-17 21:27:13.005826 by Grant Finneman. This contains the extracted data from the Gate simulations
The edep for each bar was summed up and printed to this file. The only math operation done has been addition.

  id      edep
  10    0.5364
  29    0.7317
  30    0.395
  35    0.4019
  36    0.0732
  43    0.8035
  46   18.5904
  47    8.5206
  49    0.3868
  62    0.8375
  71    0.4664
  75    3.4969
  79    0.6438
  80    5.9873
  81   12.0495
  82   19.6968
  83   26.1854
  86   15.2068
  88   46.2946
  89   19.1028
  90    5.8887
  91   25.693
  92   84.4538
  93   16.3107
  94   19.035
  96   14.1025
  97   12.164
  99    9.3383
 100   17.892
 101    0.5937
 102    0.9968
 104    0.3151
 111   11.619
 114    0.12
 121    0.1645
 128   18.5922
 130    0.1652
 132    1.7033
 136   37.8411
 137   22.0655
 138    7.2373
 140   26.8812
 144  136.245
 145  137.228
 146  150.351
 147  174.121
 148  110.914
 149   48.948
 150   89.4243
 151   24.0882
 152  226.534
 153  234.637
 154  209.995
 155  248.793
 156  202.189
 157  136.841
 158  120.061
 159   68.3684
 160  146.261
 161  192.702
 162  141.077
 163  124.887
 164  154.241
 165   77.2383
 166   38.6295
 167   35.8474
 168   22.1891
 169   64.7915
 170   41.8623
 171   55.3402
 172   33.919
 173   44.804
 174   15.2332
 176   12.9537
 177    4.6475
 178   10.0995
 179   13.2955
 180    2.5521
 182    0.5864
 183    0.0754
 187    0.1302
 188    0.2517
 192    3.1479
 193    0.0356
 197    0.2857
 199    0.2027
 200   32.8756
 201    8.8285
 202   33.8216
 203   28.4278
 204   21.1454
 205   30.3048
 206    0.7407
 207    0.1263
 208  170.471
 209  206.377
 210  177.996
 211  153.903
 212  143.244
 213  147.115
 214   48.3406
 215   12.8736
 216  402.166
 217  453.074
 218  220.092
 219  290.868
 220  267.769
 221  146.472
 222   96.6294
 223   60.8354
 224  270.939
 225  240.118
 226  364.362
 227  371.715
 228  265.11
 229  171.45
 230  119.746
 231   42.4939
 232  192.865
 233  215.436
 234  241.069
 235  309.828
 236  223.797
 237  160.663
 238  136.703
 239   52.9553
 240   15.3159
 241   41.4975
 242   65.9489
 243  103.6
 244   46.5197
 245   28.1379
 246    6.3128
 251    0.7842
 257   10.4604
 258    0.2203
 259    0.2203
 260    0.2203
 261    0.4273
 263    0.782
 264   40.2909
 265   33.7642
 266   26.7124
 267    6.0669
 268    2.4463
 270   11.2082
 271    0.782
 272  293.557
 273  286.087
 274  215.947
 275  166.336
 276  148.723
 277  111.74
 278   81.971
 279   21.7548
 280  316.175
 281  360.418
 282  299.44
 283  328.957
 284  174.272
 285  157.646
 286  147.207
 287   35.0378
 288  316.458
 289  376.815
 290  453.68
 291  384.481
 292  289.443
 293  216.469
 294  148.12
 295   42.4636
 296  195.291
 297  186.621
 298  177.394
 299  226.985
 300  188.021
 301  125.917
 302   60.6892
 303   29.4222
 306  107.483
 307   42.8977
 308   12.2653
 309   10.5139
 310    0.9723
 312    0.1206
 315    1.2189
 320    0.5208
 321    4.1895
 322    0.2265
 328    0.063
 329   13.2381
 330   18.6995
 331   19.0536
 332    1.872
 333    0.4605
 334    0.5575
 336  122.359
 337   51.8317
 338   58.2298
 339   50.044
 340   54.03
 341   22.3321
 342   11.8513
 343    1.3246
 344  174.229
 345  194.792
 346  127.821
 347  150.796
 348  160.916
 349   85.7313
 350   72.0622
 351   13.0601
 352  193.496
 353  267.866
 354  204.584
 355  263.411
 356  222.315
 357  168.963
 358  170.812
 359   36.8081
 360  108.161
 361  155.557
 362  102.905
 363   61.4656
 364   61.1764
 365   58.0885
 366   59.0271
 367   13.003
 368    3.4218
 369    2.254
 371   16.9164
 372    8.657
 373   14.953
 374    3.5415
 375    1.9675
 379    0.3636
 393    6.342
 400    9.8674
 401   18.8864
 405    2.0286
 408    5.7156
 409   14.4828
 410   16.4472
 411    4.8085
 412    0.7444
 413    4.0157
 415    0.2739
 416   18.3
 417   30.719
 418    9.495
 419   40.4469
 420   27.4852
 421   10.6082
 422    1.3804
 423    0.986
 424   36.8799
 425   33.0671
 426   15.1781
 428   25.3196
 429    7.9242
 430   12.703
 431    0.2254
 432    5.4096
 433    4.508
 440    0.5765
 441    1.0311
 449    0.024
 466    0.8046
 468    0.4019
 469    6.5366
 470    0.0413
 472    0.8046
 475    2.5636
 479    0.6587
 483    6.3104
 484   30.3988
 486   13.8656
 489    7.4965
 494    6.4376
 497    0.2771
 506    0.1155
 508    0.1155
 509    0.3599
 511    0.7284
