This file was gnenerated on 2021-06-22 21:52:02.170732 by Grant Finneman. This contains the extracted data from the Gate simulations
The edep for each bar was summed up and printed to this file. The only math operation done has been addition.

  id        edep
   0     0.18696
   1     6.92318
   2     1.53482
   3     0.02622
   4     1.34622
   5     0.7529
   6     0.67939
   7     0.27583
   8     1.03377
   9     1.53181
  10     0.99263
  11     0.85818
  12     0.14123
  13     1.41486
  14     1.1661
  15     0.02538
  16    23.7759
  17    36.6731
  18    26.7683
  19     2.02348
  20     4.48944
  21     2.50793
  22    20.6524
  23    30.0991
  24    39.4776
  25    62.5908
  26   130.145
  27    34.1295
  28    29.0531
  29    50.8344
  30    32.0439
  31     0.46955
  32     6.17919
  33    17.2087
  34    15.5251
  35    21.3078
  36    15.8241
  37    30.813
  38    16.6261
  39     1.11102
  40    13.342
  41     0
  42     0.92891
  43     0.63052
  44     0.34409
  45     1.58041
  46     0
  47     0
  48     0.02745
  49     0.2017
  50     0.89968
  51     0
  52     0.46834
  53     0.03718
  54     0.83049
  55     0
  56     0
  57     0
  58     0.98908
  59     0.86139
  60     0
  61     0
  62     0
  63     0
  64     0.53891
  65     4.95506
  66    31.1333
  67    24.0326
  68     0.79012
  69     1.55483
  70     2.37004
  71     0
  72    47.305
  73    84.5683
  74    63.3419
  75    32.9226
  76    29.3134
  77    25.4524
  78    50.7819
  79    12.7562
  80   569.359
  81   508
  82   433.349
  83   438.612
  84   288.391
  85   163.645
  86    93.7753
  87     3.63298
  88   805.23
  89   962.768
  90   917.564
  91   685.223
  92   553.146
  93   374.338
  94   198.198
  95    63.2236
  96    50.7587
  97    80.2685
  98   223.937
  99   136.016
 100   165.048
 101   175.822
 102    43.8051
 103    23.7807
 104     1.64187
 105     0.69938
 106     8.94563
 107    46.2754
 108     0.9938
 109    42.2929
 110     8.41554
 111     1.31705
 112     2.04282
 113     1.19845
 114     3.74695
 115     0.97614
 116     1.77818
 117     1.71223
 118     0.92674
 119     2.06257
 120     0
 121     0.52515
 122     0.76432
 123     0.12227
 124     0.06135
 125     0.69974
 126     0.65716
 127     0
 128     0
 129    13.9669
 130    28.5946
 131     2.82233
 132     1.44074
 133     0.21009
 134     1.87873
 135     0.83805
 136   134.679
 137   189.073
 138   179.848
 139   203.738
 140   261.72
 141    86.7308
 142    33.4042
 143     1.63034
 144  2264.78
 145  2289.78
 146  2151.96
 147  2302.63
 148  1955.86
 149  1348.96
 150   942.481
 151   361.015
 152  4081.93
 153  4058.7
 154  3880.01
 155  4053.1
 156  3501.01
 157  2786.09
 158  1724.76
 159   699.395
 160   670.995
 161   932.114
 162   915.525
 163   803.135
 164   647.537
 165   301.805
 166    96.8956
 167    26.142
 168    71.2907
 169    58.423
 170    76.7814
 171   123.332
 172    68.0079
 173    20.4394
 174    27.7274
 175    13.609
 176     2.1564
 177     1.96484
 178     3.25816
 179     1.33088
 180    18.5808
 181     0.59695
 182     0
 183     0.037
 184     0.2234
 185     0
 186     0
 187     0.61452
 188     1.18984
 189     0.76963
 190     0.84393
 191     0
 192     1.65986
 193     0.84439
 194     2.56092
 195     2.76888
 196     2.0961
 197     1.70428
 198     0.73125
 199     1.73482
 200   130.215
 201   115.165
 202    58.7063
 203    34.9455
 204    24.8573
 205    34.0763
 206     7.22807
 207     9.48005
 208   978.929
 209  1009.04
 210  1050.39
 211  1102.98
 212   982.429
 213   682.367
 214   247.7
 215    67.6604
 216  4786.7
 217  4921.67
 218  4839.72
 219  4330.51
 220  4064.31
 221  3142.85
 222  1987.25
 223   815.379
 224  2656.92
 225  2825.19
 226  2950.78
 227  2718.19
 228  2064.01
 229  1514.24
 230   876.507
 231   249.408
 232   347.008
 233   337.932
 234   445.52
 235   314.353
 236   209.913
 237   165.765
 238    28.0748
 239    19.7807
 240    34.2563
 241    27.4885
 242    28.7323
 243    21.0712
 244    25.564
 245     3.21907
 246     3.19264
 247     7.4695
 248     2.39025
 249     1.44476
 250     2.36753
 251     0.66972
 252     0.38391
 253     0.84596
 254     0.77951
 255     0
 256     0.46872
 257     1.79577
 258     0.3924
 259     1.95052
 260     2.77145
 261     0.44945
 262     0.73045
 263     0.64784
 264    13.5146
 265     3.30866
 266    29.1192
 267     4.91747
 268     0.11554
 269    12.3572
 270     2.20711
 271     2.06538
 272   248.677
 273   332.456
 274   445.973
 275   455.885
 276   379.155
 277   205.121
 278    42.3399
 279    25.6565
 280  2627.53
 281  2800.18
 282  2861.85
 283  2401.84
 284  2051.9
 285  1500.5
 286   875.805
 287   361.174
 288  4555.61
 289  5355.03
 290  5381.84
 291  4810.3
 292  4210.48
 293  3390.51
 294  2156.18
 295   916.948
 296  1098.43
 297  1202.28
 298  1159.08
 299  1170.56
 300   830.456
 301   414.266
 302   267.962
 303    30.5441
 304    80.2885
 305   116.399
 306   101.64
 307   115.2
 308    76.9787
 309    25.1108
 310    52.8479
 311     0
 312     0.61126
 313     0.63532
 314     0.48731
 315     2.24067
 316     0.44992
 317     2.65928
 318     3.75072
 319     8.12361
 320     3.31199
 321     2.00134
 322     0.47439
 323     0
 324     0.98823
 325     1.24826
 326     0.00345
 327     0
 328     0.59024
 329     1.14874
 330     0.47439
 331     2.31009
 332     1.05593
 333     0.83112
 334     0.86209
 335     0.563
 336    35.4397
 337    66.9909
 338   118.895
 339    68.4851
 340    28.3756
 341    67.4649
 342    25.5221
 343    34.4645
 344   896.421
 345   814.41
 346   918.665
 347   610.712
 348   629.413
 349   411.355
 350   158.417
 351    53.6937
 352  4033.36
 353  4284.12
 354  4112.36
 355  3987.05
 356  3641.11
 357  3145.63
 358  1885.66
 359   681.775
 360  2228.85
 361  2324.72
 362  2218.14
 363  1924.22
 364  1658.74
 365  1308.41
 366   888.012
 367   270.453
 368   175.704
 369   178.603
 370   240.524
 371   160.781
 372   187.303
 373    58.613
 374    83.3469
 375    23.7693
 376    12.4384
 377    48.3887
 378    10.7842
 379     1.15297
 380    40.8595
 381     1.43431
 382    14.7702
 383     0.68396
 384     0.41854
 385     0
 386     1.14625
 387     0
 388     0
 389     0.43482
 390     0.41293
 391     5.40246
 392     0.71734
 393     0.85851
 394     0
 395     1.9094
 396     1.85795
 397     0.90864
 398     0
 399     0.02619
 400    16.4778
 401    17.5858
 402    22.1952
 403     5.182
 404     7.8855
 405    27.0202
 406     8.94431
 407     1.77046
 408   127.748
 409    88.319
 410   155.049
 411   121.249
 412   154.562
 413   140.134
 414    33.6031
 415    21.1016
 416   851.681
 417   899.254
 418   887.617
 419   713.239
 420   688.236
 421   311.25
 422   189.837
 423    72.7004
 424   438.46
 425   460.379
 426   451.666
 427   354.745
 428   337.828
 429   143.794
 430    39.3746
 431     5.52198
 432    54.1996
 433    57.8213
 434    26.9489
 435    71.8406
 436    79.1369
 437    73.5264
 438    31.2065
 439     0
 440     0.11554
 441    16.0476
 442     0
 443     0.20282
 444     2.01415
 445     0
 446     0.40611
 447     0
 448     0.87391
 449     0
 450     0
 451     1.18657
 452     1.65381
 453     0
 454     1.14438
 455     1.44755
 456     0
 457     1.75135
 458     1.20744
 459     0
 460     0.86492
 461     2.76881
 462     0
 463     1.29191
 464     1.04893
 465     1.58815
 466     0.42157
 467     0.15691
 468     1.57651
 469     0.39341
 470     0.23186
 471     1.79028
 472     1.04154
 473    16.4457
 474    42.7921
 475    16.5804
 476     2.64695
 477     1.1481
 478     0.63308
 479     2.42195
 480    57.8136
 481    64.9265
 482    60.8916
 483     9.87633
 484    28.9457
 485    11.4281
 486    26.2053
 487     3.04365
 488    27.9232
 489    54.2725
 490    44.09
 491    21.1594
 492    64.9644
 493    18.1344
 494     1.24285
 495     1.28941
 496     0
 497     1.14993
 498     9.87665
 499    11.088
 500     1.91008
 501     0.92264
 502     2.06973
 503    21.1345
 504     0
 505     0.61858
 506     0.44165
 507     0
 508     0
 509     1.21724
 510     0
 511     0
