This file was gnenerated on 2021-06-17 21:27:06.264591 by Grant Finneman. This contains the extracted data from the Gate simulations
The edep for each bar was summed up and printed to this file. The only math operation done has been addition.

  id      edep
  10    0.8419
  13    0.7556
  18    0.0728
  25    0.7646
  29    0.4261
  35    0.8589
  37    0.0451
  52    0.739
  64    0.3805
  73    0.3805
  76   13.755
  77   20.5743
  80    2.4969
  81    2.1725
  84   13.5468
  85   23.3119
  88    4.74
  89    7.3562
  91    0.2615
  96   16.2387
  97   10.4374
  99   21.4054
 104    2.7873
 105   16.045
 106    0.9778
 107   25.02
 111    0.0722
 112    0.0378
 113    2.09
 114   29.9919
 116   26.8663
 117    5.709
 127    0.4963
 138   11.183
 139   34.017
 140    3.5472
 141    0.0761
 142    4.788
 143   10.1745
 144   89.7458
 145  133.311
 146  138.547
 147   81.2626
 148   54.6045
 149   89.4091
 150   57.9713
 151   20.3725
 152  100.324
 153  172.462
 154   75.3572
 155   80.2612
 156   78.9096
 157   41.1403
 158   37.1584
 159    4.1138
 160  145.489
 161  125.646
 162   62.1206
 163   90.8602
 164   29.5436
 165   57.0908
 166   47.5599
 167   28.5894
 168   41.2463
 169   56.7843
 170  109.222
 171  100.529
 172   86.0781
 173  107.411
 174   63.8901
 175    9.0742
 177    3.9044
 178   32.7955
 179   18.6519
 180   37.5875
 181    7.2133
 183    0.2216
 186    0.1732
 191    0.7423
 200   39.1663
 201   12.545
 202    8.693
 203   22.2794
 204    9.5282
 206    4.1895
 207   33.5921
 208  232.646
 209  246.358
 210  353.218
 211  304.211
 212  279.014
 213  166.342
 214  132.735
 215   49.5026
 216  344.881
 217  307.267
 218  395.369
 219  292.12
 220  332.554
 221  264.704
 222  130.804
 223   28.5706
 224  340.449
 225  300.273
 226  361.866
 227  321.547
 228  191.153
 229  188.736
 230   99.6968
 231   48.6336
 232  166.24
 233  266.896
 234  300.996
 235  249.072
 236  145.134
 237  116.914
 238   81.9606
 239   31.1505
 240    3.8272
 241   30.5557
 242   55.8575
 243   34.1972
 245   10.3268
 246    0.8087
 247    1.2294
 249    0.7453
 251   18.0777
 254    0.6456
 255    0.7423
 264   23.184
 265   35.1947
 266   28.5617
 267   53.4416
 268   59.2914
 269   16.4818
 272  300.869
 273  282.141
 274  247.386
 275  290.615
 276  327.196
 277  204.5
 278  103.591
 279   32.2587
 280  287.889
 281  356.603
 282  459.086
 283  315.955
 284  309.528
 285  241.832
 286  169.944
 287   51.4501
 288  312.586
 289  327.577
 290  375.044
 291  267.621
 292  179.229
 293  135.202
 294   70.6125
 295   53.9771
 296  260.857
 297  264.447
 298  269.214
 299  178.875
 300  118.071
 301  115.739
 302  122.01
 303   51.3335
 304   20.8609
 305   26.0293
 306   26.5968
 307    0.8798
 310    7.9884
 313    0.8704
 314    0.0377
 323    0.6063
 328    4.106
 332   17.6187
 336   89.1085
 337   76.7695
 338   21.7482
 339   54.457
 340   82.4975
 341   43.6679
 342   17.8479
 343   10.317
 344  122.402
 345  119.971
 346  136.006
 347  142.91
 348   75.767
 349   59.7632
 350   35.6318
 351    4.8485
 352   77.2663
 353   71.7961
 354   67.1938
 355  133.336
 356  117.539
 357   74.1578
 358   51.4786
 359   22.4238
 360   44.4072
 361   78.3923
 362  114.97
 363   53.5385
 364   55.5515
 365   42.1045
 366   21.1043
 367    2.262
 368    5.9728
 369    9.4408
 370    0.8552
 374    0.8174
 378    0.7431
 380    0.3313
 388    0.4031
 391    1.71
 393    0.1551
 398    0.9348
 399    1.1878
 401    6.0858
 402    1.3053
 403    0.4534
 404    0.0851
 408   26.442
 409   29.4117
 411   23.0079
 412    0.1122
 413    0.815
 416   30.2659
 417   18.2731
 420    1.4442
 421   11.1027
 422    0.5309
 424   27.3728
 425   11.1537
 426    0.541
 427    1.4949
 428    0.9449
 429   19.3995
 430    0.8087
 442    0.9449
 444    0.0728
 447    0.4766
 449    0.9941
 462    0.0023
 465    0.9301
 475    0.9156
 476    0.9156
 489    0.0761
 491    0.1269
 492    0.2243
 499    0.3529
 511   18.4768
