This file was gnenerated on 2021-06-21 16:53:26.302625 by Grant Finneman. This contains the extracted data from the Gate simulations
The edep for each bar was summed up and printed to this file. The only math operation done has been addition.

  id      edep
   0    0
   1    0
   2    0
   3    0
   4    0
   5    0
   6    0
   7    0
   8    0
   9    0.6198
  10    0
  11    0
  12    0.2621
  13    0
  14    0
  15    0
  16    0
  17    0
  18    0
  19    0
  20    0
  21    0
  22    0
  23    0
  24    0
  25    0
  26    0
  27    0
  28    0.2238
  29    0
  30    0
  31    0
  32    0
  33    0
  34    0
  35    0
  36    0
  37    0
  38    0
  39    0
  40    0
  41    0
  42    0
  43    0
  44    0
  45    0
  46    0
  47    0.1583
  48    0
  49    0
  50    0
  51    0
  52    0
  53    0.6076
  54    0
  55    0
  56    0
  57    0
  58    0
  59    0
  60    0
  61    0
  62    0
  63    0
  64    0
  65    0
  66    0
  67    0
  68    0
  69    0
  70    0
  71    0
  72    0
  73    0
  74    0.4358
  75    0
  76    0
  77    0
  78    0
  79    0
  80    0
  81    0
  82    0.6201
  83    0
  84    0.2621
  85    0.4666
  86    0.4062
  87    0.4038
  88    0.5709
  89    0
  90    1.2804
  91    0.6402
  92    0
  93    0
  94    0
  95    0.6297
  96    0
  97    0.0057
  98   20.3018
  99    8.277
 100    0
 101    0
 102    0
 103    0
 104    4.1272
 105    0.5208
 106    2.8916
 107    2.6934
 108    5.5455
 109    0
 110    0
 111    0.5437
 112    0
 113    0
 114    0
 115    0.6293
 116    4.1988
 117    0
 118    0
 119    0
 120    0
 121    0
 122    0
 123    0
 124    0
 125    0
 126    0
 127    0
 128    0
 129    0
 130    0
 131    0
 132    0.5451
 133    1.2275
 134    0
 135    0
 136    0
 137   21.8148
 138    0
 139    0
 140    0
 141    0
 142    0
 143    0
 144   22.595
 145   17.562
 146    0.4538
 147    0.7386
 148    0
 149    0
 150    0.4666
 151    0
 152   15.4982
 153   64.1466
 154   42.3338
 155    3.1409
 156   43.7806
 157    7.1785
 158    6.9147
 159    1.12
 160  150.679
 161   98.317
 162  126.998
 163   74.4779
 164   63.4518
 165   36.373
 166    0.8503
 167    1.568
 168  127.045
 169  114.915
 170  115.416
 171  158.504
 172   71.6374
 173   47.938
 174   39.0272
 175    7.0503
 176    5.815
 177    0
 178   34.7861
 179    3.9019
 180   11.5724
 181    5.0107
 182    0
 183    0.4896
 184    0
 185    0
 186    0
 187    0
 188    0
 189    0
 190    0
 191    0
 192    0
 193    0
 194   22.6167
 195    0
 196    0
 197    0
 198    0
 199    0
 200    8.0148
 201   17.0644
 202   12.8835
 203    9.2555
 204    2.9599
 205    2.32
 206    0
 207    0
 208   57.9386
 209   94.3523
 210   77.6658
 211  102.091
 212   21.0271
 213   11.7025
 214   13.765
 215    0.6818
 216  233.111
 217  313.427
 218  301.231
 219  241.712
 220  187.104
 221  186.6
 222   67.3759
 223   23.9632
 224  620.233
 225  645.822
 226  557.865
 227  623.625
 228  506.922
 229  438.973
 230  288.625
 231  133.88
 232  481.12
 233  428.039
 234  473.863
 235  483.473
 236  279.484
 237  211.29
 238  156.854
 239   57.7858
 240  135.754
 241   73.8107
 242   55.9753
 243   35.2253
 244   28.1989
 245   10.5544
 246    1.659
 247    1.085
 248    1.1018
 249    0
 250   21.6975
 251    0
 252    0
 253    0
 254    0.6299
 255    0
 256    0
 257    0
 258    4.4532
 259    8.4551
 260    0
 261    0
 262    0.3428
 263    0
 264   30.9155
 265   72.3785
 266   51.7928
 267   59.3603
 268   58.898
 269   32.9812
 270    0.8874
 271    1.4106
 272  633.814
 273  557.217
 274  561.598
 275  457.006
 276  446.055
 277  351.272
 278  180.557
 279  109.141
 280  612.58
 281  521.522
 282  515.297
 283  552.203
 284  520.387
 285  393.741
 286  275.811
 287   74.9226
 288  340.211
 289  226.743
 290  274.996
 291  333.679
 292  314.372
 293  204.377
 294   88.1483
 295   23.6396
 296   54.8091
 297   21.9066
 298   39.1049
 299  121.083
 300   96.8478
 301   35.7665
 302    0
 303    0.4939
 304    0.4666
 305    0
 306    0
 307    0
 308    0
 309    0.2051
 310    0
 311    0
 312    0.4394
 313    0
 314    0
 315    0
 316    0.6132
 317    0.0717
 318    0
 319    0
 320    0
 321    6.3776
 322   16.5561
 323    0
 324    0
 325    0
 326    0
 327    0
 328   12.7492
 329   80.3793
 330   38.9286
 331   23.0824
 332   18.0538
 333   14.2583
 334    0
 335    0
 336  232.73
 337  202.317
 338  171.413
 339  202.333
 340  205.603
 341   91.9596
 342   44.262
 343   42.9148
 344  116.051
 345  126.804
 346   89.1119
 347  112.502
 348  109.034
 349   61.0918
 350   16.7488
 351    0
 352    3.1872
 353   32.8306
 354   61.7452
 355   13.8606
 356   53.1065
 357    0
 358    0
 359    0
 360    8.6056
 361   15.2929
 362    0
 363    5.576
 364   17.8379
 365    0
 366    0
 367    0
 368    0
 369    0
 370    0.6178
 371    0
 372    0
 373    0
 374    0.1254
 375    0.8441
 376    0
 377    0
 378    0.629
 379    0
 380    0
 381    0
 382    0.1254
 383    0
 384    0.5715
 385    0
 386    0.1332
 387    0.2865
 388    0
 389    0
 390    0
 391    0
 392   15.6032
 393    0
 394    0
 395    0
 396    0
 397    0
 398    0
 399    0
 400   13.676
 401   44.1099
 402   21.7193
 403   16.0072
 404    0.0419
 405    0
 406    0
 407    0
 408    5.3756
 409    0.6297
 410   19.4735
 411   15.8083
 412    5.0932
 413    0.4528
 414    0
 415    0
 416    0.1963
 417   17.0412
 418    0
 419    0
 420    0
 421    0
 422    0
 423    0
 424    0
 425    0.7094
 426    0
 427    0.4578
 428    0.4578
 429    0
 430    0
 431    0
 432    0
 433    0
 434    0
 435    0
 436    0
 437    0
 438    0
 439    0
 440    0
 441    0
 442    0
 443    0.6178
 444    0
 445    0
 446    0
 447    0
 448    0
 449    0
 450    0
 451    0
 452    0
 453    0
 454    0
 455    0
 456    0
 457    0
 458    0
 459    0.1332
 460    0
 461    0
 462    0
 463    0
 464    0
 465    0
 466    0
 467    0
 468    0
 469    0
 470    0
 471    0
 472    0.8906
 473    0
 474    0.4528
 475    0
 476    0
 477    0
 478    0
 479    0.5506
 480    0
 481    0
 482    0
 483    0
 484    0.6132
 485    0
 486    0
 487    0
 488    0
 489    0
 490    0.6431
 491    0
 492    0
 493    0
 494    0
 495    0
 496    0
 497    0
 498    0
 499    0
 500    0.3715
 501    0
 502    0
 503    0.8795
 504    0
 505    0
 506    0
 507    0
 508    0
 509    0.3715
 510    0
 511    0
