This file was gnenerated on 2021-06-21 16:50:45.333627 by Grant Finneman. This contains the extracted data from the Gate simulations
The edep for each bar was summed up and printed to this file. The only math operation done has been addition.

  id      edep
   0    0
   1    0
   2    0
   3    0.7625
   4    0
   5    0
   6    0
   7    0
   8    0.433
   9    0
  10    0
  11    0
  12    0
  13    0
  14    0
  15    0
  16    0.5655
  17    0
  18    0
  19    0
  20    0
  21    0
  22    0
  23    0
  24    0
  25    0
  26    0
  27    0
  28    0
  29    0
  30    0
  31    0
  32    0
  33    0
  34    0
  35    0
  36    0
  37    0
  38    0.5447
  39    0
  40    0
  41    0.6827
  42    0
  43    0
  44    0
  45    0
  46    0
  47    0
  48    0
  49    0
  50    0
  51    0
  52    0
  53    0
  54    0.5823
  55    0
  56    0
  57    0.1765
  58    0
  59    0
  60    0
  61    0.8353
  62    0
  63    0
  64    0
  65    1.3745
  66    0
  67    0.0575
  68    0
  69    0.7482
  70    0
  71    0
  72    0.7999
  73    0
  74    0
  75    0.4264
  76    0
  77    0
  78    0
  79    0
  80    0
  81    0
  82    0
  83    0
  84    0
  85    0
  86    0
  87    0
  88    0
  89    1.9488
  90    0
  91    0
  92    0
  93    0
  94    0
  95    0
  96   19.7693
  97   16.4007
  98   16.9307
  99    6.4288
 100   12.6063
 101    3.0005
 102    4.7655
 103    0
 104    0.5581
 105    0.8037
 106    0
 107    4.669
 108    3.2683
 109    0
 110    1.348
 111    0.9266
 112    0
 113    0
 114    0
 115    0
 116    0
 117    0
 118    0
 119    0
 120    0
 121    0.9989
 122    0.9989
 123    0
 124    0
 125    0
 126    0
 127    0
 128    4.0592
 129    0
 130    0
 131    0
 132    1.8492
 133    0
 134    0.4012
 135    0.2245
 136    5.86
 137    1.2429
 138    0
 139   10.5125
 140    0
 141    0
 142    0.5447
 143    0
 144   25.547
 145   13.9524
 146   20.6647
 147   50.9793
 148    8.7723
 149    0
 150    8.3273
 151    0
 152  110.167
 153   67.2801
 154   13.7551
 155   37.1554
 156    0.7632
 157    8.052
 158    0
 159    0.5068
 160  128.578
 161  116.897
 162   92.8377
 163  124.787
 164   19.6532
 165   26.1503
 166   24.8628
 167    0.5124
 168   54.5529
 169   59.4974
 170   77.91
 171   52.6305
 172   17.8656
 173   44.9893
 174   22.7422
 175    0.7685
 176   36.9745
 177    0
 178    0.9371
 179    4.0994
 180    0
 181    0
 182    0
 183    0
 184    0
 185    0
 186    0
 187    0
 188    0.0017
 189    0
 190    0
 191    0
 192    0.1351
 193    0.3955
 194    0
 195    0
 196    0.9481
 197    0
 198    0.7933
 199    0.8563
 200   23.7472
 201   14.742
 202   14.3178
 203    0.9481
 204    0
 205    0
 206    0
 207    0
 208  201.257
 209  114.382
 210  109.257
 211  126.213
 212  148.774
 213  109.311
 214   84.7793
 215   19.3378
 216  435.514
 217  434.472
 218  431.32
 219  436.193
 220  379.327
 221  310.511
 222  164.789
 223   66.1524
 224  714.478
 225  610.919
 226  626.694
 227  517.116
 228  547.822
 229  359.95
 230  160.995
 231   60.1108
 232  218.886
 233  233.862
 234  184.25
 235  257.648
 236  190.123
 237  138.639
 238  133.502
 239   48.387
 240   32.7052
 241   34.4967
 242   12.9502
 243   15.5565
 244   14.8783
 245    0
 246   11.2497
 247    0
 248    0
 249    0
 250    0
 251    0
 252    0.0452
 253    0.843
 254    0.0539
 255    0
 256    0
 257    0
 258    0
 259    0
 260    0
 261    0
 262    0
 263    0
 264   19.3769
 265   60.1076
 266   13.7881
 267    0.2353
 268   13.524
 269    0.0017
 270    0
 271    0.9684
 272  230.6
 273  336.006
 274  280.288
 275  269.301
 276  256.209
 277  251.739
 278   93.0875
 279   28.0037
 280  491.629
 281  646.366
 282  620.445
 283  579.691
 284  561.53
 285  422.089
 286  265.378
 287   87.9133
 288  650.421
 289  516.702
 290  563.147
 291  543.309
 292  344.611
 293  184.96
 294   91.5969
 295   27.0961
 296  270.788
 297  193.598
 298  262.374
 299  249.617
 300  132.918
 301   84.1466
 302   23.2026
 303   11.2559
 304   17.7076
 305   13.8556
 306   53.1736
 307   14.6461
 308   16.2362
 309    0
 310    0
 311    0
 312    0
 313    0
 314    0.5959
 315    0.7296
 316    0
 317    0
 318    0
 319    0
 320    0
 321    0
 322    0
 323    0
 324    0.063
 325    0
 326    0.0782
 327    0
 328    7.5632
 329   22.7866
 330    0.1043
 331    0.2969
 332    0.7887
 333    0
 334    0
 335    0
 336   58.0022
 337  151.528
 338   80.7832
 339   98.2893
 340   13.5187
 341   17.7428
 342    0.9408
 343    2.2742
 344   58.6516
 345  128.666
 346   98.1921
 347   39.0303
 348   35.0222
 349   46.7051
 350   13.0368
 351    0
 352   15.5402
 353  101.08
 354  178.738
 355   87.4798
 356   31.9066
 357   34.253
 358    0.1146
 359    0.308
 360   29.8184
 361   18.5564
 362   22.2048
 363    6.2245
 364   13.4242
 365   29.2825
 366    2.556
 367    0
 368    0
 369    0
 370   16.6788
 371    0
 372    0.3287
 373    0.1551
 374    0
 375    0
 376    0.9697
 377    0.9077
 378    0
 379    0
 380    0
 381    0
 382    0
 383    0
 384    0.4225
 385    0
 386    0
 387    0.4685
 388    0.7184
 389    0
 390    0
 391    0
 392    0
 393    0
 394    0
 395    0.0081
 396    0
 397    0
 398    0
 399    0
 400    2.783
 401    7.7478
 402    0
 403    0
 404    0
 405    0
 406    0
 407    0
 408    0
 409    5.9827
 410    0
 411    0
 412    5.278
 413    0
 414    0
 415    0
 416    0
 417    0.4962
 418    0.9757
 419    0
 420    0
 421    1.6354
 422    1.2742
 423    0
 424    0
 425    0.8836
 426    0.4058
 427    0
 428    0
 429    0
 430    0
 431    0
 432    0
 433    0
 434    0
 435    0
 436    0
 437    0
 438    0
 439    0
 440    0
 441    0
 442    0
 443    0
 444    0
 445    0
 446    0
 447    0
 448    0.1043
 449    0
 450    0
 451    0
 452    0.8689
 453    0
 454    0
 455    0
 456    0
 457    0
 458    0
 459    0
 460    0
 461    0.45
 462    0.677
 463    0
 464    0
 465    0
 466    0
 467    0
 468    0
 469    0
 470    0
 471    0.3441
 472    0.505
 473    0.5825
 474    0
 475    0
 476    0
 477    0
 478    0
 479    0
 480    0
 481    0
 482    0
 483    0
 484    0
 485    0
 486    0.0831
 487    0
 488    0
 489    0
 490    0
 491    0
 492    0
 493    0
 494    0
 495    0
 496    0
 497    0
 498    0
 499    0
 500    0
 501    0
 502    0
 503    0
 504    0
 505    0
 506    0.7775
 507    0
 508    0.0539
 509    0
 510    0
 511    0
