This file was gnenerated on 2021-06-17 21:27:29.484754 by Grant Finneman. This contains the extracted data from the Gate simulations
The edep for each bar was summed up and printed to this file. The only math operation done has been addition.

  id      edep
   6    0.7633
  13    0.325
  19    3.7614
  20   20.2916
  27    2.5311
  28    4.8675
  33    0.986
  38    0.3176
  43    0.9221
  44    0.0659
  51    0.0659
  61    0.3576
  63    0.6284
  65   26.0648
  71    0.5262
  72   16.9644
  73   27.7806
  74    3.3632
  75    1.0709
  76    5.4183
  78    0.1897
  79    0.5262
  80   50.2606
  81   29.29
  82    6.8129
  83   81.56
  84    9.2938
  85    8.3299
  86    0.1897
  88   17.5014
  89   13.3878
  90   30.8046
  91   24.2303
  92    4.0887
  93    0.8932
  97   10.5809
  98    5.1876
  99    0.8467
 102    0.2243
 106    0.7855
 110    0.246
 119    0.5491
 123    0.0874
 124    0.0782
 125    0.3576
 129    0.7457
 135    0.137
 136   14.074
 137    5.3917
 138   28.0484
 139   17.5613
 140    8.1816
 141    0.0286
 143   14.8447
 144  300.998
 145  295.33
 146  242.553
 147  294.525
 148  223.713
 149  155.388
 150   87.1884
 151   60.4035
 152  195.182
 153  234.321
 154  219.398
 155  205.948
 156  240.203
 157   96.535
 158   44.5688
 159    4.5833
 160   45.9882
 161   48.9314
 162   24.7304
 163   35.2696
 164    5.1162
 165   12.8025
 168    4.0192
 169   21.4183
 170    1.4214
 179    0.188
 180    0.3613
 181    0.3981
 182    0.0414
 183    0.023
 184    0.8655
 185    0.4053
 186    0.9214
 188    0.2558
 189    0.023
 200    1.9573
 201    2.3055
 202   14.2941
 203   13.7505
 204    2.5048
 205    0.8337
 206    0.3469
 208  145.04
 209  249.76
 210  238.469
 211  281.607
 212  285.854
 213  219.865
 214  153.863
 215   19.3184
 216  753.769
 217  778.218
 218  623.832
 219  638.771
 220  743.471
 221  538.28
 222  255.001
 223  102.664
 224  342.466
 225  347.036
 226  426.071
 227  223.527
 228  170.975
 229  102.082
 230   62.8939
 231   19.2388
 232   26.13
 233   38.949
 234   58.3702
 235   14.0093
 236   24.7968
 237   22.3624
 238    9.7308
 239   17.5856
 240   12.414
 244    3.224
 245    6.1256
 249    0.9895
 251    0.9447
 267    0.3376
 268    0.1247
 270    0.7126
 272   59.7131
 273   46.302
 274   33.3578
 275   66.0884
 276   49.9613
 277   24.5192
 280  321.555
 281  401.473
 282  249.321
 283  242.573
 284  233.77
 285   61.7339
 286   63.1259
 287   38.5021
 288  800.002
 289  790.335
 290  684.443
 291  588.464
 292  449.964
 293  371.345
 294  262.635
 295  110.941
 296  262.665
 297  184.221
 298  189.35
 299  204.85
 300  133.496
 301  118.693
 302   63.731
 303   58.5918
 304   39.2292
 305   23.244
 306   12.7664
 307   13.6994
 308   16.924
 309    8.3824
 310    0.3631
 314   10.3816
 320    1.7272
 336    0.1614
 337    1.2774
 338    0.5477
 339    0.2674
 340   10.7664
 341   12.7851
 343    0.8337
 344   15.0884
 345   12.1201
 346   15.2842
 347   70.5642
 348   16.2195
 349   19.7307
 350    4.3692
 352  237.952
 353  212.314
 354  295.15
 355  188.899
 356   95.0585
 357   70.6947
 358   18.4533
 359    5.7614
 360  298.823
 361  376.866
 362  268.971
 363  275.293
 364  275.38
 365  217.723
 366  126.076
 367   46.2972
 368    0.5408
 369   16.0764
 370   26.8389
 371   23.8227
 372   20.5344
 374    0.2284
 382    0.72
 386    0.4777
 402    0.259
 403    0.7502
 410    0.706
 416    9.214
 417    9.6997
 418   35.8748
 419   11.1414
 420   19.5609
 421   29.6832
 424   28.84
 425   41.0833
 426   95.1786
 427   52.6553
 429   10.37
 437    0.2036
 443    0.5955
 445    1.2545
 456    1.0544
 462    0.3849
 465    0.6185
 474    0.5955
 478    0.7045
 479    0.7126
 481    5.376
 482   11.2133
 483    0.0448
 488   31.6156
 489   17.9753
 490   15.3064
 492    0.3759
 497    0.246
 499    0.7974
