This file was gnenerated on 2021-06-21 16:51:03.375305 by Grant Finneman. This contains the extracted data from the Gate simulations
The edep for each bar was summed up and printed to this file. The only math operation done has been addition.

  id      edep
   0    0
   1    0
   2    0
   3    0
   4    0
   5    0
   6    0
   7    8.185
   8    0
   9    0
  10    0
  11    0
  12    0
  13    0
  14    0
  15    4.0925
  16    0.5285
  17    0.8548
  18    0
  19    0
  20    0
  21    0
  22    0
  23    0.9802
  24    0
  25    0.202
  26    0
  27    0
  28    0
  29    0
  30    0
  31    0
  32    0
  33    0
  34    0
  35    0
  36    0
  37    0.0718
  38    0
  39    0.221
  40    0
  41    0
  42    0
  43    0
  44    0.2054
  45    1.1499
  46    0
  47    0
  48    0.2163
  49    0
  50    0
  51    0.2625
  52    0
  53    0
  54    0
  55    0
  56    0
  57    0
  58    0
  59    0
  60    0
  61    0
  62    0
  63    0
  64    0
  65    0
  66    0
  67    0
  68    0
  69    0
  70    0
  71    0
  72    0
  73    0
  74    0
  75    0
  76    0
  77    0
  78    0
  79    0
  80    0
  81    8.186
  82    3.361
  83    0
  84    0
  85    0
  86    0
  87    0
  88   28.0215
  89   13.2878
  90   16.2465
  91   14.3735
  92    1.9343
  93    0
  94    0
  95    0
  96   20.3665
  97    0
  98    0
  99    8.3877
 100    2.6071
 101    2.0184
 102    0.2293
 103    0.6012
 104    0
 105    0.9445
 106    0
 107    0.3159
 108    0.2054
 109    0
 110    0.9124
 111    0
 112    0
 113    0
 114    0
 115    0.2408
 116    0
 117    0
 118    0
 119    0
 120    8.2742
 121    0
 122    0
 123    0.4243
 124    0
 125    0
 126    0
 127    0
 128    0.1082
 129    0
 130    0
 131    0
 132    0
 133    0.2034
 134    0
 135    0
 136    0
 137    0
 138    0.6118
 139    0
 140    0
 141    0
 142    0
 143    0.7518
 144    8.5031
 145    4.1412
 146   20.2707
 147    3.4684
 148   11.31
 149    4.915
 150    2.188
 151    2.5212
 152  207.357
 153  272.08
 154  210.971
 155  189.687
 156   75.4583
 157   58.1642
 158    6.4693
 159    0
 160  133.695
 161  144.503
 162  106.719
 163   94.3464
 164   96.8531
 165   40.4256
 166    2.3478
 167    0.4073
 168    0.3974
 169    0.6468
 170   25.847
 171    0.827
 172   21.4425
 173    0
 174    0.4094
 175    0.1616
 176    0
 177    0.2882
 178    0
 179    0.6288
 180    0.2882
 181    0
 182    0.0108
 183    0.2397
 184    0
 185    0
 186    0
 187    0
 188    0
 189    0
 190    0
 191    0
 192    0
 193    0
 194    1.2434
 195    0.822
 196    0
 197    0
 198    0
 199    0
 200    0
 201    2.8175
 202    0.1638
 203    0
 204    0
 205    0.2034
 206    0
 207    0
 208   37.7893
 209   93.577
 210  102.792
 211   88.8203
 212   80.975
 213   40.1631
 214   41.5432
 215    4.3653
 216  800.487
 217  902.407
 218  873.556
 219  966.812
 220  795.256
 221  662.31
 222  252.387
 223   79.5068
 224  368.391
 225  445.24
 226  576.771
 227  460.841
 228  349.494
 229  274.369
 230  152.914
 231   52.89
 232   17.7642
 233   45.9629
 234  100.972
 235   41.0999
 236   19.5372
 237   22.92
 238    0.4094
 239    3.1664
 240    0
 241    0.9802
 242    0.8027
 243    0
 244    0
 245    0.8831
 246    0
 247    0
 248    0
 249    0
 250    0
 251    0
 252    0
 253    0
 254    0
 255    0
 256    0
 257    0
 258    0
 259    0
 260    0.6325
 261    0
 262    0
 263    0
 264    0
 265    0.7592
 266    0
 267    0
 268    0.2732
 269    0
 270    0
 271    0.6097
 272   14.2813
 273    6.449
 274   14.2537
 275    0.0269
 276    0.2774
 277    0.2044
 278    0
 279    0
 280  466.236
 281  582.15
 282  555.977
 283  466.56
 284  396.937
 285  257.856
 286  135.304
 287   55.1431
 288  786.514
 289  852.466
 290  947.408
 291  830.744
 292  709.517
 293  559.06
 294  470.788
 295  228.023
 296   49.2519
 297   77.2815
 298   47.7458
 299   33.594
 300   37.9101
 301   35.2783
 302   19.637
 303   11.6595
 304    0
 305    0
 306    0.0751
 307    0
 308    0
 309    0.3488
 310    1.308
 311    0
 312    0
 313    0.7203
 314    0
 315    0
 316    0
 317    0.6463
 318    0
 319    0.413
 320    0
 321    0
 322    0
 323    1.0822
 324    0
 325    0
 326    0
 327    0.7323
 328    0
 329    0
 330    0
 331    0
 332    0
 333    0
 334    0
 335    0
 336   57.2801
 337   14.4307
 338    6.6178
 339    0
 340    0.3504
 341    0
 342    0
 343    0
 344   40.1765
 345   73.9352
 346   44.1274
 347   87.9305
 348   67.2076
 349   77.2114
 350   11.7324
 351    0
 352  139.686
 353  127.114
 354  158.19
 355   78.186
 356  117.74
 357   18.9253
 358    8.0247
 359    5.5718
 360    8.8666
 361    7.0599
 362    1.1835
 363   49.0589
 364   26.7263
 365    1.3814
 366    0
 367    0.763
 368    0.5962
 369    0
 370    0
 371   19.3656
 372    0.5408
 373    1.2657
 374    2.5129
 375    0
 376    0
 377    0
 378    0
 379    0
 380    0
 381    0
 382    0
 383    0
 384    0
 385    1.8162
 386    0
 387    0
 388    0.3524
 389    0
 390    0
 391    0
 392    0.2282
 393    0
 394    0
 395    0
 396    0
 397   19.9888
 398   10.3168
 399    8.3824
 400    0.3329
 401    0
 402    0
 403    0
 404    0
 405    0.3998
 406    0
 407    0
 408    3.8762
 409    0.5164
 410    0.3277
 411    0
 412    0.3512
 413    0
 414    0
 415    0
 416   10.4896
 417    0.4036
 418    0
 419    0
 420    2.984
 421    0
 422    0.4564
 423    0
 424   20.475
 425    0
 426    0.2003
 427    0
 428    0
 429    0
 430    0
 431    0.0428
 432    0
 433    0
 434    0
 435    0
 436    0
 437    0
 438    0.9628
 439    0.3329
 440    0.4382
 441    0
 442    0
 443    0
 444    0
 445    0
 446    5.474
 447    4.186
 448    0
 449    0
 450    0
 451    0
 452    0
 453    0
 454    0
 455    0
 456    0
 457    1.1715
 458    0
 459    0.4272
 460    1.3386
 461    0
 462    0
 463    0
 464    0
 465    0
 466    0
 467    0.3201
 468    0.8072
 469    0
 470    0
 471    0.986
 472    0
 473    0
 474    0.8628
 475    0
 476    0
 477    0
 478    0
 479    0
 480    0.804
 481    0.7195
 482    0
 483    0
 484    0
 485    0
 486    0.7132
 487    0
 488    0
 489    0
 490    0
 491    0
 492    0
 493    0.9229
 494    0.8746
 495    0
 496    0
 497    0
 498    0.5408
 499    0.765
 500    0
 501    0
 502    0
 503    0
 504    0
 505    0
 506    0.339
 507    0
 508    0
 509    0
 510    0
 511    0
