This file was gnenerated on 2021-06-17 21:28:49.211638 by Grant Finneman. This contains the extracted data from the Gate simulations
The edep for each bar was summed up and printed to this file. The only math operation done has been addition.

  id      edep
   9    0.7022
  14    0.8964
  16    1.6273
  22    0.7908
  32    0.9562
  43    0.6949
  54    0.789
  70    0.2684
  74    0.2129
  76    0.8298
  83    0.5282
  88   10.2423
  89    0.8664
  97    0.6388
  98    8.6802
  99    8.2759
 100    0.6128
 101    7.4704
 104    0.9678
 106    0.6172
 107   14.9916
 108    2.3064
 109    1.0672
 113    0.436
 115   14.415
 120    0.2527
 123    0.4987
 125    1.4322
 126    0.5321
 130    0.5534
 132    5.0996
 136    9.9352
 137   77.3678
 138   33.6042
 139   39.7462
 140   11.2728
 141    0.5326
 142    0.5702
 144   16.2818
 145   47.0459
 146   20.5373
 147   27.9017
 148    4.975
 149   11.0839
 150   21.6873
 151    2.1132
 152   50.3009
 153   99.8673
 154   51.1823
 155   21.0362
 156   34.9512
 157   31.1423
 158    9.0589
 159    0.4452
 160  110.534
 161  144.462
 162  103.566
 163   38.1498
 164   72.7768
 165   53.3886
 166   29.6064
 167    6.9442
 168   45.6884
 169  166.648
 170  150.955
 171  141.301
 172  134.117
 173   78.9796
 174   30.0597
 175    6.9893
 176   70.1849
 177   42.9932
 178   46.8416
 179   47.1861
 180    3.7813
 181    3.7381
 182    0.5572
 184    4.7016
 185    7.8588
 191    0.5321
 192   13.6064
 193    7.2972
 194    5.4596
 195    3.1648
 196   11.1264
 200   99.1723
 201  158.009
 202  105.554
 203   96.0344
 204   73.2019
 205   63.5247
 206   48.712
 207    1.9772
 208  207.644
 209  214.352
 210  158.81
 211  200.416
 212  138.909
 213  111.098
 214  107.752
 215   37.6918
 216  243.478
 217  200.692
 218  127.796
 219  220.166
 220  179.525
 221  205.35
 222   89.9668
 223   60.8985
 224  261.735
 225  329.764
 226  407.965
 227  362.272
 228  222.206
 229  121.674
 230  103.213
 231   74.0578
 232  370.336
 233  396.365
 234  307.543
 235  313.226
 236  275.744
 237  178.434
 238  135.354
 239   57.8675
 240  150.407
 241  113.419
 242  109.715
 243  151.739
 244  114.367
 245  115.589
 246  103.778
 247   53.5098
 249    4.5268
 250    2.1381
 251    4.4666
 252    6.5207
 253   21.1636
 255    4.6275
 256   12.2838
 257   23.2632
 258   16.5916
 259    2.9577
 260   37.3176
 261    5.0915
 262    0.5386
 264  120.239
 265  106.871
 266  134.342
 267   88.0008
 268  140.742
 269  137.703
 270   73.5134
 271   24.8106
 272  291.303
 273  306.246
 274  331.386
 275  325.166
 276  271.426
 277  290.625
 278  155.73
 279   35.968
 280  396.712
 281  369.872
 282  420.289
 283  257.924
 284  214.608
 285  226.94
 286  101.357
 287   67.278
 288  263.338
 289  224.575
 290  289.326
 291  274.483
 292  200.145
 293   86.4316
 294   74.0159
 295   35.4716
 296  248.967
 297  289.981
 298  205.612
 299  209.875
 300  197.572
 301  173.762
 302  178.755
 303   49.7601
 304   91.2444
 305   53.4236
 306   63.3608
 307   65.0058
 308  164.75
 309  187.48
 310   44.3098
 311   11.1566
 312   12.9659
 313   12.524
 314    6.7877
 315   19.1371
 316   17.3834
 317   11.8766
 318    3.0226
 320    0.4516
 322    0.5601
 324    5.0128
 325    5.3792
 328   52.331
 329   67.697
 330   46.0138
 331   57.8981
 332   79.6769
 333   23.1133
 334   22.0659
 335    7.4066
 336  137.397
 337  226.611
 338  183.324
 339  230.553
 340  159.086
 341   56.5522
 342   51.7214
 343   50.9959
 344   63.3739
 345  146
 346  195.149
 347  107.074
 348  141.649
 349   77.9412
 350   33.0344
 351    5.516
 352   36.7602
 353   58.6275
 354   14.2325
 355   42.5662
 356    6.8622
 357   13.3558
 358    8.1221
 359    2.6355
 360   43.3243
 361   19.0864
 363   27.9552
 364   37.6575
 365    8.8682
 367    0.6134
 368   24.8332
 369   18.6249
 371   18.4389
 376    0.6923
 377    0.4384
 379   12.0751
 382    1.4484
 385   10.6536
 392    4.8645
 393    4.5811
 394   11.1168
 397   18.665
 398   29.864
 400   17.5789
 401   17.6984
 402   23.1926
 403    7.7844
 408    4.3367
 411    0.8115
 412    3.044
 416    0.1386
 417   13.8656
 418    0.4809
 422    1.4548
 423   10.5473
 445    0.9982
 449    0.4129
 462    0.4367
 463    0.3105
 464    0.4809
 466    0.5569
 487    0.5418
