This file was gnenerated on 2021-06-22 21:06:30.103109 by Grant Finneman. This contains the extracted data from the Gate simulations
The edep for each bar was summed up and printed to this file. The only math operation done has been addition.

  id        edep
   0     0.40186
   1     1.8799
   2     1.07529
   3     0.75442
   4     0
   5     0.49159
   6     0
   7     0.32296
   8    22.5885
   9     4.84585
  10     0.91247
  11     0.79072
  12     0
  13     1.28046
  14     0.30347
  15     0
  16     0
  17     7.2328
  18     0
  19     1.1857
  20     1.02956
  21     1.67849
  22     0.63247
  23     1.64682
  24     0
  25     0.0258
  26     1.07661
  27     0.13556
  28     0.73385
  29     1.19441
  30    33.0588
  31    51.933
  32     1.7023
  33     0.69433
  34     3.14548
  35     0.31575
  36     0.37361
  37     0.89115
  38     0.53553
  39     0.32343
  40     2.1548
  41     2.10423
  42     7.79464
  43     0.72656
  44     0.22414
  45     1.40393
  46     1.88481
  47     0.59073
  48     0
  49     1.38877
  50     0.33409
  51     0
  52     0.63426
  53     0
  54     1.70017
  55     0
  56     0
  57     2.14937
  58     0.00708
  59     0
  60     0.42144
  61     0
  62     0
  63     0.46187
  64     1.55168
  65     1.98466
  66     1.29812
  67     0
  68     0.63264
  69     0.24624
  70     0.40186
  71     0.71447
  72    37.7859
  73    30.1382
  74    41.1772
  75    18.5176
  76     4.6464
  77    20.2763
  78     2.5428
  79     0
  80    53.7395
  81   114.596
  82   165.177
  83    50.1388
  84    44.1461
  85    12.9534
  86     3.80442
  87    16.2505
  88    95.4524
  89    99.7573
  90    48.7876
  91   101.112
  92    61.4265
  93    19.688
  94     1.21445
  95     2.49471
  96     9.44879
  97     1.1153
  98    28.055
  99    29.7699
 100    12.7886
 101     2.04685
 102     0.042
 103     0
 104     1.55283
 105     1.53118
 106     3.01339
 107     0
 108     1.64616
 109     2.60533
 110     0.7919
 111     0.59073
 112     0.65833
 113     0.7427
 114     0.95462
 115     0.2107
 116     0.03055
 117     0.48088
 118     0.99685
 119     1.47542
 120     1.33214
 121     0
 122     0.83195
 123     0.35593
 124     0
 125     0.2216
 126     0.82028
 127     1.02622
 128    14.3556
 129    22.0063
 130    28.8253
 131     9.692
 132    15.9298
 133     2.87941
 134     0
 135     1.68561
 136   423.417
 137   468.402
 138   472.988
 139   331.459
 140   162.54
 141   105.333
 142    52.1092
 143    21.0892
 144  1460.55
 145  1715.74
 146  1741.51
 147  1803
 148  1283.72
 149   870.536
 150   509.643
 151   168.672
 152   943.854
 153  1083.57
 154  1170.36
 155  1057.73
 156   797.323
 157   293.297
 158   115.822
 159    32.3268
 160   236.217
 161   340.174
 162   418.025
 163   339.196
 164   127.461
 165    63.7389
 166    81.1062
 167     2.60466
 168    88.2315
 169    44.1326
 170    57.3374
 171    20.8101
 172    43.2249
 173    11.5834
 174    12.626
 175     5.49071
 176     3.69486
 177     9.37383
 178     5.61563
 179     0.74144
 180     1.69175
 181     4.34488
 182     4.93152
 183     0.59884
 184     0.84993
 185    15.057
 186     4.39087
 187     0
 188     0.89055
 189     0
 190     4.34133
 191     0
 192     4.5526
 193     4.88003
 194     5.56831
 195    27.2005
 196    10.1912
 197    19.1617
 198     2.82386
 199     2.17876
 200   420.171
 201   611.794
 202   512.276
 203   391.978
 204   313.342
 205   256.967
 206   118.088
 207    14.408
 208  4461.49
 209  4550.85
 210  4696.5
 211  4269
 212  3938.59
 213  3097.88
 214  1816.22
 215   706.825
 216  5965.36
 217  5799.26
 218  6416.35
 219  6052.69
 220  5323.67
 221  4421.81
 222  2622.43
 223   967.019
 224  2719.01
 225  3033.1
 226  2728.78
 227  2267.25
 228  1843.59
 229  1272.24
 230   767.118
 231   204.801
 232   437.265
 233   795.532
 234  1033.81
 235   731.615
 236   512.141
 237   303.755
 238   103.334
 239    17.3798
 240    27.2973
 241    74.4076
 242    69.8492
 243   106.653
 244   137.904
 245    68.6732
 246     6.77631
 247    22.7163
 248     4.25083
 249     2.36282
 250    31.7897
 251     7.56997
 252     1.001
 253     5.54182
 254     1.80906
 255     0
 256     2.52214
 257     0.15557
 258     0.41079
 259     2.4011
 260     0.68373
 261     0.73582
 262     0.92734
 263     0.18773
 264   126.835
 265   131.989
 266   131.527
 267    42.7793
 268    36.1018
 269    20.3178
 270     0.75027
 271     1.25906
 272   810.255
 273   895.99
 274   731.489
 275   626.896
 276   609.698
 277   362.136
 278   126.313
 279    47.1999
 280  2505.54
 281  2793.49
 282  2891.18
 283  2575.36
 284  2191.68
 285  1710.17
 286   887.319
 287   215.68
 288  5874.88
 289  6253.25
 290  6362.76
 291  5981.09
 292  5508.89
 293  4230.16
 294  2826.77
 295  1244.19
 296  4628.48
 297  4535.53
 298  4249.47
 299  4093.84
 300  3631.87
 301  3038.55
 302  2429.09
 303   821.265
 304   397.251
 305   574.385
 306   380.254
 307   467.302
 308   339.216
 309   229.455
 310    90.5947
 311     2.1384
 312    30.2158
 313     0.08792
 314    33.0309
 315    39.6139
 316     1.94467
 317     1.10138
 318     0.35341
 319     0
 320     0.00559
 321     0.47519
 322     1.89198
 323     0.47174
 324     0.26643
 325     1.35916
 326     1.4254
 327     1.49973
 328     0.40899
 329     3.84211
 330    19.9506
 331    16.9403
 332     1.9756
 333     1.18315
 334     2.25322
 335     0.97314
 336    64.7587
 337   195.858
 338   121.838
 339    50.946
 340    19.2302
 341    24.0879
 342     6.89758
 343     4.20482
 344   301.733
 345   208.567
 346   303.693
 347   302.492
 348   126.579
 349   213.879
 350   119.746
 351    22.6871
 352  1091.02
 353  1139.8
 354  1250.08
 355  1010.66
 356   754.378
 357   377.913
 358   194.787
 359    53.6183
 360  1446.33
 361  1568.96
 362  1709.57
 363  1738.76
 364  1346.47
 365  1067.18
 366   618.626
 367   149.486
 368   242.801
 369   349.315
 370   456.756
 371   272.385
 372   185.885
 373   133.983
 374     7.72321
 375     0.80981
 376    15.3828
 377    30.295
 378    22.8899
 379    28.2844
 380    39.3464
 381    11.4731
 382     2.94101
 383     1.33166
 384     0.88787
 385     0.77264
 386     0.23291
 387     1.39126
 388     1.61827
 389     0.72498
 390     0.94886
 391     0.49737
 392     0.93116
 393     1.02176
 394     1.68978
 395     2.62461
 396     1.85789
 397     2.20926
 398     2.1706
 399     0.9477
 400    24.0513
 401    79.9513
 402    12.1089
 403     0
 404     0
 405     2.5767
 406     1.37518
 407     0.35721
 408     1.57599
 409    12.4428
 410    15.3395
 411    27.4264
 412     2.27123
 413    17.508
 414    14.0847
 415     0.76947
 416    33.7636
 417    50.3595
 418   100.547
 419   107.111
 420    41.2597
 421    21.8384
 422     3.99711
 423     0.38984
 424   109.716
 425   106.295
 426   157.202
 427    31.2416
 428    38.5796
 429    59.8915
 430     3.00863
 431     2.23431
 432    47.6438
 433   110.813
 434   126.373
 435    20.1495
 436    40.6174
 437    47.2035
 438     0.51392
 439     1.63616
 440     1.59788
 441     1.15655
 442     0.02534
 443     1.20979
 444     1.14155
 445     1.67242
 446     0
 447     5.05209
 448     0.53818
 449     0.37017
 450     0.97215
 451     1.66384
 452     0.26235
 453     0.60278
 454     0
 455     0
 456     0.19928
 457     0.23597
 458     0
 459     1.78201
 460     0.72261
 461     0
 462     0
 463     0.58371
 464     1.0078
 465    44.0899
 466     2.59735
 467     0.57038
 468     0.66801
 469     1.06465
 470     1.37336
 471     1.66995
 472     0
 473     1.91028
 474     1.54921
 475     0.4904
 476     2.37284
 477     1.20094
 478     0.88101
 479    24.3288
 480     4.95092
 481     0.93825
 482     1.5439
 483     0
 484     0.72212
 485     4.64219
 486     4.93125
 487     0.99248
 488     2.05496
 489     2.29333
 490    11.0253
 491     9.35791
 492    18.5611
 493     9.68706
 494     6.3093
 495     6.90375
 496     0.65389
 497    12.7386
 498     1.88177
 499     1.64417
 500     0
 501     5.43647
 502     0.49457
 503     0
 504     1.09494
 505     0.9297
 506     2.15938
 507     0.89904
 508     0.18424
 509     1.42253
 510     0
 511     0.39744
