This file was gnenerated on 2021-06-22 21:25:39.566730 by Grant Finneman. This contains the extracted data from the Gate simulations
The edep for each bar was summed up and printed to this file. The only math operation done has been addition.

  id        edep
   0     0.98478
   1     0
   2     0.43079
   3     0.68747
   4     0.40491
   5     0.94199
   6     0.43537
   7     0
   8     1.47654
   9    12.7691
  10     0.8024
  11     0.09903
  12     0
  13     0
  14     0.20152
  15     0.39396
  16     7.94224
  17    17.5201
  18    46.0109
  19    46.6856
  20    43.1843
  21    20.2001
  22     1.51908
  23     1.89404
  24    25.8616
  25    60.4076
  26    22.8832
  27    34.7448
  28    47.6796
  29    34.4579
  30     4.9656
  31     6.8475
  32    41.7133
  33    22.5316
  34    14.0274
  35    16.2423
  36    19.9736
  37    41.6002
  38     0.6753
  39     0.51895
  40     0.56989
  41     0
  42     8.54545
  43     2.19194
  44     2.11429
  45     1.19946
  46     0.1345
  47     8.26932
  48     0.08456
  49     1.74793
  50     1.73169
  51     1.52169
  52     2.04433
  53     0.79607
  54     0
  55     3.68867
  56     8.71731
  57     0.98572
  58     0
  59     0
  60     0.69632
  61     0.49368
  62     0.99307
  63     0
  64     0.118
  65     1.40871
  66    18.0979
  67     0
  68     0.30023
  69     0.77684
  70     1.15874
  71     0.25505
  72    71.0778
  73    44.8717
  74    79.2624
  75    29.4711
  76    39.7526
  77    17.9494
  78     1.40411
  79     1.46232
  80   422.074
  81   384.058
  82   365.249
  83   331.788
  84   306.041
  85   148.15
  86    20.288
  87    32.9508
  88   762.952
  89   870.166
  90  1030.02
  91   958.81
  92   940.748
  93   613.321
  94   321.816
  95    89.6641
  96   295.86
  97   452.646
  98   456.528
  99   251.507
 100   207.131
 101   211.675
 102    98.5759
 103    26.0594
 104     7.12354
 105    59.987
 106    56.0965
 107    29.7616
 108    41.7456
 109    79.1129
 110     2.3605
 111     0.34973
 112     1.15136
 113     0
 114     0
 115     1.97279
 116     1.86192
 117    24.6781
 118     2.264
 119     0.19001
 120     0.14426
 121     2.99899
 122     0.23518
 123     1.86773
 124     2.09903
 125     2.61303
 126     0
 127     0
 128    51.5646
 129    35.4989
 130     1.80832
 131    15.9962
 132     9.5006
 133     5.91608
 134     1.26131
 135     0.8188
 136   229.27
 137   211.647
 138   274.453
 139   345.158
 140   170.393
 141   110.616
 142    42.0903
 143    12.4715
 144  2135.47
 145  2207.13
 146  2328.54
 147  2086.39
 148  1634.74
 149  1254.43
 150   755.9
 151   268.809
 152  3151.37
 153  3287.88
 154  3165.15
 155  3057.04
 156  2591.92
 157  2081.32
 158  1315.9
 159   594.081
 160  1347.7
 161  1397.62
 162  1524.37
 163  1330.38
 164  1234.16
 165   896.853
 166   462.59
 167   174.136
 168   108.083
 169   291.455
 170   178.174
 171   263.548
 172   125.614
 173    99.6431
 174    31.8536
 175    10.9182
 176     8.67522
 177     0.92545
 178     2.54961
 179    26.6682
 180     2.7809
 181     0.27595
 182     3.66103
 183     1.52104
 184     0.37384
 185     0.79398
 186     1.57309
 187     0.97018
 188     0.73595
 189     2.12787
 190     0.63848
 191     0.60526
 192    47.3452
 193    25.0841
 194     0.75222
 195     0.31061
 196     4.63865
 197    22.1219
 198    33.7892
 199     5.70859
 200   263.412
 201   178.771
 202   130.412
 203   204.323
 204   129.212
 205   152.821
 206    78.3666
 207    22.9714
 208  1983.79
 209  1911.27
 210  1693.56
 211  1605.72
 212  1409.39
 213   991.213
 214   648.33
 215   244.907
 216  3530.08
 217  3627.07
 218  3233.7
 219  3565.29
 220  2730.39
 221  2141.3
 222  1394.63
 223   470.589
 224  2881.92
 225  3152.54
 226  3227.82
 227  2887.44
 228  2394.95
 229  1776.79
 230  1151.65
 231   424.71
 232   866.204
 233   922.684
 234   888.331
 235   565.816
 236   438.79
 237   252.769
 238   133.872
 239    15.521
 240    92.6137
 241    53.9412
 242    65.2187
 243    54.2634
 244     6.18047
 245    45.4053
 246    21.0243
 247     1.9456
 248     1.48606
 249     1.00489
 250     2.53165
 251     0.68327
 252     0
 253     0.64532
 254     1.48347
 255     0.85705
 256     0
 257     0
 258     4.59813
 259     0.45046
 260     0.62057
 261     0.20978
 262     0
 263     0.57804
 264    39.8261
 265    22.0169
 266    75.722
 267    73.4961
 268    24.054
 269    30.9577
 270     1.77049
 271     0.69275
 272   534.229
 273   555.405
 274   550.109
 275   474.404
 276   447.962
 277   278.241
 278   163.63
 279    38.8353
 280  3123.85
 281  3208.24
 282  2832.95
 283  2839.58
 284  2484.16
 285  2044.2
 286  1208.9
 287   389.357
 288  3255.94
 289  3818.51
 290  3804.58
 291  3095.02
 292  2570.43
 293  2212.77
 294  1421.17
 295   581.024
 296  1801.84
 297  2159.37
 298  1936.93
 299  1582.65
 300  1408.73
 301  1006.82
 302   656.04
 303   270.596
 304   223.545
 305   186.372
 306   196.893
 307   224.739
 308    90.4132
 309    62.7258
 310    39.6506
 311     3.69113
 312    17.0007
 313     1.97749
 314     1.93799
 315    24.5859
 316     1.31999
 317     1.86156
 318     1.7793
 319     1.4584
 320     0.79463
 321     0
 322     0.93426
 323     0.47734
 324     0
 325     0.36519
 326     0.47081
 327     1.03392
 328    18.3604
 329     3.05058
 330     2.79028
 331     1.51394
 332     3.50315
 333     1.98937
 334     1.95633
 335     1.29821
 336   227.969
 337   221.614
 338   117.65
 339   135.494
 340    57.3076
 341    61.7307
 342    33.353
 343    26.2338
 344  1335.76
 345  1547.05
 346  1373.02
 347  1450
 348  1192.78
 349   719.288
 350   370.23
 351   149.076
 352  3029.05
 353  3295.47
 354  3334.13
 355  2840.48
 356  2488.91
 357  1923.09
 358  1041.14
 359   406.338
 360  2131.96
 361  2132.31
 362  2265.87
 363  2153.7
 364  1736.9
 365  1217.22
 366   828.764
 367   283.366
 368   325.872
 369   325.954
 370   254.589
 371   291.586
 372   195.48
 373   107.796
 374    66.7003
 375     2.94601
 376    20.1454
 377     8.18039
 378     2.03139
 379     4.09694
 380    22.3145
 381     1.84825
 382     0.2542
 383     0.76555
 384     0.94804
 385     0.66612
 386     0.30849
 387     1.4838
 388     0.59173
 389     1.62126
 390     0.94206
 391     0
 392     2.54462
 393     1.33429
 394     2.10406
 395     0.49122
 396     0.22645
 397     1.12188
 398     0.57373
 399     0.69319
 400    74.7221
 401    25.2104
 402    26.5064
 403     9.66682
 404    16.6676
 405    13.5094
 406     7.54575
 407     5.95852
 408   335.798
 409   315.023
 410   390.147
 411   245.131
 412    90.9021
 413   107.341
 414    39.4496
 415    15.577
 416   882.904
 417  1280.84
 418  1013.04
 419   829.407
 420   723.828
 421   506.616
 422   235.694
 423    74.5843
 424   276.759
 425   335.444
 426   312.708
 427   295.098
 428   277.603
 429   147.412
 430    57.4519
 431     1.3305
 432   123.421
 433   108.048
 434    94.3062
 435    54.4304
 436    40.9987
 437    27.6703
 438     6.33712
 439    12.0907
 440     1.612
 441     9.75671
 442    10.1521
 443     2.11908
 444     7.89218
 445     0.35225
 446     1.93926
 447     0
 448     1.94902
 449     0.86969
 450     0.28021
 451     0.7975
 452     0.70785
 453     0
 454     0
 455     0
 456     0.32767
 457     1.08429
 458     0.01174
 459     0.36424
 460     0
 461     0.84728
 462     0.8848
 463     0.80946
 464    24.7172
 465    20.8278
 466     0
 467     0
 468    21.9703
 469     5.1941
 470     1.80608
 471     0
 472    46.1055
 473    27.1075
 474    55.4061
 475    49.0083
 476    20.0038
 477     0
 478     1.53979
 479     0.42241
 480    45.3168
 481    82.4058
 482    44.4814
 483    81.7958
 484    48.3762
 485     2.95153
 486     1.2203
 487     1.0815
 488    44.3303
 489    12.5253
 490    12.4243
 491    27.1372
 492    43.7145
 493    26.1039
 494     5.37765
 495     0
 496     6.48109
 497     1.15256
 498    34.3203
 499     1.33738
 500     0.26097
 501     0.84417
 502     0.66908
 503     0.02498
 504     1.07722
 505     0.56686
 506     0
 507     0.32961
 508     0
 509     0.24591
 510     0.90831
 511     0.38272
