This file was gnenerated on 2021-06-21 16:51:43.324031 by Grant Finneman. This contains the extracted data from the Gate simulations
The edep for each bar was summed up and printed to this file. The only math operation done has been addition.

  id      edep
   0    0
   1    0
   2    0
   3    0
   4    0
   5    0
   6    0
   7    0
   8    0.3689
   9    0
  10    0
  11    0
  12    0
  13    0.1192
  14    0
  15    0
  16    0
  17    0.8347
  18    0
  19    0.1557
  20    1.0106
  21    0
  22    0
  23    0
  24    0.886
  25    1.1395
  26    0
  27    0.9023
  28    0
  29    0
  30    0
  31    0
  32    0.7419
  33    0
  34    0
  35    0
  36    0.205
  37    0
  38    0
  39    0
  40    0.4339
  41    0
  42    0
  43    0
  44    0
  45    0
  46    0.1199
  47    0
  48    0
  49    0
  50    0
  51    0
  52    0
  53    0
  54    0
  55    0
  56    0
  57    0
  58    0
  59    0
  60    0.0714
  61    0
  62    0
  63    0
  64    5.5685
  65    0
  66    0
  67    0.0851
  68    0
  69    0
  70    0.1362
  71    0
  72    0
  73    0
  74    0
  75    0
  76    0.8514
  77    0
  78    0
  79    0
  80    0.0137
  81    8.4847
  82    0.8633
  83    3.6489
  84    0
  85    0
  86    0
  87    0
  88    0.502
  89    0.4341
  90    0.2421
  91    0.4824
  92    0
  93    0
  94    0
  95    0
  96    0
  97    0.0742
  98    0
  99    0.9625
 100    0.2075
 101    0
 102    0
 103    0
 104    0
 105    0
 106    0
 107    0
 108    0
 109    0
 110    1.232
 111    0.5462
 112    0
 113    0
 114    0.4611
 115    0
 116    0.3544
 117    0
 118    0
 119    0
 120    0
 121    0
 122    0.4611
 123    0
 124    0
 125    0
 126    0.6104
 127    0
 128    0
 129    0
 130    0
 131    0
 132    0
 133    0
 134    0
 135    0.7109
 136   21.6297
 137   12.9348
 138    0
 139    0
 140   23.0823
 141   15.3882
 142    0
 143    0.644
 144   57.815
 145   66.7224
 146   41.2247
 147   89.3703
 148   45.8063
 149   13.4805
 150    0.6103
 151    1.5296
 152   64.7932
 153  126.818
 154  116.864
 155   48.754
 156   33.615
 157   31.907
 158    8.88
 159    0.1734
 160   43.4424
 161  115.681
 162   39.432
 163   57.055
 164   16.7258
 165   14.1873
 166    0
 167    0.8503
 168   14.0295
 169    8.3748
 170   10.9595
 171   23.2548
 172   32.5576
 173   10.5672
 174   15.9107
 175    0
 176    0
 177    0
 178    0
 179    0
 180    0
 181    0
 182    0
 183    0
 184    0
 185    0
 186    0
 187    0.5456
 188    0
 189    0
 190    0
 191    0
 192    0
 193    0
 194    0
 195    0
 196    0
 197    0
 198    0
 199    0.6087
 200   27.6805
 201    9.991
 202    0.7997
 203    2.8308
 204    0
 205    0
 206    0
 207    0
 208  149.082
 209  250.376
 210  246.288
 211  163.478
 212  124.606
 213   76.2928
 214   56.2828
 215   14.436
 216  729.3
 217  801.132
 218  772.411
 219  646.815
 220  549.624
 221  344.877
 222  197.372
 223   81.661
 224  591.9
 225  777.696
 226  598.014
 227  482.14
 228  430.957
 229  260.76
 230  119.114
 231   57.0845
 232  171.475
 233  155.547
 234  163.12
 235  147.931
 236  128.177
 237   52.7592
 238   23.0942
 239    5.5489
 240   15.168
 241   47.8152
 242   25.6037
 243   33.3949
 244   24.5696
 245    0
 246    0
 247    0
 248    0
 249    0
 250    0
 251    0
 252    0
 253    0
 254    0
 255    0
 256    0
 257    0
 258    0
 259    0
 260    0
 261    0
 262    0.8995
 263    0
 264   42.6571
 265    0
 266   29.3356
 267    2.4544
 268    6.6898
 269    2.6544
 270    0.5501
 271    0
 272  185.482
 273  215.753
 274  187.787
 275  144.583
 276  111.938
 277   47.2931
 278   18.669
 279    2.3199
 280  669.309
 281  496.535
 282  502.888
 283  414.057
 284  337.264
 285  216.19
 286   90.3899
 287   43.2235
 288  742.681
 289  908.915
 290  871.837
 291  636.389
 292  452.479
 293  377.822
 294  252.646
 295   88.594
 296  184.924
 297  207.157
 298  228.932
 299  157.518
 300  156.287
 301  198.013
 302   43.6882
 303    1.7697
 304    2.7195
 305   56.1699
 306   41.208
 307   18.8208
 308    0
 309   15.3816
 310    0
 311    0.1804
 312    0
 313    0
 314    0
 315   19.605
 316    0
 317    0.5308
 318    0
 319    0
 320    0
 321    0
 322    0
 323    0
 324    0
 325    0.814
 326    0
 327    0
 328    0.8477
 329    0.8477
 330    0.6473
 331    0
 332   10.2384
 333    0.3359
 334    0
 335    0
 336    0
 337   19.4397
 338    2.0706
 339   20.5758
 340    6.6748
 341    0.5694
 342    0.9198
 343    0.4044
 344   57.6128
 345   47.282
 346   42.4116
 347   31.8889
 348   20.1868
 349    0.4912
 350    0
 351    0
 352   91.6572
 353  164.608
 354  143.118
 355   63.1329
 356    0.8624
 357   10.4442
 358    0
 359    0.9283
 360   82.4833
 361   49.9821
 362   39.7882
 363   53.0159
 364   18.8575
 365    6.4225
 366    0
 367    0
 368    0
 369   25.5205
 370    0
 371    0
 372    0
 373    0
 374    0
 375    0
 376    0
 377    0
 378    0
 379    0
 380    0
 381    0
 382    0
 383    0
 384    0
 385    0.3295
 386    0
 387    0
 388    0
 389    0
 390    0
 391    0
 392    0
 393    0
 394    0
 395    0.7337
 396    0
 397    0.8658
 398    0
 399    0
 400    0
 401    0
 402    0
 403    0
 404    0
 405    0
 406    0
 407    0
 408    0
 409    0.2437
 410    0.8754
 411    0
 412    0
 413    0.7774
 414    0
 415    0
 416    1.1078
 417    0.7508
 418    0.7825
 419    0
 420    0.852
 421    0
 422    0
 423    0
 424    0
 425    0
 426    0
 427    0
 428    0
 429    0
 430    0
 431    0
 432    0
 433    8.275
 434    0.9877
 435    0
 436    0
 437    0
 438    0
 439    0
 440    0
 441    0
 442    0
 443    0
 444    0
 445    0
 446    0
 447    0
 448    0
 449    0
 450    0
 451    0
 452    0
 453    0
 454    0
 455    0
 456    0
 457    0
 458    1.4674
 459    0
 460    0
 461    0.2585
 462    0
 463    0
 464    0
 465    0.3396
 466    0.8624
 467    0.2437
 468    0.6442
 469    0.496
 470    0
 471    0
 472    0
 473    0
 474    0.1198
 475    0
 476    0
 477    0
 478    0
 479    0
 480    0
 481    0.3967
 482    0
 483    0
 484    0
 485    0
 486    0
 487    0
 488    0.8053
 489    0.4275
 490    0
 491    0
 492    0
 493    0
 494    0
 495    0
 496    0
 497    0
 498    0
 499    0
 500    0
 501    0
 502    0
 503    0
 504    0
 505    0
 506    0
 507    0.9877
 508    0
 509    0
 510    0
 511    0
