This file was gnenerated on 2021-06-22 21:34:00.218223 by Grant Finneman. This contains the extracted data from the Gate simulations
The edep for each bar was summed up and printed to this file. The only math operation done has been addition.

  id        edep
   0     0
   1     1.38063
   2     1.37035
   3     0
   4     0
   5     0.57864
   6     8.8881
   7    17.4001
   8     1.01882
   9     0.02494
  10     0.48459
  11     1.20127
  12     0
  13     0
  14     0
  15     0
  16     0.85835
  17     1.34153
  18     2.79241
  19     0
  20     1.20188
  21     1.97131
  22     1.7532
  23     0
  24     1.50795
  25     1.66581
  26     1.51829
  27     1.30889
  28     8.24291
  29     2.67765
  30     0.91376
  31     0.6381
  32     0.52541
  33     0.16978
  34     2.15087
  35    26.3554
  36     0
  37    11.8242
  38     8.93001
  39    35.979
  40     0.62873
  41     2.66219
  42     2.50031
  43     0.53823
  44     0.17741
  45     0
  46     0.32301
  47     1.7788
  48     8.872
  49     0
  50     0
  51     1.29424
  52     0
  53    17.9221
  54    14.4039
  55     7.03133
  56     4.5585
  57     0
  58     1.36105
  59     0.83698
  60     0.29783
  61     0.6086
  62     0
  63     0
  64     0
  65     1.28372
  66     0
  67     1.20807
  68     1.41141
  69     1.4159
  70     0.44064
  71    11.2537
  72     1.68284
  73     0.73446
  74     1.29811
  75     0.93421
  76     0.9514
  77     2.62273
  78     1.44601
  79     0.73107
  80     1.79961
  81    39.3254
  82    15.4119
  83     2.638
  84     4.37105
  85     5.20171
  86     5.75267
  87     0.31064
  88    43.7382
  89    37.5667
  90    71.8688
  91    43.9094
  92    49.6724
  93    15.3662
  94    15.0037
  95    26.0064
  96    91.3061
  97    64.5006
  98    93.2939
  99    81.1785
 100   146.87
 101    32.8228
 102    34.5322
 103    15.1449
 104    24.0615
 105    63.5197
 106    51.4958
 107    21.8033
 108    61.747
 109     5.90682
 110     3.20741
 111     0
 112     5.12545
 113    53.713
 114    12.8594
 115     0.04691
 116     1.49257
 117    21.8807
 118     0
 119     0.51313
 120     5.88859
 121     0.11135
 122     0.67737
 123     0.20963
 124     1.0766
 125     0
 126     1.3047
 127     0.2872
 128     3.60422
 129     1.58429
 130     1.62079
 131     1.20762
 132     2.17639
 133     1.11356
 134     0.17949
 135     0.06355
 136     1.35845
 137     6.26827
 138     2.22732
 139    24.0311
 140     8.993
 141     0.39006
 142     4.31824
 143     0.69028
 144    68.9745
 145   179.721
 146   106.84
 147   111.876
 148    57.1179
 149    78.8042
 150    36.6313
 151    11.3847
 152   454.823
 153   748.406
 154   711.225
 155   620.138
 156   400.805
 157   221.325
 158   127.377
 159    32.3991
 160  1660.72
 161  1602.69
 162  1410.66
 163  1456.12
 164  1407.54
 165  1022.47
 166   616.215
 167   203.542
 168   767.314
 169   845.117
 170   689.299
 171   784.711
 172   538.819
 173   352.749
 174   183.678
 175    28.592
 176    89.3995
 177    64.9311
 178    27.3781
 179   104.126
 180    44.6505
 181    51.62
 182    20.8353
 183     1.0135
 184     4.19583
 185     1.07472
 186    21.6702
 187     0.49332
 188     0.98594
 189     1.01818
 190     0
 191     0.6953
 192     1.95124
 193     0.71248
 194     2.03653
 195     0.89369
 196     0.26009
 197    16.1701
 198     8.09392
 199     2.44407
 200   169.243
 201   127.15
 202   201.835
 203   119.633
 204    58.8962
 205    84.2245
 206    51.9543
 207    25.4739
 208  1374.89
 209  1317.63
 210  1215.42
 211  1071.1
 212   893.643
 213   709.065
 214   218.857
 215    95.9385
 216  4500.65
 217  4583.53
 218  4238.55
 219  4324.3
 220  3464.04
 221  2609.13
 222  1558.4
 223   568.998
 224  6039.8
 225  6134.6
 226  5852.26
 227  5639.14
 228  5043.65
 229  3677.01
 230  2570.48
 231   903.772
 232  2453.58
 233  3110.64
 234  2816.23
 235  2754.72
 236  2553.89
 237  1689.52
 238  1005.3
 239   443.035
 240   176.886
 241   236.804
 242   349.461
 243   231.051
 244   186.005
 245    95.1926
 246    59.8881
 247    35.4778
 248     1.32715
 249    22.3549
 250    13.46
 251     1.98594
 252     0
 253     0.81956
 254     0.58381
 255     0
 256     6.07178
 257    30.5359
 258     0.7159
 259     0.23681
 260    24.8368
 261     0.52971
 262     0
 263     0
 264   161.7
 265   379.819
 266   300.185
 267   119.471
 268   116.141
 269    70.9914
 270    14.9326
 271     5.70996
 272  2843.15
 273  2822.71
 274  2525.63
 275  2419.35
 276  2243.25
 277  1762.53
 278   970.555
 279   332.506
 280  6171.92
 281  6430.66
 282  6060.09
 283  5606.93
 284  4997.53
 285  3981.44
 286  2227.55
 287   945.781
 288  4647.28
 289  4681.06
 290  4503.61
 291  4244.25
 292  3687.85
 293  2797.32
 294  1610.21
 295   544.961
 296  1431.85
 297  1466.39
 298  1322.78
 299  1193.44
 300   769.241
 301   729.969
 302   390.273
 303   113.917
 304   156.486
 305   227.439
 306   171.771
 307    86.4821
 308    37.9149
 309    27.9986
 310     6.72065
 311     9.66935
 312     4.74216
 313     1.96891
 314     0
 315     0.64174
 316     0.52847
 317     0.00204
 318     2.94662
 319     0.21596
 320     1.2724
 321     0.2723
 322     0
 323     1.10902
 324     2.30347
 325     0
 326     0
 327     0
 328    87.6816
 329   144.056
 330    90.6354
 331   144.174
 332   111.989
 333    37.4005
 334    12.9902
 335    17.9259
 336   712.141
 337   777.461
 338   927.657
 339   817.492
 340   586.839
 341   325.289
 342   178.033
 343    32.5109
 344  1675.12
 345  1808
 346  1562.57
 347  1454.46
 348  1475.09
 349  1040.9
 350   510.924
 351   188.984
 352   583.223
 353   684.991
 354   743.398
 355   499.678
 356   408.954
 357   222.089
 358   120.037
 359    46.3572
 360   267.229
 361   242.66
 362   311.53
 363   162.193
 364    98.5048
 365    51.4194
 366    69.4612
 367     7.0439
 368     2.41026
 369    19.8419
 370     1.71232
 371     7.22858
 372    23.4335
 373     1.31613
 374     1.19837
 375     2.31385
 376     0.69589
 377     0.24444
 378     1.11804
 379     0.77766
 380     0.9209
 381     0.71675
 382     1.25851
 383     1.55564
 384     2.70111
 385     1.08937
 386     0.72324
 387     0.32061
 388     2.6494
 389     1.78014
 390     0
 391     0
 392     1.57842
 393    10.085
 394     3.18728
 395    18.4377
 396    32.1614
 397     5.47821
 398     0
 399     0.84749
 400    20.0776
 401   105.037
 402   126.043
 403   107.526
 404    80.5678
 405     7.80409
 406     1.89339
 407     2.73862
 408    87.0617
 409    80.0581
 410    72.081
 411   135.262
 412    73.8102
 413    51.93
 414     9.68467
 415     0.15522
 416     6.76537
 417    43.9196
 418    64.2321
 419    35.9112
 420    26.5934
 421    49.2409
 422    11.1988
 423    12.5376
 424     3.47698
 425     1.76356
 426     6.89555
 427     8.7199
 428    13.2529
 429     2.4052
 430     0.48831
 431     0
 432    14.6834
 433     1.7034
 434     0.7843
 435    12.4842
 436    14.1958
 437     4.55813
 438     1.42957
 439     1.31871
 440     3.5925
 441     0
 442     0.8972
 443     0.61453
 444     3.1565
 445     2.41964
 446     0
 447     0.3189
 448     1.85821
 449     4.29762
 450     1.73797
 451     2.66791
 452     0
 453     0.38274
 454     0
 455     0.68837
 456     1.62372
 457     2.51724
 458     1.02719
 459     0.1532
 460     1.94126
 461    11.0063
 462     7.94472
 463     0.42324
 464    25.9405
 465     3.63032
 466     0
 467     0.17338
 468     2.83029
 469     0.5921
 470    10.1877
 471     5.96275
 472     1.05829
 473     1.4058
 474     4.79597
 475     1.45603
 476     0
 477     1.45157
 478     0.36279
 479     0.69785
 480     1.64255
 481     2.05463
 482     1.36618
 483     1.80655
 484     3.06019
 485     1.91451
 486    20.3579
 487     0
 488     0
 489     1.94626
 490     2.49311
 491     1.39427
 492     2.4146
 493     0.38145
 494     9.45725
 495    26.5644
 496     1.11637
 497     0.52982
 498     0
 499     0.14901
 500     1.30354
 501     0.84973
 502     0.6513
 503     0.82801
 504     1.09161
 505     0
 506     1.43939
 507     1.35594
 508     0.45644
 509     1.92644
 510     2.51616
 511     3.37694
