This file was gnenerated on 2021-06-21 16:49:40.205031 by Grant Finneman. This contains the extracted data from the Gate simulations
The edep for each bar was summed up and printed to this file. The only math operation done has been addition.

  id       edep
   0     0.396
   1     0
   2     0
   3     0
   4     0
   5     0
   6     0
   7     0
   8     0
   9     0
  10     0
  11     0
  12     0
  13     0
  14     0
  15     0
  16     0
  17     0.66
  18     0
  19     0.0769
  20     0
  21     0.0449
  22     0
  23     0
  24     0.1611
  25     0
  26     0
  27     0
  28     0
  29     0
  30     0
  31     0
  32     0.8817
  33     0
  34     0
  35     0
  36     0
  37     0
  38     0
  39     0
  40     0
  41     0
  42     0
  43     0
  44     0
  45     0
  46     0.3602
  47     0
  48     0
  49     0.7239
  50     0
  51     0
  52     0
  53     0
  54     0
  55     0
  56     0
  57     0
  58     0
  59     0
  60     0.383
  61     0
  62     0
  63     0
  64     0
  65     0
  66     0
  67     0
  68     0
  69     0
  70     0
  71     0
  72     0.5623
  73     0
  74     0
  75     0.028
  76     0
  77     0
  78     0.1014
  79     0
  80     0.981
  81     0
  82     0.5879
  83     0.4499
  84     0
  85     0.0769
  86     0
  87     0
  88     0
  89     0.3673
  90     0
  91     0
  92     0
  93     0.557
  94     0
  95     0
  96     0.219
  97     1.1716
  98     0
  99     0
 100     0
 101    17.485
 102    24.479
 103     2.7976
 104     0
 105     3.9831
 106     0
 107     0.4298
 108     0
 109     0
 110     0
 111     7.6934
 112     0
 113     0
 114     0
 115     0
 116     0.1902
 117     0
 118     1.514
 119     0
 120     0
 121     0
 122     0
 123     0
 124     0
 125     0
 126     0.41
 127     0
 128     0
 129     0
 130     0
 131     0
 132     0
 133     0
 134     0
 135     0
 136     0.1165
 137     0
 138     0.7404
 139     0
 140     0
 141     0
 142     0
 143     0.1125
 144    17.5467
 145    17.1526
 146     0
 147     9.0407
 148     0.5267
 149     2.8392
 150     0.2687
 151     0.2687
 152    67.2821
 153   122.42
 154    60.4707
 155   125.885
 156    78.198
 157    45.1826
 158    26.9602
 159     0
 160    47.6352
 161   137.715
 162   114.788
 163    93.8452
 164    11.0567
 165     1.1599
 166     0
 167     0.675
 168     9.195
 169    17.452
 170     0
 171     1.4854
 172    38.3456
 173     5.236
 174    25.1155
 175     7.8629
 176     0.2763
 177     0.6952
 178     0.9518
 179     0
 180     0
 181     0
 182     0
 183     0
 184     0
 185     0
 186     0
 187     0.7874
 188     0
 189     0
 190     0
 191     0
 192     0.8431
 193     0
 194     0
 195     0
 196     0
 197     0
 198     0
 199     0
 200    32.0206
 201     0
 202     0
 203     0
 204     6.237
 205     0.2417
 206     0
 207     0.761
 208    50.7826
 209    84.7502
 210    93.6547
 211   119.992
 212    45.4644
 213    26.1368
 214     0
 215     0
 216   793.632
 217   958.386
 218   794.084
 219   808.03
 220   822.714
 221   540.85
 222   326.638
 223   105.148
 224   697.866
 225   805.375
 226   554.737
 227   562.323
 228   482.106
 229   389.49
 230   230.814
 231    81.6122
 232    49.5424
 233    76.5228
 234   115.837
 235    52.8005
 236    55.3314
 237    19.0594
 238    13.0624
 239     0
 240     0.0467
 241     1.3552
 242    10.95
 243     1.1568
 244     0.4802
 245     0
 246     0
 247     0
 248     0
 249     0.329
 250     0
 251     0
 252     0
 253     0
 254     0
 255     0
 256     0
 257     0
 258     0
 259     0
 260     0
 261     0
 262     0
 263     0
 264     7.7585
 265     0.2113
 266     0.8418
 267     0.2028
 268     0.858
 269     0
 270     0
 271     0
 272    14.5799
 273   106.163
 274    68.0762
 275    43.7475
 276     8.1697
 277    14.3364
 278    15.8106
 279     0
 280   695.911
 281   669.01
 282   636.788
 283   588.71
 284   460.854
 285   325.561
 286   191.61
 287    75.8579
 288   822.97
 289  1014.7
 290   770.661
 291   876.58
 292   590.522
 293   498.392
 294   364.21
 295   152.191
 296    78.1066
 297    33.4274
 298    45.6498
 299    93.3195
 300    54.8592
 301    23.1163
 302    25.6917
 303     0
 304    19.0107
 305     0.3976
 306    19.1225
 307    16.8278
 308     8.0432
 309     0
 310     0
 311     0
 312     0
 313     0
 314     0
 315     0
 316     0.5608
 317     0
 318     0
 319     0
 320     0
 321     0
 322     0
 323     0.7895
 324     0.1361
 325     0.2186
 326     0
 327     0
 328     0.8663
 329     0
 330     0
 331     0
 332     0
 333     0.3648
 334     0
 335     0
 336     0.9852
 337    18.2982
 338    36.5743
 339    37.3048
 340    15.2967
 341    12.3376
 342     0
 343     1.2849
 344    74.2558
 345   100.636
 346    20.6183
 347    10.0828
 348    80.8838
 349    45.0244
 350     3.451
 351     0
 352    67.235
 353    48.6927
 354    69.9323
 355   123.05
 356    51.3555
 357   119.609
 358     4.7858
 359     0.8402
 360    19.9103
 361    10.0261
 362    39.8229
 363    44.3137
 364     8.3122
 365    28.6208
 366     0
 367     0.41
 368     0
 369     2.0988
 370     0
 371     0
 372     0
 373     0
 374     0
 375     0.2765
 376     0
 377     0
 378     0
 379     0
 380     0
 381     1.141
 382     0
 383     0
 384     0
 385     0
 386     0
 387     0
 388     0.6244
 389     0
 390     0
 391     0
 392     0
 393     0
 394     0
 395     0
 396     0
 397     0.7718
 398     0
 399     0
 400     6.1575
 401     5.1723
 402     0
 403     0
 404     0
 405     0
 406     0
 407     0
 408     0.079
 409     0.3621
 410     2.1728
 411     0
 412     0
 413     0
 414     0.8357
 415     0
 416     0
 417     0.0058
 418     0
 419     0.4298
 420     0
 421     0
 422     0
 423     0.41
 424     1.5112
 425     0
 426     0
 427     0
 428     0.2472
 429     0.0555
 430     0.2147
 431     0
 432     0.757
 433     0
 434     0
 435     0.9959
 436     0
 437     0.325
 438     0.3125
 439     0.8548
 440     0
 441     0
 442     0.5423
 443     0
 444     0
 445     0
 446     0.1006
 447     0
 448     0
 449     0
 450     0
 451     0
 452     0
 453     0
 454     0
 455     0
 456     0
 457     0
 458     0
 459     0
 460     0
 461     0
 462     0
 463     0.3648
 464    14.4705
 465     0
 466     0
 467     0
 468     0
 469     0
 470     0
 471     0
 472     0
 473     0
 474     0
 475     0
 476     0
 477     0
 478     0
 479     0
 480     0
 481     0
 482     0.8994
 483     0.5878
 484     0
 485     0
 486     0
 487     0
 488     0
 489     0
 490     0
 491     0
 492     1.16
 493     0
 494     0
 495     0
 496     0
 497     0
 498     0
 499     0
 500     0
 501     0.3637
 502     0
 503     0
 504     0
 505     0
 506     0
 507     0
 508     0
 509     0
 510     0
 511     0
