This file was gnenerated on 2021-06-21 16:50:03.765392 by Grant Finneman. This contains the extracted data from the Gate simulations
The edep for each bar was summed up and printed to this file. The only math operation done has been addition.

  id      edep
   0    0
   1    0.2506
   2    0
   3    0
   4    0
   5    0
   6    0
   7    0
   8    0
   9    0
  10    0.9756
  11    0
  12    0
  13    0
  14    0
  15    0
  16    0.0943
  17    0
  18    0
  19    0
  20    0
  21    0
  22    0
  23    0
  24    0
  25    0
  26    0.2832
  27    0
  28    0
  29    0
  30    0
  31    0.8989
  32    0
  33    0
  34    0
  35    0
  36    0
  37    0
  38    0
  39    0
  40    0
  41    0
  42    0
  43    0
  44    0
  45    0
  46    0
  47    0
  48    0
  49    0
  50    0
  51    0
  52    0.2042
  53    0
  54    0.6568
  55    0
  56    0
  57    0
  58    0
  59    0
  60    0
  61    0
  62    0
  63    0.3074
  64    0
  65    0.1135
  66    0
  67    0.7996
  68    0
  69    0
  70    1.3089
  71    0
  72    0
  73    0.817
  74    0
  75    0
  76    0
  77    0
  78    0.6591
  79    0
  80    0.1438
  81    0
  82    0.5956
  83    0.6066
  84    0.4787
  85    0
  86    0
  87    0.9769
  88    0
  89    0
  90    0
  91    0.3219
  92    0
  93    0
  94    0
  95    0
  96   14.1518
  97    8.4584
  98    0
  99    0
 100    0
 101    0
 102    0
 103    0.5721
 104    6.8096
 105    8.3075
 106    0
 107    0.339
 108    0
 109    1.2872
 110    0
 111    0
 112   19.456
 113    1.356
 114    1.4238
 115    0.4068
 116    0
 117    0.45
 118    0
 119    0.9613
 120    0
 121    0
 122    0.5692
 123    0
 124    0
 125    0
 126    0
 127    0
 128    0
 129    0
 130    0
 131    0
 132    0
 133    0
 134    0.5708
 135    0
 136    0
 137    0
 138   15.18
 139    0
 140    0
 141    0
 142    0
 143    1.6905
 144   61.7291
 145   22.024
 146    0.0306
 147    0
 148    3.7897
 149    4.9615
 150    0.4461
 151    0
 152   18.5936
 153   84.4419
 154   50.6911
 155   10.3346
 156   46.9454
 157   10.3832
 158    5.1801
 159    3.1116
 160   45.5933
 161  105.571
 162   59.1189
 163    1.0749
 164   41.2078
 165    0.9538
 166    0.7515
 167    0.5721
 168   46.7389
 169   31.0215
 170   61.941
 171   57.8674
 172   40.8398
 173   18.5362
 174    9.5694
 175   28.7928
 176   12.426
 177   15.7488
 178   20.993
 179    1.3496
 180    0
 181   18.6018
 182   29.5104
 183   22.1099
 184    0
 185    0
 186    0
 187    0
 188    0
 189    0
 190    0.9142
 191    0
 192    0.759
 193    0.2988
 194   34.7004
 195    8.6751
 196    0
 197    0
 198    0
 199    0.7092
 200  101.577
 201   11.3312
 202   66.4394
 203   67.168
 204   11.6161
 205    3.7796
 206    6.5142
 207    3.2109
 208  175.526
 209  266.114
 210  182.661
 211  161.596
 212  223.616
 213  162.664
 214   66.381
 215   29.5601
 216  302.046
 217  405.954
 218  353.42
 219  378.577
 220  274.55
 221  178.375
 222  128.033
 223   45.7914
 224  418.348
 225  562.475
 226  507.283
 227  405.934
 228  464.286
 229  297.925
 230  172.466
 231   69.0753
 232  381.394
 233  353.822
 234  421.228
 235  457.355
 236  529.317
 237  352.906
 238  197.285
 239   95.9927
 240   79.5301
 241   71.0056
 242   91.5646
 243  126.026
 244   49.1749
 245    9.0703
 246    1.0698
 247    2.5036
 248    0.5384
 249    0.2206
 250    6.3974
 251    0
 252    0
 253    0.1599
 254    0
 255    0
 256    0.3961
 257    2.7006
 258    0.8276
 259    0
 260    0
 261    0.8172
 262    0.4806
 263    0
 264  157.353
 265   77.0768
 266  135.531
 267   72.3438
 268   34.7181
 269   61.9224
 270   16.3555
 271    0.1499
 272  556.444
 273  579.645
 274  505.686
 275  478.568
 276  436.349
 277  429.747
 278  254.896
 279   96.4453
 280  474.861
 281  442.353
 282  496.755
 283  588.983
 284  381.471
 285  323.75
 286  217.847
 287   78.3383
 288  275.928
 289  266.806
 290  301.852
 291  256.291
 292  246.393
 293  197.179
 294  118.639
 295  105.158
 296  131.167
 297  267.059
 298  232.963
 299  297.76
 300  153.867
 301   31.0304
 302   67.6805
 303   10.71
 304   52.881
 305   18.1712
 306   82.8714
 307  124.287
 308   25.2811
 309    0.0868
 310    0.9836
 311    0.7055
 312   16.6752
 313    3.4445
 314   23.7699
 315    0
 316    0.7157
 317    0
 318    0
 319    0
 320    0
 321    0
 322    0
 323    0
 324    0
 325    0
 326    0.1499
 327    0
 328    0
 329   10.1287
 330   33.5134
 331   38.913
 332   51.0762
 333   22.2936
 334    7.3716
 335    8.0125
 336   64.4892
 337   79.8675
 338  113.085
 339   60.7112
 340   94.2975
 341   60.3402
 342   13.8441
 343    0
 344  115.964
 345   69.516
 346   73.3276
 347   49.9856
 348   22.8768
 349   36.8506
 350   34.7828
 351    0
 352   44.8971
 353   23.4129
 354   48.594
 355   29.9024
 356   26.8151
 357    0.6607
 358    0
 359    0
 360   35.574
 361   30.1249
 362   20.4167
 363    3.8656
 364    0
 365    0.4596
 366    0.7822
 367    0
 368   12.9717
 369    0
 370    0.6186
 371    0.5361
 372    0.2354
 373    0
 374    0.823
 375    0
 376    0
 377    0
 378    0
 379    0
 380    0
 381    0
 382    0
 383    0
 384    0
 385    0
 386    0
 387    0
 388    0
 389    0
 390    0
 391    0
 392    0
 393    0
 394    0
 395    0
 396    0
 397    0
 398    0
 399    0
 400    0
 401    0.7275
 402   17.4104
 403    0
 404    0.2731
 405   18.2169
 406    0
 407    0
 408    0.7275
 409    0
 410    0.505
 411    0
 412    0.2271
 413    0.2271
 414    0
 415    0
 416    0
 417    0
 418    0
 419    0.0919
 420    0
 421    0
 422    0.4434
 423    0.2731
 424    0
 425    0
 426    0
 427    0.7092
 428    0.4596
 429    0
 430    0.1009
 431    0
 432    2.0844
 433    0
 434    0
 435    0
 436    0
 437    0
 438    0.9142
 439    0.4461
 440    0
 441    0
 442    0
 443    0
 444    0.4546
 445    0
 446    0
 447    0
 448    0
 449    0
 450    0
 451    0
 452    0
 453    0
 454    0
 455    0
 456    0
 457    0
 458    0
 459    0
 460    0
 461    0.1912
 462    0
 463    0
 464    0
 465    0
 466    0
 467    0.4004
 468    0
 469    0
 470    0
 471    0
 472    0
 473    0
 474    0.7301
 475    0.4122
 476    0
 477    0
 478    0
 479    0
 480    0.8957
 481    0
 482    0
 483    0
 484    0
 485    0.1831
 486    0
 487    0
 488    0
 489    0.7756
 490    0
 491    0
 492    0
 493    0
 494    0
 495    0
 496    0
 497    0
 498    0
 499    0
 500    0
 501    0
 502    0
 503    0
 504    0
 505    0
 506    0
 507    0
 508    0
 509    0
 510    0
 511    0
