This file was gnenerated on 2021-06-21 16:54:43.153977 by Grant Finneman. This contains the extracted data from the Gate simulations
The edep for each bar was summed up and printed to this file. The only math operation done has been addition.

  id      edep
   0    0
   1    0
   2    0
   3    0
   4    0
   5    0
   6    0
   7    0
   8    0.4483
   9    0
  10    0
  11    0
  12    0
  13    0
  14    0
  15    0
  16    0
  17    0.999
  18    0
  19   14.5654
  20   17.6318
  21    0
  22    0
  23    0
  24    1.5317
  25    6.9096
  26    5.8492
  27    5.9904
  28    0
  29    0
  30    0
  31    0.6889
  32   55.8568
  33   55.6007
  34   32.3038
  35   54.7304
  36   26.627
  37    9.6957
  38    0
  39    0
  40    0
  41    0
  42    8.6636
  43    0
  44    0.1124
  45    0
  46    0
  47    0
  48    0.9526
  49    0
  50    0
  51    0.1124
  52    0.3744
  53    0
  54    0
  55    0
  56    0
  57    0.9962
  58    0
  59    0
  60    0
  61    0
  62    0
  63    0
  64    0.6656
  65    0.6268
  66    0
  67    0.5397
  68    0
  69    0
  70    0
  71    0
  72    0.9188
  73    0
  74    0
  75    0
  76    0
  77    0
  78    0.3509
  79    0
  80    1.4937
  81    2.3866
  82   33.3689
  83   24.1184
  84   15.3534
  85    0.2818
  86    0
  87    0.9424
  88  245.94
  89  117.789
  90  170.873
  91  186.44
  92  162.199
  93  123.215
  94   82.1889
  95   56.0808
  96  218.049
  97  208.021
  98  188.127
  99  232.32
 100  159.053
 101  122.562
 102   57.989
 103    9.7031
 104   11.8792
 105   35.5095
 106   34.1951
 107   24.2954
 108    0.8946
 109    2.3414
 110    3.054
 111    0.3338
 112    0
 113    0.3389
 114    0
 115    0
 116    0.0786
 117    0
 118    0.1282
 119    0
 120    0
 121    0
 122    0
 123    0
 124    0
 125    0
 126    0
 127    0
 128    0
 129    1.3108
 130   14.7114
 131    0
 132    0.2663
 133    0
 134    0
 135    0
 136    0
 137    0.2663
 138   12.7053
 139   18.4051
 140   41.859
 141    0.6446
 142    0.5264
 143    0
 144    5.6484
 145   49.0542
 146   17.3191
 147   66.7093
 148   58.0251
 149    0.0036
 150    0.0126
 151   32.2575
 152  389.789
 153  310.374
 154  261.144
 155  357.697
 156  275.9
 157  227.978
 158  105.352
 159   85.9586
 160  278.518
 161  322.024
 162  248.174
 163  289.078
 164  311.44
 165  260.933
 166   68.5881
 167   32.7127
 168   10.7382
 169   38.0552
 170   40.0751
 171   43.0582
 172   25.1091
 173    4.6125
 174    3.7705
 175    2.1525
 176    0
 177    0.3607
 178    0
 179    0
 180    0
 181    0.0786
 182    0
 183    0.7666
 184    0
 185    0
 186    0
 187    0
 188    0
 189    0
 190    0
 191    0
 192    5.6576
 193    0
 194    0
 195    0
 196    0
 197    0
 198    0
 199    0
 200    0.4831
 201    0
 202    0
 203    0
 204    0
 205    0
 206    0
 207    0
 208   27.9663
 209   98.8348
 210   28.6585
 211   52.5322
 212   33.2185
 213    0
 214    0.221
 215    0
 216  322.081
 217  377.505
 218  248.428
 219  296.316
 220  236.723
 221  188.171
 222  142.258
 223   55.9801
 224  374.367
 225  392.687
 226  372.905
 227  281.055
 228  242.59
 229  211.587
 230   81.1149
 231   19.1685
 232   19.5316
 233   14.035
 234   32.6544
 235   63.8578
 236   12.0264
 237   18.5697
 238    0
 239    0
 240    0
 241    0
 242    0
 243    0
 244    0.5258
 245    0
 246    0
 247    0
 248    0
 249    0
 250    0.1695
 251    0
 252    0
 253    0
 254    0
 255    0.456
 256    0
 257    0
 258    0
 259    0.6535
 260    0
 261    0.4354
 262    0
 263    0
 264    0
 265    0.4483
 266    0.6584
 267    0
 268    0
 269    0.3318
 270    0
 271    0
 272   28.9113
 273   22.311
 274    8.8346
 275   15.9968
 276   20.098
 277   33.735
 278    1.5045
 279    1.5211
 280  321.398
 281  363.057
 282  302.159
 283  201.445
 284  220.12
 285  207.927
 286  108.925
 287   60.326
 288  308.002
 289  424.774
 290  342.49
 291  340.519
 292  293.253
 293  169.516
 294   99.2296
 295   52.6131
 296   52.2905
 297   54.7617
 298   61.3651
 299   55.9065
 300   44.1248
 301   36.7097
 302    0
 303    0
 304    0.1879
 305    0
 306    0.582
 307    0
 308    0
 309    0
 310    0
 311    0
 312    0
 313    0
 314    0
 315    0
 316    1.0516
 317    0.1695
 318    0.5258
 319    0
 320    1.391
 321    0.8482
 322    0
 323    0.0531
 324    0
 325    0
 326    0
 327    0
 328    0
 329    0
 330    0.4127
 331    0.9571
 332    0
 333    0
 334    0
 335    0
 336   32.824
 337   16.6994
 338   34.1819
 339   11.9325
 340   43.0259
 341    0
 342    1.77
 343    0.0017
 344  357.737
 345  366.902
 346  432.138
 347  365.404
 348  258.943
 349  163.066
 350   86.3164
 351   85.9817
 352  323.819
 353  352.141
 354  321.257
 355  374.908
 356  233.629
 357  220.591
 358  140.013
 359   47.7955
 360    6.0688
 361    0
 362    0.911
 363   13.9932
 364    0.4719
 365    0.8475
 366    0
 367    0.048
 368    0
 369    0
 370    0
 371    9.189
 372    0.5653
 373    0.996
 374    0
 375    0
 376    0
 377    0.1879
 378    0
 379    0
 380    0
 381    0
 382    0
 383    0
 384    0
 385    0
 386    0
 387    0
 388    0
 389    0
 390    0.1755
 391    0
 392    0
 393    0
 394    0
 395    0
 396    0
 397    0.4559
 398    0.1261
 399    0
 400   18.8328
 401   30.9254
 402   32.5036
 403    0
 404   12.4124
 405    7.9503
 406    0.0609
 407   22.701
 408  156.318
 409  255.094
 410  217.212
 411  176.011
 412  153.152
 413  164.233
 414   39.6425
 415   20.2816
 416  194.772
 417  211.481
 418  173.173
 419  168.079
 420  161.702
 421  131.712
 422   83.6503
 423   12.6423
 424   33.5757
 425   20.0183
 426   22.1951
 427   26.2402
 428   19.718
 429   12.1627
 430    0.0171
 431    0
 432    0.8516
 433    0
 434    4.2208
 435   12.1348
 436    0
 437    9.4346
 438    0
 439    0
 440    0
 441    0
 442    0
 443    0
 444    0
 445    0
 446    0
 447    0
 448    0
 449    0
 450    0
 451    0
 452    0
 453    0
 454    0
 455    0.9967
 456    0
 457    0.1294
 458    0
 459    0
 460    1.2826
 461    0
 462    1.061
 463    0
 464    0.3861
 465    0
 466    0
 467    0.3661
 468    0
 469    0
 470    0
 471    0
 472   25.0058
 473    0
 474    0.0861
 475   24.7602
 476   18.3084
 477    4.161
 478    0
 479    0
 480   51.9028
 481   37.874
 482   49.2768
 483   28.5858
 484    6.8989
 485    0.8287
 486    0
 487    0
 488    0.9489
 489    0
 490    0
 491    0
 492    0
 493    0
 494    0
 495    0
 496    0.7731
 497    0.3062
 498    0
 499    0
 500    0
 501    0
 502    0
 503    0.0167
 504    0
 505    0
 506    0
 507    0
 508    0
 509    0.6905
 510    0
 511    0
