This file was gnenerated on 2021-06-22 21:24:10.902742 by Grant Finneman. This contains the extracted data from the Gate simulations
The edep for each bar was summed up and printed to this file. The only math operation done has been addition.

  id        edep
   0     1.46948
   1     0.49523
   2     1.78655
   3     0
   4     2.51551
   5     0.25742
   6     0
   7     0.49612
   8     0.8501
   9     1.88505
  10     2.13175
  11     0
  12     2.37985
  13     0.59125
  14     0
  15     0
  16     0.9838
  17     0.29052
  18     0.76288
  19     0.12366
  20     1.77596
  21     1.11627
  22     2.61831
  23     0.76329
  24    24.4535
  25    32.0368
  26     2.3072
  27     1.24823
  28     0.86913
  29     1.45236
  30     2.1285
  31     0.71213
  32    19.0244
  33     0
  34     0.34653
  35     0.45684
  36     0.10666
  37     1.87033
  38     0
  39     0.26895
  40     0.97766
  41     0
  42     1.71796
  43     4.6192
  44     0.7088
  45     0
  46     1.76995
  47    16.6948
  48     0.90785
  49     0.07142
  50     0.4941
  51     0
  52     1.07088
  53     0.38721
  54     0.12907
  55     0
  56     0.43416
  57     0
  58     0
  59     0
  60     0
  61     1.77738
  62     0
  63     0
  64     0
  65     1.68077
  66     0.25921
  67     0.95038
  68     0.37505
  69     0
  70     0
  71     0.22822
  72    76.7093
  73     7.63078
  74     7.51785
  75     5.73784
  76     0.68299
  77     3.49538
  78     0.14151
  79     1.87435
  80   117.893
  81   115.26
  82    27.4946
  83    49.1341
  84     2.65815
  85    15.4942
  86    12.1414
  87     0.77818
  88    39.455
  89    58.7139
  90    49.6862
  91    45.4097
  92    38.3142
  93    27.0329
  94    10.5913
  95     3.72122
  96     5.1975
  97    42.584
  98    21.5032
  99    86.1776
 100    37.0925
 101    31.608
 102    46.0425
 103     2.82902
 104    11.9278
 105    35.6715
 106    27.6707
 107    22.5864
 108    10.0624
 109     2.41266
 110     1.65311
 111     0.84453
 112     0.69901
 113     0.61228
 114     1.88648
 115     7.51259
 116     1.99141
 117     1.92504
 118     7.69574
 119     8.1951
 120     3.01224
 121     0.83955
 122     1.41476
 123     1.27353
 124     0.43829
 125     0
 126     0.69522
 127     1.22511
 128     1.98316
 129    12.5792
 130     1.47364
 131     1.0591
 132     0.61691
 133     3.16688
 134     0.78434
 135     0.3638
 136   149.69
 137   195.643
 138   125.422
 139    85.6004
 140   155.736
 141    60.9815
 142    35.0996
 143     0.68747
 144  1131.37
 145  1023.43
 146  1163.4
 147  1074.91
 148   762.226
 149   526.329
 150   282.362
 151   128.875
 152  1404.42
 153  1398.21
 154  1506.38
 155  1167.19
 156   794.325
 157   741.228
 158   527.052
 159   199.313
 160   782.743
 161   893.148
 162   724.642
 163  1045.62
 164   497.407
 165   417.147
 166   213.955
 167    57.5524
 168   444.505
 169   389.903
 170   437.808
 171   306.282
 172   155.216
 173    18.6156
 174    41.0866
 175     2.86253
 176   122.845
 177    71.4588
 178    72.6638
 179   117.236
 180    77.4202
 181    24.14
 182     5.54065
 183     1.79354
 184     4.25216
 185    11.3274
 186     5.95158
 187     5.16044
 188     1.38057
 189     1.85389
 190     0
 191     0.30997
 192     4.74724
 193     2.72176
 194     1.35305
 195     0
 196    12.2182
 197     2.1288
 198    21.7541
 199     5.42985
 200   304.209
 201   429.331
 202   301.929
 203   146.89
 204   214.122
 205   112.051
 206    39.2021
 207     5.79049
 208  2888.62
 209  2874.09
 210  2600.37
 211  2625.89
 212  2208.49
 213  1640.37
 214  1060.63
 215   464.036
 216  4360.28
 217  4328.23
 218  4410.99
 219  4047.13
 220  3498.66
 221  2746.38
 222  1493.03
 223   621.236
 224  4232.02
 225  4205.2
 226  4432.86
 227  3815.81
 228  3087.51
 229  2440.23
 230  1558.71
 231   646.667
 232  2350.41
 233  2654.28
 234  2595.18
 235  2391.99
 236  1928.06
 237  1505.87
 238   877.165
 239   351.385
 240   427.697
 241   334.883
 242   415.995
 243   330.908
 244   346.566
 245   178.507
 246    20.633
 247     3.45715
 248     7.81535
 249    18.0138
 250    82.4098
 251    64.5571
 252    31.3409
 253     1.42572
 254     3.88595
 255     0.54412
 256     1.27818
 257    41.9257
 258     4.7781
 259    38.227
 260    51.5642
 261     2.74826
 262     9.22892
 263    10.9852
 264   348.601
 265   372.812
 266   374.292
 267   310.785
 268   310.726
 269   185.105
 270    74.1067
 271    13.0506
 272  2364.6
 273  2163.09
 274  2433.96
 275  2325.8
 276  2002.9
 277  1591.77
 278  1115.1
 279   402.944
 280  3618.63
 281  4167.52
 282  4134.14
 283  3690.31
 284  3242.73
 285  2546.23
 286  1663.44
 287   553.074
 288  4506.88
 289  4515.58
 290  4182.5
 291  4185.15
 292  3312.96
 293  2744.14
 294  1575.7
 295   614.586
 296  3149.16
 297  3029.02
 298  3020.3
 299  2796.48
 300  2214.42
 301  1960.1
 302  1204.54
 303   492.058
 304   360.466
 305   486.109
 306   480.238
 307   238.869
 308   193.283
 309   202.377
 310    39.7075
 311    18.974
 312     2.94833
 313    14.8907
 314    62.0741
 315    55.3289
 316    15.8507
 317    26.0814
 318     3.66759
 319     0.51881
 320     0
 321     9.87988
 322     0.43979
 323    39.0069
 324     7.02215
 325     0.0731
 326     0
 327     0.13718
 328    94.2032
 329    99.3172
 330    42.3217
 331   120.048
 332    33.9153
 333    28.9197
 334    41.0625
 335    16.0377
 336   348.96
 337   327.941
 338   353.439
 339   302.925
 340   125.523
 341   171.571
 342    49.806
 343    11.0354
 344   770.306
 345   951.909
 346   886.45
 347   606.903
 348   453.704
 349   328.975
 350   114.232
 351    61.4323
 352  1545.84
 353  1547.06
 354  1324.4
 355  1333.48
 356  1062.7
 357   828
 358   392.039
 359   163.739
 360  1157.31
 361  1046.37
 362  1036.29
 363   927.294
 364   772.109
 365   584.917
 366   404.733
 367   125.683
 368   162.224
 369   141.287
 370   130.983
 371   132.783
 372   100.103
 373    50.8891
 374    30.5877
 375     0.48635
 376     1.74033
 377    27.2533
 378    52.2256
 379     0.12493
 380     2.19483
 381    25.0634
 382     7.6908
 383     0
 384     1.85696
 385     0.80214
 386     0
 387     0.30909
 388     1.05074
 389     0
 390     1.23555
 391     0.80516
 392     3.7736
 393     3.46208
 394     1.11301
 395     0.7171
 396     2.68772
 397     9.4293
 398    18.8805
 399     1.98674
 400    17.3683
 401    16.9856
 402    26.7349
 403     5.3214
 404    31.7109
 405     0.38998
 406    19.0536
 407    13.0859
 408    44.6173
 409    24.8078
 410    52.8427
 411    28.9422
 412    42.6171
 413    41.34
 414     0.64903
 415    10.4138
 416    91.2391
 417   115.273
 418    88.1693
 419    96.5368
 420   118.76
 421    17.8414
 422    22.2127
 423     2.9052
 424    46.9583
 425    53.0883
 426    70.3759
 427    62.9352
 428    12.9221
 429    22.4907
 430     4.55027
 431     1.54535
 432     8.9281
 433    30.832
 434    12.1099
 435    10.8889
 436     0.39376
 437     0.89108
 438    18.5042
 439     3.50647
 440     3.48751
 441     0.40875
 442     0
 443     0.51211
 444     0
 445     1.0685
 446     0.90989
 447     0
 448     1.5831
 449     0.97739
 450     0
 451     0
 452     0
 453     0
 454     0.98807
 455     0
 456     1.0073
 457     0.93651
 458     0.89146
 459     0.4768
 460     0.15804
 461     0
 462     1.63845
 463     0.6688
 464     2.20471
 465     0.13168
 466     1.29846
 467     1.09503
 468     1.18721
 469     1.34666
 470     0.6117
 471     2.16284
 472    13.4756
 473    11.2442
 474     0.6249
 475     5.98184
 476     6.7363
 477     0.17812
 478     0
 479     1.2675
 480     1.73495
 481     2.46975
 482     2.13279
 483     1.88464
 484     0
 485     1.21706
 486     1.70671
 487     1.44915
 488     1.97144
 489     0.8127
 490     1.46604
 491     0
 492     1.25614
 493     1.8161
 494     3.23427
 495     1.54984
 496     1.96469
 497     1.64482
 498     1.32754
 499     0.11085
 500    10.7422
 501    10.3724
 502     2.53701
 503     1.12756
 504     0
 505     2.06411
 506     0
 507     0.90837
 508     1.02065
 509     0.58605
 510     0.58605
 511     0
