This file was gnenerated on 2021-06-17 21:27:10.050163 by Grant Finneman. This contains the extracted data from the Gate simulations
The edep for each bar was summed up and printed to this file. The only math operation done has been addition.

  id      edep
   1    0.8248
   3    0.3994
   8    1.1718
  10    0.0048
  16    0.154
  19    0.1057
  20    0.1361
  22    0.3314
  24    0.4628
  33    0.8884
  35    7.8855
  41    0.2539
  42    0.615
  69    0.2803
  80    0.6887
  81    0.6887
  82   33.0044
  85    0.3314
  88   21.7323
  89   47.5829
  90   24.8516
  91   29.8952
  92   19.805
  94    0.4089
  96   28.9278
  97   30.4487
  98   51.4847
  99   16.2476
 100   49.8498
 101    7.0008
 102    7.0283
 103    0.4029
 104   11.9286
 105   11.2409
 106    7.3956
 107   33.0327
 108   16.6116
 109    7.3152
 110    1.2711
 114    0.9418
 119    0.4164
 138   16.6799
 139   22.2606
 140   22.4041
 141    0.5256
 142    0.4371
 144   53.7077
 145   77.5127
 146   57.9934
 147   57.3446
 148   51.1412
 149    6.8727
 150    5.6427
 152  184.957
 153  197.179
 154  191.001
 155  169.835
 156  113.794
 157  140.519
 158   67.3411
 159   22.5058
 160  193.52
 161  265.423
 162  278.462
 163  277.139
 164  271.868
 165  239.27
 166  108.638
 167   33.9554
 168  125.445
 169  162.893
 170  132.949
 171   50.1255
 172   66.7525
 173   57.1706
 174   14.46
 175   28.3796
 176   28.6316
 177    2.0922
 178    3.487
 180    0.0379
 181    0.009
 182    1.7168
 183    1.3307
 192   14.395
 193    0.092
 194    1.7379
 196    0.5855
 200   35.1628
 201   39.1988
 202   50.307
 203   63.5426
 204   67.1153
 205   41.9233
 206   22.8263
 207    7.2565
 208  246.346
 209  312.853
 210  351.193
 211  420.788
 212  221.828
 213  163.743
 214  101.67
 215   59.0129
 216  317.607
 217  301.826
 218  257.181
 219  325.139
 220  178.045
 221  126.87
 222   68.3135
 223   41.6042
 224  256.542
 225  284.942
 226  309.38
 227  320.91
 228  332.618
 229  204.596
 230  138.648
 231   62.4823
 232  160.612
 233  277.1
 234  220.192
 235  180.92
 236  150.453
 237  169.228
 238   90.0672
 239   33.6244
 240   42.2183
 241   27.7566
 242   42.0867
 243    6.9348
 244    6.8594
 245    7.3321
 246    7.1102
 247    2.3606
 249    0.4312
 252    0.2342
 253    1.139
 257    0.161
 259    0.1764
 260    7.3292
 261    5.5347
 262    0.4862
 264   27.2188
 265   45.0393
 266   60.8689
 267   56.8163
 268   36.6147
 269   20.6984
 272  250.886
 273  229.606
 274  332.103
 275  278.857
 276  193.425
 277  134.569
 278   95.0827
 279   32.776
 280  265.565
 281  214.588
 282  339.066
 283  293.537
 284  184.74
 285  195.649
 286   91.4664
 287   23.67
 288  248.832
 289  235.187
 290  269.981
 291  235.454
 292  209.566
 293  146.266
 294  136.131
 295   77.1585
 296  205.724
 297  247.37
 298  269.668
 299  229.112
 300  241.484
 301  249.515
 302  160.717
 303   46.4401
 304   54.6354
 305   52.1329
 306   50.771
 307   49.305
 308   57.6958
 309   28.9361
 310   22.422
 311    0.2376
 313   13.4976
 317    0.8193
 321    5.6254
 322    0.4862
 328   11.4355
 329   32.8747
 330    9.2052
 331    2.0456
 332   10.4686
 333   11.0337
 334    5.5422
 335    3.079
 336  112.559
 337  146.994
 338  181.238
 339   81.8711
 340   78.8588
 341   73.6917
 342   40.3071
 343   22.4344
 344  234.064
 345  259.734
 346  312.192
 347  310.396
 348  255.71
 349  182.154
 350   81.5261
 351   25.0604
 352  181.62
 353  193.618
 354  109.458
 355  162.693
 356  108.382
 357  121.454
 358   84.6101
 359   28.1606
 360   41.9538
 361   54.2169
 362   65.9874
 363   34.3556
 364   48.4644
 365   31.5748
 366    2.2287
 368   24.8253
 369   54.4725
 370    3.1786
 372   29.676
 374    0.3479
 375    0.6478
 378    0.6493
 387    0.3717
 400    1.6668
 401   19.5638
 402   37.6794
 403    7.9407
 404   17.5583
 405   12.3743
 408   24.7368
 409   26.1283
 410   79.7323
 411   55.9446
 412   65.4252
 413    6.7688
 414    5.2458
 415    2.2482
 416   18.5872
 417    6.2047
 418    9.8946
 419    9.8604
 420   16.6905
 424    5.1524
 425    4.6312
 428    1.1179
 429    0.1706
 432    0.8254
 433   29.823
 435    0.8988
 436    0.4381
 439    0.8901
 441    0.7969
 450    0.8873
 457    0.9464
 458    0.0591
 464    0.9641
 474    0.9104
 475    1.0642
 484    0.847
 486    0.3758
 492    0.9155
 493    0.1
 501    0.7736
