This file was gnenerated on 2021-06-21 16:50:01.183776 by Grant Finneman. This contains the extracted data from the Gate simulations
The edep for each bar was summed up and printed to this file. The only math operation done has been addition.

  id      edep
   0    0
   1    0
   2    0
   3    0
   4    0
   5    0
   6    0
   7    0
   8    0.1713
   9    0
  10    0.7579
  11    0.3738
  12    0
  13    0
  14    0
  15    0.0989
  16    0
  17    0.9
  18    0
  19    0.9766
  20    0
  21    0
  22    0
  23    0
  24    0
  25   11.4816
  26    0
  27    0
  28    0
  29    0
  30    0
  31    0
  32    0
  33    0.4357
  34    0
  35    0
  36    0.7247
  37    0
  38    0
  39    0
  40    0
  41    0.8543
  42    0
  43    0
  44    0
  45    0
  46    0
  47    0
  48    0.9776
  49    0
  50    0
  51    0
  52    0.0246
  53    0
  54    0
  55    0
  56    0
  57    0
  58    0
  59    0
  60    0.7115
  61    0
  62    0
  63    0
  64    0
  65    0
  66    0
  67    0.9047
  68    0
  69    0
  70    0
  71    0
  72    0
  73    0
  74    0
  75    0
  76    0
  77    0
  78    0
  79    0
  80   47.3527
  81   32.3833
  82    0
  83    0.7579
  84    0.599
  85    0.4636
  86    0
  87    0
  88   83.9383
  89  102.854
  90   47.4956
  91   39.2572
  92   27.3644
  93    0
  94    0.9784
  95    0
  96   13.2103
  97   18.5366
  98   25.058
  99   42.2746
 100   45.2143
 101    4.4617
 102    0.4518
 103    0
 104    3.0216
 105    0
 106    0
 107    0
 108    0
 109    0
 110    0
 111    0
 112    0
 113    0
 114    0
 115    0
 116    0
 117    0
 118    0
 119    0.3404
 120    0
 121    0
 122    0
 123    0.9577
 124    0
 125    0
 126    0
 127    0
 128    0
 129    1.5
 130    0
 131    0
 132    0
 133    0
 134    0
 135    0
 136    0.0016
 137   12.4959
 138    0
 139    0
 140    0
 141    0
 142    0
 143    0
 144   72.9036
 145  111.471
 146   16.7942
 147   23.2212
 148   19.493
 149   12.9099
 150   15.9065
 151    5.06
 152  335.834
 153  503.071
 154  519.539
 155  358.129
 156  383.968
 157  317.312
 158  253.762
 159  108.771
 160  150.282
 161  238.323
 162  163.227
 163  197.464
 164   91.82
 165   67.7121
 166   72.2083
 167   16.8466
 168    8.6565
 169    2.096
 170   26.5527
 171    3.571
 172    7.2559
 173    0.2644
 174    4.4434
 175    6.5642
 176    0
 177    0
 178    0
 179    0.945
 180    0
 181    0.2985
 182    0.7115
 183    0
 184    0
 185    0
 186    0
 187    0
 188    0
 189    0
 190    0
 191    0
 192    0
 193    0
 194    0
 195    0
 196    0.1713
 197    0.1713
 198    0.1548
 199    0
 200    0
 201    0
 202    0
 203    0
 204    0
 205    0.9047
 206    0
 207    0.2717
 208   35.299
 209   43.1263
 210   30.7984
 211   42.4585
 212   36.159
 213   51.2909
 214   18.1383
 215    0
 216  499.699
 217  453.886
 218  512.761
 219  558.496
 220  501.281
 221  399.768
 222  231.341
 223   92.5113
 224  433.26
 225  399.317
 226  620.99
 227  565.169
 228  320.605
 229  223.222
 230  105.761
 231   25.2258
 232   17.0092
 233   65.5176
 234   26.4938
 235    9.5259
 236   17.2312
 237    6.3347
 238    1.4476
 239    3.3989
 240    0
 241    0
 242    0
 243    0
 244    0
 245    0.8778
 246    0
 247    0
 248    0
 249    0
 250    0
 251    0
 252    0
 253    0
 254    0
 255    0
 256    0
 257    0
 258    0
 259    0
 260    0
 261    0
 262    0
 263    0
 264    0
 265    0
 266    0.8269
 267    0
 268    0.1655
 269    0.1655
 270    0
 271    0
 272   16.0083
 273   19.3661
 274   59.0093
 275    6.9947
 276   13.8722
 277   17.1714
 278   23.1634
 279    0
 280  419.3
 281  408.568
 282  436.727
 283  477.276
 284  307.686
 285  231.482
 286  177.696
 287   57.7551
 288  517.753
 289  503.258
 290  458.83
 291  484.939
 292  438.77
 293  241.956
 294  201.909
 295  131.981
 296   26.4837
 297   52.9333
 298   28.3517
 299   72.7437
 300   29.8343
 301   20.8573
 302    0
 303    0
 304   19.2952
 305   40.9799
 306    8.6965
 307    5.5822
 308    1.5559
 309    0.8778
 310    0.027
 311    0
 312    0
 313    0
 314    4.9946
 315    0.5864
 316    0.702
 317    0.2263
 318    0
 319    0
 320    0
 321    0
 322    0
 323    0
 324    0
 325    0.4156
 326    0
 327    0.6403
 328    0
 329    0
 330    0.6543
 331    0
 332    0.0416
 333    0.1716
 334    0.6078
 335    0.8687
 336   40.9701
 337   30.759
 338   25.1489
 339   29.1082
 340    0.4488
 341    9.37
 342   18.6255
 343    0
 344  194.708
 345  209.222
 346  154.711
 347  147.455
 348  152.605
 349   73.0656
 350   66.9666
 351   37.0464
 352  534.909
 353  546.026
 354  372.068
 355  374.587
 356  365.512
 357  211.413
 358  115.396
 359   51.8717
 360   26.7842
 361   56.2712
 362   33.2359
 363   42.7218
 364    9.7608
 365   21.1012
 366    0
 367    0.6462
 368    0.838
 369   13.554
 370    0
 371    0
 372    0
 373    0
 374    0.702
 375    0
 376    0
 377    0
 378    0
 379    0
 380    0
 381    0
 382    0
 383    0.5959
 384    0
 385    0
 386    0
 387    0
 388    0.0416
 389    0
 390    0
 391    0
 392    0
 393    0
 394    0
 395    0.407
 396    0.8167
 397    0
 398    0
 399    0
 400   10.4199
 401    0
 402    0
 403    0.2331
 404    0.907
 405    0.4535
 406    0
 407    0
 408   28.9373
 409    7.4073
 410   12.1105
 411   67.8088
 412   14.6242
 413    0.4501
 414    0.7894
 415    0.7894
 416   95.6978
 417   31.3535
 418   43.3403
 419   36.2914
 420    2.7249
 421    0
 422    0
 423    0.0559
 424    3.011
 425    9.63
 426   32.4161
 427    8.8851
 428    0.291
 429    1.567
 430    0.6462
 431    0.3903
 432    0
 433    0
 434    0
 435    0
 436    0
 437    0.8389
 438    0
 439    0
 440    0
 441    0
 442    0
 443    0
 444    0
 445    0
 446    0
 447    0
 448    0
 449    0
 450    0
 451    0
 452    0
 453    0
 454    0
 455    0
 456    0
 457    0
 458    0
 459    0.7666
 460    0
 461    0.2383
 462    0
 463    0
 464    0
 465    0
 466    0
 467    0
 468    0
 469    0.7392
 470    0
 471    0
 472    0.7156
 473    0
 474    0
 475    0
 476    0.7238
 477    0
 478    0.9041
 479    0
 480    0
 481    8.2693
 482   18.4469
 483    0.1488
 484    0.2
 485    0
 486    0
 487    0
 488    0
 489    0
 490    0.5644
 491    0
 492    0.1675
 493    0.8482
 494    0.893
 495    0.665
 496    0
 497    0.0916
 498    0.8285
 499    0
 500    0
 501    0
 502    0
 503    0
 504    0
 505    0.8389
 506    0
 507    0
 508    0
 509    0
 510    0
 511    0
