This file was gnenerated on 2021-06-21 16:52:09.441525 by Grant Finneman. This contains the extracted data from the Gate simulations
The edep for each bar was summed up and printed to this file. The only math operation done has been addition.

  id      edep
   0    0
   1    0
   2    0
   3    0
   4    0
   5    0
   6    0
   7    0
   8    0
   9    0
  10    0
  11    0
  12    0
  13    0
  14    0
  15    0.3101
  16    0
  17    0
  18    0
  19    0
  20    0.2093
  21    0
  22    0
  23    0
  24    0
  25    0.5346
  26    0
  27    0
  28    0
  29    0
  30    0
  31    0
  32    0.3479
  33    0
  34    0
  35    0
  36    0.4957
  37    0
  38    0.0508
  39    0
  40    0
  41    0
  42    0
  43    0
  44    0.3844
  45    0
  46    0
  47    0
  48    0
  49    0.314
  50    0
  51    0
  52    0
  53    0
  54    0
  55    0
  56    0
  57    0
  58    0
  59    0
  60    0
  61    0
  62    0
  63    0
  64    0
  65    0
  66    0
  67    0
  68    0
  69    0.4372
  70    0
  71    0
  72    0
  73   15.848
  74    0
  75   18.8664
  76    0
  77    0
  78    0
  79    0
  80    0.7556
  81    4.7544
  82   11.0936
  83    0.9033
  84    0.7556
  85    0
  86    0
  87    0
  88    0
  89    3.4049
  90    1.4664
  91    0.4957
  92    0
  93    0
  94    0.5316
  95    0
  96    0
  97    0.3479
  98    0.6462
  99    0
 100    0.6405
 101   12.1774
 102    0
 103    0
 104    0.7839
 105    0.078
 106    0.2698
 107   11.7106
 108    0
 109    0
 110    0.1045
 111    0
 112   26.3566
 113   10.6953
 114    0
 115   10.1137
 116    0
 117    0
 118    7.3755
 119    0
 120    0
 121    0
 122    0.3507
 123    0
 124    0.9291
 125    0
 126    0
 127    0
 128    0
 129    0.8463
 130    0.0654
 131    0
 132    0
 133    0
 134    0
 135    0
 136   44.2582
 137   40.74
 138    5.5027
 139   54.8651
 140   25.5095
 141    1.3525
 142    0
 143    0.0751
 144   46.0955
 145   87.7256
 146   32.4544
 147   63.3365
 148   18.7703
 149    4.7544
 150    0
 151    0.1187
 152  101.444
 153  122.057
 154  101.044
 155   82.3716
 156   24.8012
 157    5.2433
 158    8.6114
 159    8.6449
 160   63.2969
 161   80.1211
 162   76.3729
 163  119.622
 164  144.415
 165   65.7912
 166   48.7304
 167   27.9768
 168  169.521
 169  129.587
 170  155.97
 171  234.358
 172  186.114
 173   80.5631
 174   34.8055
 175   25.4061
 176   16.1656
 177    5.5532
 178   43.1377
 179    9.8976
 180   20.5772
 181   21.1371
 182   32.3892
 183    0
 184    0.9156
 185    0
 186   11.716
 187    7.3225
 188    0
 189    0
 190    0
 191    0
 192    0
 193   25.848
 194   76.1318
 195    0
 196    0
 197   15.5502
 198    0
 199    0
 200  112.614
 201  102.997
 202  117.405
 203   66.0877
 204   92.1085
 205   63.8347
 206   14.5228
 207    0.9143
 208  118.514
 209  181.405
 210  271.56
 211  223.174
 212  154.814
 213  186.264
 214  142.935
 215   45.8624
 216  247.948
 217  345.525
 218  337.87
 219  301.301
 220  200.507
 221  143.882
 222   67.1563
 223   26.4828
 224  317.7
 225  324.165
 226  303.797
 227  252.859
 228  181.918
 229  177.498
 230  170.33
 231   36.2139
 232  323.906
 233  323.75
 234  273.456
 235  260.521
 236  231.573
 237  179.726
 238  146.239
 239   37.0061
 240   74.6151
 241  122.69
 242   99.8165
 243   52.3409
 244   62.8293
 245   48.6132
 246    5.2134
 247    1.9296
 248   17.546
 249   11.063
 250    1.3498
 251    1.301
 252    0.7184
 253    0
 254    0
 255    0
 256   55.4679
 257    2.9274
 258   12.1152
 259    0
 260    0.9647
 261    0
 262    0
 263    0
 264  162.787
 265  139.434
 266  144.406
 267  151.189
 268   92.5924
 269   35.4937
 270   27.6549
 271    5.9235
 272  377.253
 273  247.809
 274  276.35
 275  197.631
 276  260.795
 277  197.542
 278  167.38
 279   22.7891
 280  379.38
 281  342.865
 282  329.677
 283  240.751
 284  168.902
 285  199.14
 286  125.529
 287   42.5191
 288  275.581
 289  280.488
 290  259.55
 291  379.064
 292  247.151
 293  208.361
 294   70.5279
 295   32.0148
 296  262.865
 297  327.288
 298  282.675
 299  224.171
 300  267.103
 301  202.604
 302  143.888
 303   52.1628
 304   96.7516
 305  101.324
 306   82.8249
 307   77.9526
 308   34.5118
 309   63.7146
 310   44.1364
 311    0.735
 312    0
 313   17.0517
 314    3.7948
 315    0
 316    0
 317    0.9566
 318    0
 319    0
 320   16.2132
 321   15.5426
 322    0
 323    0
 324    0
 325    0
 326    0.7643
 327    0.8907
 328   30.1113
 329   13.8964
 330   58.175
 331   54.1697
 332   17.3328
 333    0.2877
 334    4.7303
 335    0
 336  123.448
 337   96.9478
 338  108.861
 339  130.038
 340   67.9055
 341  117.718
 342   41.9162
 343   36.6281
 344   99.3509
 345  234.12
 346  138.926
 347  103.309
 348   97.5776
 349   75.9453
 350   71.729
 351   20.8513
 352  106.105
 353  165.505
 354  109.88
 355   74.8127
 356   31.4904
 357   18.9454
 358   26.7957
 359   13.2246
 360   91.7259
 361   62.3547
 362   19.2502
 363   15.9478
 364   15.2414
 365   16.3768
 366   32.4355
 367    6.9554
 368    5.32
 369   13.954
 370    8.143
 371    8.0178
 372    0
 373    0
 374    0
 375    0
 376    0
 377    3.5448
 378   12.0273
 379    0
 380    0
 381    0
 382    0
 383    0.3479
 384    0.4266
 385    0
 386    0
 387    0
 388    0
 389    0
 390    0
 391    0
 392    0
 393    0
 394   18.2754
 395   16.614
 396    6.4883
 397    0
 398    0
 399    0
 400   16.1517
 401    0
 402    0
 403   22.992
 404    0
 405   29.5342
 406   22.986
 407    0
 408   41.9735
 409    1.9991
 410    0.8431
 411    0
 412    0
 413    0
 414    0
 415    0
 416   22.0084
 417    3.1338
 418    1.1305
 419    0
 420    0
 421    0
 422    0.9592
 423    0
 424    0
 425    4.412
 426    5.3295
 427    0
 428    0.1299
 429    1.8605
 430    0
 431    0
 432    0
 433    0
 434    0
 435    0
 436    0
 437    0
 438    7.4008
 439    0.7654
 440    0
 441    0
 442    0
 443    0
 444    0
 445    0.8431
 446    6.3916
 447    5.046
 448    0
 449    0
 450    0
 451    0
 452    0
 453    0.3633
 454    0
 455    0
 456    0
 457    0
 458    0
 459    0
 460    0
 461    0
 462    0
 463    0
 464    0
 465    0
 466    0
 467    0
 468    0
 469    0
 470    0
 471    0
 472    0
 473    0
 474    0
 475    0
 476    0
 477    0
 478    0
 479    0
 480    0
 481    0
 482    0.4853
 483    0
 484    0
 485    0
 486    0
 487    0
 488    0.7765
 489    0
 490    0
 491    0
 492    0
 493    0
 494    0
 495    0
 496    0
 497    0.369
 498    0
 499    0
 500    0
 501    0
 502    0
 503    0
 504    0
 505    0
 506    0
 507    0
 508    0
 509    0
 510    0
 511    0
