This file was gnenerated on 2021-06-22 21:40:24.855490 by Grant Finneman. This contains the extracted data from the Gate simulations
The edep for each bar was summed up and printed to this file. The only math operation done has been addition.

  id        edep
   0     0.43296
   1     0
   2     1.35719
   3     0
   4     0
   5    20.8386
   6    10.7411
   7     9.9211
   8     2.51556
   9     0
  10     0.96848
  11     0.06465
  12     0
  13     1.058
  14     0
  15     1.40062
  16     7.22295
  17     0.9518
  18     0.54302
  19     0.73433
  20     0.38624
  21     0.63724
  22     0.62428
  23     0.37553
  24     0
  25     0
  26     0.75744
  27     0.45458
  28     1.62735
  29     0.73908
  30    25.2152
  31     7.85356
  32     7.77697
  33     0.96622
  34     1.32341
  35     0.59451
  36     0.48107
  37     0.89563
  38     0.03138
  39     0.57351
  40     3.0257
  41     1.26102
  42     0.87478
  43     1.11666
  44     0.55748
  45     0.87057
  46     0.46228
  47     0
  48     2.47348
  49     0.12796
  50     2.13937
  51     0.55021
  52     0
  53     0.74143
  54     6.08662
  55     8.13048
  56     0
  57     0
  58     1.33521
  59     0
  60     0
  61     0.97207
  62     0.14969
  63     0
  64     0.62283
  65     0.80164
  66     1.69588
  67     0.52243
  68     0.48589
  69     0.40347
  70     1.82705
  71     0.21858
  72     6.69324
  73    17.2294
  74     0.74339
  75     6.70614
  76     0
  77     0.87727
  78     1.71645
  79     1.2239
  80    66.7542
  81    87.6927
  82    47.4285
  83   131.222
  84    52.7881
  85    22.0942
  86     5.75215
  87     1.76946
  88    95.4082
  89   132.132
  90    61.6074
  91    78.649
  92    78.0562
  93    50.5015
  94     2.92097
  95    12.0619
  96    33.0117
  97    18.839
  98    94.0216
  99    29.1823
 100    10.8929
 101    11.3992
 102    11.2906
 103     0.65779
 104    22.4666
 105     5.79022
 106     2.35186
 107     6.81748
 108    21.4569
 109     0.37968
 110     0
 111     2.50398
 112     1.61336
 113     0.76957
 114     0.71239
 115     1.40103
 116     3.26396
 117     0.68231
 118     0
 119     6.7043
 120    14.1061
 121     0.87269
 122     1.18361
 123     0
 124     0.89623
 125     0.95455
 126     1.75181
 127     1.12532
 128     1.56399
 129     1.49768
 130     2.11226
 131     6.04971
 132     6.46759
 133     2.89031
 134     0.11091
 135     2.19126
 136   100.628
 137   124.965
 138   171.171
 139    99.6825
 140    75.644
 141    10.5198
 142    30.0402
 143     2.1055
 144   959.292
 145   983.763
 146   836.298
 147   720.79
 148   578.475
 149   446.936
 150   295.421
 151   122.231
 152   933.419
 153   869.378
 154  1204.21
 155   908.606
 156   608.919
 157   451.099
 158   179.992
 159    50.7935
 160   407.39
 161   489.133
 162   579.008
 163   443.626
 164   291.777
 165   135.983
 166    56.9601
 167    36.4186
 168   214.384
 169   254.929
 170   242.317
 171   160.156
 172   136.315
 173    72.9683
 174    43.5915
 175     7.47854
 176   130.75
 177    60.3556
 178    35.7785
 179    29.0135
 180    12.3744
 181     2.10731
 182     2.90673
 183     1.45765
 184    15.0748
 185    15.7907
 186    23.0235
 187    10.9131
 188     0
 189     1.55357
 190     0
 191     0
 192    15.2118
 193    16.0666
 194     7.38039
 195    31.7196
 196    13.0448
 197     3.05438
 198     0.95176
 199     0.08734
 200   400.192
 201   561.072
 202   470.888
 203   334.917
 204   288.148
 205   184.974
 206    83.4696
 207    14.8511
 208  3653.48
 209  4290.13
 210  3782.02
 211  3570.06
 212  3164.23
 213  2341.1
 214  1332.54
 215   503.936
 216  4854.37
 217  5558.44
 218  5520.3
 219  5346.9
 220  4329.28
 221  3136.12
 222  2054.78
 223   741.493
 224  3777.49
 225  3968.95
 226  4368.18
 227  3755.45
 228  2870.12
 229  2090.79
 230  1370.75
 231   514.261
 232  2275.11
 233  2351.1
 234  2215.2
 235  2069.22
 236  1808.75
 237  1255.46
 238   866.565
 239   359.444
 240   261.859
 241   287.725
 242   392.253
 243   313.717
 244   240.14
 245   111.938
 246    22.8137
 247     1.71724
 248    21.306
 249     0.55611
 250    46.0818
 251    20.2718
 252    73.7943
 253     1.79021
 254     0
 255     0.10142
 256    12.2126
 257    44.7045
 258     6.87087
 259     1.30977
 260    31.9981
 261    11.46
 262     8.134
 263     6.87031
 264   482.262
 265   400.479
 266   228.684
 267   158.745
 268   217.214
 269   148.021
 270    61.0935
 271    29.5413
 272  2793.25
 273  2652.93
 274  2416.03
 275  2281.84
 276  1881.47
 277  1313.44
 278   768.151
 279   231.397
 280  4232.21
 281  4231.53
 282  4454.7
 283  3995.26
 284  3177.02
 285  2287.5
 286  1324.97
 287   489.77
 288  4548.62
 289  5316.34
 290  5016.49
 291  4864.33
 292  4552.68
 293  3144.3
 294  1784.22
 295   682.59
 296  3217.36
 297  3337.43
 298  3168.43
 299  3281.43
 300  2980.39
 301  2267.15
 302  1327.07
 303   513.429
 304   316.611
 305   444.537
 306   490.384
 307   334.847
 308   242.521
 309   159.257
 310    42.8652
 311     6.98419
 312     1.05859
 313     1.71972
 314     5.99689
 315    12.5311
 316    52.579
 317    11.7101
 318     0.12312
 319     0
 320    18.9493
 321     1.29282
 322     0.36663
 323     1.82163
 324     0.53697
 325     0.99824
 326     0.94346
 327     0.98923
 328    28.991
 329    48.1279
 330    44.361
 331    33.5887
 332    55.9443
 333    53.3734
 334     0.23991
 335     2.24806
 336   240.54
 337   295.759
 338   236.235
 339   217.598
 340   123.608
 341   112.066
 342    51.89
 343     9.6261
 344   511.294
 345   748.37
 346   568.053
 347   378.936
 348   226.439
 349   136.013
 350   131.357
 351    46.034
 352   965.611
 353  1088.59
 354   947.803
 355   914.924
 356   688.154
 357   435.015
 358   233.974
 359   113.21
 360   686.918
 361   866.912
 362   898.36
 363   978.908
 364   680.772
 365   354.795
 366   226.105
 367    52.0469
 368   152.421
 369   183.351
 370   152.559
 371   142.287
 372    75.4062
 373    64.4358
 374    15.7394
 375     5.21231
 376     1.13116
 377     2.92041
 378    21.6282
 379     1.22663
 380     0.42762
 381     3.7732
 382     0.93135
 383     1.4886
 384     0.94259
 385     2.91522
 386     1.55032
 387     0
 388     3.10213
 389     0.75833
 390     0
 391     0.11489
 392     0.07482
 393    17.2875
 394    12.8867
 395     2.57294
 396     0.0343
 397     0.03567
 398     1.4348
 399     0.2111
 400    14.0882
 401    16.7277
 402     7.4128
 403    17.5379
 404     2.5046
 405     0.06139
 406     1.02387
 407     0.48021
 408    41.0826
 409    62.678
 410    14.4887
 411    13.7829
 412     2.40341
 413     3.29973
 414    14.6607
 415     4.51329
 416    76.7356
 417    54.1714
 418    80.3848
 419    79.688
 420    88.3579
 421    39.6369
 422    20.2389
 423    10.0542
 424    45.1953
 425    69.1466
 426    91.776
 427    28.6356
 428    35.0688
 429    19.1241
 430     8.27817
 431     7.62968
 432    18.14
 433    16.3625
 434    38.8089
 435    18.5149
 436     0.25172
 437     0.23156
 438     8.76463
 439     1.67412
 440     3.48497
 441     0.27576
 442     0
 443     0
 444     0.25219
 445     0.31853
 446     0.29804
 447     0.88706
 448     0.68688
 449     0.64309
 450     1.28
 451     0.99571
 452     0
 453     0.65754
 454     0
 455     0
 456     1.20334
 457     2.20433
 458     1.40788
 459     0.0212
 460     0.09621
 461     0.43367
 462     0
 463     0.30706
 464     1.85814
 465     1.03314
 466     1.0053
 467     0
 468     1.06465
 469     0.60939
 470     0.07879
 471     0
 472     0
 473     1.92364
 474     0.71605
 475     0.92006
 476     0.38135
 477     0.51641
 478    10.9926
 479     4.28373
 480     0
 481     0
 482     0.68934
 483     0.21583
 484     0.69358
 485     0.1693
 486     9.08587
 487     4.84594
 488     0.32944
 489     1.27418
 490     0.15665
 491     0.41599
 492     0
 493     0
 494     0.93116
 495     9.71372
 496     0.81276
 497     0.18026
 498     0
 499     0.99007
 500     2.45655
 501     0.27811
 502     0.01637
 503     0
 504    10.7213
 505     0.49573
 506     0
 507     0
 508     1.36018
 509     0.27811
 510     1.08701
 511     0.21056
