This file was gnenerated on 2021-06-21 16:49:42.395519 by Grant Finneman. This contains the extracted data from the Gate simulations
The edep for each bar was summed up and printed to this file. The only math operation done has been addition.

  id      edep
   0    0
   1    0
   2    0
   3    0
   4    0
   5    0
   6    0
   7    0
   8    0
   9    0
  10    0
  11    0
  12    0
  13    0
  14    0
  15    0.8831
  16    1.2679
  17    0
  18    0
  19    0
  20    0
  21    0.6015
  22    0
  23    0
  24    0
  25    1.0366
  26    6.4624
  27    2.0329
  28    0
  29    0.0416
  30    0
  31    0
  32    0.9795
  33    0.3691
  34    0.9832
  35    0
  36    0
  37    0
  38    0
  39    0
  40    0
  41    0.996
  42    0.3691
  43    0
  44    0
  45    0
  46    0
  47    0
  48    0
  49    0
  50    0.3691
  51    0
  52    0
  53    0
  54    0
  55    0
  56    0
  57    0
  58    0
  59    0
  60    0
  61    0
  62    0.0213
  63    0
  64    0
  65    0
  66    0
  67    0
  68    0
  69    0
  70    0
  71    0
  72    0
  73    0.4634
  74    0
  75    0.6296
  76    0
  77    0
  78    0
  79    0
  80    0.7634
  81    0
  82    0
  83    0
  84    0
  85    0
  86    0.3762
  87    0
  88   13.332
  89   35.522
  90    0.1185
  91    3.8984
  92    0.751
  93    0
  94    0
  95    0
  96    0
  97   11.8294
  98    0
  99    1.8464
 100    3.0787
 101    2.078
 102    1.8464
 103    1.6156
 104    0.0229
 105    0
 106    0
 107    0
 108    0
 109    0
 110    0
 111    0.6698
 112    0
 113    0
 114    0
 115    0
 116    0
 117    0
 118    0
 119    0.3491
 120    0
 121    0
 122    0.5657
 123    0
 124    0
 125    0
 126    0
 127    0
 128    0
 129    0.247
 130    0
 131    0
 132    0
 133    0.8617
 134    0
 135    0
 136    0.4624
 137    0
 138    0
 139    0
 140    0
 141    0
 142    0
 143    0.3649
 144   22.351
 145   34.2143
 146    4.2405
 147   24.292
 148   10.597
 149    0.5236
 150    0
 151   14.6965
 152   27.7401
 153   44.1286
 154   36.4479
 155   41.8517
 156   58.4092
 157    0.5213
 158    0
 159    0
 160   26.6834
 161  113.701
 162   51.4975
 163   10.4967
 164   17.7158
 165    1.1516
 166    3.0603
 167    0
 168   10.0479
 169    3.5338
 170   27.0026
 171    0.5119
 172    3.8094
 173    5.6234
 174    0
 175    0
 176    0.8756
 177    0
 178    0
 179    0.7328
 180    0
 181    0
 182    0
 183    0
 184    0
 185    0
 186    0
 187    0
 188    0.7382
 189    0
 190    0
 191    0
 192    0
 193    0.6434
 194    0.7997
 195    0
 196    0.3691
 197    0
 198    0
 199    0
 200    0
 201    0
 202    0
 203    0.5458
 204    0.7461
 205    0.3034
 206    0
 207    0
 208  151.506
 209   46.7824
 210   64.892
 211   97.6031
 212  109.083
 213   72.6223
 214    2.9679
 215    4.4314
 216  741.085
 217  836.229
 218  734.693
 219  773.866
 220  683.934
 221  343.714
 222  223.422
 223  146.258
 224  812.957
 225  815.818
 226  590.099
 227  540.768
 228  520.955
 229  455.611
 230  289.128
 231   91.9389
 232  127.107
 233   83.2003
 234   64.6608
 235   31.3983
 236   16.1228
 237   13.4652
 238   15.2687
 239    5.8157
 240    0.5867
 241    0.5867
 242    0
 243    0
 244    0
 245    0
 246    0
 247    0.3691
 248    0
 249    0
 250    0
 251    1.1734
 252    0
 253    0
 254    0
 255    0
 256    0
 257    0
 258    0
 259    0
 260    0
 261    0
 262    0
 263    0
 264    0
 265    0
 266    0
 267    0.1502
 268    0.3105
 269    0.6821
 270    0
 271    0
 272   92.0022
 273   88.1378
 274   32.6747
 275   58.8314
 276   29.425
 277   33.0514
 278   37.8506
 279    0
 280  920.309
 281  816.49
 282  700.351
 283  689.791
 284  669.178
 285  433.91
 286  357.577
 287  125.332
 288  748.076
 289  838.926
 290  810.913
 291  650.248
 292  727.374
 293  569.491
 294  254.19
 295   78.283
 296   95.0899
 297   30.2312
 298   38.9786
 299   33.6782
 300   36.0741
 301    3.333
 302    0
 303    0
 304    1.0222
 305    0
 306    0
 307    0
 308    0
 309    0
 310    0
 311    0.9461
 312    0
 313    0
 314    0
 315    0
 316    0
 317    0
 318    0
 319    0
 320    0
 321    0
 322    0
 323    0
 324    0
 325    0
 326    0.5236
 327    0
 328    0.9346
 329    0
 330    0
 331    0
 332    0
 333    0
 334    0
 335    0
 336    0
 337    0
 338    0.2069
 339   31.6445
 340   24.2561
 341    0.7978
 342    0
 343    0.3339
 344  111.275
 345   24.3563
 346   20.5502
 347   50.9035
 348   48.7914
 349   86.818
 350   40.7716
 351    0
 352  131.964
 353   88.94
 354   17.1759
 355   74.685
 356   29.9685
 357   37.1186
 358   29.539
 359    0.9115
 360   28.4944
 361   20.3376
 362   22.7963
 363   34.4382
 364    0
 365    0
 366    0
 367    0
 368    0.6591
 369    0
 370    0
 371    0
 372    0
 373    0
 374    0
 375    0
 376    0
 377    0
 378    0
 379    0.2299
 380    0
 381    0
 382    0
 383    0
 384    0
 385    0
 386    0.4509
 387    0
 388    0
 389    0.0732
 390    0
 391    0
 392    0
 393    0
 394    0
 395    0.6362
 396    0
 397    0
 398    0
 399    0
 400    0
 401    0
 402    0.4424
 403    0
 404    0
 405    0.7842
 406   20.1531
 407    0
 408    0
 409    0
 410    7.0488
 411    0
 412    0
 413    0.0655
 414    2.8336
 415    0.6348
 416    0
 417    0
 418   10.5732
 419    0
 420    0
 421    0
 422    8.2524
 423    6.6584
 424    0
 425    0
 426    0.9404
 427    0
 428    0.3136
 429    0.7141
 430    0
 431    0
 432    0
 433    0
 434    0.3922
 435    0
 436    0.9111
 437    0
 438    0
 439    0.3151
 440    0
 441    0
 442    0
 443    0
 444    0
 445    0
 446    0
 447    0
 448    0
 449    0
 450    0
 451    0
 452    0
 453    0
 454    0
 455    0
 456    0
 457    0
 458    0
 459    0
 460    0
 461    0
 462    0
 463    0
 464    0
 465    0
 466    0
 467    0
 468    0
 469    0
 470    0
 471    0
 472    0
 473    0.8489
 474    0
 475    0
 476    0
 477    0
 478    0.5974
 479    0.5974
 480    0.9601
 481    0
 482    0.0544
 483    0
 484    0
 485    0
 486    0.8714
 487    9.0364
 488    0
 489    0
 490    0
 491    0
 492    0
 493    0
 494    0.7289
 495    0.3151
 496    0
 497    0
 498    0
 499    0
 500    0
 501    0
 502    0
 503    0
 504    0
 505    0.1993
 506    0
 507    0
 508    0
 509    0
 510    0
 511    0
