This file was gnenerated on 2021-06-21 16:54:46.893880 by Grant Finneman. This contains the extracted data from the Gate simulations
The edep for each bar was summed up and printed to this file. The only math operation done has been addition.

  id          edep
   0    0
   1    0
   2    0
   3    0
   4    0
   5    0
   6    0
   7    0
   8    0.7523
   9    0
  10    0
  11    0
  12    0
  13    0
  14    0
  15    0
  16    0.6793
  17    0
  18    0
  19    0
  20    0
  21    0.1603
  22    0
  23    0
  24   35.8082
  25    6.645
  26    1.7375
  27    0
  28    0
  29    0
  30    2.3844
  31    0
  32   17.8999
  33    0.5563
  34   30.947
  35   11.1799
  36    1.6092
  37    0
  38    6.531
  39    0
  40    0
  41    0
  42   13.5638
  43    3.276
  44    0
  45    0.8294
  46    0
  47    0
  48    0
  49    0
  50    0
  51    0
  52    0.5217
  53    0
  54    0
  55    0
  56    0
  57    0
  58    0
  59    0
  60    0
  61    0
  62    0
  63    0
  64    0
  65    0
  66    0.0415
  67    0
  68    0.5371
  69    0
  70    0
  71    0
  72    0
  73    0
  74    0
  75    0.0748
  76    0
  77    0
  78    0.012
  79    0.00780001
  80   26.9817
  81    4.6235
  82   45.1233
  83    1.643
  84   34.8465
  85   37.4394
  86    5.2697
  87    3.3398
  88  207.87
  89  155.625
  90  171.4
  91  160.774
  92  119.093
  93  102.216
  94  113.352
  95   17.6238
  96  182.116
  97  213.852
  98  153.099
  99  142.359
 100   90.3649
 101  106.827
 102  108.348
 103   41.3921
 104    6.9589
 105   20.2399
 106   11.6836
 107   23.2632
 108   17.5202
 109   12.864
 110    0
 111    0
 112    0
 113    0
 114    0
 115    0
 116    0
 117    0
 118    0
 119    0
 120    0
 121    0
 122    0
 123    0.9485
 124    0.9528
 125    0
 126    0
 127    0
 128    0
 129    0
 130    0.0415
 131    0
 132    0
 133    0
 134    0
 135    0.6756
 136    0
 137    0
 138    0
 139    0
 140    0.6343
 141    0.1006
 142    0
 143    0
 144   41.5493
 145    6.2212
 146   30.6217
 147   81.0862
 148   50.8309
 149   27.6248
 150    7.209
 151    2.2036
 152  334.978
 153  318.724
 154  270.419
 155  336.723
 156  210.539
 157  160.38
 158  110.552
 159   51.7607
 160  355.534
 161  287.341
 162  251.267
 163  227.115
 164  258.471
 165  178.424
 166  128.304
 167   21.5295
 168    5.2119
 169    9.1515
 170    0.1353
 171   52.3773
 172   50.0565
 173    0
 174    7.3032
 175    0.7549
 176    0
 177    0.2454
 178    0
 179    8.46
 180    0.714
 181    0
 182    0
 183    0
 184    0
 185    0
 186    0
 187    0
 188    0
 189    0
 190    0
 191    0
 192    0
 193    0
 194    0
 195    0
 196    0
 197    0
 198    0
 199    0
 200    0
 201    0
 202    0
 203    0
 204    1.6002
 205   10.351
 206    0.2503
 207    0
 208    7.2945
 209    1.184
 210   14.5605
 211   61.2572
 212   34.6871
 213   81.4569
 214   30.9493
 215    8.469
 216  328.022
 217  231.08
 218  194.481
 219  199.395
 220  241.749
 221  200.636
 222  127.617
 223   61.6989
 224  383.978
 225  389.087
 226  291.099
 227  254.801
 228  217.934
 229  168.169
 230  127.468
 231   46.5843
 232   26.692
 233   58.1201
 234  100.082
 235   34.2341
 236   46.405
 237    7.6843
 238   33.7773
 239   22.8225
 240    0
 241    1.5906
 242    6.864
 243    0
 244    0.5541
 245    0.786
 246    0
 247    0
 248    0.3609
 249    0
 250    0
 251    0
 252    0
 253    0
 254    0
 255    0
 256    0
 257    0
 258    0.845
 259    0.5733
 260    0.5814
 261    0.1093
 262    0
 263    0
 264    0
 265    0.0637
 266    0
 267    0
 268    5.6456
 269    4.8006
 270    0.5777
 271    0
 272   20.0057
 273   46.3759
 274   40.7551
 275    7.9818
 276   17.4462
 277   16.6509
 278    6.71
 279    0
 280  275.142
 281  227.261
 282  356.081
 283  268.476
 284  232.824
 285  228.466
 286  173.916
 287   23.923
 288  332.47
 289  246.431
 290  287.854
 291  302.44
 292  230.384
 293  217.801
 294  123.655
 295   70.0266
 296  154.078
 297   81.6401
 298   41.602
 299   55.1777
 300   19.0755
 301   44.449
 302    9.5754
 303    0.9199
 304    0
 305    0
 306    0.4931
 307    0
 308    0
 309    0
 310    0
 311    0.0503
 312    0.3609
 313    0
 314    0
 315    0
 316    0
 317    0
 318    0
 319    0
 320    0
 321    0
 322    0
 323    0
 324    0
 325    0
 326    0
 327    0
 328    0
 329    0.8662
 330   11.224
 331    0.8492
 332    0
 333    0.1877
 334    1.6445
 335    0
 336   29.5591
 337   13.8182
 338   57.5694
 339   35.8691
 340    0
 341    6.8533
 342    0
 343    0
 344  413.103
 345  344.607
 346  253.573
 347  276.056
 348  233.983
 349  214.662
 350  146.446
 351   44.2201
 352  370.813
 353  444.529
 354  310.766
 355  205.087
 356  252.116
 357  237.536
 358  122.397
 359   29.4187
 360   57.4209
 361   51.7279
 362   15.7539
 363   28.472
 364   55.2337
 365   18.8835
 366    4.9425
 367    0.9922
 368    0.3017
 369    0.0625
 370    0
 371    0
 372    0.6369
 373    0
 374    0.9301
 375    0
 376    0.1407
 377    0
 378    0
 379    0
 380    0.3243
 381    0
 382    0
 383    0
 384    0
 385    0
 386    0
 387    0
 388    0
 389    0
 390    0
 391    0.6585
 392    0.3491
 393    0
 394    0
 395    2.2082
 396    1.4953
 397    0
 398    0
 399    0
 400    9.8853
 401    2.5408
 402    0.488
 403    0.9928
 404    5.605
 405   29.5914
 406    0.9208
 407    0.6668
 408  246.956
 409  175.017
 410  147.578
 411  123.536
 412   93.3216
 413  135.275
 414   99.3777
 415   30.8997
 416  254.988
 417  177.121
 418  169.356
 419  105.273
 420   80.9672
 421   66.0389
 422   64.7947
 423   16.4156
 424   60.4343
 425    4.1964
 426   60.4435
 427    3.7958
 428    4.1822
 429    0
 430   17.3205
 431    0
 432    0
 433    0
 434    0.9536
 435    0
 436    0.0748
 437    0
 438    0
 439    0.9922
 440    0
 441    0
 442    0
 443    0.1419
 444    0
 445    0
 446    0
 447    0
 448    0
 449    0
 450    0
 451    0
 452    0
 453    0
 454    0
 455    0
 456    0
 457    0
 458    0.488
 459    0
 460    0
 461    0.4246
 462    0
 463    0
 464    0
 465    3.5264
 466    0.1059
 467    0.3187
 468    0.2201
 469    0
 470    0
 471    0
 472   22.1574
 473    0
 474   12.3154
 475    0
 476    0.7013
 477    0
 478   15.5064
 479    0.7726
 480    0
 481    1.9787
 482    0
 483    1.4775
 484    2.4045
 485    0.2503
 486    0.4501
 487    0
 488    0
 489    0
 490    0
 491    0
 492    0
 493    0
 494    0
 495    0.8066
 496    0
 497    0
 498    0
 499    0
 500    0
 501    0
 502    0
 503    0
 504    0
 505    0
 506    0
 507    0
 508    0
 509    0
 510    0
 511    0
