This file was gnenerated on 2021-06-22 21:57:20.042814 by Grant Finneman. This contains the extracted data from the Gate simulations
The edep for each bar was summed up and printed to this file. The only math operation done has been addition.

  id        edep
   0     1.60238
   1     1.74168
   2     0
   3    16.7956
   4    15.0308
   5     0.12944
   6     0.50089
   7     0.75977
   8    50.7596
   9     1.01924
  10    17.305
  11     1.03837
  12    16.9038
  13     8.00549
  14     6.22619
  15     0
  16   157.997
  17    83.3686
  18    63.7776
  19   106.948
  20   119.891
  21    45.18
  22    34.5548
  23     0.08727
  24    77.1226
  25    48.0773
  26    77.3575
  27   153.166
  28   125.993
  29    30.1131
  30    34.9663
  31    16.0461
  32    75.2517
  33    40.9963
  34    68.4147
  35   102.025
  36    23.8697
  37    78.3098
  38     8.23537
  39     1.65737
  40    23.7119
  41    38.0745
  42    71.3914
  43    78.3798
  44    12.3588
  45    22.8244
  46     0
  47    15.6062
  48    19.9223
  49    68.7525
  50    31.8478
  51     1.50409
  52     7.57368
  53     3.09377
  54     0.33412
  55    26.2789
  56     0.30856
  57     9.48861
  58    21.0641
  59     0.99732
  60     0
  61     1.24845
  62     0.13269
  63     0.53239
  64    16.6249
  65     1.0327
  66    20.1991
  67    40.0719
  68     0.36597
  69     0
  70     0
  71     0.30655
  72    84.7553
  73    85.9092
  74   180.563
  75   121.777
  76    87.6069
  77    32.0182
  78    30.5756
  79     7.96082
  80   712.77
  81   760.342
  82   887.719
  83   685.445
  84   604.704
  85   484.778
  86   303.746
  87   138.436
  88  1005.5
  89  1114.56
  90   957.315
  91   936.767
  92   822.776
  93   584.498
  94   348.803
  95    90.4084
  96   798.573
  97   887.716
  98   867.843
  99   775.98
 100   723.641
 101   493.029
 102   188.864
 103    68.4956
 104   319.825
 105   509.111
 106   407.805
 107   339.178
 108   226.824
 109   204.086
 110   173.928
 111    33.0985
 112   113.884
 113   136.968
 114   232.535
 115   177.078
 116   135.301
 117    67.9355
 118    58.491
 119     0.75945
 120    16.4227
 121    29.2016
 122    22.6632
 123    53.3704
 124     7.10612
 125     8.37167
 126     0.79181
 127     0.35196
 128    22.93
 129     2.28912
 130     0.63916
 131    17.0659
 132     1.90363
 133     1.91649
 134     0
 135     2.97927
 136   295.431
 137   207.544
 138   245.806
 139   247.09
 140   173.125
 141    57.5769
 142    27.8643
 143    17.5275
 144  1383.44
 145  1193.86
 146  1465.76
 147  1285.46
 148  1077.1
 149   653.035
 150   385.721
 151   197.731
 152  1497.78
 153  1687.72
 154  1675.24
 155  1481.69
 156  1227.52
 157   816.835
 158   520.36
 159   228.528
 160  1355.35
 161  1667.93
 162  1641.5
 163  1599.61
 164  1324.74
 165   824.47
 166   491.392
 167   254.311
 168  1261.91
 169  1279.99
 170  1333.12
 171  1242.95
 172   880.772
 173   717.497
 174   589.217
 175   207.858
 176   757.9
 177   642.573
 178   634.567
 179   673.047
 180   681.417
 181   518.903
 182   299.281
 183   145.786
 184    63.858
 185   125.225
 186    53.7427
 187    69.0539
 188    41.6241
 189    30.1387
 190     1.44686
 191     0.16218
 192    82.4632
 193    28.6369
 194     1.76186
 195    27.8017
 196    16.5432
 197    11.2352
 198    14.318
 199     0.93082
 200   520.154
 201   609.826
 202   503.607
 203   653.267
 204   377.625
 205   158.337
 206   168.786
 207    38.2299
 208  1231.58
 209  1626.19
 210  1670.81
 211  1479.86
 212  1129.32
 213   890.421
 214   551.081
 215   200.037
 216  1571.27
 217  1739.91
 218  1648.96
 219  1560.47
 220  1265.93
 221   935.504
 222   530.215
 223   180.573
 224  1452.76
 225  1670.39
 226  1691.62
 227  1847.3
 228  1215.81
 229   868.374
 230   557.513
 231   252.217
 232  1502.18
 233  1576.27
 234  1554.88
 235  1603.87
 236  1335.69
 237  1004.84
 238   632.217
 239   237.67
 240   908.701
 241   946.089
 242   674.577
 243   684.866
 244   642.982
 245   521.07
 246   420.818
 247   146.168
 248   138.365
 249    60.4364
 250    53.3798
 251   100.618
 252    24.3018
 253    39.911
 254     1.95624
 255     0.66066
 256    84.3626
 257    87.3107
 258    55.6508
 259    47.1597
 260    29.7234
 261    37.8419
 262     0
 263    11.021
 264   757.72
 265   942.062
 266   854.768
 267   821.717
 268   684.29
 269   476.143
 270   288.15
 271   104.375
 272  1282.44
 273  1479.53
 274  1484.6
 275  1479.25
 276  1283.96
 277   908.807
 278   610.578
 279   235.346
 280  1542.51
 281  1441.35
 282  1476.53
 283  1557.37
 284  1215.39
 285   898.868
 286   551.393
 287   167.983
 288  1781.31
 289  1665.1
 290  1817.18
 291  1520.95
 292  1312.47
 293   934.317
 294   496.578
 295   201.263
 296  1480.89
 297  1369.91
 298  1395.61
 299  1586.62
 300  1206.17
 301   906.418
 302   670.853
 303   279.813
 304   452.652
 305   406.254
 306   417.903
 307   447.512
 308   368.927
 309   292.16
 310   159.216
 311    62.9651
 312    40.7621
 313    14.4906
 314     9.43288
 315    69.6803
 316    29.054
 317    45.5016
 318     6.61336
 319     1.05647
 320   185.936
 321    86.8727
 322   106.469
 323   106.484
 324    66.315
 325    71.1984
 326    27.0541
 327    20.5249
 328   850.984
 329   867.277
 330   797.78
 331   905.583
 332   767.089
 333   531.45
 334   354.59
 335   141.395
 336  1209.65
 337  1537.31
 338  1648.58
 339  1428.6
 340  1274.01
 341   831.787
 342   658.179
 343   293.074
 344  1408.78
 345  1383
 346  1529.64
 347  1443.07
 348  1065.2
 349   723.471
 350   397.402
 351   194.441
 352  1352.45
 353  1539.43
 354  1607.61
 355  1556.06
 356  1232.29
 357   766
 358   447.325
 359   273.563
 360  1059.89
 361   935.186
 362  1149.62
 363  1083.43
 364   930.838
 365   877.051
 366   534.211
 367   266.706
 368   261.408
 369   260.009
 370   188.414
 371   193.801
 372   184.432
 373    95.3909
 374    33.7327
 375    17.7948
 376     3.45573
 377    18.1021
 378     4.39166
 379    38.9338
 380     0
 381     0.28395
 382    11.6126
 383    11.6115
 384    31.4837
 385    32.3061
 386    71.8672
 387    16.1204
 388    27.2927
 389    15.4909
 390    49.5166
 391    35.2875
 392   193.286
 393   185.845
 394   258.973
 395   335.091
 396   187.243
 397    89.3704
 398    51.8573
 399    24.7598
 400   542.899
 401   656.285
 402   538.059
 403   506.738
 404   296.541
 405   257.986
 406   194.498
 407    34.599
 408   677.366
 409   880.909
 410   819.66
 411   660.191
 412   535.867
 413   268.345
 414   182.762
 415    57.706
 416  1022.13
 417  1214.09
 418  1112.53
 419   968.378
 420   910.131
 421   715.068
 422   412.632
 423   160.04
 424   690.659
 425   879.064
 426   934.847
 427   715.726
 428   527.265
 429   490.067
 430   257.986
 431   124.374
 432   165.075
 433   200.521
 434   133.848
 435    84.2937
 436    94.1302
 437    93.8694
 438    22.411
 439     4.36422
 440     0.67076
 441     1.12294
 442     0.0239
 443     2.43766
 444     3.54445
 445     7.47268
 446     5.12018
 447     5.09157
 448     0
 449     2.58946
 450     0
 451     0
 452     0.72076
 453     0.90681
 454     0
 455     0.97361
 456     5.91843
 457     1.17914
 458     1.49449
 459    29.7588
 460    54.747
 461    22.7812
 462     8.30617
 463     0.35564
 464    76.9683
 465    82.7294
 466     5.52814
 467    13.2805
 468    19.8608
 469    15.265
 470     4.14444
 471     1.62861
 472   115.205
 473   168.635
 474    62.4126
 475    62.3576
 476    18.7331
 477     5.23721
 478     0.78363
 479     0
 480   169.684
 481    92.1902
 482    98.515
 483   116.619
 484    50.251
 485    66.1678
 486    74.8226
 487    15.522
 488    86.2147
 489   128.708
 490    33.0921
 491   225.704
 492    99.7473
 493    18.0473
 494    41.9816
 495    17.6285
 496     9.87772
 497    86.7563
 498    35.4146
 499    37.6133
 500    85.693
 501     0.88294
 502     0
 503     0
 504     0.687
 505    21.3154
 506     2.35596
 507     0.94053
 508    12.3186
 509     0
 510     1.13135
 511     0
