This file was gnenerated on 2021-06-22 21:49:41.467894 by Grant Finneman. This contains the extracted data from the Gate simulations
The edep for each bar was summed up and printed to this file. The only math operation done has been addition.

  id        edep
   0     1.32893
   1     0
   2     0.53093
   3     0
   4     0.15533
   5     0.71459
   6     0.38993
   7     0
   8     0.28446
   9    19.8334
  10    32.4131
  11     6.43642
  12     3.02056
  13     0.40669
  14     0.44671
  15     0.48632
  16     0
  17    24.171
  18     5.99966
  19    18.1682
  20    18.3592
  21     0.2201
  22     2.12645
  23     1.4057
  24    34.6541
  25    71.189
  26    27.5869
  27    74.6572
  28    25.2853
  29     0.94441
  30     1.9437
  31     1.51896
  32   107.484
  33    96.8702
  34    87.2266
  35   101.61
  36    65.1859
  37    40.4709
  38     0.5236
  39     0.03372
  40    72.472
  41    67.5911
  42    32.4773
  43     1.24895
  44    15.5797
  45    49.8587
  46     2.97902
  47     2.35335
  48     0.02699
  49     0
  50     0.65181
  51     1.05518
  52     0.39984
  53     0.82362
  54     0.4817
  55     4.35958
  56     0
  57     0.86995
  58     0.98578
  59     0.26323
  60     0
  61     0.24398
  62     0.257
  63    25.7709
  64     2.31
  65     5.03861
  66     8.6353
  67     2.5014
  68     4.98073
  69     7.44585
  70     3.2891
  71     2.22157
  72    44.9252
  73    49.7918
  74    41.8171
  75    11.6782
  76     3.16307
  77     7.09605
  78     8.13987
  79     1.15349
  80   124.939
  81   208.264
  82   105.165
  83    98.133
  84   105.395
  85    94.8221
  86    15.5174
  87     3.75718
  88   355.37
  89   579.375
  90   646.006
  91   455.664
  92   341.707
  93   235.046
  94    80.9865
  95    15.8059
  96  1000.44
  97  1286.19
  98  1161.56
  99   899.816
 100   809.109
 101   586.611
 102   280.785
 103   177.889
 104   296.015
 105   357.641
 106   354.754
 107   303.114
 108   214.712
 109   138.16
 110    39.7049
 111     8.51152
 112    27.6575
 113    48.2489
 114    25.0012
 115    13.2691
 116    21.9183
 117     1.20561
 118     1.94619
 119     5.81446
 120    12.7795
 121    15.3985
 122     0.10055
 123     0.95097
 124     2.04138
 125     0.93492
 126     0.2194
 127     0
 128    39.5372
 129    24.1449
 130    49.6338
 131    34.9968
 132    32.215
 133     2.76294
 134     0.88802
 135     1.01488
 136   198.763
 137   267.467
 138   277.39
 139   258.819
 140   252.439
 141   111.866
 142    55.466
 143    39.3681
 144   923.154
 145  1260.4
 146  1150.92
 147  1066.85
 148   963.57
 149   682.836
 150   361.409
 151   142.413
 152  1792.18
 153  1910.49
 154  2066.81
 155  1985.38
 156  1571.15
 157  1125.78
 158   781.067
 159   276.422
 160  1986.42
 161  1808.24
 162  1909.74
 163  2010.01
 164  1736.56
 165  1292.78
 166   615.832
 167   221.57
 168   918.665
 169  1074.93
 170  1168.84
 171  1157.42
 172  1066.05
 173   686.213
 174   400.362
 175   144.626
 176   130.984
 177   164.625
 178   129.426
 179    77.3515
 180    19.2166
 181    16.9168
 182    24.8685
 183    11.077
 184     5.39092
 185     0.79905
 186     1.00686
 187     1.97994
 188     1.08823
 189     1.01644
 190    14.5031
 191     0
 192     0.36009
 193    36.7689
 194    68.1086
 195    68.5094
 196    47.6839
 197    22.3397
 198     7.58464
 199    24.2108
 200   791.292
 201   929.6
 202   987.322
 203   802.198
 204   827.542
 205   627.069
 206   315.687
 207   123.967
 208  1827.54
 209  2198.44
 210  1972.15
 211  1795.52
 212  1586.73
 213  1274.55
 214   688.641
 215   288.857
 216  2184.63
 217  2586.11
 218  2208.64
 219  2004.98
 220  1843.19
 221  1422.77
 222   785.827
 223   338.024
 224  2013.55
 225  2276.14
 226  2500.01
 227  2167.73
 228  1799.1
 229  1331.16
 230   776.726
 231   315.087
 232  1660.03
 233  1938.47
 234  1775.71
 235  1373.93
 236  1205.28
 237  1066.57
 238   553.326
 239   272.182
 240   458.644
 241   627.871
 242   395.245
 243   321.339
 244   270.48
 245   185.171
 246   149.477
 247    23.3335
 248    27.925
 249    43.5252
 250    16.9309
 251    14.3208
 252    12.6853
 253    20.8199
 254     4.75662
 255     0
 256    14.4025
 257    17.9576
 258     3.63112
 259    72.5668
 260    33.6329
 261     8.64079
 262     1.03442
 263     2.35408
 264   448.935
 265   544.558
 266   517.874
 267   615.377
 268   559.998
 269   238.275
 270   134.269
 271    36.3963
 272  1942.88
 273  1988.78
 274  1769.38
 275  1783.95
 276  1573.6
 277  1241.34
 278   735.421
 279   232.819
 280  2258.03
 281  2547.74
 282  2394.95
 283  2046.27
 284  1838.52
 285  1464.55
 286   786.143
 287   339.001
 288  2387.25
 289  2604.11
 290  2336.18
 291  1981.86
 292  1698.34
 293  1458.7
 294   926.384
 295   381.664
 296  1801.87
 297  2197.53
 298  2145.71
 299  1700.29
 300  1239.93
 301   996.958
 302   614.09
 303   241
 304   854.696
 305  1105.97
 306  1047.44
 307   857.005
 308   632.504
 309   614.655
 310   451.634
 311   151.651
 312    56.4962
 313   111.343
 314    67.0388
 315    60.2861
 316    41.6974
 317    40.658
 318     1.37434
 319     0
 320     2.70248
 321    31.4583
 322     3.6038
 323    13.0741
 324     1.69448
 325     0
 326     0
 327     0.3742
 328   149.401
 329   127.338
 330   185.016
 331   114.835
 332    67.5947
 333    93.2813
 334    71.5598
 335     1.36148
 336  1066.94
 337  1220.43
 338   997.676
 339   987.89
 340   944.967
 341   591.631
 342   344.704
 343   156.953
 344  2191.18
 345  2280.31
 346  2083.32
 347  1880.14
 348  1709.69
 349  1340.29
 350   749.237
 351   350.785
 352  2101.93
 353  1982.81
 354  1734.41
 355  1821.4
 356  1496.97
 357  1160.03
 358   853.755
 359   273.246
 360   930.126
 361  1041.81
 362   962.755
 363   979.423
 364   815.485
 365   637.284
 366   443.762
 367   144.128
 368   398.144
 369   254.875
 370   269.776
 371   293.468
 372   165.041
 373   133.633
 374    57.3899
 375    60.3498
 376    51.5123
 377    68.0171
 378    45.534
 379    24.1322
 380    11.4055
 381     9.9446
 382    25.6744
 383     0
 384     0.49323
 385    10.2871
 386     2.0216
 387     0
 388     2.41117
 389     0.96234
 390     1.30997
 391     1.21193
 392    47.6465
 393    28.4043
 394     0.9715
 395     4.75902
 396     0
 397     0.58456
 398     0
 399     1.89047
 400   270.577
 401   311.258
 402   298.143
 403   255.315
 404   239.967
 405   179.12
 406    85.0428
 407    34.3097
 408   939.407
 409   839.536
 410   773.625
 411   704.094
 412   633.168
 413   589.949
 414   341.051
 415   128.545
 416   553.873
 417   552.613
 418   486.044
 419   514.581
 420   434.701
 421   219.352
 422   161.369
 423    54.448
 424   144.877
 425   225.411
 426   190.124
 427    67.7652
 428    76.9523
 429    41.1961
 430    33.0944
 431     0.3695
 432    23.5943
 433    41.7071
 434    67.7588
 435    11.6203
 436    23.9833
 437     0.84556
 438    16.0956
 439     2.91086
 440     0.40241
 441    21.5779
 442     4.51482
 443     0.9804
 444     0.29667
 445     1.16028
 446     1.17505
 447     0
 448     1.08837
 449     0.4788
 450     0
 451     0
 452     1.26331
 453     0.89407
 454     0
 455     1.13647
 456    57.1233
 457     0.25714
 458     1.16962
 459     7.6044
 460     0
 461     2.26714
 462     0
 463     1.0999
 464    25.4662
 465    43.4298
 466    48.0721
 467    21.7844
 468     2.00713
 469     0.59677
 470     0.78233
 471     1.50938
 472    68.3466
 473   107.276
 474    73.3726
 475    13.3162
 476    22.6311
 477    11.8399
 478     1.32218
 479     0.67301
 480    27.123
 481    77.092
 482    54.304
 483    44.2268
 484     3.49328
 485    15.3501
 486     3.09347
 487     4.34251
 488    18.7001
 489    12.6504
 490     0.06052
 491     8.33919
 492     1.7441
 493     1.29023
 494     0.45376
 495     0.78177
 496     1.88266
 497     0.45343
 498     0
 499     0.62746
 500     0.83472
 501     0
 502     0.68497
 503     0
 504     0
 505     0.27025
 506     2.35869
 507     0
 508     0.12414
 509     0.76587
 510     1.55298
 511     0.04084
