This file was gnenerated on 2021-06-21 16:49:01.886342 by Grant Finneman. This contains the extracted data from the Gate simulations
The edep for each bar was summed up and printed to this file. The only math operation done has been addition.

  id       edep
   0     0
   1     0
   2     0
   3     0
   4     0
   5     0
   6     0
   7     0
   8     0
   9     0
  10     0
  11     0
  12     0
  13     0
  14     0
  15     0
  16     0
  17     0.3932
  18     0
  19     0
  20     0
  21     0
  22     0
  23     0
  24     0
  25     0.7829
  26     0
  27     0
  28     0
  29     1.668
  30     4.3368
  31     1.3344
  32     0.35
  33     0
  34     0
  35     0
  36     0
  37     0
  38     0
  39     0
  40     0
  41     0
  42     0
  43     0
  44     0
  45     0.5393
  46     0
  47     0
  48     0
  49     0
  50     0
  51     0
  52     0
  53     0
  54     0
  55     0
  56     0
  57     0
  58     0
  59     0
  60     0.0477
  61     0
  62     0
  63     0
  64     0
  65     0
  66     0
  67     0.561
  68     0
  69     0
  70     0
  71     0
  72     0
  73     0
  74     0
  75     0
  76     0.6053
  77     0
  78     0
  79     0.6088
  80     0.8403
  81     0
  82     0
  83     0
  84     0
  85     0
  86     0.2447
  87     0.5053
  88     1.1694
  89     0
  90     0
  91     0
  92     0
  93     0
  94     0
  95     0.556
  96     0
  97     0
  98     0.2112
  99     0.4338
 100     0.4338
 101     0
 102     0
 103     0
 104     0
 105     0
 106     0
 107     0
 108     0.9958
 109     0
 110     0.0654
 111     0
 112     0
 113     0
 114     0
 115     0
 116     0.45
 117     0
 118     0
 119     0
 120     0
 121     0
 122     0
 123     0
 124     0
 125     0
 126     0
 127     0
 128     0
 129     0
 130     0
 131     0
 132     0.4648
 133     0
 134     0
 135     0
 136     0
 137     0.6171
 138     0
 139     0
 140     0
 141     0
 142     0
 143     0
 144     4.2354
 145     5.7273
 146    13.6963
 147     1.3123
 148     2.9618
 149     0
 150     0
 151     0
 152    30.0935
 153    38.0543
 154   101.341
 155    56.374
 156    14.8613
 157    24.5706
 158    17.6324
 159     0
 160    30.7858
 161    72.0938
 162    73.2128
 163    33.6889
 164    42.1941
 165     6.7816
 166     0
 167     0.8423
 168     1.8275
 169    19.5712
 170    31.8416
 171     0
 172     3.7826
 173    15.4448
 174     0.8694
 175     0.8694
 176     0.8828
 177     0.8516
 178     0.7856
 179     0.7358
 180     0
 181     0
 182     0
 183     0
 184     0
 185     0
 186     0
 187     0
 188     0
 189     0
 190     0
 191     0
 192     0
 193     0
 194     0
 195     0
 196     0
 197     0
 198     0
 199     0.3361
 200     0
 201     0
 202     0
 203     0.5698
 204     0.286
 205     0
 206     0.6088
 207     0
 208    32.5015
 209    53.8963
 210    90.6255
 211    32.93
 212     8.2852
 213     1.8794
 214    26.068
 215     0.2674
 216   798.468
 217   807.125
 218   763.131
 219   726.491
 220   579.813
 221   373.956
 222   332.684
 223    91.2144
 224   850.249
 225   829.589
 226   796.265
 227   796.276
 228   647.363
 229   549.924
 230   267.072
 231    97.4847
 232    33.7893
 233    29.8388
 234    47.0041
 235    32.4709
 236    23.6694
 237    24.7597
 238    13.284
 239     0
 240     8.1472
 241     0
 242     0
 243     0
 244     0
 245     0
 246     0
 247     0
 248     0
 249     0
 250     0
 251     0.6561
 252     0
 253     0.5941
 254     0
 255     0
 256     0
 257     0
 258     0
 259     0
 260     0
 261     0
 262     0.286
 263     0
 264     0.2285
 265     0
 266     0.0373
 267     0.4282
 268     0.4282
 269    22.287
 270     0
 271     0
 272    25.4621
 273    22.2792
 274    41.6957
 275    25.2298
 276    48.2722
 277    32.3378
 278     0
 279     0
 280   870.806
 281   778.756
 282  1022.59
 283  1077.79
 284   839.829
 285   603.019
 286   362.459
 287   157.976
 288   640.577
 289   746.024
 290   725.741
 291   929.822
 292   730.665
 293   531.188
 294   287.631
 295   124.249
 296    56.7586
 297    24.6502
 298    23.7389
 299     9.1966
 300    65.9608
 301    15.1796
 302    15.4855
 303     4.3144
 304    14.9682
 305     0
 306     0
 307     0
 308     0.6171
 309     0
 310     0.5736
 311     0
 312     0
 313     0
 314     0
 315     0
 316     0.7547
 317     0
 318     0.7547
 319     0
 320     0
 321     0
 322     0
 323     0
 324     0
 325     0
 326     0
 327     0
 328     0
 329     0
 330     0
 331     0.282
 332     0.0147
 333     0
 334     0
 335     0
 336    17.826
 337    21.8242
 338     7.0077
 339     0.3265
 340     0.6088
 341     7.9056
 342     0
 343     0
 344    41.1495
 345    26.3723
 346    40.8159
 347    48.8926
 348    55.3273
 349     4.2764
 350     0
 351     0
 352    67.1776
 353    53.643
 354    49.62
 355    99.6124
 356    63.7248
 357    12.8182
 358     0
 359     0
 360     1.55
 361     0.775
 362     0
 363     8.2894
 364     0
 365     0
 366     0
 367     0
 368     0
 369     0
 370     0
 371     0.6945
 372     0
 373     0
 374     0
 375     0.5393
 376     0.511
 377     0
 378     0
 379     0
 380     0
 381     0
 382     0
 383     0.7547
 384     0
 385     0
 386     0.7381
 387     0.4908
 388     0
 389     0
 390     0
 391     0
 392     0.3986
 393     0
 394     0
 395     0
 396     0
 397     0.7197
 398     0
 399     0
 400     0.091
 401     0
 402     0.091
 403     0
 404     0
 405     0
 406     0
 407     0
 408     0.5953
 409     0
 410     0
 411     0.798
 412     0
 413     0
 414     0
 415     0
 416     0.8655
 417     0.5953
 418     0.7632
 419     2.6076
 420     0
 421     0
 422     0.5122
 423     0
 424     0.5053
 425     0
 426     0
 427     0.5941
 428     0.3408
 429     0
 430     0
 431     0
 432     0.651
 433     0.1113
 434     0
 435     0
 436     0
 437     0.9468
 438     0
 439     0
 440     0
 441     0
 442     0
 443     0
 444     0
 445     0
 446     0
 447     0
 448     0
 449     0
 450     0
 451     0
 452     0
 453     0
 454     0
 455     0
 456     0
 457     0
 458     0
 459     0.4239
 460     0
 461     0
 462     0
 463     0
 464     0
 465     0
 466     0
 467     0
 468     0
 469     0
 470     0
 471     0
 472     0
 473     0
 474     0
 475     0.1093
 476     0
 477     0
 478     0
 479     0
 480     0
 481     0
 482     0.5205
 483     0
 484     0.0524
 485     0
 486     0
 487     0
 488     0
 489     0
 490     0.6986
 491     0.3408
 492     0
 493     0
 494     0
 495     0
 496     0.8841
 497     0
 498     0
 499     0.3098
 500     0
 501     0
 502     0
 503     0
 504     0
 505     0
 506     0
 507     0
 508     0
 509     0
 510     0
 511     0
