This file was gnenerated on 2021-06-21 16:53:57.205100 by Grant Finneman. This contains the extracted data from the Gate simulations
The edep for each bar was summed up and printed to this file. The only math operation done has been addition.

  id      edep
   0    0
   1    0
   2    0
   3    0
   4    0
   5    0
   6    0
   7    0
   8    0
   9    0
  10    0
  11    0.7223
  12    0
  13    0
  14    0
  15    0
  16    0.5547
  17    0
  18    3.1184
  19    0
  20    0
  21    0
  22    0.0945
  23    0
  24    1.543
  25    2.748
  26   27.8407
  27   42.8688
  28   24.9591
  29    0
  30    0
  31    0.8139
  32   11.781
  33    1.1801
  34    0.5691
  35    0
  36    0
  37    0
  38    0
  39    0
  40    1.5708
  41    0.9004
  42   15.3068
  43    1.131
  44    0.624
  45    0
  46    0
  47    0
  48    0.8839
  49    0
  50    0
  51    0
  52    0
  53    0
  54    0
  55    0
  56    0
  57    0
  58    0
  59    0
  60    0
  61    0
  62    0
  63    0
  64    0
  65    0
  66    0
  67    0
  68    0
  69    0
  70    0
  71    0
  72    0
  73    4.8356
  74    0
  75    3.2098
  76    0
  77    0
  78    0
  79    0
  80    0
  81   25.7556
  82    3.4816
  83    8.6796
  84    0
  85    0.6425
  86    0
  87    1.42
  88   44.0374
  89   33.2412
  90   95.728
  91  103.88
  92   21.1709
  93    7.9726
  94   43.6379
  95   22.6791
  96   60.0799
  97  141.246
  98   83.0078
  99  123.11
 100   86.6635
 101   65.4893
 102   45.1767
 103   13.3518
 104   19.6987
 105   56.0569
 106   73.5779
 107   46.976
 108   37.7361
 109   27.5465
 110   23.2532
 111    3.1491
 112    0
 113    0
 114    0
 115    0
 116    0
 117    0
 118    0
 119    0.1167
 120    0
 121    0
 122    0
 123    0
 124    0
 125    0
 126    0
 127    0
 128   17.4343
 129   20.44
 130    0
 131    0.2032
 132    0
 133    0
 134    0
 135    0
 136   89.1141
 137   23.6848
 138   12.0573
 139    4.4132
 140    2.676
 141    8.5014
 142    4.4864
 143    0
 144  117.538
 145   95.1905
 146   86.532
 147   85.6216
 148   70.5787
 149   51.0094
 150   50.0384
 151    0.6061
 152  132.37
 153  187.52
 154  198.134
 155  188.832
 156  204.094
 157   87.9189
 158  111.629
 159   35.1846
 160   97.6574
 161  178.184
 162  199.547
 163  198.913
 164  118.616
 165   71.3939
 166   46.2722
 167   13.8368
 168   89.2443
 169  121.515
 170   84.3747
 171   94.6198
 172   92.4303
 173   55.5189
 174   30.5978
 175    4.2501
 176   40.2425
 177   10.6328
 178   43.3992
 179   39.4337
 180    3.401
 181    1.0948
 182    0
 183    0
 184    0
 185   22.8996
 186    5.6093
 187    0
 188    0
 189    0
 190    0
 191    0
 192    3.4364
 193    0
 194   27.051
 195    4.74
 196   15.461
 197   13.1858
 198    0.0987
 199    0
 200   89.5266
 201   81.87
 202   73.5967
 203   31.1477
 204   42.8208
 205   34.6143
 206   28.4891
 207   13.7152
 208  167.607
 209  229.376
 210  159.34
 211  225.369
 212  147.788
 213   95.5089
 214   78.4097
 215   18.9918
 216  178.031
 217  231.34
 218  243.894
 219  141.207
 220  127.142
 221  125.972
 222   74.7618
 223   20.4822
 224  204.116
 225  261.589
 226  221.12
 227  296.647
 228  134.365
 229   53.9911
 230   33.7905
 231    5.6203
 232  133.603
 233  177.992
 234  129.546
 235  126.323
 236   96.9232
 237   63.3046
 238   17.5761
 239    4.1743
 240   92.3694
 241   97.935
 242  111.317
 243  140.613
 244   42.622
 245   43.4625
 246   15.4331
 247    5.4748
 248    0
 249   24.4668
 250   15.142
 251    0
 252    0.8311
 253    0
 254    0
 255    0.9234
 256   23.0632
 257    0
 258   32.3335
 259   29.5156
 260    1.041
 261   11.3457
 262    2.8845
 263    0
 264   39.168
 265   49.9589
 266   80.1832
 267  118.873
 268   72.5865
 269   42.4086
 270   35.1128
 271    5.5178
 272  131.087
 273  174.748
 274   99.133
 275  166.001
 276  177.458
 277   88.6683
 278   56.4818
 279   24.2301
 280  162.117
 281  139.675
 282  180.115
 283  120.43
 284  165.633
 285   97.8881
 286   58.6466
 287   22.4578
 288  224.561
 289  204.504
 290  175.645
 291  168.087
 292  239.554
 293  147.106
 294   64.345
 295   23.438
 296  188.451
 297  115.904
 298  139.595
 299  134.771
 300  171.28
 301  129.191
 302   49.4144
 303   35.7828
 304   47.2257
 305   25.7453
 306   44.1014
 307   65.879
 308   41.4334
 309   57.9793
 310   59.4732
 311   22.4505
 312    0
 313    0
 314   18.2003
 315    8.3778
 316    0
 317   15.5863
 318    0.9744
 319    0
 320   11.1146
 321    0
 322    0.1307
 323    0
 324    0
 325    0
 326    0
 327    0
 328    5.162
 329   15.0962
 330    1.6325
 331    1.7584
 332   25.5892
 333   35.3292
 334   22.5631
 335    0
 336   91.1994
 337  113.131
 338  179.45
 339  114.394
 340   96.79
 341  120.551
 342   60.5758
 343   13.336
 344  124.801
 345  171.866
 346  171.652
 347  223.317
 348  209.524
 349   96.8752
 350   56.5662
 351   24.9795
 352  164.018
 353  167.615
 354  143.218
 355  149.966
 356  110.655
 357  156.761
 358   84.0126
 359   32.2203
 360   91.9204
 361  106.404
 362  135.861
 363   89.1564
 364   49.1228
 365   13.3348
 366   40.0482
 367   26.7853
 368   21.1512
 369   18.1797
 370   51.8523
 371   10.7234
 372    5.015
 373    3.342
 374   17.105
 375    3.11
 376    0.8246
 377    0
 378    0
 379    0
 380    0
 381    0
 382    0
 383    0
 384    0
 385    0
 386    0
 387    0
 388    0
 389    0
 390    0
 391    0
 392    0
 393   15.5432
 394    0.8104
 395    0
 396    0
 397    0
 398    0.1088
 399    0
 400   14.0938
 401   17.7327
 402   66.1694
 403   41.0685
 404   92.7083
 405   30.1095
 406    9.5268
 407    0.6008
 408   87.9294
 409  137.747
 410   86.6759
 411   80.2001
 412   82.8414
 413   46.9268
 414   66.8177
 415   25.6779
 416   58.8094
 417   35.8538
 418   43.0601
 419   52.0442
 420   50.5441
 421   49.1589
 422    6.2622
 423    0
 424    8.1656
 425   14.8806
 426    9.2664
 427    8.5666
 428    0.9504
 429    0
 430    2.6688
 431    0.1387
 432    0
 433    0
 434    0
 435    0.2013
 436    0.1354
 437    0
 438   19.576
 439    9.33
 440    0
 441    0
 442    0
 443    0
 444    0
 445    0
 446    0
 447    0
 448    0
 449    0
 450    0
 451    0
 452    0
 453    0
 454    0
 455    0.1411
 456    0
 457    0.8979
 458    0
 459    0
 460    0.6513
 461    0
 462    0
 463    0
 464   13.0732
 465    8.526
 466    1.7396
 467   19.4034
 468    9.9506
 469    0
 470    0.9382
 471    0
 472   10.5889
 473    5.671
 474   36.2696
 475   54.516
 476   14.4467
 477    0
 478    0.7451
 479    0
 480   17.9629
 481    2.1997
 482    0
 483    0.2032
 484    0
 485    0
 486    0
 487    0
 488    0.9309
 489    0
 490    0
 491    0.9513
 492    0
 493    0
 494    0
 495    0
 496    0
 497    0.4628
 498    0
 499    0
 500    0
 501    0.8251
 502    0
 503    0
 504    0
 505    0
 506    0
 507    0.6378
 508    0
 509    0
 510    0
 511    0
