This file was gnenerated on 2021-06-21 16:53:47.912796 by Grant Finneman. This contains the extracted data from the Gate simulations
The edep for each bar was summed up and printed to this file. The only math operation done has been addition.

  id      edep
   0    0
   1    0
   2    0
   3    0
   4    0
   5    0
   6    0.5522
   7    0
   8    0
   9    0
  10    0
  11    0
  12    0
  13    0
  14    0
  15    0
  16    0
  17    0
  18    0
  19    0
  20    0
  21    0.7098
  22    0
  23    0
  24    0
  25    0
  26    0
  27    0.0515
  28    0
  29    0.5474
  30    0
  31    0
  32    1.099
  33    0
  34    0
  35    0
  36    3.004
  37    0.9763
  38    0
  39    0
  40    1.3212
  41    0
  42    0
  43    0
  44    0
  45    0.9646
  46    0.9091
  47    0
  48    0
  49    0
  50    0
  51    0
  52    0
  53    0
  54    0
  55    0
  56    0
  57    0
  58    0
  59    0
  60    0
  61    0.6985
  62    0
  63    0
  64    0
  65    0
  66    0
  67    0.3055
  68    0
  69    0
  70    0
  71   24.0408
  72    0
  73    0
  74    0
  75    0
  76    0
  77    0
  78    0
  79    0
  80   28.8908
  81    1.2635
  82    0.2006
  83    0.9532
  84   24.289
  85   18.4814
  86    0
  87    0.1877
  88   54.6929
  89   32.8064
  90   63.0035
  91   35.7006
  92   69.894
  93   32.4697
  94   39.925
  95    7.2668
  96   71.6694
  97   61.9252
  98   32.6331
  99   31.299
 100   54.4869
 101   51.631
 102    7.5403
 103    0
 104   16.2804
 105   26.2075
 106   13.3032
 107    8.8688
 108    0
 109    0
 110    0
 111    0.2642
 112    0
 113    0
 114    0.5358
 115    0
 116    0
 117    0
 118    0
 119    0.5071
 120    0
 121    0
 122    0
 123    0
 124    0
 125    0
 126    0
 127    0.8176
 128    0
 129    0
 130    0
 131    0
 132    0
 133    0.3055
 134    0
 135    3.4344
 136    1.106
 137    2.997
 138    2.379
 139    1.5734
 140    1.748
 141    1.6601
 142    0.4796
 143    0
 144   97.3334
 145   84.9589
 146   50.715
 147   40.4551
 148   30.237
 149   53.8494
 150   22.4655
 151    2.85
 152  234.915
 153  233.431
 154  185.736
 155  202.275
 156  178.41
 157  139.523
 158   98.8183
 159   54.8228
 160  163.625
 161  145.723
 162  124.03
 163   75.5998
 164  131.266
 165  169.839
 166  101.03
 167   28.0304
 168  103.485
 169   55.4887
 170  137.93
 171   82.4313
 172  142.446
 173   67.3791
 174   54.7039
 175    8.0418
 176   31.4106
 177   44.334
 178   26.0067
 179   12.8819
 180   14.8958
 181    0
 182    0
 183    0
 184   21.8125
 185    0
 186    0.7891
 187    0
 188    0.5819
 189    0
 190    0
 191    0
 192    0
 193    0
 194   11.8142
 195    0
 196    0
 197    0
 198    0
 199    0
 200   15.4604
 201   67.8436
 202   29.0105
 203   30.9029
 204    4.5926
 205    1.582
 206    0
 207    0
 208  281.147
 209  280.088
 210  174.442
 211  118.957
 212   92.3979
 213   63.7964
 214   27.3666
 215    8.5048
 216  303.991
 217  199.988
 218  230.218
 219  202.696
 220  142.91
 221  101.063
 222   55.9176
 223   15.3039
 224  230.736
 225  219.728
 226  307.367
 227  248.273
 228  205.858
 229  210.416
 230   89.8579
 231   33.3468
 232  221.636
 233  239.395
 234  207.975
 235  164.253
 236  156.03
 237  155.595
 238   97.8454
 239   33.1325
 240   69.2509
 241   77.0129
 242   77.0901
 243   64.1943
 244   32.8409
 245   40.0496
 246   10.4274
 247   21.7778
 248   15.0696
 249    0
 250    1.6742
 251    0.3108
 252   22.4821
 253    5.6648
 254    0
 255    0
 256    0
 257    0.7891
 258    5.8611
 259    2.4409
 260    0
 261    0
 262    0
 263    0.1319
 264   43.1181
 265  106.652
 266   67.5313
 267   70.6998
 268   91.7948
 269   42.6298
 270   24.3049
 271   10.9679
 272  186.759
 273  226.315
 274  186.53
 275  287.984
 276  233.74
 277  142.582
 278   58.9335
 279   20.6169
 280  213.499
 281  328.331
 282  394.191
 283  283.462
 284  198.39
 285  147.548
 286   52.6926
 287   20.3139
 288  252.586
 289  283.112
 290  259.372
 291  190.261
 292  262.681
 293  244.11
 294   64.0611
 295   30.4678
 296  137.511
 297  153.914
 298  204.178
 299  239.647
 300  107.828
 301   75.2323
 302   32.1651
 303    8.3117
 304   43.8279
 305   22.1056
 306   25.7649
 307   10.7008
 308   29.3043
 309   30.6078
 310    0
 311    0
 312    0.7846
 313    0
 314    0
 315    1.1211
 316    0.9768
 317    0.9698
 318    0
 319    0.6345
 320    0
 321    0
 322    0
 323    0
 324    0.1713
 325    0
 326    0
 327    0
 328   14.3074
 329   35.9237
 330   52.861
 331   37.1584
 332   41.0995
 333    6.193
 334    4.4565
 335   26.2012
 336  156.927
 337  143.545
 338  185.196
 339  160.488
 340  108.055
 341   94.1069
 342   48.1746
 343   19.1822
 344  197.304
 345  165.892
 346  159.904
 347  131.717
 348   98.6757
 349  119.622
 350   46.1904
 351   24.237
 352  160.647
 353  219.82
 354  173.629
 355  134.604
 356  223.797
 357  166.194
 358  116.552
 359   46.7234
 360   54.2969
 361   94.424
 362   89.9376
 363  107.831
 364   46.4601
 365   46.2088
 366   13.8973
 367    0
 368   16.0085
 369   12.6537
 370    0.9532
 371    0
 372    3.3525
 373    0
 374    0
 375    0
 376    0
 377    0
 378    0
 379    0
 380    0
 381    0
 382    0
 383    0
 384    0
 385    0
 386    0
 387    0
 388    0.7109
 389    0
 390    0
 391    0
 392   27.1531
 393   14.0488
 394    7.85
 395   20.0668
 396   28.5432
 397    0
 398    0
 399    0
 400   19.746
 401   13.4772
 402   15.411
 403   20.359
 404   46.1924
 405    4.7572
 406    0.688
 407    0
 408   56.2147
 409  115.572
 410   51.257
 411   75.9843
 412   80.7578
 413   32.2516
 414   12.271
 415    4.9176
 416  210.257
 417  199.151
 418  141.112
 419   69.4268
 420   67.4838
 421   68.8062
 422   88.929
 423   17.4094
 424   20.3937
 425   18.4627
 426   32.9451
 427   15.9512
 428   10.164
 429    9.1372
 430    0
 431    0
 432    4.9875
 433    7.4366
 434    7.1856
 435    0
 436    0.2473
 437    0
 438    0
 439    0
 440    0
 441    0
 442    0.2775
 443    0
 444    0.3731
 445    0
 446    0.5293
 447    0
 448    0
 449    0.3869
 450    0
 451    0
 452    0
 453    0
 454    0.5595
 455    0
 456    0
 457    0
 458    0
 459    0
 460    0
 461    0
 462    0
 463    0
 464    0
 465    0
 466    0.5595
 467    0
 468    0
 469    0.7659
 470    0
 471    0
 472    0
 473    0
 474   23.0554
 475    4.06
 476    0.2837
 477    0.6113
 478    0
 479    0
 480    0
 481    0
 482    4.6272
 483   10.7968
 484    0
 485    0
 486    0.2545
 487    0
 488   31.8942
 489    0
 490    0
 491    0
 492    0
 493    0
 494    0
 495    0
 496    0
 497    0
 498    0.8412
 499    0
 500    0
 501    0
 502    0
 503    0
 504    0
 505    0
 506    0.8412
 507    0
 508    0
 509    0.2301
 510    0
 511    0
