This file was gnenerated on 2021-06-22 21:26:55.519811 by Grant Finneman. This contains the extracted data from the Gate simulations
The edep for each bar was summed up and printed to this file. The only math operation done has been addition.

  id        edep
   0     0
   1     0.67655
   2     0.69111
   3     0
   4     0
   5     1.05736
   6     0.48383
   7     0.64727
   8     0
   9     0.95917
  10     1.65172
  11     0.96751
  12     0.23113
  13     0.08338
  14     0.33266
  15     1.27406
  16     5.64569
  17     0.72349
  18     2.68384
  19     1.79206
  20     0.78011
  21     0.50226
  22     0.54922
  23     0.61487
  24    16.0924
  25     0.88516
  26     1.58781
  27    31.8203
  28     1.45616
  29     1.01679
  30     0.45192
  31     0.7156
  32     0.15433
  33    22.6121
  34     0
  35     3.39385
  36     0.43033
  37     1.9441
  38     0.9201
  39     1.52521
  40     4.01856
  41     1.85005
  42     0
  43     0.84722
  44     0
  45     0.81162
  46     1.24211
  47     3.19785
  48     0.77583
  49     0
  50     0.21988
  51     0.22358
  52     0.98414
  53     1.56795
  54     0.52651
  55     0.55592
  56     0.30203
  57     0.69563
  58     0.33777
  59     0.54922
  60     0
  61     0.08258
  62     0
  63     0.92938
  64     0.51176
  65     1.6956
  66     0
  67     0.40764
  68     0.40764
  69     0.90915
  70     0.91304
  71     0
  72     1.01506
  73     1.36785
  74     2.03185
  75     1.5092
  76     1.23419
  77     0
  78     1.51901
  79     0.99884
  80     0.97455
  81    14.5018
  82    19.762
  83    21.6698
  84     1.16538
  85     0.2789
  86     0
  87     0.29288
  88     2.13001
  89     8.50736
  90    73.5572
  91    52.7754
  92    77.7185
  93    43.4652
  94     7.53088
  95     2.82566
  96    68.9357
  97    68.324
  98    71.4067
  99    69.332
 100    77.7891
 101    61.1382
 102     2.38442
 103     0.18425
 104    49.6123
 105    55.4661
 106    43.5987
 107    18.528
 108    50.8279
 109    30.7704
 110    17.2969
 111    11.8942
 112     2.24137
 113     1.06701
 114     1.28321
 115     1.67984
 116     0.54951
 117     2.05838
 118     2.64243
 119     0.21786
 120     1.52346
 121     0.92462
 122     1.77016
 123     1.00484
 124     0
 125     0.64269
 126     0.51839
 127     0.65761
 128     0.36897
 129     1.1857
 130     0.76425
 131     2.29392
 132     1.1452
 133     2.11343
 134     0.59094
 135     0.8899
 136     2.25259
 137    15.9856
 138     0.67592
 139     1.10811
 140     2.57828
 141     1.21154
 142     1.29607
 143     0.24233
 144   119.018
 145    79.6721
 146    97.8931
 147   135.172
 148    29.556
 149    19.098
 150    25.314
 151     2.05834
 152   548.662
 153   526.671
 154   612.164
 155   630.568
 156   275.602
 157   149.682
 158    72.3846
 159    14.257
 160  1590.96
 161  1845.08
 162  1651.61
 163  1326.36
 164  1135.52
 165   644.012
 166   262.928
 167    45.3061
 168   663.25
 169   675.17
 170   606.288
 171   525.345
 172   381.358
 173   162.173
 174   172.864
 175    37.0233
 176    27.3584
 177    51.8961
 178    36.7583
 179    27.0993
 180    61.3246
 181    35.6983
 182    48.9504
 183     1.39295
 184     0.93803
 185    14.1433
 186     2.50908
 187     2.43018
 188     1.91282
 189     0.54922
 190     1.17058
 191     0.91952
 192     2.12259
 193     2.16736
 194     0.8511
 195     0
 196     0.81872
 197     0
 198     0
 199     1.42305
 200    43.4761
 201    35.9588
 202    50.2647
 203    38.5462
 204     2.26322
 205    15.7565
 206     5.0448
 207     1.82495
 208   446.871
 209   599.887
 210   623.963
 211   546.322
 212   291.248
 213   131.804
 214   124.638
 215     2.32088
 216  3500.64
 217  4254.42
 218  3673.12
 219  3473.35
 220  2937.88
 221  2094.81
 222   800.296
 223   250.679
 224  9159.2
 225  9642.92
 226  9356.2
 227  8953.88
 228  7618.71
 229  6390.82
 230  3960.88
 231  1521.93
 232  1367.55
 233  1618.32
 234  1702.36
 235  1334.04
 236   935.85
 237   572.602
 238   227.666
 239    45.6478
 240    78.5283
 241    71.6188
 242   120.955
 243    76.4564
 244    36.5521
 245    34.0655
 246    40.7042
 247     7.89096
 248     1.03179
 249     1.52572
 250     1.15395
 251     1.23578
 252     1.56654
 253     1.6686
 254     0.54922
 255     0.25205
 256    19.9739
 257     2.03744
 258     0
 259     0.73733
 260     2.26457
 261     0.77963
 262     0.30031
 263     0.34474
 264    64.5639
 265    52.7525
 266    96.0597
 267    64.4374
 268    42.2993
 269    32.8304
 270     4.52071
 271     0.20262
 272  1505.71
 273  1581.25
 274  1543.52
 275  1448.29
 276  1049.7
 277   556.812
 278   247.452
 279    82.5962
 280  9302.22
 281  9492.93
 282  9300.54
 283  8702.66
 284  8100.7
 285  6155.31
 286  3987.42
 287  1528.94
 288  3658.59
 289  4069.84
 290  4020.08
 291  3567.34
 292  3171.26
 293  2191.33
 294  1140.96
 295   368.893
 296   495.186
 297   383.932
 298   482.637
 299   630.02
 300   362.131
 301   198.468
 302    43.9501
 303    25.2133
 304    54.2674
 305    52.5668
 306    27.8459
 307    48.9517
 308     0.59214
 309     6.52565
 310     6.47217
 311     3.1224
 312     2.0873
 313     0
 314     0.92006
 315     0.54438
 316     0
 317    11.6599
 318     1.03298
 319     0.40596
 320     0.45155
 321     1.4498
 322     0.09733
 323     0
 324     0
 325     0.16384
 326     7.93399
 327     2.1033
 328    78.4684
 329    23.2635
 330    18.258
 331    36.6018
 332    19.6293
 333    45.1142
 334     6.40997
 335     2.63309
 336   505.422
 337   565.317
 338   517.612
 339   566.764
 340   385.954
 341   218.824
 342    90.3637
 343    24.8614
 344  1590.03
 345  1897.23
 346  1647.59
 347  1649.15
 348  1144.9
 349   487.764
 350   295.87
 351    54.274
 352   501.074
 353   717.801
 354   635.623
 355   453.954
 356   338.699
 357   166.55
 358   113.085
 359    57.9332
 360   102.428
 361   196.454
 362    90.4712
 363    46.3159
 364    42.7367
 365    23.157
 366     6.48422
 367     5.30576
 368     0
 369     1.85339
 370     2.74571
 371     3.61851
 372     0.83947
 373     0.45879
 374     0.45771
 375     0.75719
 376     0.71054
 377     1.6553
 378     1.95537
 379     2.54489
 380     0.27116
 381     1.7528
 382     1.13336
 383     0.65941
 384     0.15747
 385     0.98276
 386     0
 387     0.10824
 388     1.99462
 389     0.60422
 390     1.93127
 391     0.02462
 392    21.5217
 393     8.72115
 394    17.4423
 395     2.65599
 396     0.79821
 397     3.52578
 398     0.47568
 399     0
 400    18.6514
 401    89.1072
 402    38.2241
 403    51.0801
 404    39.0343
 405    24.4324
 406    21.602
 407    10.2465
 408   107.688
 409   170.677
 410   115.721
 411    76.7384
 412    32.2272
 413    31.1371
 414     9.57621
 415     1.8487
 416    60.1348
 417    67.0292
 418    51.4232
 419    40.4462
 420    17.0105
 421    25.2248
 422    30.879
 423     8.78429
 424    13.749
 425    28.8958
 426     0.0435
 427     2.23313
 428     0.2325
 429     9.44326
 430     1.81384
 431     0.98203
 432     0.47809
 433     0
 434     0.28833
 435     1.00398
 436     0.33135
 437     1.04845
 438     2.08567
 439     0.78392
 440     0.6617
 441     0
 442     2.10993
 443     0.78872
 444     1.36366
 445     1.25862
 446     0
 447     1.38586
 448     0
 449     0
 450     0
 451     0.97366
 452     0.80495
 453     0.92398
 454     0.57602
 455     1.38097
 456     0.45856
 457     0.80495
 458     1.72745
 459     0.72331
 460     0.56955
 461     0.59222
 462     0.37705
 463     0
 464     0.72232
 465     0.99605
 466     1.16966
 467    26.4268
 468     1.72949
 469     0.49605
 470     1.23596
 471     0.12818
 472     0.9139
 473     2.54376
 474     0.50193
 475    20.3465
 476     0
 477     0.21981
 478     1.57819
 479     3.49755
 480     1.31791
 481     0.61487
 482     1.59491
 483     1.58782
 484     2.75872
 485     0.50548
 486     1.78249
 487     1.52478
 488     0.05502
 489     0
 490     5.17851
 491     2.86087
 492     0.99777
 493     4.29412
 494     0.48919
 495     1.4353
 496     6.59626
 497     0.90361
 498     0
 499     2.46991
 500     0.87507
 501     0
 502     0
 503     0.50927
 504     0
 505     0
 506     0.90361
 507     0.4674
 508     0.25073
 509     0
 510     0
 511     0.43667
