This file was gnenerated on 2021-06-22 21:42:16.302546 by Grant Finneman. This contains the extracted data from the Gate simulations
The edep for each bar was summed up and printed to this file. The only math operation done has been addition.

  id        edep
   0     0.5979
   1     0.90291
   2     0.99918
   3     0.50038
   4     1.31823
   5     0
   6     2.8502
   7     4.91808
   8     1.7559
   9     1.6736
  10     0.66545
  11     0.22145
  12     1.3482
  13     1.9699
  14     0
  15     0.44119
  16    11.2616
  17    33.0155
  18    20.7637
  19    10.3826
  20     8.5081
  21    10.4241
  22     2.84087
  23     1.87267
  24     2.90233
  25    12.6648
  26     1.18498
  27    21.6141
  28     3.72911
  29     9.17047
  30     2.5542
  31     0.04495
  32     1.54049
  33    20.9875
  34     0.98316
  35     0
  36     1.44285
  37     0
  38     1.2826
  39     0.40791
  40     2.56458
  41     1.53362
  42     1.44941
  43     1.5474
  44     0.76769
  45     1.53538
  46     1.85182
  47     1.45586
  48     1.9556
  49     0.71126
  50     0.21987
  51     1.24625
  52     0.96051
  53     0
  54     0
  55     0.33593
  56     0.88601
  57     0.23787
  58     1.26436
  59     0.58447
  60     0
  61     0.99797
  62     0
  63     7.4954
  64     1.35298
  65     0
  66     0.28779
  67     1.93748
  68     0
  69     0.65602
  70     0.52861
  71     1.05995
  72     6.41738
  73    28.399
  74    13.6349
  75     1.19828
  76     0.7889
  77     0.78848
  78     0.88701
  79     0
  80   161.349
  81   137.155
  82    57.2646
  83    43.0281
  84    50.7785
  85    29.8757
  86     9.15198
  87     8.8716
  88   239.96
  89   123.814
  90   162.912
  91   223.248
  92   110.003
  93    94.5012
  94    46.6049
  95    18.8332
  96   271.756
  97   199.361
  98   188.036
  99    74.1468
 100    84.3762
 101    20.0286
 102    15.5439
 103     3.71842
 104   119.996
 105   114.504
 106   116.877
 107   110.607
 108    46.9994
 109    20.9475
 110     1.6677
 111     6.64423
 112    26.0428
 113    30.2599
 114    38.6077
 115    14.2073
 116    22.5573
 117     3.08244
 118     2.89697
 119    17.7055
 120     0.87576
 121     0.85261
 122     1.73885
 123     0
 124     5.59836
 125     0.68714
 126     0.73094
 127     0.85292
 128    15.6519
 129    26.4345
 130    18.5542
 131    31.1993
 132     1.08176
 133     0.36333
 134     0
 135     0
 136   186.437
 137   201.025
 138    95.2238
 139   106.127
 140   101.837
 141    44.6768
 142    21.1131
 143     1.25911
 144  1054.76
 145  1130.16
 146  1112.12
 147  1026.07
 148   899.757
 149   511.686
 150   327.671
 151   186.572
 152  1642.57
 153  1919.13
 154  1606.64
 155  1609.46
 156  1489.09
 157   944.879
 158   623.798
 159   185.072
 160  1613.76
 161  1916.81
 162  1811.27
 163  1610.82
 164  1363.29
 165   987.566
 166   553.507
 167   155.885
 168  1152.86
 169  1181.04
 170  1300.57
 171  1154.69
 172  1015.24
 173   787.198
 174   391.302
 175   116.573
 176   145.257
 177   235.543
 178   178.125
 179   229.039
 180   188.826
 181    79.5125
 182    27.6663
 183    26.8988
 184    14.4673
 185     2.06347
 186     0.56418
 187    13.4847
 188    34.6842
 189     1.50062
 190     1.2765
 191     1.12374
 192     2.08547
 193    25.9824
 194     3.07273
 195    15.1825
 196    25.1117
 197     7.72432
 198     5.85007
 199     4.56675
 200   278.402
 201   426.248
 202   268.879
 203   265.093
 204   231.043
 205   161.811
 206    19.6688
 207     8.9778
 208  2141.86
 209  2451.85
 210  2585.13
 211  2313.24
 212  1909.43
 213  1337.98
 214   613.452
 215   330.981
 216  3190.02
 217  3131.39
 218  3338.92
 219  3130.95
 220  2823.43
 221  2161.74
 222  1159.23
 223   438.86
 224  2832.85
 225  3323.77
 226  3369.75
 227  3256.16
 228  2616.34
 229  1797.21
 230  1078.94
 231   491.246
 232  2216.59
 233  2206.72
 234  2147.15
 235  2136.71
 236  1794.17
 237  1253.53
 238   694.412
 239   335.598
 240   400.287
 241   344.037
 242   273.301
 243   277.945
 244   379.908
 245    83.3557
 246    49.753
 247    23.6583
 248     6.78039
 249     1.11978
 250     0.10734
 251    24.9303
 252     8.3892
 253    10.7377
 254     0.74388
 255     0.84968
 256    10.7912
 257    50.9318
 258    27.2651
 259     6.19038
 260     0.2912
 261     0.69713
 262     0.98845
 263     1.9667
 264   254.107
 265   238.275
 266   415.697
 267   366.71
 268   158.924
 269   110.508
 270    29.6163
 271     0.96225
 272  2173.11
 273  2475.77
 274  2595.45
 275  2404.7
 276  1903.38
 277  1332.76
 278   930.207
 279   277.113
 280  2985.8
 281  3537.13
 282  3359.34
 283  3264.16
 284  2928.35
 285  2179.94
 286  1317.72
 287   578.594
 288  2970.84
 289  3302.94
 290  3420.93
 291  3252.28
 292  2711.84
 293  1745.61
 294  1052.83
 295   385.377
 296  2305.51
 297  2523.11
 298  2317.73
 299  2323.92
 300  1705.71
 301  1296.71
 302   839.123
 303   316.456
 304   359.981
 305   446.952
 306   281.15
 307   223.998
 308   153.649
 309    92.2772
 310    41.1431
 311     1.81376
 312     2.10191
 313     4.00732
 314     4.19867
 315    23.5521
 316     1.33607
 317     1.37336
 318     0.33384
 319     0
 320    17.5197
 321     0
 322     0.21156
 323     2.3629
 324     2.32148
 325     0.75615
 326     0.17833
 327     2.02983
 328   199.732
 329   270.736
 330   131.785
 331    98.7168
 332    92.4032
 333    58.5899
 334    30.7135
 335    18.8358
 336   979.229
 337  1157.97
 338  1192.55
 339  1074.18
 340  1045.84
 341   711.938
 342   486.195
 343   208.025
 344  1530.27
 345  1730.7
 346  1467.04
 347  1307.85
 348  1121.61
 349   976.054
 350   674.039
 351   229.662
 352  2001.76
 353  1954.84
 354  1684.52
 355  1536.02
 356  1301.83
 357  1128.74
 358   449.372
 359   141.91
 360  1450.23
 361  1294.55
 362  1141.78
 363  1059.06
 364  1086.75
 365   771.442
 366   450.099
 367   196.241
 368   137.943
 369   145.789
 370   199.781
 371   164.892
 372   146.987
 373   101.077
 374    51.0628
 375    56.9923
 376     3.93526
 377    12.8161
 378    13.7224
 379     0.80765
 380     0.42872
 381     0.62592
 382     0.26008
 383     0.84572
 384     0.01963
 385    18.0234
 386     0
 387     2.00377
 388     1.59565
 389     0.28296
 390     0
 391     0.96367
 392    46.5611
 393    42.7698
 394    21.1418
 395    28.2548
 396    22.3935
 397     5.90336
 398     8.1957
 399     9.40044
 400   130.406
 401   133.399
 402   129.254
 403   164.598
 404    36.0785
 405    45.3363
 406    42.5466
 407    17.1338
 408   148.768
 409   137.335
 410   108.331
 411   178.823
 412    91.2196
 413    28.9242
 414    30.9003
 415    55.5062
 416   273.655
 417   230.471
 418   212.996
 419   194.398
 420    78.4738
 421    78.4111
 422    37.7525
 423     1.51196
 424   105.312
 425   158.192
 426   141.553
 427    70.9135
 428    89.9332
 429    21.9976
 430     2.76612
 431     0.21716
 432    63.1986
 433     1.95367
 434    28.9926
 435    19.8192
 436     9.25521
 437     0.37333
 438     0.36876
 439     0.26512
 440    13.9625
 441     2.20145
 442     0.54062
 443     0
 444     0.94717
 445     1.88029
 446     0
 447     0.78152
 448     0.09041
 449     0.20511
 450     0.96766
 451     0
 452     0.27022
 453     0.75404
 454     0
 455     0.75404
 456     0
 457     0.39317
 458     0.60248
 459     1.06125
 460     0.86009
 461     0.77758
 462     0
 463     0.03725
 464    12.0167
 465     5.44181
 466     4.41958
 467     5.31404
 468    18.9879
 469     1.90923
 470     2.33915
 471     5.34978
 472     1.25686
 473    13.6143
 474     6.36625
 475     3.56714
 476     0.81588
 477     0.46526
 478     1.60061
 479     0
 480     0
 481    50.633
 482    35.301
 483     0.61939
 484     1.4885
 485     2.85787
 486     5.80757
 487     1.23646
 488     1.25612
 489     1.67161
 490     0
 491     0.06386
 492    10.5529
 493     0.89893
 494     3.11976
 495    31.8024
 496     0
 497     0.70207
 498     0.42571
 499     0.29234
 500     0.96673
 501     2.61379
 502     0
 503     7.1552
 504     0
 505     0.2785
 506     0
 507     1.25131
 508     0.34873
 509     0
 510     0.95702
 511     0
