This file was gnenerated on 2021-06-22 21:48:01.694136 by Grant Finneman. This contains the extracted data from the Gate simulations
The edep for each bar was summed up and printed to this file. The only math operation done has been addition.

  id        edep
   0     0
   1     0.63847
   2     1.56524
   3     0.77855
   4     0
   5     0.50378
   6     0.54244
   7     0.59944
   8     0.95396
   9     0.50405
  10     0
  11     0
  12     0
  13     0
  14     0.1423
  15     1.83887
  16     0
  17    23.1142
  18    17.2375
  19    14.2004
  20     0.95488
  21    18.4956
  22     1.12172
  23     2.34337
  24     3.08712
  25    13.3919
  26    41.4236
  27    36.0471
  28     5.04701
  29    17.9344
  30    12.0464
  31     4.29209
  32    47.5605
  33    22.8081
  34    31.6203
  35     4.10462
  36     9.94184
  37    22.4563
  38     1.61397
  39     0.99845
  40     0
  41     4.97642
  42     2.37652
  43     0.61354
  44     0.93121
  45    25.5769
  46     2.01158
  47     0
  48     2.9028
  49     0.33375
  50     0.66543
  51     0.37687
  52     0
  53     0
  54     3.48936
  55     6.16945
  56     0.29491
  57     0.08164
  58     0
  59     0.62266
  60     1.01696
  61     0.14381
  62     0
  63     0.79813
  64     1.75168
  65     0.43027
  66     1.96093
  67     1.37632
  68     0.85922
  69     0.35788
  70     0.65022
  71     0.83073
  72    36.5684
  73    43.695
  74    32.32
  75    47.2864
  76    19.3647
  77    19.9517
  78     1.09504
  79     0
  80   316.702
  81   244.695
  82   229.567
  83   145.061
  84   140.337
  85    57.4007
  86    44.6023
  87    18.2367
  88   698.144
  89   691.604
  90   631.104
  91   508.365
  92   343.871
  93   163.415
  94   136.354
  95    47.5486
  96   316.619
  97   206.281
  98   152.717
  99   120.008
 100    68.0342
 101    58.8722
 102    30.2106
 103     1.43714
 104    22.1782
 105    75.6673
 106    61.6859
 107    19.1749
 108     2.08755
 109     1.4544
 110     0.67871
 111    12.9421
 112     1.01873
 113     4.4643
 114     3.12135
 115     0.44532
 116     1.71143
 117     0.69319
 118     0.5349
 119     0
 120     0.92342
 121     0
 122     0
 123     0
 124     0.64306
 125     1.22086
 126     0
 127     0.25952
 128     0.84083
 129     2.8523
 130     1.40247
 131     0.43027
 132     0.28862
 133     0
 134     3.33342
 135     0.93003
 136    61.6554
 137   273.2
 138   252.929
 139   150.617
 140   125.767
 141   172.735
 142    52.96
 143     5.46419
 144  1363.27
 145  1465.23
 146  1305.18
 147  1427.08
 148  1139.66
 149   774.081
 150   486.001
 151   158.685
 152  2516.64
 153  2844.98
 154  2490.59
 155  2490.6
 156  2366.46
 157  1811.61
 158  1093.87
 159   440.645
 160  1463.41
 161  1426.79
 162  1539.56
 163  1595.77
 164  1092.41
 165   917.622
 166   406.321
 167   114.281
 168   220.951
 169   280.018
 170   244.319
 171   203.189
 172   113.013
 173    44.4354
 174    41.4522
 175     7.69454
 176    17.939
 177    51.8605
 178    36.2524
 179    41.6521
 180    20.4298
 181     0.95589
 182     0.19229
 183     1.16599
 184     2.19633
 185     0.07524
 186     0.15272
 187     0.32377
 188     0.88914
 189     0.94077
 190     1.72981
 191     0.83046
 192    23.0175
 193    90.9626
 194    23.6873
 195     4.01279
 196    33.9313
 197     1.70777
 198     0.70726
 199     1.49235
 200   515.122
 201   540.114
 202   576.811
 203   554.483
 204   445.249
 205   329.63
 206   149.251
 207    85.3889
 208  2609.57
 209  3001.45
 210  2831.79
 211  2799.25
 212  1940.49
 213  1416.19
 214  1000.53
 215   457.679
 216  3414.26
 217  3598.86
 218  3142.09
 219  2675.77
 220  2753.11
 221  2281.11
 222  1173.76
 223   553.483
 224  3051.76
 225  2870.6
 226  2908.46
 227  2843.61
 228  2548.57
 229  2073.19
 230  1031.18
 231   435.145
 232  1377.31
 233  1274.94
 234  1048.1
 235  1108.98
 236  1111.11
 237   811.315
 238   332.201
 239    83.7145
 240   157.907
 241   175.466
 242   240.855
 243   148.499
 244    93.7311
 245    54.675
 246    49.6693
 247     2.68099
 248    19.838
 249     6.23177
 250     2.17397
 251     7.55061
 252     7.28191
 253    18.5792
 254    12.4058
 255     8.804
 256    36.0715
 257    17.2542
 258    25.0728
 259    13.882
 260    10.2788
 261     9.60009
 262     2.95235
 263     1.70456
 264   264.739
 265   274.127
 266   226.717
 267   110.136
 268    92.9246
 269    83.063
 270    69.4604
 271     5.2405
 272  1206.62
 273  1563.34
 274  1517.48
 275  1209.41
 276   996.714
 277   690.166
 278   470.109
 279   192.944
 280  2976.06
 281  3203.47
 282  2989.35
 283  2529.71
 284  2284.65
 285  2123.66
 286  1070.19
 287   406.681
 288  3361.5
 289  3524.8
 290  3470.65
 291  3210.95
 292  2789.08
 293  2068.92
 294  1204.3
 295   487.055
 296  2705.27
 297  2720.23
 298  2646.66
 299  2528.99
 300  2130.54
 301  1708.58
 302   971.808
 303   347.631
 304   685.672
 305   689.778
 306   506.555
 307   543.357
 308   385.811
 309   303.512
 310   134.193
 311    50.0689
 312    32.6364
 313    70.4292
 314    22.1362
 315    71.5894
 316    32.2176
 317     3.8684
 318     3.49944
 319     9.5811
 320     2.47366
 321     0.66812
 322     1.12023
 323     1.18321
 324     1.49907
 325     1.37739
 326     1.62642
 327     1.01975
 328    31.7425
 329    48.2937
 330    55.6082
 331     2.59789
 332    48.3754
 333    14.9756
 334    29.1609
 335    13.8322
 336   291.851
 337   385.835
 338   294.784
 339   235.47
 340   201.477
 341    76.0474
 342    26.4707
 343    10.1884
 344  1190.51
 345  1465.92
 346  1487.41
 347  1259.38
 348   815.192
 349   708.636
 350   458.339
 351   203.132
 352  2565.59
 353  3055.08
 354  2763.63
 355  2752.28
 356  2184.25
 357  1707.12
 358  1123
 359   435.613
 360  1205.93
 361  1479.53
 362  1497.29
 363  1257.67
 364  1055.77
 365   953.674
 366   445.811
 367   140.719
 368   280.791
 369   279.1
 370   293.236
 371   113.48
 372    90.5664
 373   103.611
 374    27.5359
 375    16.1375
 376    19.9496
 377    23.092
 378     1.6201
 379     0.98795
 380    10.0485
 381     2.94739
 382     2.02781
 383    14.9061
 384     3.09218
 385     1.49938
 386     0.72987
 387     0
 388     0.08806
 389     0.88403
 390     0
 391    38.0293
 392     1.59103
 393    41.0326
 394    21.2226
 395     2.97549
 396     0
 397     2.26142
 398    21.5653
 399    12.6478
 400    25.8028
 401    23.1549
 402    69.8982
 403    16.6254
 404     2.91265
 405    15.5952
 406     5.09637
 407     1.12916
 408   135.266
 409   228.103
 410   159.055
 411   148.947
 412   190.419
 413   110.639
 414    30.6341
 415     9.36408
 416   662.402
 417   743.15
 418   717.779
 419   687.978
 420   622.219
 421   324.946
 422   152.237
 423    59.4923
 424   260.617
 425   284.261
 426   261.404
 427   107.476
 428   157.149
 429    63.8406
 430    38.0276
 431     1.80309
 432    31.8988
 433    53.5405
 434    11.2965
 435    19.6988
 436    37.039
 437    20.6453
 438     6.47363
 439    27.1193
 440    40.7466
 441     1.58182
 442     0.09905
 443     7.69758
 444     4.88336
 445    13.3683
 446     0.74244
 447     0.32427
 448     0
 449     0.62006
 450     0
 451     1.03271
 452     0.77871
 453     0.77871
 454     0
 455    12.09
 456     1.17967
 457     1.77588
 458     1.9259
 459     3.26078
 460     0.74946
 461     1.58077
 462    12.3103
 463     0
 464     0.3022
 465     1.29591
 466     2.41062
 467     1.47297
 468     0
 469     1.3784
 470     0
 471     0.23311
 472    35.9934
 473     3.19715
 474     3.31827
 475    35.5228
 476    34.9719
 477     0.42395
 478     0.7391
 479     0.52025
 480   125.383
 481    94.5992
 482    65.5359
 483    91.0178
 484    28.5648
 485    19.7495
 486    29.7345
 487     0.0446
 488    24.8678
 489     2.84732
 490     2.50702
 491     1.05053
 492    38.338
 493    16.7246
 494     1.738
 495     1.29482
 496     1.91624
 497     1.02189
 498     0
 499     0.63838
 500     4.52547
 501    12.6129
 502    15.7989
 503     0.07484
 504     0.69753
 505     0.61397
 506     0.11872
 507     8.0613
 508     0.08073
 509     6.13869
 510     0
 511     0.91804
