This file was gnenerated on 2021-06-21 16:51:01.954134 by Grant Finneman. This contains the extracted data from the Gate simulations
The edep for each bar was summed up and printed to this file. The only math operation done has been addition.

  id      edep
   0    0
   1    0
   2    0
   3    0
   4    0
   5    0.4533
   6    0.5638
   7    0
   8    0
   9    0
  10    0
  11    0
  12    0
  13    0
  14    0
  15    0
  16    0
  17    0.7446
  18    0
  19    0
  20    0
  21    0
  22    0
  23    0.5268
  24    0
  25    0
  26    0
  27    0
  28    6.6493
  29    0
  30    0
  31    0
  32   39.5259
  33   15.5664
  34    0.1466
  35    0.8992
  36    0
  37    0
  38    0.1578
  39    0
  40   44.8424
  41   13.9122
  42    0
  43    0
  44    6.6416
  45   12.3344
  46    0
  47    0
  48    0.8729
  49    0
  50    0
  51    0
  52    0
  53    0
  54    0
  55    0
  56    0
  57    1.1719
  58    0
  59    0
  60    0
  61    0
  62    0
  63    0
  64    0
  65    0
  66    0
  67    0
  68    0
  69    0.4533
  70    0
  71    0
  72    0
  73    0.7446
  74    0.8224
  75    0
  76    0
  77    0.2543
  78    0.3267
  79    0
  80    0
  81    0
  82    0.704
  83    0.4774
  84    0
  85    0
  86    8.0828
  87    0
  88   14.6865
  89   18.1824
  90    0.9348
  91    1.107
  92   30.1457
  93    0
  94    0
  95    0.5268
  96   84.1489
  97   89.6778
  98   69.294
  99   61.3557
 100  103.889
 101   40.7494
 102   42.3875
 103   30.0379
 104   71.929
 105   73.8444
 106  114.688
 107   94.1756
 108   60.5569
 109   20.7471
 110   14.2477
 111    3.5025
 112    0
 113    0
 114    0
 115    0
 116    0
 117    0
 118    0
 119    0
 120    0
 121    0
 122    0
 123    0
 124    0
 125    0.2484
 126    0
 127    0
 128    0
 129    0.9348
 130    0
 131    0
 132    0
 133    0
 134    0.6282
 135    0
 136    0
 137    0.3643
 138    0.7543
 139    0
 140    0
 141    0.1219
 142    0.9796
 143    0
 144    5.1597
 145    0.4039
 146   42.798
 147    6.8832
 148    0.4774
 149    6.6132
 150    2.2044
 151    0
 152   85.0953
 153   54.0601
 154   31.7569
 155   57.3468
 156   63.2361
 157   56.0357
 158   15.4641
 159    9.1613
 160  392.526
 161  385.436
 162  306.814
 163  266.661
 164  333.299
 165  276.472
 166  189.553
 167   67.1106
 168  218.136
 169  226.433
 170  241.494
 171  241.79
 172  260.595
 173  142.637
 174   75.7752
 175   28.9709
 176    3.2585
 177   24.1
 178   50.0772
 179   46.45
 180   20.3377
 181   19.6788
 182    5.2296
 183    0
 184    0
 185    0.2755
 186    0
 187    0
 188    0.1219
 189    0
 190    0
 191    0
 192    0
 193    0
 194    0
 195    0.1965
 196    0
 197    0
 198    0
 199    0
 200    0
 201    0
 202    0
 203    0
 204   22.9103
 205    2.1575
 206    0
 207    0
 208   39.4074
 209   51.1671
 210   84.7894
 211   81.4077
 212   19.3369
 213   19.1946
 214   22.6263
 215    0
 216  284.76
 217  315.825
 218  320.823
 219  283.833
 220  222.225
 221  153.4
 222  103.59
 223   21.5504
 224  444.095
 225  471.987
 226  405.647
 227  304.427
 228  290.693
 229  339.886
 230  245.186
 231   85.2565
 232  162.314
 233   73.8909
 234   47.4981
 235  143.538
 236  128.957
 237   62.9137
 238   29.0563
 239   14.3508
 240    6.1736
 241    3.6896
 242   28.5721
 243   24.4991
 244    8.1956
 245   13.6896
 246   12.2024
 247    0
 248    0.5357
 249    0
 250    0
 251    0
 252    0.2992
 253    0
 254    7.8444
 255    4.358
 256    0
 257    0
 258    0.4256
 259    0
 260    0.0936
 261    0
 262    0.9893
 263    0
 264   24.5781
 265   67.5212
 266   23.2725
 267   31.149
 268    0
 269    1.7567
 270   21.7548
 271    0
 272  137.252
 273  140.051
 274  123.828
 275   84.0082
 276   40.8766
 277   67.3465
 278   18.3712
 279    9.5388
 280  449.472
 281  445.009
 282  455.622
 283  556.335
 284  344.843
 285  268.744
 286  123.506
 287   32.8982
 288  271.501
 289  238.27
 290  308.78
 291  311.387
 292  212.127
 293  157.924
 294   76.0995
 295   47.5722
 296   83.5616
 297   50.8617
 298   30.2849
 299   27.1603
 300   10.1841
 301   10.542
 302    2.541
 303    0
 304    0.976
 305    0.5856
 306    0.6081
 307    0.0161
 308    0
 309    0
 310    0
 311    0
 312    1.22
 313    0
 314    0.0161
 315    0
 316    0
 317    0
 318    0.9695
 319   12.2024
 320    0
 321    0
 322    0
 323    0
 324    0
 325    0
 326    0
 327    0
 328   45.528
 329   50.9689
 330    8.9775
 331   67.5912
 332    1.3714
 333   19.1951
 334    5.6546
 335    7.2702
 336  186.502
 337  180.512
 338  211.657
 339  265.739
 340  209.844
 341  137.968
 342   92.0026
 343   31.3811
 344  307.299
 345  303.116
 346  333.82
 347  348.518
 348  287.893
 349  201.679
 350  100.728
 351   52.8549
 352  128.683
 353  100.928
 354  100.855
 355  107.052
 356   53.5905
 357   39.4239
 358    7.0527
 359    6.0116
 360   10.5129
 361   15.966
 362    7.3709
 363    0
 364    0.1701
 365    0
 366    0
 367    0.5163
 368    0.8415
 369    0
 370    0
 371    0
 372    0
 373    0
 374    0
 375    0
 376    0.55
 377    0
 378    0
 379    0
 380    0
 381    0
 382    0
 383    0
 384    0
 385    0
 386    0
 387    0.8936
 388    0
 389    0
 390    0
 391    0
 392    2.1466
 393    1.0586
 394   14.0322
 395    2.8992
 396   17.0918
 397    7.769
 398    0
 399    0
 400   46.7847
 401   72.7497
 402   65.097
 403  167.252
 404   57.5179
 405   58.3
 406   18.1638
 407    0.4689
 408   56.0823
 409  102.268
 410   62.3033
 411   85.6839
 412   54.9087
 413   73.0687
 414   51.5854
 415    9.0429
 416   18.6864
 417   17.9275
 418   42.7688
 419   20.043
 420    7.248
 421    0
 422    0.324
 423    0
 424    0.4468
 425    0
 426    0
 427    0
 428    0
 429    0
 430    0
 431    0
 432    0
 433    0
 434    0
 435    0
 436    0
 437    0
 438    0
 439    0
 440    0
 441    0
 442    0
 443    0
 444    0.8674
 445    0
 446    0
 447    0
 448    0
 449    0.6008
 450    0
 451    0
 452    0.8378
 453    0.2244
 454    0
 455    0
 456   15.829
 457    0.1024
 458    0.356
 459    0
 460    0
 461    0
 462    0
 463    0
 464    2.878
 465    0
 466    0
 467    3.485
 468    4.1
 469    0.9794
 470   21.5829
 471    0.555
 472    0
 473    1.652
 474    1.9216
 475    0.3925
 476    5.4936
 477   10.0824
 478    1.8312
 479    0
 480    4.2201
 481    0
 482    0
 483    0.266
 484    0.324
 485    0
 486    0
 487    0
 488    1.9851
 489    0.0931
 490    0.4505
 491    0
 492    0
 493    0
 494    0.4231
 495    0
 496    0
 497    0
 498    0
 499    0
 500    0
 501    0
 502    0
 503    0
 504    0
 505    1.6862
 506    0
 507    0
 508    0
 509    0
 510    0
 511    0
