This file was gnenerated on 2021-06-21 16:51:49.604488 by Grant Finneman. This contains the extracted data from the Gate simulations
The edep for each bar was summed up and printed to this file. The only math operation done has been addition.

  id      edep
   0    0
   1    0.6163
   2    0
   3    0
   4    0
   5    0
   6    0
   7    0
   8    0
   9    0.3381
  10    0.6188
  11    0
  12    0
  13    0.7553
  14    0
  15    0
  16    0
  17    0
  18    0
  19    0
  20    0.9021
  21    0
  22    0
  23    0
  24    0
  25    0
  26    0.8172
  27    0
  28    0
  29    0
  30    0
  31    0
  32    0
  33    0
  34    0.6061
  35    0
  36    0
  37    0
  38    0.2422
  39    0
  40    0.607
  41    0.607
  42    0
  43    0
  44    0
  45    0
  46    0
  47    0
  48    0
  49    0
  50    0
  51    0
  52    0
  53    0
  54    0
  55    0
  56    0
  57    0
  58    0
  59    0
  60    0.2691
  61    0
  62    0
  63    0
  64    0
  65    0.411
  66    0
  67    0
  68    0
  69    0
  70    0
  71    0
  72    0
  73    0.3633
  74    0
  75    0.4861
  76    0
  77    0
  78    0
  79    0
  80    0.7553
  81   11.5766
  82    1.9298
  83    0
  84    0
  85    0
  86    0
  87    0
  88   13.5544
  89   61.2933
  90    0.298
  91    0.6432
  92    0
  93    0
  94    0
  95    0
  96   24.3631
  97   16.2367
  98    9.3377
  99    5.7963
 100    9.6684
 101   22.1847
 102    0
 103    0
 104    1.0166
 105    0.6518
 106    0.6518
 107    0.5113
 108    6.8682
 109    2.4666
 110    0
 111    0
 112    0
 113    0
 114    0
 115    0.1757
 116    0
 117    8.3977
 118    7.8109
 119    0
 120    0
 121    0
 122    0.1331
 123    0
 124    0
 125    0
 126    0
 127    0
 128    0
 129    0.1155
 130    0
 131    0
 132    0.8181
 133    0
 134    1.1996
 135    0
 136    0
 137   10.3024
 138    0
 139    0.4382
 140    0
 141    0
 142    0
 143    0
 144   65.8435
 145   31.0098
 146   21.1771
 147   32.5608
 148   24.9493
 149    2.1221
 150    9.8813
 151    0.0809
 152  170.543
 153  187.388
 154  251.186
 155  165.869
 156  159.841
 157   50.059
 158   50.814
 159   45.8471
 160  228.262
 161  165.29
 162  177.601
 163  161.85
 164   80.8307
 165   96.0451
 166   53.3605
 167   39.1073
 168    2.334
 169    0.669
 170   27.7634
 171   37.4729
 172   21.2151
 173   12.0686
 174    1.2211
 175    0
 176    0.3481
 177    0
 178    0.6063
 179    0
 180   12.6769
 181    0.0059
 182    0
 183    0.6515
 184    0
 185    0
 186    0.312
 187    0
 188    0
 189    0
 190    0
 191    0.3884
 192    0.4471
 193    0.1271
 194    0
 195    0.6662
 196    0
 197    0
 198    0
 199    0.1548
 200    0
 201    3.2195
 202   32.0741
 203   27.8516
 204    0
 205    0
 206    0
 207    0.6049
 208   61.7881
 209  104.594
 210   94.8301
 211  142.667
 212   85.2816
 213   47.5551
 214   68.0959
 215    0
 216  472.09
 217  514.137
 218  488.899
 219  541.765
 220  486.447
 221  385.686
 222  250.059
 223   68.7533
 224  583.056
 225  431.03
 226  466.031
 227  538.373
 228  354.702
 229  485.512
 230  295.47
 231   80.2402
 232   77.6489
 233  148.472
 234  155.761
 235  119.964
 236   61.1531
 237   97.4068
 238   22.7539
 239    7.4287
 240   12.5704
 241    0
 242   34.401
 243    0.1257
 244   25.0428
 245   16.2048
 246    2.9828
 247    0
 248    0
 249    0.7935
 250    0
 251    0
 252    0
 253    0
 254    0
 255    0
 256    0.0867
 257    0
 258    0
 259    0
 260    0
 261    0
 262    0
 263    0.3633
 264    0.9889
 265   16.3461
 266    0
 267    2.5088
 268    6.4052
 269   11.4158
 270    8.3024
 271    0.6681
 272  107.628
 273  205.705
 274  132.184
 275  119.204
 276  175.433
 277   86.2944
 278   84.9892
 279   18.2722
 280  478.589
 281  541.905
 282  444.581
 283  435.87
 284  445.249
 285  292.504
 286  240.557
 287   95.601
 288  406.472
 289  488.897
 290  468.871
 291  379.76
 292  374.032
 293  304.675
 294  237.506
 295   87.9606
 296   68.2239
 297   95.1252
 298  116.282
 299   83.1375
 300  103.6
 301   53.611
 302    7.4793
 303    2.0655
 304    0
 305    0
 306   13.2319
 307    4.0271
 308    0
 309    0
 310    0
 311    0.999
 312    0
 313    0
 314    0
 315    0.3832
 316    0
 317    0
 318    0.5316
 319    0
 320    0.7642
 321    0.8824
 322    0.3317
 323    0
 324    0
 325    0
 326    0
 327    0
 328   14.2906
 329    1.2079
 330    0
 331    0
 332    0
 333    0
 334    0.5135
 335    0
 336   40.3798
 337  103.848
 338   79.313
 339   91.0383
 340   64.3853
 341   31.6031
 342   30.5815
 343    0
 344  141.447
 345  231.639
 346  177.104
 347  174.001
 348   65.3257
 349   61.4678
 350   56.9583
 351   11.3331
 352  116.894
 353  161.438
 354  220.241
 355  185.718
 356  134.904
 357   68.5404
 358   64.4105
 359   35.8425
 360   35.0696
 361   28.4484
 362   19.8999
 363   44.0734
 364   11.4672
 365   16.4862
 366   28.2399
 367    0.433
 368    0
 369    0
 370    0
 371    0
 372    0
 373    0
 374    0
 375    0
 376    0.7131
 377    0
 378    0
 379    0
 380    0
 381    0
 382    0
 383    0
 384    0
 385    0
 386    0.2922
 387    0
 388    0
 389    0
 390    0
 391    0
 392    0
 393    0
 394    0
 395    0
 396    0
 397    0
 398    0
 399    0
 400    0
 401    0.0682
 402    0.4291
 403    0
 404    0
 405    0
 406    0
 407    0
 408   61.4316
 409   70.5432
 410   31.5127
 411    1.0647
 412    0.9515
 413    0
 414    0
 415    0
 416    7.8176
 417    0
 418   19.0915
 419    0
 420    0
 421    0.6746
 422    0
 423    0
 424    0
 425   14.09
 426    3.6499
 427   10.7405
 428    2.388
 429    0
 430    0
 431    0
 432    0
 433    0
 434    0
 435    0
 436    0
 437    0
 438    0.229
 439    0
 440    0
 441    0
 442    0
 443    0
 444    0
 445    0.0377
 446    0
 447    0
 448    0.4058
 449    0
 450    0.2922
 451    0
 452    0
 453    0
 454    0
 455    0
 456    0
 457    0.253
 458    0
 459    0.7051
 460    0
 461    0
 462    0
 463    0
 464    0
 465    0
 466    0.4191
 467    0
 468    0
 469    0
 470    0
 471    0
 472    0.0664
 473    6.3117
 474   17.6022
 475    2.9337
 476    0
 477    0
 478    0
 479    0
 480    0
 481    0
 482    0
 483    0
 484    0.298
 485    0
 486    0
 487    0.0923
 488    0.3815
 489    0
 490    0
 491    0
 492    1.1011
 493    0
 494    0.0337
 495   13.6526
 496    0
 497    0
 498    0.0059
 499    0
 500    0
 501    0
 502    0
 503    0
 504    0
 505    0
 506    0
 507    0
 508    0
 509    0
 510    0
 511    0
