This file was gnenerated on 2021-06-17 21:26:32.288846 by Grant Finneman. This contains the extracted data from the Gate simulations
The edep for each bar was summed up and printed to this file. The only math operation done has been addition.

  id      edep
   8    0.7116
  11    0.695
  17    0.4656
  49    0.1759
  52    0.7865
  63    0.3498
  70    2.5865
  71    2.605
  76    0.1253
  80   13.3557
  81    0.851
  82   20.4838
  83   13.776
  84   16.4
  88    6.0768
  89   22.7751
  90   34.9188
  91   18.6194
  96   46.1434
  97    9.7151
  98   31.4541
  99    8.8908
 100    3.7161
 103    0.003
 105   10.7185
 106   29.808
 109    0.985
 114    0.5022
 115    0.5022
 116    0.5957
 120    0.9561
 135    3.8229
 136    0.9643
 137    0.766
 138    8.2144
 141    0.1326
 142    0.763
 144   54.4297
 145   39.2607
 146   51.8582
 147   47.9755
 148   64.9322
 149    4.0425
 150    1.611
 151   10.1904
 152  189.876
 153  277.932
 154  307.407
 155  275.349
 156  193.283
 157   73.1902
 158   80.057
 159   61.5026
 160  153.626
 161  168.83
 162  123.211
 163  107.433
 164  146.896
 165  107.538
 166   70.6482
 167   11.2955
 168   18.1075
 169    8.1017
 170   13.6785
 171   20.3238
 172    7.1072
 173    0.3096
 175    1.1483
 176    5.6093
 177    1.3545
 178    0.4945
 179    9.9432
 187    0.1815
 188    0.1815
 200   43.2469
 201   34.6024
 202   20.7619
 203   51.7192
 204   20.3155
 205   26.1248
 206   31.5569
 207    3.277
 208  264.03
 209  267.731
 210  238.409
 211  169.202
 212  149.57
 213  193.022
 214  106.233
 215   57.1755
 216  351.048
 217  380.406
 218  366.457
 219  405.808
 220  271.185
 221  156.771
 222  164.988
 223  150.133
 224  441.505
 225  536.577
 226  433.148
 227  390.603
 228  312.566
 229  265.504
 230  148.694
 231   49.6008
 232  121.699
 233  146.944
 234  198.619
 235  152.427
 236  105.004
 237   97.1508
 238   49.9909
 239   35.2532
 240    2.3968
 241   14.4449
 242    2.0379
 243   24.1955
 245    1.6009
 246    0.2094
 249    1.144
 252    0.9193
 255    0.4502
 259    1.7709
 261    1.5492
 263    0.8997
 264    5.0574
 265    5.1253
 266    8.4934
 267   16.477
 268    9.1991
 269    1.034
 270   18.0184
 272   99.1294
 273  108.074
 274  147.526
 275  150.943
 276  145.432
 277   93.9826
 278   91.468
 279   16.8532
 280  446.468
 281  409.646
 282  407.689
 283  406.195
 284  436.234
 285  272.746
 286  181.634
 287   72.7277
 288  359.557
 289  458.599
 290  459.395
 291  516.441
 292  424.325
 293  331.072
 294  167.128
 295   74.3589
 296  190.003
 297  195.173
 298  196.246
 299  168.711
 300  137.354
 301  147.74
 302   71.9828
 303   27.8197
 304   23.0959
 305   25.111
 306    0.4041
 307   12.8673
 308   20.235
 309   28.2885
 310    4.16
 312    1.7375
 314    0.0729
 322    0.7436
 330    0.305
 336   30.6631
 337   28.2024
 338   64.7115
 339   27.15
 340    2.0751
 341   18.8161
 342   33.6255
 343    0.0586
 344  107.352
 345  158.692
 346  121.69
 347  225.153
 348  174.877
 349   98.0043
 350   27.9038
 351    7.6968
 352  177.094
 353  231.331
 354  268.942
 355  259.78
 356  190.535
 357  243.896
 358  120.922
 359   33.4935
 360   21.4003
 361   11.5661
 362   92.6541
 363   22.1466
 364   15.816
 365   47.971
 366   55.1735
 367   17.4658
 368    3.9025
 369    0.0524
 371    1.8225
 391    0.2018
 393    0.9962
 397    0.5858
 401    0.5741
 402    0.7641
 403   32.5637
 405    8.6832
 408   15.0713
 409   24.8066
 410    1.4504
 411   42.6551
 412   27.3868
 413   17.8728
 416    1.4
 417    0.525
 418    2.745
 419    2.3856
 420    1.4387
 421    1.506
 422    0.08
 425    0.9615
 426    7.015
 428    1.923
 429    0.8102
 432    8.1536
 433    0.0241
 440    0.6601
 441    0.1633
 445    0.9894
 454    0.7353
 465    2.2792
 473    1.554
 476    0.5547
 478    0.2546
 490    0.6601
 491    0.1591
 492    0.02
 494    0.8102
 506    0.319
