This file was gnenerated on 2021-06-22 21:09:50.680126 by Grant Finneman. This contains the extracted data from the Gate simulations
The edep for each bar was summed up and printed to this file. The only math operation done has been addition.

  id        edep
   0     0.71962
   1     0
   2     0
   3     1.55447
   4     0
   5     0.72401
   6     0.63624
   7     0.83808
   8     2.24806
   9     1.73085
  10     0
  11     1.35871
  12     0
  13     1.51745
  14     0.80323
  15     0
  16     0
  17     0.18782
  18     0.94485
  19     1.58571
  20     0.53316
  21     0
  22     1.82573
  23     0
  24     1.54596
  25     0.99168
  26     0
  27     0.39269
  28     1.01124
  29     1.05126
  30     0
  31     0.55997
  32     2.8209
  33     1.79208
  34     2.12636
  35     2.56763
  36     1.27902
  37     3.23911
  38     2.04859
  39     1.17783
  40     0
  41     2.73228
  42     2.21364
  43     1.40447
  44     0.91718
  45     1.24755
  46     0
  47     0.40158
  48     0.91735
  49     3.02185
  50     0.0946
  51     0.16906
  52     0
  53     1.59322
  54     0
  55     0.79467
  56     0.03762
  57     0.58433
  58     0.41236
  59     0
  60     1.11827
  61     1.6296
  62     0
  63     0.22527
  64     0.59983
  65     2.41843
  66     0.86868
  67     0.60859
  68     2.09477
  69     0.60385
  70     0
  71     1.4071
  72     1.24438
  73     0.94048
  74     1.47005
  75     0.48269
  76     0.5609
  77     2.42808
  78     1.65308
  79     0.58528
  80    27.5559
  81    11.0603
  82    25.7955
  83    23.3409
  84    78.0965
  85    45.5265
  86     1.20147
  87     1.8229
  88    74.2811
  89   182.107
  90   110.992
  91    95.4279
  92    41.0923
  93    22.2007
  94    21.8182
  95    10.0127
  96    44.5998
  97    72.317
  98    31.0619
  99    86.566
 100    72.2729
 101     5.83725
 102     0.06027
 103     1.50007
 104     8.88754
 105    19.7455
 106    17.1306
 107     1.31318
 108     5.96689
 109     0.87334
 110     1.39222
 111     6.5364
 112     1.09855
 113     0.78301
 114     3.10861
 115     1.89593
 116     1.63103
 117     0.76776
 118     0
 119     0
 120     0.65293
 121     2.05016
 122     1.75174
 123     0.41236
 124     0.74322
 125     0.51058
 126     0.54408
 127     0.3798
 128     0.41726
 129     0.16148
 130     0.84736
 131     0.06888
 132    11.528
 133    22.2109
 134     0.92013
 135     0.8963
 136     1.87488
 137    12.5936
 138    32.7462
 139     8.93083
 140    10.8894
 141     3.44167
 142     2.26535
 143     0.01698
 144   419.46
 145   340.683
 146   308.521
 147   337.888
 148    84.184
 149    73.5814
 150    61.1842
 151     4.61301
 152  1200.46
 153  1226.69
 154  1249.5
 155  1242.58
 156   916.9
 157   503.073
 158   379.018
 159    49.4816
 160   824.828
 161   737.478
 162   738.287
 163   600.813
 164   518.343
 165   269.87
 166   176.053
 167    70.386
 168    75.7136
 169    88.3219
 170   127.444
 171    94.0592
 172   108.204
 173    12.839
 174     7.00367
 175     6.94331
 176     1.20212
 177     0.0946
 178     0.48428
 179    18.2949
 180     2.78163
 181     1.1507
 182     0.15599
 183     0.44062
 184     1.48434
 185     1.3981
 186     0.23519
 187     0.61578
 188     0
 189     0.37994
 190     0
 191     0.89949
 192     0.80446
 193     1.32995
 194     1.55995
 195    26.9696
 196    25.3323
 197    12.8826
 198     8.69012
 199     0.87402
 200    84.0555
 201    76.0953
 202    80.9338
 203    70.6967
 204    25.9198
 205    21.1061
 206    35.1884
 207    22.0347
 208  1241.04
 209  1161.63
 210  1181.14
 211  1148.46
 212   817.036
 213   683.482
 214   249.438
 215    52.4597
 216  8517.97
 217  8445.95
 218  8534.39
 219  8150.16
 220  7119.73
 221  5427.34
 222  3892.6
 223  1649.71
 224  5459.71
 225  5196.34
 226  4879.01
 227  4507.94
 228  4359.78
 229  3122.74
 230  1809.48
 231   650.723
 232   725.659
 233   676.894
 234   559.409
 235   576.181
 236   492.777
 237   272.23
 238   153.915
 239    35.4314
 240    40.1804
 241    62.6655
 242    17.3705
 243    17.1947
 244    32.8928
 245     2.63366
 246     3.53019
 247     0.8691
 248     0
 249     0.85179
 250     2.04539
 251     0.66486
 252     0.51932
 253     0.3239
 254     1.0543
 255     0.83571
 256     0.39739
 257     1.0981
 258     0
 259     1.1802
 260     0.32553
 261     0.55161
 262     0.23086
 263     0.9908
 264    24.6938
 265    69.8082
 266   216.091
 267    35.1624
 268    20.6776
 269    11.276
 270     7.98479
 271    11.1945
 272   728.795
 273   902.203
 274   853.585
 275   542.062
 276   439.96
 277   329.702
 278   120.268
 279    75.2491
 280  5101.38
 281  4894.73
 282  5049.65
 283  4989.83
 284  4206.17
 285  2958.23
 286  1916.78
 287   621.312
 288  9192.08
 289  9355.6
 290  8250.46
 291  7960.2
 292  6940.51
 293  5571.61
 294  3709.15
 295  1554.63
 296  1130.48
 297  1326.94
 298  1056.27
 299   995.282
 300   917.734
 301   624.12
 302   293.351
 303    63.5686
 304    68.3652
 305    95.6723
 306    53.0524
 307    45.1082
 308    38.461
 309     4.05894
 310     1.50919
 311     1.97321
 312     1.14439
 313     2.75328
 314     1.19128
 315     0.82609
 316     0.58898
 317    21.0233
 318     0.51685
 319     0.63526
 320     0
 321     0.43688
 322     0.28684
 323     0.84132
 324     1.74421
 325     1.1635
 326     2.82502
 327     2.29396
 328     1.08262
 329     3.95957
 330     0.99169
 331     0.11813
 332    29.7567
 333     1.7204
 334     0.93568
 335     2.84223
 336    82.1421
 337   113.413
 338    86.0075
 339    56.0808
 340    91.8544
 341    67.9201
 342    26.8468
 343    29.8272
 344   625.932
 345   619.78
 346   599.786
 347   493.755
 348   493.691
 349   253.264
 350   127.066
 351    84.5756
 352  1276.2
 353  1281.8
 354  1168.67
 355   922.63
 356   839.846
 357   612.912
 358   257.327
 359    53.9231
 360   435.438
 361   376.535
 362   493.569
 363   236.331
 364   190.789
 365   163.358
 366    57.3234
 367    30.1898
 368     2.11033
 369    31.5223
 370    35.3351
 371     4.41782
 372     3.88914
 373     0.61168
 374     0.39662
 375     0.9004
 376     1.23003
 377     2.27968
 378     1.01245
 379     2.80964
 380     0
 381    10.5753
 382     5.90665
 383     2.57712
 384     0.71523
 385     0.16551
 386     0.41591
 387     0.71508
 388     0.56468
 389     0
 390     0.3056
 391     0.20066
 392     1.43892
 393     0.52179
 394     2.76581
 395     0
 396     0.40936
 397     1.46672
 398     2.29706
 399     1.96718
 400    13.9517
 401    14.425
 402     3.43758
 403     0
 404     0.34906
 405    22.3715
 406     1.18534
 407    11.5017
 408    70.9089
 409    21.7414
 410    47.0603
 411    51.4691
 412    33.1305
 413    45.4533
 414    30.3246
 415     2.94341
 416    61.3873
 417    58.3829
 418    69.3226
 419    66.2165
 420    66.2717
 421    62.7965
 422    35.966
 423     5.32557
 424    40.8394
 425    42.312
 426     9.9343
 427    23.9802
 428    58.6307
 429    34.5844
 430    18.5006
 431     1.82569
 432     1.73226
 433     0.5606
 434     0.94637
 435     0.87922
 436     0.37004
 437     0
 438     3.30261
 439     0.06746
 440     2.41122
 441     0.4793
 442     0.56229
 443     0.44703
 444     0.44136
 445     0
 446     1.55314
 447     0
 448     0
 449     0
 450     0.03932
 451     0.88754
 452     0
 453     1.59698
 454     1.92526
 455     0
 456     0.98288
 457     0.50882
 458     0.50882
 459     0.04323
 460     0.69465
 461     2.9246
 462     3.81377
 463     0.90036
 464     1.59627
 465     2.61788
 466     1.28128
 467     0.80145
 468     0.38737
 469     0
 470     1.89332
 471     7.90008
 472     0
 473     0.36915
 474     0.31314
 475     4.34907
 476     1.30762
 477    12.0774
 478     8.77999
 479     3.66024
 480     0.6976
 481     1.58803
 482     0
 483     0.33067
 484     1.4176
 485     0
 486    15.0861
 487    12.7666
 488     0.4572
 489     0.25843
 490     2.47354
 491    14.2551
 492     0
 493     0.21291
 494     0
 495     1.14025
 496    19.7875
 497     0.74445
 498     0.80856
 499     1.89938
 500     0.04162
 501     0
 502     0
 503     0.24663
 504     0
 505     0
 506     0.30664
 507     0
 508     0.65764
 509     0.54841
 510     0
 511     0.67264
