This file was gnenerated on 2021-06-22 21:13:34.063338 by Grant Finneman. This contains the extracted data from the Gate simulations
The edep for each bar was summed up and printed to this file. The only math operation done has been addition.

  id        edep
   0     0
   1     0
   2     0
   3     0.75446
   4     0.86913
   5     1.8859
   6     0.89049
   7     1.22731
   8     0.02014
   9     0.6194
  10     2.01092
  11     0.28144
  12     0.83114
  13     0.74887
  14     0.34377
  15     0.95801
  16     0.7065
  17     0.81442
  18     0.31931
  19     0.53125
  20     1.91984
  21     1.84406
  22     0.2804
  23     0
  24     2.97886
  25     5.28752
  26     1.08988
  27     0
  28     1.19069
  29     0
  30     0
  31     0
  32    23.1193
  33    12.9249
  34     0.68118
  35     2.76096
  36     1.24854
  37     0.48309
  38     4.85386
  39     7.26788
  40    29.3656
  41    43.0857
  42    16.3718
  43    28.448
  44     4.46878
  45     1.75724
  46     0.81383
  47     0.4894
  48     8.95255
  49    36.1173
  50     7.55575
  51    25.268
  52     2.69595
  53     1.61312
  54     0.38529
  55     0.97749
  56     1.55055
  57     1.76963
  58     2.79542
  59     0.88062
  60     0.60312
  61     0.46022
  62     1.96352
  63    12.7665
  64     0
  65     0.62684
  66     1.90074
  67     0.3895
  68     0.46428
  69     0
  70     0
  71     0
  72     0.16259
  73     0.73498
  74     0
  75     0.43621
  76     0.36582
  77     0
  78     0.82282
  79    17.5924
  80     1.35129
  81    12.0488
  82     4.27454
  83     3.21723
  84     4.42947
  85     5.29118
  86     1.14982
  87     1.56745
  88    69.3198
  89    67.3905
  90    52.9282
  91    49.5264
  92    45.7906
  93    13.2027
  94     1.39504
  95     1.78123
  96   270.973
  97   212.114
  98   310.182
  99   191.292
 100    98.9433
 101    98.365
 102    93.9965
 103    42.7128
 104   399.111
 105   486.036
 106   454.701
 107   282.642
 108   207.933
 109   239.6
 110   117.755
 111    10.8849
 112    79.5672
 113   118.105
 114   112.522
 115    76.487
 116   111.551
 117    88.7936
 118     2.04524
 119     2.00113
 120     3.57578
 121     0.87955
 122     8.73471
 123    13.9947
 124    19.7108
 125     2.07368
 126     0
 127     1.92934
 128     0.32549
 129     0
 130     2.64221
 131     0.30504
 132     0.33153
 133     0.86255
 134     0
 135     0
 136     6.99991
 137    16.082
 138    34.5572
 139     1.73176
 140     2.35694
 141     1.02434
 142     4.01971
 143     3.60792
 144    38.5915
 145   107.311
 146    74.8074
 147   149.569
 148    85.4923
 149     9.45441
 150     1.43104
 151    34.0653
 152   474
 153   648.44
 154   506.029
 155   535.721
 156   417.212
 157   214.464
 158    36.3586
 159    16.7484
 160  2272.84
 161  2584.34
 162  2789.82
 163  2281.28
 164  1940.91
 165  1234.65
 166   727.259
 167   245.012
 168  2974.43
 169  3421.84
 170  3392.31
 171  3070.99
 172  2611.78
 173  2247.09
 174  1468.09
 175   561.105
 176   302.705
 177   627.478
 178   498.963
 179   346.294
 180   241.899
 181   178.711
 182    11.4967
 183    23.6187
 184     3.79911
 185    18.5092
 186    46.6025
 187    29.3476
 188     1.36521
 189     1.18206
 190     0.61252
 191     0.60828
 192     0.10556
 193     2.2848
 194     7.37172
 195     1.39597
 196    13.2248
 197     0.85361
 198     7.76339
 199     2.01159
 200    70.2806
 201    85.5191
 202    66.84
 203    93.0456
 204    32.4603
 205     5.4097
 206     7.39199
 207     0.98312
 208   464.034
 209   459.098
 210   610.691
 211   440.755
 212   425.309
 213   152.366
 214    71.1722
 215    37.9869
 216  2380.31
 217  2839.82
 218  2773.74
 219  2547.67
 220  2300
 221  1535.61
 222   848.753
 223   348.205
 224  4700.67
 225  5047.76
 226  5397.02
 227  4884.04
 228  4564.29
 229  3499.44
 230  2242.37
 231   906.5
 232  2440.36
 233  2455.21
 234  2594.9
 235  2404.85
 236  1768.98
 237  1416.59
 238   881.545
 239   323.989
 240   169.599
 241   302.441
 242   464.689
 243   255.66
 244   228.483
 245    58.454
 246    38.0105
 247    12.1795
 248    22.4658
 249    13.4098
 250    11.6862
 251     3.78233
 252    11.5256
 253     8.93116
 254     0.89228
 255     0.34569
 256     0.85544
 257    31.9057
 258    11.7868
 259    36.3337
 260     0.36165
 261     0.72043
 262     0.1455
 263     0.79593
 264   311.632
 265   288.384
 266   379.043
 267   403.913
 268   249.056
 269    16.4059
 270    53.762
 271    23.4969
 272  2233.79
 273  2511.05
 274  2767.76
 275  2185.46
 276  1957.83
 277  1510.73
 278   893.797
 279   281.97
 280  4828.11
 281  5401.5
 282  5184.55
 283  5140.6
 284  4488.39
 285  3850.67
 286  2520.85
 287   982.97
 288  2557.75
 289  2351.38
 290  2422.95
 291  2393.96
 292  2114.73
 293  1440.69
 294   841.264
 295   222.472
 296   374.083
 297   417.095
 298   583.873
 299   501.696
 300   417.585
 301   181.892
 302    48.9098
 303    19.6924
 304    52.5959
 305    51.505
 306    37.8865
 307    24.7546
 308    36.104
 309    12.8687
 310     0.25648
 311     1.32638
 312    19.9831
 313     9.54647
 314     1.70415
 315     1.88937
 316     1.09718
 317     2.16266
 318     0.34569
 319     0
 320     2.83966
 321    26.131
 322     7.30335
 323    29.472
 324    15.5327
 325     0
 326    32.7858
 327     3.67512
 328   443.583
 329   461.738
 330   466.937
 331   443.295
 332   197.243
 333   102.942
 334   103.528
 335     4.98953
 336  3077.35
 337  3388.2
 338  2965.91
 339  2878.88
 340  2675.06
 341  1987.11
 342  1197.54
 343   463.238
 344  2366.84
 345  2372.15
 346  2384.83
 347  2189.81
 348  1750.53
 349  1716.42
 350   794.309
 351   210.439
 352   376.36
 353   568.12
 354   620.174
 355   286.642
 356   345.296
 357   194.738
 358    80.9316
 359    23.8927
 360    88.5229
 361    33.2813
 362    24.1277
 363    15.1002
 364    24.1586
 365    38.1528
 366    36.532
 367    18.6631
 368    19.5744
 369    11.6834
 370     4.86115
 371     0.91064
 372     4.09931
 373    11.3817
 374     2.58468
 375     1.12257
 376     0
 377     0
 378     1.06472
 379     3.73637
 380     1.08702
 381     1.56021
 382     0.93454
 383     0
 384     0.74248
 385    17.5964
 386     5.12529
 387     1.65103
 388    12.0878
 389     1.61542
 390     0
 391     0
 392   140.724
 393   132.215
 394   106.207
 395   122.007
 396   118.182
 397    20.7359
 398     0
 399     1.4028
 400   445.137
 401   537.378
 402   515.125
 403   375.428
 404   244.475
 405   117.861
 406    99.7541
 407     2.6884
 408   300.2
 409   345.292
 410   286.903
 411   274.636
 412   202.12
 413   138.435
 414    41.8646
 415     4.02644
 416    40.5882
 417    54.6523
 418   108.27
 419   112.415
 420    56.2726
 421    36.6899
 422     4.9635
 423     2.15604
 424     0.64612
 425     2.01727
 426     0.27431
 427     7.3794
 428    17.7708
 429     3.02729
 430     0
 431     0
 432     0.65402
 433     0.42218
 434     0.1904
 435     1.46905
 436     0.49055
 437     0.22757
 438     0.9538
 439     0.27261
 440     0.94449
 441     0
 442     0.8439
 443     0.73264
 444     0.0336
 445     0.15858
 446     0.24649
 447     0.60492
 448     0.65502
 449     0.03384
 450     0
 451     1.02794
 452     1.34574
 453     0
 454     0.27069
 455     0.30978
 456     0.74548
 457     0.60768
 458    22.6796
 459    21.6921
 460     0
 461     2.1997
 462     1.07352
 463     0
 464    32.5813
 465     3.78986
 466    14.2975
 467    29.179
 468     0.88025
 469     0.39406
 470     0
 471     0.74393
 472    14.4495
 473     1.19015
 474     0.88494
 475     1.25017
 476     1.33956
 477     1.44175
 478     0.27261
 479     0.06363
 480     0.14965
 481     1.48536
 482     2.03774
 483     1.60012
 484     0.19051
 485     1.20596
 486     1.59912
 487     0.95359
 488     0.55359
 489     0.8435
 490     0
 491     0.23635
 492     0.88539
 493     1.77721
 494     0.18192
 495     0.81007
 496     1.28627
 497     0.50511
 498     0.96363
 499     0.13952
 500     1.23161
 501     0
 502     0
 503     0
 504     0.21114
 505     0.56631
 506     1.22477
 507     0
 508     0
 509     0
 510     0
 511     0
