This file was gnenerated on 2021-06-22 21:04:13.069394 by Grant Finneman. This contains the extracted data from the Gate simulations
The edep for each bar was summed up and printed to this file. The only math operation done has been addition.

  id        edep
   0     0.62369
   1     1.78588
   2     0
   3     0.42428
   4     2.56424
   5     0
   6     6.19647
   7     9.45777
   8     0
   9     0.31818
  10     1.51818
  11     0
  12     0.85062
  13     0.33379
  14     0
  15     1.11955
  16     1.26293
  17     0.57283
  18     1.29568
  19     0
  20     0
  21     0.6869
  22     0
  23     0
  24     2.42693
  25    12.6232
  26    26.9174
  27    12.9275
  28     2.39451
  29     0.67151
  30     0.84781
  31     0.69695
  32    11.1913
  33     1.61204
  34     0.72151
  35     5.6489
  36    10.5244
  37    17.8559
  38    10.7644
  39     5.26058
  40     0.19212
  41     1.52062
  42     1.32116
  43     0.72022
  44     0.48051
  45     0
  46     1.33743
  47     8.6161
  48     0
  49     0
  50     0.70001
  51     0
  52     0
  53     1.3194
  54     0
  55     0
  56     1.92688
  57     0.59164
  58     0.11131
  59     0
  60     0
  61     0
  62     3.12208
  63     2.45264
  64     0.97469
  65     0.72501
  66     0
  67     0.98817
  68     0.92732
  69     0.1599
  70     0.60764
  71     0.89681
  72     0.0196
  73     0.77576
  74     3.54006
  75     0.19209
  76     1.34612
  77     2.9254
  78     0.45075
  79     0.67277
  80     1.41321
  81    23.219
  82    15.939
  83    24.6188
  84     0.16438
  85    22.4858
  86    21.8144
  87     0.83086
  88   152.029
  89   189.041
  90   153.283
  91   197.181
  92   152.897
  93    59.054
  94    30.4009
  95    33.5299
  96    95.076
  97   188.627
  98   173.435
  99    61.3616
 100   106.342
 101    91.4025
 102     3.05055
 103    15.0154
 104    18.3249
 105    31.858
 106    32.1343
 107    28.1881
 108     8.47361
 109     2.36575
 110     1.28302
 111     0
 112     2.42653
 113     0
 114     1.05744
 115     0
 116     0
 117     1.7089
 118     4.34383
 119     2.62476
 120     0.99683
 121     0.84823
 122     1.73749
 123     0.78377
 124     0.99229
 125     2.14086
 126     3.44369
 127     0.26878
 128     0.7616
 129     1.11741
 130     0.47022
 131     1.76663
 132    20.5658
 133    11.3229
 134     7.0819
 135     5.50732
 136     0.42073
 137     1.19337
 138     8.76797
 139     0.76252
 140     0.87112
 141    27.9475
 142     1.5911
 143     3.62682
 144   184.74
 145   350.583
 146   246.691
 147   234.748
 148   107.886
 149   138.848
 150    24.5239
 151     2.62772
 152  1951.58
 153  2429.71
 154  2194.28
 155  2084.4
 156  1769.74
 157  1239.41
 158   642.983
 159   149.332
 160  2550.56
 161  2443.02
 162  2313.34
 163  2268.24
 164  1919.43
 165  1136.46
 166   702.991
 167   280.598
 168   273.334
 169   197.689
 170   385.28
 171   242.981
 172   246.468
 173   119.476
 174    33.8257
 175    38.4062
 176    12.2586
 177     2.51363
 178     8.14722
 179    12.459
 180    23.3664
 181     0.60472
 182     1.06392
 183    19.2423
 184     0.61483
 185     1.26234
 186     0.40563
 187     0.80196
 188     0
 189    11.2746
 190     0
 191     1.15786
 192     5.69361
 193     1.3176
 194     0.82407
 195     9.41124
 196     0
 197     2.1744
 198     0
 199     0
 200    25.4669
 201    33.2734
 202    40.733
 203     4.71347
 204     3.03476
 205     3.13283
 206     0.16537
 207     0.83748
 208   485.929
 209   540.812
 210   579.922
 211   390.304
 212   352.199
 213   157.162
 214    94.5494
 215     4.50805
 216  6082.97
 217  6361.29
 218  6335.52
 219  5504.38
 220  5278.53
 221  3888.92
 222  2442.39
 223   940.117
 224  6125.75
 225  6428.53
 226  6348.52
 227  5799.71
 228  4910.12
 229  4024.69
 230  2588.41
 231   931.352
 232   482.304
 233   646.408
 234   447.472
 235   446.002
 236   506.554
 237   142.579
 238    66.7404
 239    60.1178
 240    11.0242
 241     2.17079
 242    12.4445
 243    45.6455
 244    21.1739
 245    29.0034
 246     5.59258
 247     2.42575
 248     3.1302
 249     1.98384
 250     1.09826
 251     0
 252     0.32428
 253     0.05286
 254     2.05575
 255     1.29033
 256     1.13641
 257     0.79435
 258     0.3189
 259     7.02648
 260     6.17409
 261     4.85774
 262     2.81655
 263     1.59172
 264    37.1284
 265     2.6231
 266    15.8731
 267    11.879
 268     1.89602
 269     1.47261
 270     5.7875
 271     3.45037
 272   330.09
 273   512.123
 274   532.15
 275   440.456
 276   368.929
 277   138.565
 278    52.5213
 279    16.8302
 280  5926.13
 281  6541.5
 282  6177.62
 283  6045.69
 284  5119.76
 285  4129.75
 286  2431.3
 287   800.365
 288  5772.19
 289  6405.85
 290  6052
 291  5767.62
 292  5540.84
 293  4131.43
 294  2341.79
 295   969.933
 296   512.425
 297   499.558
 298   519.085
 299   501.782
 300   415.553
 301   178.056
 302    75.425
 303    38.8491
 304    39.7517
 305    33.9704
 306    21.4308
 307    47.4811
 308     4.79948
 309    16.0366
 310     1.96361
 311     1.36879
 312     0
 313     0.73941
 314     0.67966
 315     1.90983
 316     0.30375
 317     0.91044
 318     0.7235
 319     1.57971
 320     2.71574
 321     2.20195
 322     1.36122
 323     0.83602
 324     0.46457
 325     0.7841
 326     0.98565
 327     0.14959
 328    22.4798
 329    27.7661
 330    25.4407
 331    12.3328
 332    16.887
 333    18.3212
 334     0.16806
 335     1.43999
 336   210.694
 337   187.919
 338   278.279
 339   221.097
 340   245.789
 341    82.2459
 342    10.9357
 343     5.19755
 344  2176.41
 345  2125.04
 346  2532.39
 347  2205.89
 348  1539.89
 349  1175.73
 350   594.743
 351   298.153
 352  2269.53
 353  2335.52
 354  1962.28
 355  1959.42
 356  1683.02
 357  1307.08
 358   598.388
 359   230.643
 360   210.654
 361   217.423
 362   149.181
 363   262.145
 364   217.66
 365   142.079
 366    34.1909
 367    10.6997
 368    19.093
 369    13.362
 370     1.44037
 371    12.6435
 372    19.3406
 373    11.2485
 374    17.5435
 375     0.753
 376     1.19332
 377     1.16692
 378     0.70332
 379     0.39768
 380     0.58842
 381     1.443
 382     3.71503
 383     3.14381
 384     0.17739
 385     0.17678
 386     0.25577
 387     0.87678
 388     0.68026
 389     0.00933
 390     0
 391     0.45811
 392     0.92786
 393     1.4008
 394     2.41635
 395     2.75161
 396     0.33336
 397     1.12243
 398     0
 399     0.18492
 400    21.4341
 401    42.0893
 402     5.99456
 403    15.542
 404    44.6629
 405     0.89369
 406     3.1326
 407     0.41678
 408   172.153
 409   197.09
 410   200.484
 411    54.5923
 412    91.252
 413   113.07
 414    30.0735
 415     2.50164
 416   104.513
 417   128.321
 418   193.828
 419    62.8511
 420    52.0358
 421    60.266
 422    30.2137
 423    10.3347
 424     4.30877
 425    64.4789
 426    32.1367
 427    42.269
 428    25.052
 429    36.0103
 430     3.85231
 431     5.43444
 432     1.34876
 433     5.98974
 434     1.09656
 435    11.1499
 436    11.1561
 437     1.37098
 438     6.42865
 439    16.1669
 440     1.34561
 441     0
 442     2.02751
 443     0
 444     1.2393
 445     0.71745
 446     1.54067
 447     0.18772
 448     0
 449     1.35924
 450     1.48823
 451     0.71728
 452     0.69716
 453     0
 454     0
 455     0.47962
 456     0.32061
 457     0.88732
 458     1.12957
 459     0
 460     0.20549
 461     0.69631
 462     0
 463     0.07473
 464     3.11024
 465     0
 466     1.07696
 467     1.24518
 468     1.01777
 469     0.49743
 470     1.93575
 471     0.82432
 472    17.0006
 473     5.89805
 474     2.75094
 475    46.4836
 476    47.5627
 477    10.622
 478     9.60406
 479     8.58613
 480     0.32203
 481     6.07978
 482     6.2992
 483     1.9467
 484    14.5495
 485    21.4787
 486     3.30273
 487     1.82916
 488     9.10999
 489     1.95028
 490     1.62982
 491     0.18697
 492     0
 493     0.91086
 494     0.15809
 495     0
 496     0.41485
 497     0
 498     0.74237
 499     1.33666
 500     1.47597
 501     0
 502     0.34271
 503     0.45749
 504    14.4139
 505     0
 506     0.64342
 507     1.8555
 508     0.28418
 509     0.25238
 510     0
 511     0.57039
