This file was gnenerated on 2021-06-17 21:27:49.955616 by Grant Finneman. This contains the extracted data from the Gate simulations
The edep for each bar was summed up and printed to this file. The only math operation done has been addition.

  id      edep
   4    0.1635
   6    0.9484
  15    0.4446
  16    0.4803
  19    0.5093
  20    0.1577
  21    0.1577
  24    0.2592
  29   15.5029
  36    0.3039
  37   14.0063
  38    7.4151
  39    4.9434
  43    0.9652
  46    0.9588
  48    0.336
  66    0.4651
  72    0.6092
  73    4.3383
  74    0.5868
  79    1.6836
  80    8.8979
  81   13.0456
  82   10.1975
  83   44.1166
  84   15.7375
  85   23.3761
  86    9.6394
  87    0.9911
  88   59.5666
  89   57.1104
  90   82.8977
  91   91.5522
  92   76.5623
  93   54.5666
  94   27.4829
  95    7.6794
  96   13.757
  97   50.3873
  98   17.6174
  99   59.7466
 100   53.5092
 101   23.4674
 102    3.5118
 103    1.0208
 104   16.1561
 105   22.4899
 106   15.0276
 107   13.1256
 108   10.0934
 112    3.7858
 115    1.024
 116    0.6963
 118    1.7565
 120   12.34
 127    0.4693
 128    0.6122
 129    0.1216
 133    0.2274
 136    5.3892
 137    0.5967
 144   80.5907
 145   93.0908
 146  116.046
 147   67.1636
 148   87.2796
 149   48.8389
 150   31.658
 151    6.8472
 152  218.065
 153  143.929
 154  153.139
 155  225.505
 156  206.614
 157  103.323
 158   72.0439
 159   16.8504
 160  133.712
 161  236.51
 162  207.916
 163  278.5
 164  179.674
 165  111.02
 166   61.5007
 167   15.7629
 168   77.272
 169  140.025
 170  144.7
 171  168.468
 172  157.385
 173  168.579
 174   95.4246
 175   45.503
 176   57.4347
 177   27.6543
 178   65.4695
 179  109.114
 180   42.8063
 181   20.5993
 182   33.7603
 183    3.594
 184    6.6281
 186   30.7972
 191    0.1585
 200   14.1835
 201   12.2832
 203    0.7421
 204   63.8133
 205   28.2592
 206    0.1644
 208  121.81
 209  188.245
 210  185.036
 211  187.129
 212  148.798
 213   88.8486
 214   36.616
 215   15.6446
 216  176.184
 217  230.364
 218  210.458
 219  240.699
 220  168.201
 221  119.619
 222   58.8892
 223   17.9849
 224  224.817
 225  279.009
 226  239.324
 227  236.416
 228  256.534
 229  131.384
 230   76.4
 231    9.0468
 232  294.196
 233  226.77
 234  193.754
 235  205.148
 236  217.727
 237  132.618
 238   44.3274
 239   31.1194
 240   56.1928
 241   26.9259
 242   27.9128
 243   34.7282
 244   59.7152
 245   41.8045
 246    1.4913
 248    0.542
 249    1.4472
 254    0.7597
 257    0.8232
 258    0.94
 260   20.3925
 264   69.3442
 265   43.1228
 266   17.966
 267   22.6418
 268   47.5573
 269   34.8736
 272  234.005
 273  279.226
 274  299.653
 275  235.297
 276  221.345
 277  192.378
 278  169.711
 279   29.2126
 280  277.773
 281  456.729
 282  321.999
 283  286.212
 284  238.21
 285  183.265
 286   71.9857
 287   23.3175
 288  268.684
 289  276.947
 290  253.929
 291  174.621
 292  176.224
 293  109.475
 294   71.3389
 295   49.4926
 296  203.879
 297  151.477
 298  152.49
 299  124.174
 300   87.5919
 301   45.9477
 302   31.0404
 303    7.6283
 304    3.7674
 305   37.5588
 306   13.2285
 307   13.9804
 308    6.5076
 309    5.029
 314   23.0155
 321    0.2493
 328   35.2773
 329   28.4009
 330    1.6524
 331    9.9853
 332   29.2735
 333   28.128
 334   17.2826
 335    6.7817
 336  187.834
 337  217.353
 338  151.458
 339  114.101
 340   88.7536
 341   58.3925
 342   61.3634
 343   18.1926
 344  223.608
 345  193.411
 346  205.403
 347  190.815
 348  144.981
 349   99.2793
 350   90.322
 351   52.3416
 352  196.968
 353  183.76
 354  210.107
 355  241.584
 356  168.966
 357  154.323
 358   85.5347
 359   29.158
 360   91.135
 361   59.1989
 362   86.5206
 363  124.284
 364  146.218
 365   74.7159
 366   34.8823
 367    7.5811
 368    0.9498
 369    2.073
 372    1.0757
 376    0.1275
 377    0.3842
 378   17.85
 384    3.9408
 385    2.9556
 387   14.0144
 390    0.616
 391   10.4845
 392    6.4746
 393    1.4778
 394   18.9592
 395    1.5639
 400   32.2456
 401   21.6203
 402    4.9605
 403    5.1667
 404   11.6532
 405    3.8844
 406    1.3712
 407    0.457
 408   45.4114
 409   33.7908
 410   52.4734
 411   19.0028
 412    7.9557
 413   31.1177
 414   28.599
 415    4.317
 416   74.2889
 417  133.946
 418  124.135
 419   45.1423
 420   32.335
 421   39.3471
 422   48.7843
 423   19.0843
 424   17.5484
 425   10.7319
 426   54.1589
 427   17.8025
 428   15.82
 429   16.7048
 430    4.2659
 431    0.2094
 432    9.1687
 433   12.9088
 444    0.6645
 457    0.0181
 459    0.1585
 470    0.1261
 471    1.9326
 472    0.3535
 473   18.984
 475    0.1756
 477    0.7097
 480   21.3198
 481   20.792
 482    0.2255
 483    0.7796
 489    0.2255
 491    1.105
 492    0.3341
 499    0.5348
 500    0.9268
 503    0.9268
