This file was gnenerated on 2021-06-21 16:49:26.945517 by Grant Finneman. This contains the extracted data from the Gate simulations
The edep for each bar was summed up and printed to this file. The only math operation done has been addition.

  id           edep
   0    0.9376
   1    0
   2    0
   3    0
   4    0
   5    0
   6    0
   7    0
   8    0.7479
   9    0
  10    0
  11    0
  12    0
  13    0
  14    0.6802
  15    0
  16    0
  17    0
  18    0
  19    0
  20    0
  21    0.9376
  22    0
  23    0
  24    0
  25    0
  26    0
  27    0
  28    0.362
  29    0
  30    0.003
  31    0
  32    0
  33    0.0619
  34    1.0855
  35    0
  36    0.362
  37    0
  38    0.3935
  39    0
  40    0
  41    0.8525
  42    0.8428
  43    0.9054
  44    0
  45    0
  46    0
  47    0
  48    0
  49    0
  50    0
  51    0
  52    0
  53    0
  54    0
  55    0
  56    0
  57    0
  58    0
  59    0
  60    0
  61    0
  62    0
  63    0
  64    0
  65    0
  66    0
  67    0
  68    0
  69    0
  70    0
  71    0
  72    0
  73    0
  74    0
  75    0
  76    0
  77    0
  78    0
  79    0
  80    0
  81    0.4431
  82    0.6305
  83    0
  84    0.9733
  85    0
  86    0
  87    0
  88    0
  89    8.0244
  90    2.002
  91    0
  92    1.0196
  93    0
  94    0
  95    0
  96    9.8442
  97    5.3808
  98   25.9776
  99    0.125
 100    0.5098
 101    0
 102    0
 103    0.000300001
 104    9.76
 105   12.5097
 106   23.8806
 107   28.1904
 108    1.3747
 109    0
 110    0
 111    0.3924
 112   17.0468
 113    0.4072
 114   15.4325
 115    1.6152
 116    0
 117    0.9697
 118    1.4118
 119    0.2066
 120    0
 121    0
 122    0
 123    0
 124    0
 125    0
 126    0.0541
 127    0
 128    0
 129    0
 130    0
 131    0
 132    0
 133    0
 134    0
 135    0
 136    5.7948
 137   11.6217
 138    0.8195
 139    0
 140    0
 141    0.0671
 142    0.8328
 143    0
 144    1.0193
 145   14.4005
 146    0.4691
 147   12.1966
 148   20.5965
 149    0
 150    0.3657
 151    0
 152   33.739
 153   84.7267
 154   28.4377
 155   46.6304
 156   27.6548
 157   20.4131
 158   10.5585
 159    0
 160   79.5576
 161   53.6103
 162  112.345
 163  138.145
 164  110.254
 165   40.3818
 166   66.2578
 167    1.407
 168  162.173
 169  116.04
 170  149.078
 171  225.953
 172  209.181
 173  120.798
 174   79.3624
 175   14.2044
 176   28.7042
 177   38.1634
 178  104.701
 179   48.2586
 180    7.765
 181    9.8441
 182   12.7119
 183    0
 184   19.8826
 185   18.5855
 186    0.4382
 187    0
 188    0.0678
 189    0
 190    0
 191    0
 192    0
 193    0
 194    0
 195    0
 196    0
 197    0
 198    0
 199    0
 200   12.6432
 201    3.9372
 202   24.1438
 203   24.7372
 204    3.3376
 205    0
 206    0
 207    0
 208   58.7129
 209   60.1337
 210  111.428
 211   77.9441
 212   47.2874
 213   52.2036
 214    2.9204
 215    2.5032
 216  374.671
 217  309.489
 218  284.003
 219  265.81
 220  171.208
 221  121.165
 222   51.7794
 223   47.1832
 224  482.915
 225  582.329
 226  613.323
 227  706.371
 228  643.744
 229  443.739
 230  368.727
 231  135.215
 232  463.649
 233  335.413
 234  402.384
 235  533.452
 236  421.09
 237  265.816
 238  193.704
 239   58.2426
 240   36.8272
 241   37.7262
 242   43.1574
 243   46.2522
 244   43.7276
 245   12.0008
 246    9.9072
 247    0.8722
 248    0
 249    8.26
 250    0
 251    0
 252    0
 253    0.3792
 254    0
 255    0
 256    0.9658
 257    0
 258    0
 259    0
 260    0
 261    0.8593
 262    0
 263    0
 264   43.9222
 265   58.766
 266   84.6096
 267   30.8233
 268   11.3688
 269    0
 270    5.7618
 271    6.3844
 272  415.722
 273  511.025
 274  384.584
 275  442.421
 276  375.395
 277  297.358
 278  150.4
 279   54.8373
 280  559.838
 281  578.002
 282  547.775
 283  564.917
 284  515.762
 285  271.442
 286  174.656
 287   64.1127
 288  189.578
 289  223.691
 290  288.626
 291  275.798
 292  163.526
 293  125.369
 294   78.6177
 295   31.3749
 296   90.1957
 297   51.4296
 298   71.3468
 299   60.5198
 300   34.8156
 301    4.4438
 302    5.9232
 303    8.974
 304    1.4817
 305    0
 306    0
 307    0.8542
 308    7.2116
 309    1.0328
 310    0.7518
 311    0
 312    0
 313    0.9877
 314    0
 315    0
 316    0
 317    0.9553
 318    0
 319    0
 320    0
 321   23.2708
 322   11.1163
 323    5.1306
 324    0
 325    0.2967
 326    0
 327    0.4964
 328   32.7718
 329   23.9447
 330   55.3821
 331  112.326
 332   35.7852
 333    4.304
 334    0.9553
 335    0
 336  235.533
 337  219.274
 338  225.129
 339  156.113
 340  151.985
 341   55.2181
 342   90.1125
 343   10.9849
 344   91.8621
 345   49.6135
 346   22.752
 347   34.4714
 348   45.3792
 349   45.423
 350   37.9428
 351    0.5835
 352    0.7528
 353    0.3053
 354   31.0482
 355   26.5236
 356   13.8316
 357   33.5539
 358   31.2314
 359    6.8448
 360    0.6103
 361    0
 362   10.0716
 363    0
 364    0
 365    0.3697
 366   22.2456
 367    2.5668
 368    0.9862
 369    0.5098
 370    0
 371    0
 372    0.2066
 373    0
 374    0
 375    0
 376    0
 377    0.3792
 378    0
 379    0
 380    0
 381    0
 382    0.7528
 383    0
 384    0.0071
 385    0
 386    0
 387    0
 388    0
 389    0
 390    0
 391    0
 392    0
 393    0
 394    0
 395    3.8528
 396    1.5635
 397    0
 398    0
 399    0
 400   41.1885
 401   22.8204
 402    2.076
 403    0
 404    0.3696
 405    0
 406    0
 407    0
 408    0
 409    0
 410   26.9078
 411    3.4363
 412    0
 413    0
 414    0
 415    0
 416    0
 417    0
 418    0
 419    0
 420    0
 421    0
 422    0
 423    0
 424    0
 425    0.0501
 426    0
 427    0.5163
 428    0
 429    0
 430    0.3982
 431    0
 432    0.6515
 433    0
 434    0
 435    0
 436    0
 437    0
 438    0
 439    0
 440    0
 441    0
 442    0
 443    0
 444    0
 445    0
 446    0
 447    0
 448    0
 449    0.8608
 450    0
 451    0
 452    0
 453    0
 454    0
 455    0
 456    0
 457    0
 458    0
 459    0
 460    0
 461    0
 462    0
 463    0
 464    0
 465    0
 466    0
 467    0.6528
 468    0.8047
 469    0
 470    0
 471    0
 472    0
 473    0
 474    0
 475    0
 476    0
 477    0
 478    0
 479    0.0273
 480    0.0368
 481    0
 482    0.4578
 483    0
 484    0.9031
 485    0
 486    0
 487    0
 488    0
 489    0
 490    0.2763
 491    0
 492    0.7056
 493    0.3697
 494    0.3792
 495    0
 496    0
 497    0
 498    0.0885
 499    0
 500    0
 501    0
 502    0
 503    0
 504    0
 505    0
 506    0
 507    0
 508    0
 509    0
 510    0
 511    0.5835
