This file was gnenerated on 2021-06-17 21:28:23.969918 by Grant Finneman. This contains the extracted data from the Gate simulations
The edep for each bar was summed up and printed to this file. The only math operation done has been addition.

  id      edep
  10    7.5392
  11   11.3088
  16    0.5099
  23    0.6738
  25    0.274
  28    0.5537
  29    6.0348
  30    1.038
  32    5.1225
  33    0.4262
  34    0.1483
  37   13.3675
  41    0.9681
  50    0.8513
  51    0.8513
  53    0.1476
  59    0.0409
  64    1.005
  66    4.1426
  72    6.7114
  74   13.3332
  75    7.2518
  76    6.6896
  77    0.5114
  80   42.1413
  81   31.1396
  82   14.4383
  83   30.0507
  84   17.0054
  85   27.8587
  86   18.1186
  87    5.7672
  88   97.2042
  89   32.3881
  90   66.7494
  91   48.0077
  92   74.3959
  93   19.7529
  94    6.8346
  95    0.2185
  96   16.0285
  97    6.9893
  98   35.2217
  99   72.2371
 100   75.3524
 101   20.1735
 104    0.9548
 106    0.805
 112    0.917
 128   23.2206
 129   11.0778
 130    0.5114
 136    7.3839
 137   29.7753
 138   34.8296
 139    2.2345
 140   20.7464
 141   31.7872
 142    5.5551
 144  154.172
 145   96.1523
 146  109.145
 147  224.691
 148  149.989
 149   94.0316
 150   66.0294
 151   19.2336
 152  154.6
 153  144.005
 154  194.959
 155  256.825
 156  177.017
 157  143.053
 158   79.9985
 159   30.2501
 160   82.7726
 161  154.315
 162  113.623
 163   80.1677
 164  102.194
 165   49.9697
 166   20.9423
 167    1.5717
 168   18.3836
 169   39.2214
 170   34.2659
 171    6.1699
 172   37.1232
 173    7.4496
 176   16.395
 177   24.1815
 178   19.7466
 179   22.3243
 180    0.5928
 181    5.8704
 182    3.2648
 187    0.5497
 193    9.2319
 194    0.6688
 195    0.9799
 197    7.7285
 200   81.7256
 201   52.4962
 202   72.7711
 203   78.6678
 204   54.3128
 205   34.4546
 206    5.9877
 207    2.0275
 208  280.398
 209  224.526
 210  246.784
 211  202.061
 212  149.431
 213  151.225
 214   86.3568
 215    9.89
 216  258.293
 217  220.832
 218  302.939
 219  200.431
 220  186.519
 221  194.654
 222   69.8476
 223   36.9189
 224  183.992
 225  283.044
 226  193.256
 227  238.219
 228  264.322
 229  129.615
 230   77.2638
 231   42.0744
 232  187.996
 233  181.503
 234  213.138
 235  217.942
 236  203.319
 237  108.346
 238   46.2105
 239   17.8784
 240   70.6525
 241   78.9013
 242   72.0442
 243   88.8604
 244   78.5575
 245   71.1772
 246   28.4619
 247    8.9074
 248    8.2399
 249   10.8912
 250   28.2926
 251    7.3467
 252   14.0454
 253    9.2948
 259    0.8382
 264   61.6879
 265   40.9895
 266   63.888
 267   62.361
 268   39.0682
 269   31.1683
 270   13.4392
 271    3.198
 272  215.237
 273  285.222
 274  203.597
 275  217.428
 276  175.696
 277  151.527
 278  109.471
 279   30.7242
 280  272.578
 281  386.678
 282  303.121
 283  234.556
 284  142.231
 285  111.807
 286   69.3959
 287   27.936
 288  171.699
 289  176.049
 290  264.825
 291  254.148
 292  157.146
 293  124.209
 294  117.889
 295   54.6561
 296  188.51
 297  257.993
 298  232.012
 299  170.108
 300  108.58
 301  141.877
 302   71.5749
 303   56.7019
 304   76.2004
 305  116.797
 306   78.8319
 307   74.3502
 308   88.2574
 309  155.92
 310    9.1211
 311    4.4997
 312   15.4636
 313    8.7531
 314    4.0058
 315    2.0881
 318    0.2921
 320   14.2048
 329   46.435
 330    3.7312
 331   13.5639
 332   17.4152
 333   30.63
 336   97.1739
 337   83.0396
 338   32.7202
 339   54.7032
 340   18.8461
 341   11.07
 342   14.4338
 343    1.3416
 344  202.182
 345  160.461
 346  161.528
 347  197.599
 348   64.2638
 349   56.1923
 350   30.6645
 351    6.4439
 352  191.17
 353  269.776
 354  260.258
 355  291.215
 356  149.563
 357   83.3247
 358   51.1743
 359   18.8369
 360  240.687
 361  175.457
 362  169.297
 363  237.258
 364  197.667
 365   90.7803
 366   47.8187
 367   20.2885
 368   99.9056
 369   77.6415
 370   21.3091
 371   16.2829
 372    0.8222
 373    7.2215
 374   11.2616
 377   11.0058
 378    3.768
 379    4.5216
 380    0.516
 391    0.3387
 392    0.7591
 393    5.0359
 396    0.8485
 400    9.7166
 401   35.4344
 402   12.898
 408    3.5895
 409   14.055
 410   56.1898
 411    0.9997
 412    2.1532
 413    0.7325
 416   45.5462
 417   84.537
 418   48.1418
 419   78.8271
 420    3.5605
 421    4.4721
 422    8.7085
 423    4.7487
 424   70.0768
 425   22.9034
 426    8.5089
 427   27.7542
 428   60.7085
 429   22.928
 430   17.5051
 431   26.3689
 432    0.6551
 436   15.0651
 444    0.7767
 472    0.0054
 480    6.2115
 481    2.4846
 492    0.763
 499    0.2729
