This file was gnenerated on 2021-06-22 21:50:37.532297 by Grant Finneman. This contains the extracted data from the Gate simulations
The edep for each bar was summed up and printed to this file. The only math operation done has been addition.

  id        edep
   0     0.813
   1     0.87349
   2     0.10254
   3     0.10475
   4     0.59367
   5     0
   6     0.0823
   7     0.86514
   8    24.8618
   9     0.96185
  10     1.51346
  11     4.38443
  12     0.85193
  13     0.88425
  14     0.74416
  15     0.90279
  16    22.8911
  17    23.4895
  18    26.1228
  19    26.2587
  20    47.433
  21    51.5513
  22     9.28031
  23     0.47147
  24   216.778
  25   192.618
  26    89.9559
  27   142.56
  28    83.4062
  29    34.0699
  30     9.5283
  31     0
  32   220.931
  33   187.288
  34   169.202
  35   111.107
  36   148.42
  37   108.366
  38    64.2708
  39    18.5827
  40    80.8277
  41    31.9803
  42    37.957
  43    79.6917
  44    40.495
  45    12.0627
  46    23.4689
  47    19.161
  48    18.8854
  49     2.37167
  50    11.5179
  51    15.8389
  52     0.52668
  53     1.0838
  54    14.3939
  55    10.414
  56     2.71482
  57     1.81025
  58     0.16911
  59     0.5567
  60     0.3922
  61     0.70448
  62     1.75326
  63     0
  64     2.32252
  65     7.82104
  66     9.22318
  67    22.5658
  68    47.3086
  69    13.8557
  70     0.56496
  71     0.56413
  72    65.7713
  73    59.5047
  74   155.299
  75   131.633
  76    61.0268
  77    11.5102
  78     0
  79     1.30412
  80   447.646
  81   528.826
  82   487.669
  83   370.429
  84   278.743
  85   170.698
  86    99.5343
  87    44.9452
  88  1287.41
  89  1366.8
  90  1254.12
  91  1171.78
  92   855.175
  93   561.48
  94   256.523
  95   137.798
  96  1167.43
  97  1327.39
  98  1120.16
  99   981.101
 100   804.527
 101   542.452
 102   327.628
 103   147.93
 104   244.415
 105   276.766
 106   180.494
 107   180.498
 108    99.2372
 109    62.171
 110    47.796
 111     0.19059
 112    20.9
 113     7.79309
 114    19.5234
 115    25.0209
 116    17.1335
 117    27.0585
 118     7.62721
 119     4.89879
 120     1.96137
 121     1.49847
 122     0
 123     0
 124     2.24963
 125     1.85159
 126     0.42587
 127     0
 128    90.9685
 129    74.6071
 130   101.042
 131   124.537
 132    72.0285
 133   111.436
 134     4.94175
 135     3.1724
 136   608.414
 137   662.137
 138   810.752
 139   816.362
 140   561.58
 141   498.391
 142   360.45
 143   154.892
 144  1456.83
 145  1438.48
 146  1492.06
 147  1442.07
 148  1244.15
 149   891.503
 150   557.751
 151   270.271
 152  1675.62
 153  1693.33
 154  1867.87
 155  1543.39
 156  1483.58
 157  1057.98
 158   650.434
 159   238.439
 160  1549.1
 161  1608.46
 162  1792.9
 163  1412.05
 164  1252.32
 165   921.512
 166   653.609
 167   186.385
 168   668.281
 169   763.765
 170   673.022
 171   629.324
 172   463.883
 173   342.727
 174   196.747
 175    72.24
 176    83.9005
 177   117.659
 178   102.059
 179    85.82
 180    97.1666
 181    45.6264
 182     8.57465
 183    11.3269
 184    11.2724
 185    56.1697
 186    23.6578
 187     0.48888
 188     1.48777
 189     0.22353
 190     0.90304
 191     1.39546
 192    70.9671
 193   183.179
 194   197.14
 195   128.212
 196   196.657
 197    99.9083
 198    20.8543
 199     2.613
 200   810.058
 201   904.811
 202   925.078
 203   999.341
 204   791.29
 205   557.729
 206   423.521
 207   127.352
 208  1886.98
 209  1929.18
 210  1675.35
 211  1546.95
 212  1218.06
 213  1012.81
 214   517.052
 215   281.129
 216  1652.16
 217  1793.2
 218  1860.56
 219  1667.32
 220  1337.74
 221  1163.36
 222   625.748
 223   241.349
 224  1723.99
 225  1728.75
 226  1701.65
 227  1705.67
 228  1473.99
 229   942.705
 230   637.408
 231   225.227
 232  1425.79
 233  1652.21
 234  1557.98
 235  1430.03
 236  1091.87
 237   908.779
 238   597.462
 239   205.789
 240   348.899
 241   437.225
 242   311.869
 243   448.615
 244   323.057
 245   164.123
 246    37.9857
 247    15.1939
 248     8.51366
 249    24.0432
 250    21.4125
 251    57.183
 252    13.7605
 253     1.61129
 254     0.35054
 255     0.01795
 256    50.5814
 257    42.6036
 258    14.532
 259    79.973
 260    24.5465
 261     0.1223
 262     2.45564
 263     1.37148
 264   313.011
 265   543.445
 266   429.442
 267   466.867
 268   215.942
 269   158.836
 270   111.935
 271    10.9142
 272  1200.93
 273  1569.41
 274  1495.69
 275  1357.4
 276  1067.06
 277   876.627
 278   592.558
 279   184.943
 280  1835.72
 281  1898.91
 282  1827.07
 283  1509.12
 284  1616.56
 285  1098.55
 286   636.992
 287   253.389
 288  1786.97
 289  1905.05
 290  1785.39
 291  1685.57
 292  1381.12
 293  1067.15
 294   699.504
 295   259.29
 296  1552.89
 297  1871.54
 298  1675.83
 299  1599.77
 300  1429.25
 301  1303.68
 302   682.142
 303   300.474
 304  1064.94
 305  1061.21
 306   889.325
 307   946.182
 308   695.111
 309   695.852
 310   401.4
 311   151.535
 312   100.217
 313   121.92
 314    59.9816
 315   111.927
 316   126.881
 317    34.3171
 318     4.45078
 319     3.50318
 320     9.37697
 321     5.24168
 322    18.836
 323     2.5371
 324    19.3931
 325    10.7433
 326     0
 327     0
 328   133.283
 329   174.887
 330   149.354
 331    69.1463
 332    87.0245
 333   109.563
 334     7.31564
 335     0
 336   710.487
 337   777.997
 338   910.345
 339   813.577
 340   670.407
 341   439.968
 342   351.309
 343   139.517
 344  1596.83
 345  1757.02
 346  1810.66
 347  1348.71
 348  1365.32
 349  1068.14
 350   518.285
 351   208.95
 352  1783.61
 353  1526.19
 354  1725.15
 355  1750.37
 356  1405.27
 357  1201.67
 358   698.318
 359   229.775
 360  1249.5
 361  1559.52
 362  1443.39
 363  1359.71
 364  1074.04
 365   935.867
 366   626.808
 367   262.619
 368   825.784
 369   962.166
 370   885.321
 371   883.723
 372   657.44
 373   406.988
 374   198.878
 375    67.4592
 376    81.7089
 377   132.255
 378    73.8436
 379    34.6577
 380   106.249
 381    22.8342
 382     0.99146
 383     3.83103
 384     0.48708
 385     2.23757
 386     1.13051
 387     0
 388     1.37501
 389     0.53837
 390     1.47004
 391     0.32785
 392    26.0015
 393    35.586
 394    19.2403
 395     9.54545
 396     0.57665
 397    17.6463
 398     1.27152
 399     0.7734
 400   312.23
 401   292.415
 402   394.159
 403   310.504
 404   212.196
 405    62.9274
 406    44.3097
 407    15.1917
 408  1275.22
 409  1242.32
 410  1392.53
 411  1202.79
 412  1038.57
 413   802.507
 414   452.818
 415   197.533
 416  1102.97
 417   979.002
 418  1000.74
 419   923.314
 420   935.392
 421   706.631
 422   427.403
 423   190.728
 424   402.008
 425   474.928
 426   534.598
 427   489.044
 428   336.591
 429   181.841
 430    85.0959
 431    48.7938
 432    83.0704
 433   185.051
 434   151.649
 435   143.195
 436    82.1115
 437    49.1076
 438     4.86628
 439     5.64832
 440    18.7744
 441     0.90629
 442     0
 443     1.50801
 444     0.95453
 445     5.34807
 446     3.87159
 447     4.62768
 448     0.70875
 449     1.5899
 450     0.31686
 451     1.82034
 452     0.15401
 453     0.02
 454     0.08017
 455     0.35998
 456     2.54574
 457     0.92622
 458     3.53697
 459     0.69344
 460     1.88098
 461     0.81087
 462     0.94544
 463     0.57868
 464   101.214
 465    19.0388
 466    35.5255
 467    45.1054
 468     4.70365
 469     1.77341
 470     0
 471     0.88348
 472   244.685
 473   195.483
 474   180.707
 475   153.773
 476   182.185
 477   103
 478    40.0576
 479    17.0683
 480   186.741
 481   120.391
 482   141.757
 483   131.71
 484    77.7761
 485    55.2946
 486     5.13185
 487     0.47511
 488    73.0788
 489    20.7442
 490    72.0428
 491    29.5012
 492    35.0419
 493     4.69695
 494    30.5864
 495    14.8028
 496     0
 497     0.02714
 498    64.5064
 499    20.7671
 500    21.7173
 501     0.42694
 502     2.38128
 503     1.02505
 504     0.58926
 505     0.8792
 506     0.15905
 507     1.47409
 508     1.6547
 509     2.55202
 510     1.2075
 511     4.97108
