This file was gnenerated on 2021-06-22 21:21:48.565464 by Grant Finneman. This contains the extracted data from the Gate simulations
The edep for each bar was summed up and printed to this file. The only math operation done has been addition.

  id        edep
   0     0
   1     0.80808
   2     0
   3     0.21208
   4     0.60084
   5     1.48976
   6     1.28619
   7     0
   8     4.40102
   9     0
  10     0.16444
  11     0.94591
  12     0.92936
  13     1.73436
  14     0
  15     0.83427
  16    19.6628
  17     0
  18     1.56138
  19     1.13773
  20     1.22197
  21     1.34761
  22     0.9117
  23     2.02653
  24     2.81511
  25     0.25685
  26     0.2543
  27     1.03596
  28     0.67183
  29     2.35457
  30     0.58617
  31     0.22758
  32     1.90826
  33     0.96565
  34     1.2306
  35     3.30342
  36     1.51862
  37     1.74269
  38     0
  39     0.94792
  40     0.19956
  41     2.01113
  42     0.70533
  43     0.7715
  44     0.31931
  45     0.85377
  46     0.07761
  47     1.01402
  48     0.73687
  49     1.12422
  50     1.69791
  51     1.05442
  52     0.08049
  53     0.57342
  54     0.49183
  55     0.35857
  56    22.2427
  57     0.73018
  58     0.91558
  59     0.6475
  60     0
  61     0
  62     0
  63     0
  64     0
  65     0.95473
  66     0.96129
  67     0.88431
  68     0
  69     0.04059
  70     0
  71     0
  72    11.6187
  73     4.08621
  74     1.87211
  75     2.74121
  76     2.82743
  77     2.08813
  78     2.62186
  79     2.09467
  80    47.933
  81    19.7398
  82     4.4189
  83     0.83653
  84     6.3138
  85    17.6663
  86     4.31446
  87     0
  88    42.1595
  89    37.774
  90   118.321
  91    33.5344
  92    50.0937
  93    67.5118
  94    12.5714
  95    10.3359
  96    77.8971
  97   100.015
  98   105.57
  99    47.5211
 100    67.7732
 101    22.1254
 102    10.7313
 103    11.4055
 104    56.7188
 105    64.7659
 106    26.9551
 107    46.616
 108     1.66165
 109    19.0948
 110     7.96132
 111    12.2161
 112     0
 113     0.94886
 114     0.53086
 115    22.1381
 116     2.10815
 117     0.65533
 118     1.19599
 119     0
 120     1.08422
 121     0
 122     1.46569
 123     0
 124     1.05414
 125     0.00132
 126     1.19806
 127     0.51078
 128     1.4421
 129     1.04959
 130     1.33666
 131     1.26244
 132     0
 133     0
 134     0.67005
 135     0
 136    12.0149
 137     1.0982
 138     7.43982
 139    33.0644
 140    17.0482
 141    14.2772
 142    14.3798
 143     0.79829
 144   252.492
 145   362.348
 146   224.165
 147   174.981
 148   267.361
 149   145.776
 150    54.6207
 151    37.9794
 152  1322.89
 153  1232.11
 154  1457.37
 155  1078.75
 156   837.005
 157   584.469
 158   315.137
 159    98.6112
 160  1274.25
 161  1401.27
 162  1456.11
 163  1397.83
 164   904.433
 165   615.817
 166   319.579
 167   128.349
 168   197.848
 169   286.02
 170   277.785
 171   229.171
 172   136.418
 173    92.7174
 174    52.6646
 175    22.4027
 176    19.0313
 177    21.4087
 178     2.1267
 179     2.68819
 180     0.98913
 181     2.53977
 182     1.79391
 183     2.61068
 184     0.65699
 185     2.58292
 186     0.71206
 187     0
 188     1.37384
 189     0.02603
 190     0.02603
 191     0.68486
 192     0
 193     0.40959
 194     0.45483
 195     2.46624
 196     0.79181
 197     0
 198     1.67901
 199     0
 200   144.107
 201    68.5576
 202    65.2301
 203    18.1925
 204    38.6494
 205    45.8219
 206     2.96208
 207     3.03096
 208   949.746
 209  1252.29
 210   827.756
 211   767.144
 212   609.405
 213   458.756
 214   152.27
 215    49.9461
 216  6522.71
 217  7590.54
 218  7628.83
 219  6859.89
 220  5625.26
 221  4263.12
 222  2819.82
 223   998.923
 224  6021.55
 225  6359.27
 226  6314.68
 227  5798.43
 228  5190.34
 229  4001.62
 230  2537.52
 231   920.905
 232   787.716
 233   872.038
 234  1004.24
 235   717.305
 236   433.25
 237   429.39
 238   183.948
 239    74.9407
 240    84.7435
 241    71.6337
 242    90.447
 243    69.515
 244    66.6346
 245    40.9241
 246    11.988
 247     5.40405
 248     0
 249     1.2008
 250     3.79778
 251     1.60027
 252     0.70569
 253    28.8802
 254     0.23663
 255     0.23663
 256     0.53418
 257     1.58118
 258     2.99277
 259     1.54095
 260     0
 261     0.8602
 262     0.55433
 263     0.71854
 264    67.7867
 265    74.7327
 266    83.5489
 267    62.4763
 268    21.0821
 269     3.03287
 270     2.46142
 271     3.06084
 272   725.067
 273   944.151
 274  1036.2
 275   649.505
 276   371.981
 277   254.618
 278    35.7236
 279    19.5448
 280  6236.59
 281  6647.49
 282  6823.89
 283  6002.51
 284  5252.49
 285  4097.45
 286  2535.13
 287   855.641
 288  6783.53
 289  6969.75
 290  6908.55
 291  6377.71
 292  5422.3
 293  4105.33
 294  2791.65
 295  1210.61
 296  1048.26
 297  1278.23
 298  1021.49
 299   915.623
 300   614.81
 301   384.857
 302   193.962
 303    60.6731
 304    12.5428
 305    47.4817
 306   179.777
 307    87.133
 308     0.63807
 309    52.3932
 310    31.2437
 311     0.9407
 312     0.98769
 313     0.37176
 314     2.16769
 315     1.2906
 316     0.37176
 317    18.4411
 318     0.1225
 319     0
 320     2.12837
 321     1.10266
 322     0.5381
 323     1.11328
 324     0.22543
 325     3.09464
 326     0.68523
 327     1.51713
 328     5.32607
 329    67.1623
 330    11.6885
 331     2.99804
 332     0.90696
 333     1.37611
 334     2.19663
 335     0.63663
 336   350.048
 337   274.173
 338   232.674
 339   190.426
 340   119.667
 341   159.112
 342    18.7154
 343     5.06807
 344  1422.41
 345  1592.02
 346  1398.74
 347  1148.4
 348   905.158
 349   818.053
 350   457.312
 351   124.045
 352  1132.38
 353  1217.53
 354  1353.24
 355  1159.32
 356   862.597
 357   580.506
 358   263.727
 359    49.9811
 360   273.383
 361   323.866
 362   429.23
 363   237.698
 364   150.174
 365    44.9739
 366    15.1447
 367    18.9776
 368     7.11692
 369    39.2198
 370    67.2979
 371    40.8496
 372    14.3243
 373     9.2373
 374     3.07133
 375     1.90966
 376     1.35571
 377     2.17461
 378     1.07685
 379     0.54998
 380     1.02301
 381     9.4242
 382     8.272
 383     1.42154
 384     0.30538
 385     0.46196
 386     1.81726
 387     0.95369
 388     1.11525
 389     0.21317
 390     0
 391     0.66612
 392     0.29824
 393     0.52722
 394     0.25732
 395     1.16767
 396     1.11552
 397     0.77486
 398     0.84947
 399     1.74477
 400    39.2111
 401    24.8999
 402    11.1652
 403    13.5952
 404     0.74567
 405     0.81375
 406     0.37659
 407     1.19669
 408   150.717
 409    88.745
 410    65.4943
 411    48.9821
 412    78.2513
 413    65.4395
 414    40.7221
 415     5.47564
 416    72.547
 417    78.0161
 418   156.453
 419    91.6131
 420    36.4474
 421    41.7547
 422    41.4177
 423    29.2221
 424    38.2506
 425     8.55759
 426    80.8999
 427    45.8219
 428     5.48992
 429     4.2804
 430     3.10853
 431     3.30994
 432     0.99197
 433     1.78192
 434     0.84787
 435    11.8868
 436     0.06097
 437     3.7729
 438     2.1513
 439     3.67725
 440     0.56651
 441     0
 442     0.39692
 443     0.68264
 444     0.33671
 445     0.59506
 446     1.229
 447     0.84247
 448     0
 449     0.20106
 450     0.10377
 451     1.06459
 452     0.4737
 453     0.40082
 454     0
 455     0.53319
 456     0.28661
 457     2.697
 458     0.76524
 459     0.3598
 460     0.81951
 461     0.22926
 462    23.325
 463    13.4903
 464    14.7721
 465     0.77375
 466     1.30588
 467     1.21633
 468     0.33257
 469     1.16619
 470     1.08507
 471     6.28496
 472     0.72837
 473     0.01964
 474     1.38389
 475     0
 476     0.83435
 477     1.98229
 478    15.4518
 479     4.93765
 480    11.685
 481    14.5483
 482     2.38143
 483     0
 484     0
 485     0
 486    13.366
 487     2.46611
 488     7.89144
 489    10.105
 490     1.5539
 491     3.52876
 492     1.40796
 493     0.52252
 494     0
 495     0
 496     0
 497     1.57393
 498     0
 499     0.47119
 500     0
 501     8.001
 502    10.0299
 503     4.34218
 504     0.70343
 505     1.54049
 506     0
 507     0.34308
 508     0.3182
 509     0
 510     0
 511     0.50459
