This file was gnenerated on 2021-06-21 16:52:40.388476 by Grant Finneman. This contains the extracted data from the Gate simulations
The edep for each bar was summed up and printed to this file. The only math operation done has been addition.

  id      edep
   0    0
   1    0
   2    0
   3    0
   4    0
   5    0
   6    0
   7    0
   8    0
   9    0
  10    0
  11    0
  12    0
  13    0
  14    0
  15    0
  16    0.2113
  17    0
  18    0
  19    0
  20    0
  21    0
  22    0
  23    0
  24    0
  25    0
  26    0
  27    0
  28    0.1709
  29    0
  30    0
  31    0
  32    0
  33    0
  34    0
  35    0
  36    0
  37    0
  38    0
  39    0
  40    0.9984
  41    0
  42    0
  43    0
  44    0
  45    0
  46    0
  47    0
  48    0
  49    0
  50    0
  51    0
  52    0
  53    0
  54    0
  55    0
  56    0
  57    0
  58    0
  59    0
  60    0
  61    0.1051
  62    0
  63    0.8881
  64    0
  65    0
  66    0
  67    0
  68    0
  69    0
  70    0
  71    0
  72    0
  73    0
  74    0
  75    0
  76    0.0624
  77    0
  78    0
  79    2.7993
  80    0
  81    3.6565
  82   52.6075
  83   12.7247
  84   21.4145
  85    2.2911
  86    2.4281
  87    2.2318
  88   14.174
  89   10.942
  90   19.0995
  91    0.0908
  92   24.8836
  93   18.308
  94    0
  95    0
  96    0
  97    3.0195
  98   12.7245
  99    1.7148
 100   16.3005
 101    0
 102    0
 103    0
 104    0
 105   13.473
 106   42.204
 107    2.6448
 108    1.392
 109    0
 110    0
 111    0
 112    0
 113    0
 114    0
 115    2.3664
 116    0.5756
 117    0.3189
 118    0
 119    0
 120    0.8881
 121    0
 122    0
 123    0.8881
 124    0
 125    0
 126    1.7762
 127    0
 128    0
 129    0
 130    0
 131    0
 132    0
 133    0
 134    0
 135    0
 136    5.6386
 137   38.2397
 138   20.8985
 139    0
 140    5.2269
 141    6.844
 142    1.5464
 143   12.2667
 144   89.4867
 145   66.3687
 146  102.462
 147   86.4244
 148  115.46
 149   75.7064
 150   51.4811
 151   20.9882
 152  129.833
 153  128.307
 154  108.071
 155   76.6142
 156  131.001
 157  114.907
 158   36.0837
 159    8.774
 160   64.5381
 161  163.257
 162   99.3961
 163   90.2702
 164  147.915
 165  149.573
 166   48.4273
 167   26.6483
 168   88.8898
 169   72.0607
 170   94.9882
 171  101.518
 172  103.638
 173   18.7824
 174    5.9235
 175    4.7973
 176    4.1984
 177   28.9483
 178   16.0928
 179   15.4778
 180   11.216
 181    0.0103
 182    0
 183    0
 184   29.283
 185    0
 186    0
 187    0
 188    0
 189    0
 190    0
 191    0
 192    0
 193    0
 194    0.4299
 195    0
 196    0
 197    0
 198    0
 199    0
 200   24.5236
 201   50.3028
 202   58.2964
 203   43.8445
 204   31.2827
 205   18.3408
 206    0
 207    0
 208  284.401
 209  295.698
 210  241.578
 211  270.742
 212  227.818
 213  154.833
 214   80.0118
 215   43.6714
 216  248.379
 217  346.204
 218  284.109
 219  214.561
 220  243.357
 221  113.965
 222   55.5111
 223   42.8403
 224  323.986
 225  310.576
 226  246.428
 227  220.186
 228  233.442
 229  129.804
 230  163.341
 231   31.1454
 232  228.691
 233  232.981
 234  202.651
 235  229.365
 236  269.019
 237  112.117
 238   71.4696
 239   42.9223
 240   66.7316
 241  115.373
 242   80.9148
 243   41.1994
 244   64.3606
 245   35.6605
 246    7.0209
 247    1.0434
 248    0
 249    0
 250    0
 251    0
 252    0
 253    2.7028
 254    0
 255   10.8431
 256    5.9319
 257    3.202
 258    0.4045
 259    7.6855
 260    0
 261    0.2072
 262    0
 263    0
 264   72.7234
 265   69.7238
 266   77.9662
 267  112.503
 268   83.7297
 269   19.3609
 270    9.4062
 271    8.9309
 272  261.378
 273  221.621
 274  207.556
 275  207.753
 276  228.411
 277  167.856
 278   92.004
 279   25.5047
 280  321.641
 281  323.454
 282  262.622
 283  243.253
 284  109.758
 285   44.4839
 286  115.634
 287   26.3447
 288  347.952
 289  223.033
 290  253.275
 291  262.206
 292  219.737
 293  168.213
 294   45.2511
 295   10.5899
 296  161.241
 297  217.956
 298  188.678
 299  313.586
 300  186.625
 301  144.333
 302   45.1993
 303   10.4828
 304   56.7379
 305  109.368
 306  118.993
 307   42.7737
 308   49.1817
 309    4.6761
 310    5.3299
 311    2.5401
 312    4.8062
 313    0
 314    0.3676
 315    0.7519
 316    0.3779
 317    0
 318    0.8993
 319    4.4868
 320    3.2473
 321    0
 322    1.5454
 323    0
 324    0
 325    0
 326    0
 327    0
 328    7.6405
 329    8.5968
 330   11.9985
 331   36.7597
 332   27.1821
 333    8.154
 334    0.1426
 335    0.1426
 336   56.1681
 337   66.0876
 338   59.9674
 339   45.0169
 340   38.4823
 341   58.4186
 342   36.397
 343   26.1053
 344  126.246
 345  127.068
 346  147.153
 347   85.0842
 348  110.716
 349   81.4647
 350   34.2445
 351    7.2219
 352  163.057
 353  164.39
 354  150.449
 355  215.742
 356  205.785
 357   80.2626
 358   52.7971
 359   10.8816
 360  110.077
 361  106.254
 362  117.188
 363  188.076
 364  119.316
 365  114.173
 366   51.863
 367   22.7313
 368   31.0557
 369   37.8855
 370   10.4925
 371    0.3189
 372    0
 373    8.9922
 374    0.5463
 375    0
 376    0
 377    0
 378    0
 379    0
 380    0
 381    0
 382    0
 383    0
 384    0
 385    0
 386    0.972
 387    0
 388    0
 389    0.592
 390    0
 391    0
 392   15.1947
 393    0
 394    0
 395    0
 396    0
 397    0
 398    0.3876
 399    0.1328
 400   11.4141
 401   11.2371
 402    0.7658
 403    0
 404    0
 405    0
 406    0
 407    0
 408   15.0249
 409    6.6336
 410    2.3244
 411   14.4181
 412    0
 413   13.5984
 414    0
 415    0
 416   45.6609
 417   10.7911
 418    2.7356
 419   12.6603
 420    0
 421   10.9132
 422   14.9382
 423    0
 424   17.7985
 425   19.6941
 426   54.105
 427   17.28
 428    3.8213
 429    6.1124
 430    6.1124
 431    0.6681
 432   13.2768
 433    0
 434    8.1885
 435    4.9443
 436    0
 437    0
 438    0
 439    0.16
 440    0
 441    0
 442    0
 443    0
 444    0
 445    0
 446    0
 447    0.08
 448    0
 449    0
 450    0
 451    0
 452    0
 453    0
 454    0
 455    0
 456    0
 457    0
 458    0
 459    0
 460    0
 461    0
 462    0
 463    0
 464    0
 465    0
 466    0.5778
 467    0
 468    0.9359
 469    0
 470    0
 471    0.5235
 472    0.5135
 473    0.3848
 474    0
 475    0
 476    0
 477    0
 478    1.094
 479    0
 480    1.1948
 481    0.0312
 482    0.5561
 483    0
 484    0.5902
 485    0
 486    0
 487    0
 488    0
 489    0
 490    0.5756
 491    0
 492    0
 493    0
 494    0
 495    0
 496   22.2488
 497   12.5557
 498    7.0967
 499    0
 500    0
 501    0
 502    0
 503    0
 504    0
 505    0
 506    0
 507    0
 508    0
 509    0
 510    0
 511    0
