This file was gnenerated on 2021-06-17 21:25:43.870573 by Grant Finneman. This contains the extracted data from the Gate simulations
The edep for each bar was summed up and printed to this file. The only math operation done has been addition.

  id      edep
  16    0.6995
  21    0.1504
  32    0.4122
  36    0.7413
  53    0.2744
  56    0.3138
  64    0.0627
  80    2.9544
  81    0.0236
  86   16.4812
  87   15.4974
  88    3.4182
  89    8.0157
  90   26.6402
  91    1.221
  92    7.2191
  93    0.8657
  94    8.7594
  95   22.9092
  96    2.1675
  97    1.734
  98    0.1504
  99    7.9698
 100    7.1329
 106    0.8006
 107    3.608
 108    8.9334
 109    7.5058
 110    5.7375
 111    4.8885
 116   11.7562
 117   17.7911
 122    0.6556
 136   52.8563
 137    0.2143
 138   19.7266
 139   17.089
 142    0.0146
 144   47.4112
 145   58.7107
 146   27.4521
 147   48.5452
 148   20.7328
 152  198.153
 153  153.544
 154  253.049
 155  210.993
 156  138.6
 157   98.7156
 158   67.5453
 159   23.7818
 160  189.846
 161  155.92
 162  170.906
 163  303.291
 164  255.391
 165  150.374
 166   73.918
 167   29.4263
 168   28.1227
 169   10.6825
 171    3.3737
 172   13.3067
 179    0.3947
 197    0.0196
 200   30.7671
 201    1.2294
 203    1.9411
 208   23.9269
 209   21.5168
 210   79.7853
 211   82.0196
 212  105.606
 213   11.0656
 214    0.7809
 216  677.846
 217  642.358
 218  733.19
 219  549.266
 220  500.774
 221  407.003
 222  242.595
 223  112.291
 224  835.939
 225  625.785
 226  711.601
 227  701.978
 228  564.705
 229  358.314
 230  164.01
 231   46.6302
 232   39.7686
 233   82.9923
 234   96.381
 235   12.1601
 236   43.9612
 237   14.3579
 238    1.7205
 240    0.7316
 241    0.3187
 242    0.1683
 243    0.2332
 249    0.2332
 250    0.1504
 251    0.2834
 252    0.0614
 262    0.9677
 265    1.5591
 270    0.7889
 272   94.8438
 273   31.8862
 274   89.1528
 275   68.1595
 276   15.2552
 277   13.4068
 278    0.5952
 279    1.24
 280  636.752
 281  435.982
 282  374.876
 283  455.716
 284  493.665
 285  365.989
 286  184.017
 287   54.4426
 288  571.728
 289  609.004
 290  589.109
 291  587.16
 292  487.846
 293  373.851
 294  253.262
 295   94.0848
 296   16.4167
 297   67.7486
 298   62.5219
 299   27.9789
 300   25.233
 301    0.2021
 302   14.9329
 303    4.5971
 307    0.7218
 308    0.1417
 309    0.063
 312    0.6769
 318    0.5559
 329    0.266
 336   13.2478
 337    4.5415
 338    2.4922
 339    9.2305
 340    1.8555
 341   21.2894
 344  255.727
 345  220.676
 346  186.055
 347  131.867
 348  126.649
 349  147.039
 350   67.5248
 351   16.0515
 352  243.734
 353  188.923
 354  174.371
 355  159.769
 356  209.038
 357  169.818
 358  101.052
 359   40.0053
 360   24.7482
 361   26.4695
 362   52.3316
 363   21.4456
 364   23.4675
 365   10.3597
 367    0.7064
 370    0.3711
 371    3.6832
 372   11.51
 374    1.7326
 379    0.507
 400    5.7579
 402    7.2412
 403    7.8234
 404    0.7725
 405    0.4765
 408   18.4651
 409   30.1338
 410    0.8816
 411   18.6992
 412    0.4835
 413    6.6728
 416    1.6302
 417   10.8292
 418   43.0467
 419   29.9717
 421   25.8912
 422   16.8602
 424    7.1043
 425    0.0703
 426    0.8589
 427    0.3012
 432    4.0596
 437    0.9139
 448    0.9178
 457    0.078
 464    0.7546
 473    6.786
 506    0.5754
 510    0.7967
