This file was gnenerated on 2021-06-21 16:55:02.985051 by Grant Finneman. This contains the extracted data from the Gate simulations
The edep for each bar was summed up and printed to this file. The only math operation done has been addition.

  id      edep
   0    0
   1    0
   2    0
   3    0
   4    0
   5    0.9053
   6    0
   7    0
   8    0
   9    0
  10    0
  11    0.0532
  12    0
  13    0.1219
  14    0
  15    0
  16   12.2395
  17   25.4205
  18    0
  19    3.3579
  20    3.0381
  21    0.6396
  22    0
  23    0
  24   12.958
  25    4.0115
  26    8.2887
  27    0
  28    1.6774
  29    0
  30    0.477
  31    0
  32   10.185
  33   18.8601
  34    0
  35    0
  36    4.6454
  37    0
  38    0
  39    0.2604
  40   15.5526
  41   12.485
  42    0
  43    0
  44    0.7212
  45    0
  46    0
  47    0
  48    0
  49    0
  50    0
  51    0
  52    0
  53    0.9297
  54    0
  55    0
  56    0
  57    1.4758
  58    0.2682
  59    0
  60    0
  61    0
  62    0
  63    0
  64    0
  65    0.521
  66    0.1142
  67    0
  68    0
  69    0.543
  70    0
  71    0
  72    0.1142
  73    0
  74    0
  75    0
  76   10.0245
  77    9.3562
  78    0
  79    0
  80   27.112
  81   19.8491
  82   55.3255
  83    9.5418
  84   15.6978
  85   28.3987
  86    7.5903
  87    5.2122
  88   95.2345
  89  133.798
  90   97.0259
  91  150.004
  92  148.328
  93   97.4181
  94   23.7308
  95    3.566
  96   78.6626
  97  118.737
  98  104.459
  99   90.9713
 100   83.9368
 101   63.7438
 102   19.4812
 103    4.9272
 104   28.8401
 105   67.9428
 106   77.5105
 107   93.4887
 108   36.3649
 109   42.084
 110   32.4208
 111    0
 112   21.2454
 113    5.0323
 114    0
 115   23.2975
 116    0
 117    0
 118    0
 119    0
 120    0.7568
 121    0
 122    0
 123   18.461
 124    0
 125    0
 126    0
 127    0
 128    0
 129    0.262
 130    0
 131    0
 132    0.2208
 133   19.8513
 134   17.9607
 135    0.9434
 136   29.7282
 137   20.845
 138    6.252
 139    0.1635
 140   11.5257
 141   21.1672
 142    0
 143    0
 144  147.313
 145  140.722
 146   77.8756
 147   62.7452
 148   53.3614
 149   23.9194
 150   60.2457
 151   27.5828
 152  114.215
 153  171.577
 154  132.083
 155  151.428
 156  111.424
 157   96.5077
 158   48.6775
 159    9.0322
 160  261.837
 161  187.867
 162  183.889
 163  218.429
 164  178.273
 165   70.6667
 166   45.2378
 167    8.3939
 168  157.753
 169  218.136
 170  127.06
 171  159.219
 172  143.119
 173  140.797
 174   74.2637
 175   20.9414
 176   80.2721
 177   95.6702
 178   62.4126
 179   98.1939
 180   63.157
 181   36.4737
 182   18.4929
 183   15.3176
 184    0.3417
 185   21.3837
 186    2.1639
 187    0
 188    2.1052
 189    0
 190    0
 191    0
 192    0.381
 193    1.3311
 194    0
 195    0
 196    0.989
 197    9.453
 198   43.7346
 199    3.6954
 200   26.5803
 201   36.5996
 202   64.8515
 203   33.7936
 204   33.028
 205   42.7981
 206   10.3056
 207    0
 208  119.329
 209  147.145
 210  217.474
 211  177.464
 212  230.556
 213  133.087
 214  137.257
 215   55.0336
 216  131.439
 217  177.964
 218  183.554
 219  145.72
 220  152.871
 221  151.747
 222  144.762
 223   41.1405
 224  246.89
 225  258.991
 226  187.099
 227  154.453
 228  208.623
 229  146.208
 230   74.049
 231   24.2443
 232  161.126
 233  159.191
 234  157.098
 235  208.554
 236  128.884
 237  191.624
 238  126.779
 239   92.6039
 240  108.327
 241   65.5969
 242   54.6684
 243   91.3734
 244   64.2241
 245   53.6339
 246   69.8246
 247   18.8158
 248    0
 249   11.7641
 250    8.8559
 251    1.0768
 252    0
 253   23.145
 254    3.7032
 255    0
 256    6.4716
 257    5.8836
 258   27.9983
 259   22.4945
 260   19.3555
 261    5.2073
 262   17.706
 263    6.81
 264   46.7457
 265   89.482
 266  167.855
 267  193.04
 268   93.1674
 269   53.3681
 270   74.2372
 271   58.1587
 272  136.201
 273  161.532
 274  174.142
 275  247.771
 276  238.362
 277  175.964
 278   70.2411
 279   41.5851
 280  143.104
 281  147.12
 282  114.366
 283  166.046
 284  115.363
 285  149.106
 286   48.6279
 287    7.5931
 288  239.473
 289  238.832
 290  205.635
 291  268.389
 292  201.217
 293  130.976
 294  123.217
 295   19.4404
 296  172.607
 297  141.265
 298  164.671
 299  116.071
 300   66.6883
 301   79.1328
 302   48.2504
 303   39.2071
 304   11.0374
 305   28.3557
 306   79.726
 307   22.9992
 308   16.4129
 309   45.6973
 310   25.4264
 311    9.021
 312    0.813
 313    0
 314    0
 315    0
 316    0.0436
 317    0
 318    0.8844
 319    0.2706
 320   30.6372
 321   24.7345
 322    7.9371
 323   27.2078
 324   39.9142
 325    3.9412
 326    0
 327    0
 328   35.0357
 329   73.7628
 330  106.357
 331  155.793
 332   75.1427
 333   61.7073
 334   60.3117
 335   35.8448
 336  124.615
 337  127.381
 338  106.418
 339  126.531
 340  140.099
 341   92.5885
 342   60.3514
 343   30.8736
 344  239.591
 345  248.808
 346  134.164
 347  190.186
 348  132.011
 349  116.101
 350  107.892
 351   33.4119
 352   99.8397
 353   97.2017
 354  115.912
 355  265.659
 356  206.667
 357  135.672
 358  116.173
 359   58.4366
 360   53.3841
 361   86.31
 362  159.436
 363   70.1512
 364   68.6597
 365   59.6491
 366    8.7864
 367    4.848
 368    0
 369    0.4438
 370    0
 371    0
 372    1.4756
 373   21.2305
 374    0
 375    0
 376    0.6743
 377    0
 378    1.6203
 379    0
 380    0.4826
 381    0
 382    0.5464
 383    0
 384    0
 385    7.467
 386    0
 387    0
 388    0
 389    0
 390    0
 391    0
 392    3.1755
 393    4.8014
 394   12.2133
 395   27.3647
 396    0.2298
 397    0
 398    0
 399    0.9505
 400   65.3455
 401   39.9747
 402   55.1826
 403   49.3199
 404   23.9442
 405   17.8306
 406    8.2846
 407    3.1086
 408   60.5554
 409  137.332
 410  113.189
 411   89.4099
 412   63.2721
 413   93.2538
 414   18.7806
 415   12.2556
 416   63.2365
 417  117.274
 418  134.74
 419  129.231
 420  164.734
 421   71.3564
 422   79.5044
 423   31.3847
 424   71.1633
 425   49.0486
 426   56.1898
 427   11.4276
 428   45.5194
 429    7.5855
 430    6.4295
 431    0
 432   11.0394
 433    0
 434    1.1387
 435    3.7466
 436    7.0122
 437    0
 438    0
 439    0
 440    0
 441    0
 442    0
 443    0
 444    0
 445    0.447
 446    0
 447    0
 448    0
 449    0
 450    0
 451    0
 452    0
 453    0
 454    0
 455    0
 456    0.4881
 457    0
 458    0.4881
 459    0
 460    0
 461    0
 462    0
 463    0
 464    0
 465    0.7325
 466    0
 467    0
 468    0
 469    0
 470    0
 471    0
 472   21.9236
 473   22.646
 474   14.3941
 475   10.8387
 476   10.6368
 477    0.7902
 478    0
 479    0
 480   80.7681
 481   28.2676
 482    7.9842
 483   30.7125
 484   38.9919
 485   23.696
 486   35.778
 487    0
 488    0
 489   19.084
 490   25.1814
 491    4.9959
 492    3.161
 493    0
 494    0
 495    0
 496    0.7847
 497    0
 498    0
 499    0
 500    0
 501    0
 502    0
 503    0
 504    0
 505    0.9633
 506    0
 507    0
 508    0
 509    0
 510    0
 511    0
