This file was gnenerated on 2021-06-17 21:23:50.804383 by Grant Finneman. This contains the extracted data from the Gate simulations
The edep for each bar was summed up and printed to this file. The only math operation done has been addition.

  id      edep
  24    0.4193
  32    4.8433
  34    0.7515
  35    0.0602
  36    0.8785
  37    0.9776
  38    0.0602
  41    5.7799
  42    1.7168
  46    0.3315
  47    0.1909
  50    0.6021
  64    0.4377
  65    0.9742
  67    0.5654
  72    0.3219
  75    1.4669
  82   20.7606
  85    0.1388
  88    1.6457
  89   13.0233
  90   52.7077
  91   17.3016
  94    0.0823
  96  118.201
  97  165.093
  98  131.783
  99   81.8058
 100   61.5475
 101    9.7076
 102    6.2981
 103    1.8635
 104  125.521
 105  119.197
 106   60.4144
 107   44.0576
 108   74.5829
 109   15.5846
 110    1.7315
 111    0.1909
 112    0.8705
 113   20.3264
 114    9.8436
 117   16.3647
 135   11.2996
 137    0.5284
 139    0.2227
 143    5.2152
 144    0.852
 145   14.2766
 146   13.7674
 147    2.6523
 148    0.2422
 149    0.5568
 152   85.9181
 153  132.605
 154  170.373
 155  108.858
 156   47.5116
 157   15.4434
 158   22.8387
 159    9.675
 160  339.438
 161  495.535
 162  486.928
 163  429.41
 164  323.36
 165  342.564
 166  192.284
 167   60.9671
 168  138.356
 169  158.158
 170  174.803
 171  158.798
 172  178.399
 173  106.791
 174   58.4046
 175   19.7059
 176    0.388
 177    1.5839
 178   26.1462
 179   24.7057
 180    0.7961
 186    0.5669
 192    0.8696
 202    1.0746
 207    6.519
 208   14.3092
 209   39.6292
 210   79.3548
 211   87.0449
 212   21.966
 213    1.0599
 216  270.274
 217  308.13
 218  270.882
 219  243.281
 220  195.908
 221  166.283
 222  118.462
 223   34.5277
 224  492.246
 225  686.52
 226  589.176
 227  474.931
 228  441.881
 229  385.331
 230  200.715
 231   65.1877
 232   82.648
 233   87.2354
 234   99.0354
 235   36.2855
 236   28.3768
 237   21.1097
 238   15.588
 239    3.87
 240    6.3497
 242    0.8597
 243    4.014
 244   14.1289
 247   20.3175
 261    0.6067
 264   21.1614
 265    3
 266    0.8676
 267    0.0675
 268    8.8298
 272   74.2844
 273  101.082
 274  145.465
 275   73.4021
 276  106.507
 277   32.9013
 278   17.1165
 280  508.528
 281  425.688
 282  432.568
 283  628.136
 284  547.797
 285  452.626
 286  283.582
 287  104.091
 288  306.125
 289  311.97
 290  282.679
 291  271.115
 292  134.905
 293  141.82
 294   56.8209
 295   38.4397
 296   10.9041
 297   36.4077
 298   41.0548
 299   25.2134
 300   10.574
 301   20.6149
 302    4.976
 303    3.732
 307    0.5968
 308    0.1142
 323   14.0238
 324    5.194
 327    0.9894
 328    3.5247
 329   38.2804
 330   21.8107
 331   10.5368
 332    2.597
 336  297.468
 337  306.659
 338  291.855
 339  187.607
 340  142.969
 341   93.8951
 342  106.18
 343   85.2516
 344  426.622
 345  389.123
 346  329.611
 347  416.87
 348  378.477
 349  249.643
 350  188.512
 351   94.1279
 352  106.447
 353   70.592
 354   57.6928
 355   64.5117
 356  110.624
 357   30.8949
 358   15.7929
 359    1.2083
 360    2.0566
 361    3.4782
 362   15.2221
 363    0.4584
 364    9.1876
 365    7.464
 368    0.9017
 369    0.5968
 370    0.1024
 376    0.4569
 377    0.4569
 392    0.7973
 393    0.8503
 394   20.0375
 395    0.6067
 398    0.6067
 400   57.1126
 401   20.9505
 402   45.5933
 403   18.0229
 404   38.1768
 405   19.7229
 406   14.937
 408   57.3205
 409  125.938
 410   58.9244
 411   45.9303
 412   47.144
 413   23.919
 414   29.1643
 415    2.6118
 416   73.8559
 417   16.8856
 418   22.1926
 419   10.8604
 420   40.1079
 421    0.6981
 422    1.9598
 426   14.5002
 442    0.1024
 453    1.083
 465   10.5547
 466   14.1094
 467    6.5653
 471    0.975
 476    0.7919
 484   13.8362
 485   28.2604
 494    0.6981
