This file was gnenerated on 2021-06-21 16:50:34.263246 by Grant Finneman. This contains the extracted data from the Gate simulations
The edep for each bar was summed up and printed to this file. The only math operation done has been addition.

  id      edep
   0    0
   1    0.6442
   2    0
   3    0
   4    0
   5    0
   6    0
   7    0.2159
   8    0
   9    0
  10    0
  11    0
  12    0
  13    0
  14    0
  15    0
  16    0
  17    0
  18    0.7846
  19    0
  20    0
  21    0
  22    0
  23    0
  24    0
  25    0
  26    0
  27    0
  28    0
  29    0
  30    0
  31    0.9474
  32    0
  33    0
  34    0
  35    0
  36    0
  37    0
  38    0
  39    0
  40    0.5968
  41    0
  42    0.5115
  43    0
  44    0.8923
  45    0
  46    0
  47    0
  48    0
  49    0.3337
  50    0
  51    0
  52    0
  53    0
  54    0
  55    0
  56    0
  57    0
  58    0.7562
  59    0
  60    0
  61    0.1625
  62    0
  63    0
  64    0
  65    0
  66    0
  67    0.6877
  68    0
  69    0
  70    0
  71    0
  72    0
  73    0.4378
  74    0
  75    0
  76    0.3058
  77    0.2901
  78    0.2901
  79    0
  80    0
  81    0
  82    0
  83    0
  84    0
  85    0
  86    0
  87    0
  88    0
  89    0
  90   18.04
  91    0
  92    0
  93    0
  94    0
  95    0
  96    0
  97    0.3601
  98    0
  99    0
 100    0
 101    0
 102    0
 103    0.9474
 104    0
 105   14.2692
 106    0.1543
 107    0.5115
 108    0
 109    0
 110    0
 111    0
 112    0.8528
 113    0
 114    0
 115    0
 116    0
 117    0
 118    0
 119    0
 120    0
 121    0.3337
 122    0
 123    0
 124    0
 125    0.9776
 126    0
 127    0
 128    0
 129    0
 130    0
 131    0
 132    0
 133    0
 134    0
 135    0.7056
 136    0.235
 137    0
 138    0
 139    0
 140    0
 141    0.0125
 142    0
 143    0
 144    0.7056
 145    8.6687
 146   50.3561
 147   46.0985
 148   29.3014
 149   12.3838
 150    9.3728
 151    0
 152   73.7383
 153  106.312
 154   59.4711
 155   79.7198
 156   68.3919
 157   41.1145
 158    0.4378
 159    0
 160   88.1782
 161  139.74
 162   48.8771
 163   46.8717
 164   82.5278
 165   27.5925
 166    0
 167    0
 168    5.1509
 169   40.3802
 170   31.5162
 171   10.9869
 172   13.1065
 173   11.3424
 174    0
 175    0
 176    0.4264
 177    9.217
 178   20.9622
 179    0.3639
 180    0
 181    0
 182    0
 183    0
 184    0
 185    0
 186    0
 187    0.2635
 188    0
 189    0.6684
 190    0
 191    0
 192    0
 193    0
 194    0
 195    0.4276
 196    0
 197    0.9749
 198    0.3905
 199    0
 200    1.2227
 201    2.151
 202    0
 203    0
 204    0
 205    0
 206   14.2203
 207    0
 208   79.9735
 209   41.6235
 210   67.4736
 211   35.8272
 212   61.6432
 213   67.6688
 214    8.2166
 215    0
 216  616.66
 217  534.373
 218  648.459
 219  601.753
 220  710.502
 221  408.379
 222  278.925
 223   83.9064
 224  619.38
 225  769.739
 226  670.554
 227  726.057
 228  585.843
 229  479.543
 230  334.028
 231   83.0264
 232   93.6011
 233   62.5067
 234   64.2414
 235   96.334
 236   84.1178
 237   38.3766
 238   42.911
 239    6.1404
 240    6.5919
 241   14.3084
 242   12.6616
 243    3.6524
 244    2.456
 245    0
 246    0
 247    0
 248    0
 249    0
 250    0
 251    0
 252    0
 253    0
 254    0
 255    0
 256    0.4086
 257    0
 258    0
 259    0
 260    0.7252
 261    0
 262    0
 263    0
 264    0
 265   15.8508
 266   18.0049
 267    3.8952
 268    0
 269    0.3639
 270    0.1122
 271    0
 272  137.522
 273  102.961
 274  172.339
 275  116.214
 276   37.2268
 277   43.7488
 278   16.9721
 279   29.7925
 280  446.153
 281  665.155
 282  747.594
 283  625.291
 284  543.895
 285  432.955
 286  178.095
 287   67.9908
 288  546.02
 289  675.798
 290  681.834
 291  709.959
 292  457.82
 293  511.47
 294  269.86
 295  109.725
 296   87.9211
 297  121.346
 298   82.5001
 299   40.8699
 300   48.7421
 301   21.7676
 302    3.8448
 303    0
 304    7.5845
 305    0
 306    1.0184
 307    7.5442
 308    3.2906
 309    2.5506
 310    0
 311    0
 312    0
 313    0.1413
 314    0.8766
 315    0
 316    0
 317    0
 318    0
 319    0
 320    0.867
 321    0
 322    0
 323    0
 324    0
 325    0
 326    0.5956
 327    0
 328    0.559
 329   13.975
 330    0
 331    0
 332    0
 333    0
 334    0
 335    0
 336    7.038
 337   10.2218
 338   23.7223
 339    0.432
 340   16.2058
 341   33.6449
 342    3.1032
 343    0.5282
 344  120.447
 345  140.886
 346  139.126
 347  113.653
 348   46.5777
 349   29.6561
 350    1.5516
 351    0
 352  103.229
 353  135.225
 354  135.331
 355   80.1314
 356   32.7381
 357   20.8076
 358    0
 359   16.9404
 360   16.5379
 361    0.6936
 362    0.7081
 363   13.5275
 364    8.6576
 365    0.0521
 366    0
 367    0
 368    0.1413
 369    0.509
 370    0
 371   13.9196
 372    0
 373    0
 374    0
 375    0
 376    0
 377    0.6324
 378    0
 379    0
 380    1.3134
 381    0
 382    0
 383    0
 384    0
 385    0
 386    0.3463
 387    0
 388    0
 389    0
 390    0
 391    0
 392    0
 393    0
 394    0
 395    0
 396    0
 397    0
 398    0
 399    0
 400    1.1806
 401    0
 402    0
 403    0
 404    0.1374
 405    0
 406    0
 407    0
 408   10.4521
 409    0
 410    0.6052
 411    0
 412    0
 413    0
 414    0.3139
 415    0
 416    0
 417    0
 418    1.632
 419    0
 420    0
 421    0
 422    0
 423    0
 424    1.4683
 425    0
 426    0
 427    0
 428    0
 429    0
 430    0
 431    0
 432    0
 433    0
 434    0
 435    0
 436    0
 437    0
 438    0.6442
 439    0
 440    0
 441    0
 442    0
 443    0
 444    0
 445    0
 446    0
 447    0
 448    0
 449    0
 450    0
 451    0
 452    0
 453    0
 454    0
 455    0
 456    0
 457    0
 458    0
 459    0
 460    0
 461    0
 462    0
 463    0
 464    0.352
 465    0
 466    0
 467    0
 468    0
 469    0
 470    0
 471    0
 472    0.5069
 473    0
 474    0
 475    0.1623
 476    0
 477    0
 478    0
 479    0.4789
 480    0
 481    0.6394
 482    0.2782
 483    0
 484    0
 485    0
 486    0
 487    0
 488    0
 489    0
 490    0
 491    0
 492    0
 493    0
 494    0
 495    0
 496    0.5282
 497    0
 498    0
 499    0
 500    0
 501    0
 502    0
 503    0
 504    0
 505    0
 506    0
 507    0
 508    0
 509    0.4935
 510    0
 511    0
