This file was gnenerated on 2021-06-21 16:51:05.368305 by Grant Finneman. This contains the extracted data from the Gate simulations
The edep for each bar was summed up and printed to this file. The only math operation done has been addition.

  id       edep
   0     0
   1     0
   2     0
   3     0
   4     0.8309
   5     0
   6     0
   7     0
   8     0
   9     0
  10     0
  11     0
  12     0
  13     0
  14     0
  15     0
  16     0
  17     0
  18     0
  19     0
  20     0
  21     0
  22     0
  23     0
  24     0
  25     0
  26     0
  27     0
  28     0
  29     0
  30     0
  31     0
  32     0.5524
  33     0
  34     0
  35     0
  36     0
  37     0
  38     0.5232
  39     0
  40     0
  41     0.7973
  42     0.0082
  43     0
  44     0
  45     0.2354
  46     0
  47     0
  48     0
  49     0
  50     0
  51     0.3053
  52     0
  53     0
  54     0
  55     0
  56     0
  57     0
  58     0
  59     0
  60     0
  61     0
  62     0
  63     0
  64     1.3874
  65     0
  66     0
  67     0
  68     0
  69     0
  70     0
  71     0
  72     0
  73     0
  74     0.5057
  75     1.0695
  76     0
  77     0
  78     0
  79     0.4474
  80     0
  81     0
  82     1.7273
  83     0
  84     0
  85     0
  86     0
  87     0.2172
  88    26.3635
  89    20.4355
  90    28.347
  91     1.7748
  92     1.3311
  93     0
  94     0.1217
  95     0
  96     0
  97     0
  98     0
  99     2.1265
 100     0
 101     0
 102     0.4453
 103     0
 104     0
 105     0
 106     0.2403
 107     0
 108     0
 109     0
 110     0
 111     0
 112     0
 113     0
 114     0
 115     0.9127
 116     0.9127
 117     0
 118     0
 119     0
 120     0.4573
 121     0
 122     0
 123     0
 124     0
 125     0
 126     0
 127     0
 128     0
 129     0
 130     0
 131     0
 132     0
 133     0
 134     0
 135     0
 136     0
 137     0
 138     0.5057
 139     0.9794
 140     1.0103
 141     0
 142     0
 143     0.8632
 144     0.198
 145     0.582
 146    44.015
 147    82.1915
 148    40.5856
 149     1.077
 150     0
 151     0
 152    36.8939
 153    69.668
 154    32.2627
 155    56.4983
 156    30.3364
 157    18.253
 158    11.2167
 159     0.7395
 160    10.1131
 161    84.1365
 162   100.801
 163    40.7433
 164    10.0646
 165     0.2172
 166     0.4708
 167     1.5922
 168     8.8333
 169     4.5396
 170    14.979
 171     0.0887
 172     0
 173     0
 174     0
 175     0
 176    19.9325
 177     0
 178     0
 179     0
 180     0
 181     0
 182     0
 183     0
 184     0
 185     0
 186     0
 187     0
 188     0
 189     0
 190     0
 191     0.1862
 192     0
 193     0
 194     0
 195     0
 196     0.0204
 197     0
 198     0
 199     0.1045
 200     6.3684
 201    10.2028
 202     5.5809
 203    30.7597
 204     0
 205     0
 206     0.8774
 207     0.1045
 208    60.2353
 209   112.272
 210   165.847
 211   145.401
 212   141.614
 213    83.7726
 214    17.6177
 215     8.3789
 216   956.161
 217   947.668
 218   884.022
 219   762.378
 220   552.909
 221   623.032
 222   412.194
 223   155.523
 224   454.202
 225   499.576
 226   612.551
 227   463.308
 228   376.897
 229   199.284
 230   203.809
 231    28.527
 232    45.3107
 233   121.843
 234    91.1489
 235   100.661
 236    60.5681
 237     4.2775
 238    15.2255
 239     4.4138
 240    11.1622
 241     0
 242     0
 243     0.1196
 244     0
 245     0.9542
 246     0
 247     0.3701
 248     0.9887
 249     0
 250     0
 251     0
 252     0
 253     1.5922
 254     0
 255     0
 256     0
 257     0
 258     0
 259     0
 260     0
 261     0
 262     0
 263     0
 264     0
 265    21.1444
 266     0.5125
 267     0
 268     0
 269     0
 270     0
 271     0
 272    90.1889
 273    69.53
 274    55.5958
 275    38.5565
 276    78.2781
 277    58.2584
 278     3.3954
 279     0
 280   479.239
 281   454.638
 282   595.817
 283   574.41
 284   361.988
 285   265.953
 286   158.049
 287    54.1444
 288  1006.46
 289   898.666
 290  1015.07
 291   894.83
 292  1003.32
 293   773.03
 294   661.451
 295   215.388
 296    77.4926
 297   132.841
 298   173.11
 299   109.837
 300    96.5626
 301    34.8052
 302    60.2733
 303    50.6334
 304    12.464
 305    12.464
 306    20.7824
 307    10.1832
 308     0
 309     0
 310     0
 311     8.986
 312     0
 313     0
 314     0.71
 315     0.9792
 316     0
 317     0
 318     0.4517
 319     0
 320     0
 321     0
 322     0
 323     0
 324     0
 325     0
 326     0
 327     0
 328     0.4364
 329     1.2381
 330     1.182
 331     0
 332     0
 333     0
 334     0.6479
 335     0
 336    11.7108
 337     0
 338    10.1519
 339     2.8938
 340     1.0064
 341     0
 342     0.1816
 343     0
 344    88.4736
 345    63.0197
 346    67.7368
 347    55.3321
 348    79.1532
 349    37.7124
 350    10.6457
 351     0
 352    79.1465
 353   115.659
 354   109.429
 355    71.0872
 356   130.377
 357    75.3781
 358    17.0784
 359     0
 360     7.4063
 361    13.7504
 362    44.2196
 363    36.9121
 364    39.5846
 365    51.748
 366     6.799
 367     0
 368     0.1483
 369     0
 370     0
 371     1.136
 372     0.848
 373     0.8742
 374     0
 375    17.0734
 376     0
 377     0
 378     0
 379     0
 380     0
 381     0
 382     0
 383     0
 384     0
 385     0
 386     0
 387     0
 388     0
 389     0
 390     0
 391     0
 392     0
 393     0
 394     0
 395     0
 396     0.4946
 397     0
 398     0
 399     0
 400     0.0713
 401     0
 402     0
 403     0
 404     0
 405     0.6887
 406     0.4975
 407     0
 408     0
 409     0.1975
 410     3.202
 411     0
 412     0
 413     0.1816
 414     0
 415     0
 416     3.4094
 417     0
 418     0.6682
 419     0
 420     7.7209
 421    13.595
 422     0.1157
 423     0
 424    14.2662
 425     0
 426     0
 427     0.5362
 428     0
 429     0.357
 430     0
 431     0
 432     0
 433     1.1246
 434     0
 435     0.1423
 436     0
 437     0
 438     0
 439     0
 440     0
 441     0
 442     0
 443     0
 444     0
 445     0
 446     0
 447     0
 448     0
 449     0
 450     0
 451     0
 452     0
 453     0
 454     0
 455     0
 456     0
 457     0
 458     0
 459     0
 460     0
 461     0
 462     0
 463     0
 464     0
 465     0
 466     0
 467     0
 468     0
 469     0.3331
 470     0
 471     0
 472     0
 473     0
 474     0
 475     0
 476     0
 477     0.0185
 478     0
 479     0
 480     0.4842
 481     0
 482     0
 483     0.8728
 484     0
 485     0
 486     0.7291
 487     0
 488     0
 489     0.4436
 490     0
 491     0
 492     0
 493     0
 494     0
 495     0
 496     0
 497     0
 498     0
 499     0.5362
 500     0
 501     0
 502     0
 503     0
 504     0
 505     0
 506     0.1768
 507     0
 508     0
 509     0.1816
 510     0
 511     0
