This file was gnenerated on 2021-06-17 21:23:26.947951 by Grant Finneman. This contains the extracted data from the Gate simulations
The edep for each bar was summed up and printed to this file. The only math operation done has been addition.

  id      edep
   4    0.3385
  13    0.0042
  15    0.0553
  17    0.7726
  25    0.8321
  26    0.0108
  35    0.0809
  45    0.9082
  52    0.1458
  74    0.8431
  81    0.1428
  84    0.9221
  85    0.4826
  89    0.0381
  90    0.0693
  94   15.8784
  95    2.6464
  96    0.7614
  97   21.3192
  98    0.9605
 101    0.1488
 106    0.1055
 108    0.4373
 112    0.1532
 113    0.7283
 130    0.1504
 135    0.3908
 141    0.0553
 142    0.8121
 143    0.9814
 144    0.4292
 145   13.9222
 146   43.3349
 149    0.5314
 150    0.1428
 151    2.6464
 152   11.465
 153  100.803
 154  100.529
 155   18.9478
 156    5.0191
 157   32.1082
 159    5.2928
 160   13.8729
 161   24.2445
 162   31.7452
 163   61.9737
 164   20.7145
 166   21.7178
 168   19.676
 169   23.191
 170   25.361
 171   28.4587
 174   16.8896
 177    0.9045
 178    1.809
 179    1.3004
 180    1.0178
 183    0.9409
 186    0.9045
 192    0.7036
 197    0.4553
 200    0.9627
 201   11.2098
 202    0.768
 208  120.619
 209   64.5653
 210   41.6626
 211   82.1766
 212   40.4954
 213   16.4676
 214   19.17
 215    0.9647
 216  699.92
 217  777.623
 218  798.235
 219  788.077
 220  656.799
 221  481.733
 222  303.714
 223   87.9699
 224  715.113
 225  632.832
 226  695.959
 227  557.933
 228  515.195
 229  447.168
 230  292.496
 231   99.8256
 232  114.279
 233   42.6807
 234   72.5353
 235   56.2447
 236   67.7844
 238   11.2122
 239    0.4959
 240    0.181
 244    1.6068
 245    1.1131
 246    0.9409
 247    0.9409
 248    0.0875
 249    0.2543
 258    0.7036
 262    0.5878
 264    0.7036
 266    0.592
 267    0.5246
 268    0.6344
 269    0.6569
 272   36.769
 273   68.7728
 274   61.2507
 275   75.3377
 276   25.3235
 277   16.7001
 278    4.4698
 279    4.2675
 280  606.045
 281  694.378
 282  815.897
 283  965.196
 284  724.508
 285  497.068
 286  361.949
 287  132.639
 288  795.614
 289  946.931
 290  922.552
 291  889.64
 292  853.576
 293  589.069
 294  397.129
 295  182.302
 296   21.4664
 297   94.1291
 298   90.9066
 299   64.6603
 300   88.5507
 301   45.4722
 302   26.5486
 306    1.2954
 307   14.6293
 308    0.5308
 309    0.5308
 313    0.2543
 314    0.8321
 315    0.6477
 316    0.7545
 318    1.3416
 328    0.5869
 329    0.504
 330    0.5317
 337    0.504
 338    0.7332
 339    0.5388
 340   12.6008
 342    0.4011
 343    0.4456
 344  105.921
 345   45.4803
 346  106.538
 347  123.678
 348   46.4826
 349    4.1514
 350   21.654
 352   25.5957
 353   80.6709
 354   41.6651
 355   68.9273
 356   47.8109
 357   26.5304
 358    9.1792
 359    1.1426
 360   17.5757
 361   32.0865
 362    6.7354
 363    6.6619
 364   11.7855
 366    1.1726
 374    0.7036
 381    0.1751
 393    0.2185
 400    0.3515
 402    0.6754
 403    1.4892
 405    0.834
 409    1.5236
 410    0.3863
 411    0.0559
 413    0.7218
 414   20.3029
 417    0.2928
 419    0.1751
 422    0.1448
 424    0.8431
 425    0.1751
 428    0.7036
 430    0.2165
 432    0.2514
 436    0.3252
 438    1.688
 442    0.4667
 464    0.7838
 466    0.3515
 479    0.9746
 485    0.5325
 487    0.9746
 495    0.1428
 498    0.2654
