This file was gnenerated on 2021-06-22 22:19:23.091542 by Grant Finneman. This contains the extracted data from the Gate simulations
The edep for each bar was summed up and printed to this file. The only math operation done has been addition.

  id        edep
   0     0.4778
   1     0
   2     0
   3     0
   4     6.44499
   5    10.8335
   6     7.187
   7     5.28887
   8     0.55935
   9    23.0668
  10    14.3615
  11     0.36044
  12    22.7535
  13     1.04526
  14     1.16289
  15     0
  16    29.7513
  17    49.892
  18   104.671
  19    35.7143
  20     3.77538
  21     5.55825
  22     6.25444
  23     2.76144
  24    32.5429
  25    24.6736
  26    52.3155
  27    28.5012
  28    10.1638
  29     4.07614
  30     2.99921
  31     3.03214
  32     1.21211
  33    31.4374
  34     8.47634
  35    38.23
  36     0.6325
  37    22.1539
  38     4.40321
  39     0
  40     1.55839
  41     0.82614
  42     3.30381
  43     1.9438
  44     1.19786
  45     0.82716
  46     4.62154
  47     5.28792
  48     0.65206
  49     1.5176
  50     0.92419
  51     1.01127
  52     1.10923
  53     0.21629
  54     0
  55     0
  56     0.86928
  57     0.05891
  58     0.4535
  59     0
  60     5.70942
  61     3.81755
  62     3.70129
  63     4.14747
  64    12.2137
  65     2.04908
  66    12.8039
  67     0
  68     0
  69     1.10493
  70     1.61335
  71     0.48337
  72    79.8686
  73    37.7567
  74    12.71
  75     7.38668
  76    16.7114
  77     4.08562
  78     1.75868
  79    13.5928
  80   195.556
  81   295.805
  82   348.45
  83   129.436
  84    91.7129
  85    15.071
  86    35.8777
  87     1.50964
  88   354.367
  89   650.67
  90   454.538
  91   329.391
  92   279.098
  93   172.109
  94    77.8523
  95    12.4895
  96   183.101
  97   235.889
  98   130.766
  99   204.451
 100   163.063
 101   108.001
 102    30.4685
 103     4.21304
 104    31.9863
 105    18.82
 106    19.3658
 107    77.6608
 108     0
 109     1.85913
 110    16.4904
 111     1.86327
 112     1.66576
 113     0.83828
 114     1.27684
 115     4.85945
 116     1.36549
 117     0.33748
 118     0.89704
 119     0.05358
 120     0.83405
 121     0.36095
 122     0.22713
 123     3.30967
 124     0.88406
 125     0.11659
 126     0.97376
 127     0
 128     7.60291
 129     4.48994
 130     1.63915
 131     0.44948
 132     1.25073
 133     1.36402
 134     0.85941
 135     0.37955
 136   215.588
 137   217.076
 138   130.836
 139    65.9649
 140    57.9624
 141     6.71763
 142    13.527
 143     8.15433
 144  1372.97
 145  1711.62
 146  1639.62
 147  1181.82
 148   829.814
 149   610.032
 150   468.871
 151   166.014
 152  3330.35
 153  3506.92
 154  3277.84
 155  3005.19
 156  2470.52
 157  1941.34
 158   982.82
 159   371.449
 160  1268.43
 161  1323.73
 162  1040.84
 163   988.583
 164   744.798
 165   492.732
 166   169.485
 167    81.2836
 168   180.968
 169   231.384
 170   105.107
 171    90.897
 172    81.7764
 173    41.1938
 174    38.0384
 175    45.2384
 176     4.37948
 177    10.5213
 178    12.5192
 179    13.6728
 180     0.73847
 181     1.49528
 182     3.06299
 183     2.12398
 184     0.02717
 185     0
 186     0.57213
 187     0.99545
 188     0.3511
 189     0
 190     0
 191     0
 192    29.3722
 193     0.311
 194    23.3483
 195     0.80836
 196     2.10121
 197     0.46311
 198     1.80866
 199     2.93347
 200   266.66
 201   185.88
 202   167.661
 203   108.987
 204    79.5628
 205    26.9315
 206     2.5607
 207     2.03781
 208  1756.39
 209  1681.96
 210  1883.98
 211  1284.66
 212  1240.87
 213   928.056
 214   561.495
 215   203.912
 216  5447.15
 217  5574.54
 218  5788.03
 219  4819.39
 220  3952.25
 221  2882.27
 222  1986.9
 223   839.968
 224  3548.33
 225  3857.2
 226  3431.63
 227  3360.77
 228  2938.09
 229  2281.81
 230  1508.1
 231   543.308
 232   640.368
 233   809.339
 234   569.261
 235   512.63
 236   193.649
 237   167.22
 238    70.3642
 239     7.03714
 240    76.3694
 241   122.326
 242    27.6286
 243    40.8429
 244    26.5909
 245    57.3935
 246    22.1922
 247     1.30263
 248     4.2319
 249     7.08234
 250     1.72782
 251     4.56193
 252     3.02406
 253    18.1179
 254     0
 255     5.4564
 256     3.33443
 257     1.91687
 258    21.4178
 259     1.91097
 260     1.90592
 261     0.23218
 262     2.48961
 263     0.03596
 264    86.9067
 265    94.5801
 266    33.1761
 267    79.7042
 268    34.5688
 269    12.3122
 270    21.7028
 271    13.3194
 272   735.631
 273   666.698
 274   623.415
 275   519.284
 276   315.287
 277   293.68
 278    27.0423
 279     3.8499
 280  4013.67
 281  4192.9
 282  3904.29
 283  3324.3
 284  2586.26
 285  1994.95
 286  1112.55
 287   465.378
 288  5155.15
 289  5900.7
 290  5368.11
 291  4687.33
 292  4225.28
 293  3129.7
 294  2044.4
 295   764.595
 296  1796.03
 297  1872.19
 298  1611.48
 299  1511.66
 300  1029.81
 301   897.044
 302   484.852
 303   190.29
 304   328.254
 305   297.021
 306   124.557
 307   161.562
 308    37.4854
 309    20.7792
 310    29.702
 311     1.00528
 312     2.5477
 313     7.93655
 314     1.92458
 315     1.70065
 316     1.92947
 317     0.35942
 318    15.7172
 319    10.143
 320     0.7299
 321     1.37128
 322     0.1644
 323     2.05021
 324     0.55661
 325     1.59868
 326     0.44286
 327    12.1684
 328    43.0158
 329    28.2954
 330    44.8485
 331    29.8486
 332     0.80036
 333     0.93031
 334    24.5825
 335    32.787
 336   209.757
 337   254.975
 338   298.774
 339   253.208
 340   108.051
 341    44.0353
 342    16.0397
 343     7.96634
 344  1361.88
 345  1477.35
 346  1334.43
 347  1241.73
 348   796.451
 349   538.45
 350   246.449
 351    71.7663
 352  3343.22
 353  3853.36
 354  3655.1
 355  2879.11
 356  2384.75
 357  2138.48
 358  1520.57
 359   504.119
 360  1343.51
 361  1309.22
 362  1504.79
 363  1204.88
 364   839.102
 365   782.114
 366   438.59
 367   122.918
 368   284.107
 369   230.516
 370    88.0439
 371   111.359
 372    39.2176
 373    16.1709
 374     8.20272
 375     1.8274
 376    22.7258
 377    20.4977
 378    13.9698
 379    15.6597
 380     0.50443
 381    12.3168
 382     8.11126
 383    14.3774
 384     0.73693
 385     0.73444
 386     0.61491
 387     0.51624
 388     0
 389     0.10794
 390     0.63405
 391     0.13091
 392     0.08299
 393    10.0472
 394    28.4104
 395     0
 396     0.02727
 397     1.29008
 398     1.59275
 399     0
 400    65.0676
 401    21.9282
 402    23.698
 403    36.7595
 404    25.5001
 405     2.59787
 406     2.38232
 407     0.31068
 408   113.368
 409   128.081
 410   183.553
 411   125.614
 412   147.128
 413    27.1463
 414    18.7281
 415     1.703
 416   392.358
 417   442.498
 418   408.802
 419   432.443
 420   226.526
 421   104.617
 422    62.3033
 423     9.51499
 424   290.544
 425   215.534
 426   178.116
 427    83.7971
 428   127.763
 429    82.1992
 430    49.7645
 431    13.7668
 432    93.006
 433    67.3143
 434    43.4946
 435    27.7842
 436    13.8932
 437    17.7299
 438     0.10891
 439     0.99752
 440     1.6023
 441     0.79982
 442     1.09585
 443     0
 444     1.99573
 445    13.4677
 446     0
 447     0
 448     0.72156
 449     0
 450     0.51645
 451     1.26494
 452     0.72447
 453     0
 454     2.4188
 455     0.40139
 456     0
 457     0.58241
 458     0.80367
 459     0
 460     0
 461     0.7126
 462     1.82292
 463     0
 464     8.20809
 465     0
 466     3.73396
 467     0
 468     2.80643
 469     5.36744
 470     4.05813
 471    17.1528
 472     2.99831
 473     1.7486
 474     2.17046
 475     5.24256
 476    83.2261
 477     6.77567
 478     0.88456
 479     0.17554
 480    20.758
 481    76.9677
 482    11.6937
 483     1.52546
 484     0
 485     1.0885
 486     0.62729
 487     0.48201
 488    26.6585
 489    36.3177
 490     8.00428
 491     9.17487
 492    15.2708
 493     2.09105
 494     0
 495     0.77108
 496    28.8999
 497    27.6955
 498     0.47426
 499     0.34925
 500     1.89511
 501     0.51371
 502     0
 503     0
 504     0.08477
 505     1.21337
 506     0.63113
 507     0
 508     1.6567
 509     0.60899
 510     0
 511     0
