This file was gnenerated on 2021-06-23 10:28:18.753997 by Grant Finneman. This contains the extracted data from the Gate simulations
The edep for each bar was summed up and printed to this file. The only math operation done has been addition.

  id        edep
   0     0
   1     0
   2     2.13492
   3     0
   4     0.77468
   5     0.88437
   6     0
   7     0
   8     0.90685
   9     0.9262
  10     1.31351
  11     0.18147
  12     0.72651
  13     1.16424
  14     0
  15     0.37303
  16     5.04903
  17     0.4336
  18    10.2676
  19    22.5575
  20     0
  21     0.60713
  22     2.043
  23     0.92382
  24    63.2118
  25    76.2489
  26    53.6311
  27    13.0437
  28    30.1169
  29    16.3161
  30     9.92316
  31     0.1044
  32    85.8818
  33   133.058
  34   151.248
  35    61.692
  36    81.2483
  37    38.2637
  38     6.02001
  39     7.69384
  40    33.4191
  41   123.128
  42    64.9545
  43    50.6767
  44    48.0167
  45    31.9331
  46    17.1982
  47     3.09918
  48    12.0352
  49    13.4039
  50    51.3834
  51    20.6913
  52     0.0946
  53     1.95995
  54     0.16525
  55     0
  56     0.70215
  57     0.36956
  58     2.2905
  59     0.45467
  60     1.74042
  61     0.79448
  62     0
  63     0.75836
  64    14.7214
  65    16.256
  66    16.9644
  67     6.75323
  68     2.97448
  69     2.47849
  70     3.82465
  71     3.05316
  72    27.8948
  73    52.0007
  74    67.3111
  75    26.9171
  76    35.5818
  77     1.53655
  78     0
  79     0
  80   177.798
  81   212.115
  82    96.7727
  83    48.4424
  84    64.6632
  85    82.8323
  86    25.4987
  87     0
  88   628.397
  89   470.505
  90   368.494
  91   326.052
  92   380.896
  93   307.894
  94   163.232
  95    36.2737
  96   989.79
  97  1035.77
  98   841.853
  99   745.828
 100   595.43
 101   523.577
 102   321.064
 103    82.4683
 104   651.622
 105   656.239
 106   549.997
 107   520.815
 108   469.73
 109   328.31
 110   197.228
 111    60.4028
 112    89.1993
 113   159.978
 114   168.396
 115    95.9334
 116    63.0886
 117    35.9532
 118     1.40696
 119     0
 120    38.5685
 121    30.565
 122    11.7867
 123     2.9515
 124    19.9899
 125     0.86856
 126     1.15863
 127     0
 128    99.5218
 129    69.5305
 130    98.9739
 131    61.1179
 132    20.1611
 133    49.9059
 134    17.5857
 135     0.5307
 136   291.543
 137   313.144
 138   237.579
 139   169.966
 140   140.126
 141    99.1805
 142    38.1126
 143    20.2853
 144   918.658
 145  1038.92
 146   837.265
 147   658.145
 148   509.747
 149   345.744
 150   218.776
 151    53.2073
 152  1442.82
 153  1729.29
 154  1449.07
 155  1404.26
 156  1125.75
 157   813.348
 158   454.45
 159   186.006
 160  1577.28
 161  1326.16
 162  1472.91
 163  1752.35
 164  1197.78
 165  1074.09
 166   522.402
 167   153.746
 168  1303.11
 169  1521.53
 170  1283.84
 171  1202.86
 172  1085.11
 173   756.277
 174   410.648
 175   200.897
 176   348.036
 177   433.81
 178   336.523
 179   309.436
 180   230.816
 181   189.834
 182   108.054
 183    44.4007
 184    87.2764
 185    68.0331
 186    74.7663
 187    95.5935
 188    44.4947
 189     0
 190     0.35724
 191     0
 192   138.841
 193   174.03
 194   193.67
 195   158.804
 196    93.5938
 197    29.6855
 198    36.0183
 199     9.59792
 200  1105.23
 201  1272.07
 202  1195.53
 203  1089.78
 204   742.694
 205   577.975
 206   355.738
 207   127.806
 208  1588.81
 209  1834.41
 210  1906.2
 211  1526.98
 212  1241.46
 213   820.054
 214   619.112
 215   229.71
 216  1695.1
 217  2076.15
 218  1955.13
 219  1914.2
 220  1589.62
 221  1068.31
 222   637.053
 223   251.772
 224  1792.46
 225  1872.99
 226  1407.61
 227  1631.06
 228  1402.06
 229   873.009
 230   520.709
 231   174.294
 232  1585.13
 233  1830.92
 234  1609.45
 235  1356.15
 236  1150.37
 237   842.984
 238   565.368
 239   185.003
 240   886.983
 241  1053.58
 242   964.391
 243   909.679
 244   676.664
 245   417.179
 246   231.41
 247   113.266
 248   106.033
 249    83.895
 250   109.135
 251    79.7282
 252    90.7065
 253    67.2506
 254    28.5962
 255     1.1077
 256    90.7085
 257    85.6302
 258   134.981
 259    73.8441
 260    48.5242
 261    18.4635
 262    39.5579
 263    22.7788
 264   943.996
 265  1041.24
 266  1134.37
 267   893.96
 268   769.916
 269   482.441
 270   329.473
 271    93.2475
 272  1624.48
 273  1929.31
 274  2094.54
 275  1599.16
 276  1139.72
 277   769.696
 278   465.895
 279   145.002
 280  1871.66
 281  2070.74
 282  2010.65
 283  1814.33
 284  1379.51
 285  1131.94
 286   548.222
 287   231.922
 288  2023.85
 289  1926.18
 290  1812.7
 291  1688.38
 292  1448.52
 293   889.6
 294   488.977
 295   226.271
 296  1730.54
 297  1729.18
 298  1841.76
 299  1566.15
 300  1456.76
 301  1213.72
 302   721.762
 303   260.383
 304  1129.9
 305  1194.15
 306  1031.67
 307   963.765
 308   750.502
 309   657.061
 310   431.588
 311   104.987
 312   153.123
 313   147.701
 314   116.562
 315   204.442
 316   153.532
 317    79.1891
 318    67.9549
 319    16.4832
 320    55.0491
 321    93.273
 322    74.8876
 323    37.4508
 324     0.22628
 325    25.9453
 326     1.68387
 327     0.83062
 328   421.451
 329   465.268
 330   458.705
 331   261.213
 332   169.047
 333   176.765
 334    82.6461
 335    49.0442
 336  1830.75
 337  1753.92
 338  1505.1
 339  1352.86
 340  1088.54
 341   744.017
 342   529.385
 343   255.147
 344  1887.99
 345  1927.93
 346  1625.36
 347  1422.34
 348  1116.55
 349   834.893
 350   576.132
 351   194.454
 352  1718.99
 353  1707.27
 354  1434.62
 355  1208.33
 356  1028.43
 357   770.138
 358   465.322
 359   225.089
 360   919.085
 361   847.843
 362   825.624
 363   821.777
 364   623.352
 365   442.972
 366   300.494
 367   122.636
 368   285.251
 369   244.604
 370   146.639
 371   165.676
 372   187.378
 373   128.541
 374    71.7147
 375     3.15002
 376    15.0982
 377    42.6242
 378    55.7344
 379    92.9
 380    24.8539
 381     0.66728
 382     0
 383     0.68356
 384    21.7876
 385    24.279
 386    11.419
 387     1.20713
 388     0
 389     1.20137
 390     0
 391     0
 392    96.3384
 393   216.912
 394   144.784
 395    84.9998
 396    36.0592
 397    46.2849
 398     3.15118
 399     3.0836
 400   848.158
 401   680.559
 402   871.661
 403   670.077
 404   487.77
 405   361.905
 406   172.513
 407    64.6246
 408  1043.51
 409   982.251
 410  1086.84
 411   871.754
 412   689.553
 413   470.948
 414   339.933
 415   166.609
 416   457.787
 417   447.238
 418   438.105
 419   414.301
 420   200.274
 421   142.677
 422    91.1402
 423    17.9862
 424    91.7167
 425   185.487
 426   250.678
 427   136.904
 428    63.7023
 429     8.03223
 430     0.32319
 431     0
 432    45.729
 433    18.5711
 434     1.51889
 435    16.9823
 436    20.837
 437     1.64472
 438    18.8918
 439     0.16243
 440    27.5035
 441     4.56659
 442     9.32359
 443     0.93459
 444     0.25516
 445     0.56889
 446     0
 447     0.04535
 448     0.49685
 449     0
 450    26.6069
 451     1.56117
 452     0
 453     0.21556
 454     1.79673
 455     0
 456    39.4496
 457     2.38219
 458    34.9812
 459     0
 460    33.2963
 461    22.0151
 462     0.65996
 463     1.12058
 464    88.6143
 465    66.8389
 466    96.9573
 467   103.799
 468    55.8268
 469    26.9628
 470    26.8863
 471     1.39894
 472   109.01
 473   115.902
 474   184.642
 475    97.1894
 476    24.4724
 477    13.679
 478    25.9263
 479    37.903
 480    92.8489
 481    73.8473
 482    63.4005
 483    26.8826
 484     0.87014
 485     7.78129
 486     0.97341
 487     1.5192
 488    12.857
 489    23.7483
 490    16.2079
 491    23.6973
 492     1.82351
 493     0.06057
 494     0
 495     1.09205
 496     0
 497     1.47354
 498     0
 499     0.05476
 500    16.0647
 501     1.00582
 502     0
 503     0.8757
 504     1.95746
 505     0.08921
 506     2.55703
 507     0.45217
 508     0
 509     0
 510     0.63555
 511     0.81679
