This file was gnenerated on 2021-06-22 22:22:20.798444 by Grant Finneman. This contains the extracted data from the Gate simulations
The edep for each bar was summed up and printed to this file. The only math operation done has been addition.

  id        edep
   0     0.17689
   1     0.87149
   2     0.7674
   3     0
   4     0.02052
   5     0.73918
   6     0.93426
   7     0
   8     0
   9     0.39942
  10     1.22453
  11     0
  12     0
  13     0
  14     1.09925
  15     0
  16     1.32612
  17     0.73119
  18     0
  19     0
  20     1.29114
  21     0.47451
  22     0.928
  23     0.52643
  24     3.90268
  25     1.0772
  26     1.70122
  27     0.88247
  28     0.05128
  29     3.4519
  30     0.40678
  31     0.93461
  32     3.39205
  33     3.84472
  34     6.16038
  35     1.86166
  36     2.09973
  37     1.6135
  38     1.06025
  39     0.96035
  40     1.13228
  41     0.06223
  42     0
  43     0
  44     0.9988
  45     0.47784
  46     1.15725
  47     0
  48     0
  49     0
  50     0
  51     3.90412
  52     3.18502
  53     0
  54     0.32931
  55     0
  56     0.47664
  57     0
  58     0.64181
  59     0.38326
  60     0
  61     0
  62     0
  63     2.02513
  64     0.47014
  65     1.95314
  66     0.37621
  67     1.77095
  68     0.90635
  69     0.89606
  70     0.91851
  71     0.90639
  72     0
  73     2.13184
  74     0.66558
  75     1.52729
  76     6.5278
  77     9.2259
  78    33.2361
  79     2.35978
  80     0.67984
  81    49.9448
  82    12.7967
  83    19.5494
  84    16.3157
  85     1.2414
  86    20.6754
  87    13.23
  88    57.422
  89    75.412
  90    43.5431
  91    74.4307
  92    11.7262
  93     7.74815
  94     4.42269
  95     4.1091
  96    22.9723
  97    25.3001
  98    71.5479
  99    90.3204
 100    11.626
 101    37.6386
 102    12.8692
 103     1.52809
 104     1.22708
 105    18.5254
 106    22.9219
 107     2.58385
 108     3.72126
 109     3.00056
 110     2.74286
 111     1.05988
 112     0.69317
 113     0.65896
 114     1.00494
 115     3.47618
 116     3.72666
 117     2.17781
 118     1.64826
 119     0.79396
 120     0
 121     0
 122     1.65831
 123     2.04865
 124     1.08127
 125     0
 126    14.5259
 127    33.0887
 128     0.92335
 129     2.73115
 130     2.35512
 131    18.7967
 132     0
 133     1.05835
 134     1.34208
 135     0
 136    36.2563
 137    43.0073
 138     8.63254
 139    52.49
 140    20.4663
 141     1.57226
 142     1.39107
 143     1.46345
 144   294.862
 145   417.215
 146   211.459
 147   181.748
 148   154.27
 149    70.3223
 150    20.5047
 151    25.4181
 152   736.087
 153   836.037
 154   644.164
 155   676.854
 156   538.472
 157   261.644
 158   110.852
 159    11.497
 160   519.132
 161   913.52
 162   766.535
 163   389.921
 164   324.451
 165   124.11
 166    49.2339
 167    10.1223
 168   187.064
 169   213.598
 170   107.863
 171   167.563
 172    54.6051
 173    63.7608
 174     7.99803
 175    11.0343
 176     2.72238
 177    15.1216
 178     8.29969
 179    18.7872
 180    15.2562
 181     1.73996
 182     4.92215
 183     2.83138
 184     1.52041
 185     1.3331
 186     0.46062
 187     0.18122
 188     0
 189     0
 190     1.03872
 191     0
 192    23.5385
 193     2.65014
 194    11.0167
 195     0.63582
 196     0.8933
 197     4.33067
 198     4.04672
 199     1.42127
 200   199.729
 201   151.333
 202    67.7638
 203    77.8773
 204    13.1867
 205    20.1225
 206    29.3782
 207     2.92592
 208  1685.14
 209  2046.74
 210  1717.21
 211  1450.96
 212  1009.04
 213   494.975
 214   184.993
 215    96.6189
 216  8636.4
 217  9006.25
 218  7945.35
 219  7735.03
 220  6642.92
 221  5330.79
 222  3176.81
 223  1466.99
 224  5328.35
 225  5482.38
 226  5695.9
 227  5383.24
 228  4324.15
 229  3211.4
 230  1937.23
 231   708.514
 232  1395.05
 233  1236.32
 234  1368.95
 235  1039.19
 236   716.955
 237   365.983
 238   216.855
 239    31.8342
 240    83.1394
 241   297.651
 242   153.445
 243    73.9731
 244    43.7755
 245    22.0618
 246    26.12
 247    20.282
 248     0.7007
 249     0.58327
 250    14.0376
 251    28.0685
 252     0
 253     0.91823
 254     0
 255     0
 256    19.73
 257     1.38931
 258     0.78553
 259     0
 260     0.98895
 261     2.2993
 262     1.39341
 263     1.46627
 264   103.89
 265   162.818
 266   109.205
 267    75.945
 268    39.5462
 269    55.7807
 270     1.66758
 271     2.42939
 272  1169.9
 273  1181.4
 274  1091.2
 275  1225.49
 276   712.789
 277   397.643
 278   185.014
 279    24.8168
 280  5401.15
 281  5503.28
 282  5548.69
 283  5019.15
 284  4290.81
 285  3179.05
 286  1835.07
 287   674.67
 288  8522.43
 289  8410.65
 290  8282.87
 291  8117.94
 292  6999.12
 293  5416.63
 294  3583.42
 295  1468.82
 296  1764.66
 297  1901.34
 298  1811.48
 299  1371.11
 300  1055.15
 301   680.416
 302   250.889
 303    83.032
 304   169.638
 305   180.123
 306   153.151
 307   132.957
 308    81.7701
 309    54.7309
 310     7.71986
 311     1.67609
 312     1.3312
 313     1.2397
 314     1.45481
 315     0.12644
 316     1.50654
 317    14.8179
 318    18.7112
 319    10.2861
 320     3.19595
 321     0
 322     2.78344
 323     0.78481
 324     0
 325     0.3435
 326     0.84536
 327     0
 328    23.1747
 329    39.2943
 330    58.381
 331    15.9606
 332     0
 333     1.69711
 334     0
 335     0.97358
 336   160.371
 337   186.51
 338   239.333
 339   203.709
 340    91.3395
 341    81.758
 342    25.7142
 343    22.5773
 344   558.236
 345   709.488
 346   599.703
 347   521.632
 348   333.084
 349   150.216
 350   139.013
 351    49.8168
 352   799.826
 353   772.171
 354   940.004
 355   647.388
 356   376.682
 357   147.779
 358    78.4805
 359    61.4241
 360   228.507
 361   360.323
 362   388.841
 363   175.492
 364    91.6619
 365   118.687
 366    13.5302
 367     4.12442
 368    22.2085
 369    54.9838
 370    17.5755
 371    39.7291
 372     3.06627
 373     0.60406
 374     0
 375    13.7569
 376     2.04348
 377     0.65383
 378     2.81765
 379     0
 380     0
 381    27.5505
 382    10.954
 383     0.77006
 384     0.86676
 385     0
 386     1.21864
 387     0.703
 388     0.703
 389     0.99521
 390     0.92171
 391     0
 392     1.26154
 393     0.76989
 394     0.24832
 395     9.93664
 396    16.2537
 397    15.2076
 398     4.84448
 399     4.15013
 400     2.29533
 401     0
 402     2.32432
 403    11.5306
 404     1.66926
 405     5.05189
 406     0
 407     2.40634
 408    23.1726
 409    27.6343
 410    39.7431
 411    61.8416
 412     1.73519
 413    10.3574
 414     8.96787
 415     1.2439
 416    49.1624
 417    16.4751
 418    33.3097
 419    72.3458
 420    32.2797
 421     7.24369
 422     2.79724
 423    11.5182
 424    54.3057
 425    47.2927
 426    44.7701
 427    35.7198
 428    19.527
 429     7.45273
 430     3.7046
 431     5.53647
 432     1.95559
 433     5.05332
 434     2.07097
 435     0.91212
 436     0.71388
 437     0.15076
 438     1.18426
 439     1.59503
 440     0.22033
 441     0.04667
 442     0
 443     0.49165
 444     1.05454
 445     2.45492
 446     0.15076
 447     0
 448     0.36668
 449     1.64668
 450     0.56359
 451     0.73086
 452     0
 453     0.75599
 454     0.66086
 455     1.32818
 456     2.28646
 457     0.56359
 458     0.97557
 459     0.86855
 460    10.7072
 461     9.99245
 462     0
 463     0.94926
 464     1.63367
 465     1.29377
 466     1.598
 467     2.41997
 468     1.13146
 469     1.25136
 470     6.68217
 471     4.93793
 472     0.88693
 473     0.08393
 474     0.08393
 475     0
 476     2.48287
 477    16.8915
 478     9.86948
 479     5.39883
 480     1.34126
 481     0.13083
 482     1.21807
 483     2.56097
 484     2.10776
 485     1.79845
 486     1.91466
 487     0.55088
 488     0
 489     0
 490     0
 491    17.1355
 492     2.1908
 493     0.19166
 494     0
 495     0.54758
 496     2.29703
 497     0.09334
 498     0
 499     0
 500     0.05103
 501     0
 502     0.61723
 503     0
 504     0
 505     0
 506     0.40513
 507     0.2956
 508     0
 509     0.77947
 510     0.78641
 511     0.16356
