This file was gnenerated on 2021-06-23 10:28:37.629896 by Grant Finneman. This contains the extracted data from the Gate simulations
The edep for each bar was summed up and printed to this file. The only math operation done has been addition.

  id        edep
   0     0.76664
   1     0.42604
   2     0.31953
   3     0
   4     0
   5     1.22872
   6     0
   7     0.47618
   8    12.6714
   9    38.2439
  10     9.49704
  11    20.2543
  12     0.98935
  13     0
  14     0
  15     0.48984
  16    55.8548
  17   108.109
  18    39.8434
  19    50.6088
  20    15.6048
  21    14.0022
  22    23.0093
  23     0.28507
  24   113.362
  25   199.702
  26   212.073
  27   124.752
  28   109.341
  29    96.1715
  30    19.7435
  31     5.49226
  32   137.802
  33   106.38
  34   134.192
  35    80.2552
  36    69.706
  37    42.2157
  38     3.35595
  39     0
  40    38.7657
  41    84.0327
  42    66.7144
  43    17.9385
  44    57.1048
  45    15.7024
  46     8.73698
  47     4.56872
  48     8.53479
  49    16.809
  50    54.0337
  51    19.2983
  52    25.5614
  53    15.0251
  54     0.45861
  55     0
  56     0.20488
  57     0
  58     0.77177
  59     0.44507
  60     1.42641
  61     0.71345
  62     1.95093
  63     0
  64     0.73336
  65    19.8893
  66     1.32737
  67     0.79537
  68     1.75639
  69     0
  70     0
  71     0
  72    74.3989
  73    46.0086
  74    70.977
  75    14.9742
  76     8.38675
  77     0.52252
  78     0
  79     0
  80   454.694
  81   352.429
  82   269.58
  83   278.7
  84    93.0404
  85    74.7348
  86    60.226
  87    34.5748
  88  1177.62
  89  1241
  90  1255.68
  91  1002.52
  92   944.171
  93   717.055
  94   459.39
  95   184.811
  96  1006.33
  97   909.366
  98  1002.95
  99   817.752
 100   873.548
 101   610.507
 102   354.559
 103   112.51
 104   490.326
 105   640.607
 106   424.963
 107   361.403
 108   270.59
 109   221.226
 110   159.821
 111    48.8531
 112   129.705
 113   213.189
 114    91.4129
 115   101.273
 116    43.0472
 117    42.8684
 118     0.92488
 119     1.4783
 120    36.7875
 121     1.18095
 122     0.45276
 123    19.9359
 124    19.043
 125    16.2994
 126     1.82408
 127     1.30961
 128    27.6757
 129    38.6465
 130     1.49053
 131     1.29853
 132     0
 133     0
 134     1.52981
 135     1.19289
 136   188.111
 137   150.465
 138   165.222
 139   100.446
 140    58.6145
 141    46.8171
 142    27.3146
 143     0
 144   860.801
 145   975.593
 146   905.629
 147   726.407
 148   469.078
 149   305.614
 150   220.213
 151    71.8863
 152  1630.27
 153  1505.79
 154  1454.47
 155  1581.6
 156  1124.83
 157   894.56
 158   599.048
 159   238.789
 160  1583.54
 161  1716.73
 162  1587.75
 163  1691.8
 164  1432.21
 165   922.7
 166   499.072
 167   205.99
 168  1375.72
 169  1437.65
 170  1600.59
 171  1473.68
 172  1219.54
 173   818.655
 174   466.696
 175   235.974
 176   763.84
 177  1145.21
 178   877.029
 179   695.439
 180   445.512
 181   330.374
 182   105.416
 183    61.2075
 184   184.313
 185   143.095
 186   114.291
 187   146.603
 188    56.3098
 189    25.2715
 190     0.51626
 191     1.03692
 192    52.4832
 193    48.0105
 194     4.78305
 195    43.3703
 196    25.4869
 197     8.59324
 198    13.0163
 199     2.41122
 200   401.256
 201   388.747
 202   451.119
 203   434.16
 204   166.126
 205   125.396
 206    52.1774
 207    23.8977
 208  1553.57
 209  1734.04
 210  1417.16
 211  1365.56
 212  1097.19
 213   970.56
 214   534.803
 215   228.083
 216  1731.26
 217  1819.91
 218  1658.74
 219  1667.19
 220  1493.63
 221   861.69
 222   665.744
 223   203.104
 224  1653.3
 225  1846.62
 226  1835.65
 227  1561.58
 228  1214.58
 229   868.596
 230   520.62
 231   195.74
 232  1594.11
 233  1893.13
 234  1771.05
 235  1588.26
 236  1144.19
 237   875.782
 238   472.273
 239   227.815
 240   844.622
 241   798.848
 242   683.093
 243   788.535
 244   694.108
 245   555.548
 246   440.21
 247   139.442
 248   170.594
 249   156.106
 250   134.801
 251   131.202
 252   115.641
 253    70.5374
 254    41.846
 255     1.26927
 256    90.7339
 257   196.313
 258    87.9309
 259    75.8506
 260    52.1155
 261    58.4633
 262    14.2992
 263    13.1357
 264   929.886
 265  1014.52
 266   936.53
 267   971.512
 268   765.282
 269   503.988
 270   332.391
 271    97.1231
 272  1927.31
 273  1909.09
 274  1753.5
 275  1597.32
 276  1278.59
 277   936.079
 278   545.3
 279   183.437
 280  1944.75
 281  2015.68
 282  1687.85
 283  1558.3
 284  1473.24
 285  1137.22
 286   701.582
 287   274.816
 288  2034.29
 289  1810.26
 290  1641.7
 291  1466.24
 292  1167.68
 293   945.937
 294   661.625
 295   284.697
 296  1417.55
 297  1393.86
 298  1368.35
 299  1285.59
 300  1184.93
 301   932.231
 302   504.539
 303   210.513
 304   442.474
 305   385.338
 306   338.724
 307   240.567
 308   179.517
 309   178.424
 310    88.6199
 311    37.384
 312    14.3474
 313    30.8545
 314    29.3592
 315    48.9623
 316    48.676
 317    10.9049
 318     0.58372
 319     0.14701
 320   118.027
 321   179.851
 322   151.137
 323    35.5785
 324    38.0673
 325    50.5427
 326    15.0987
 327     1.242
 328   705.737
 329   719.939
 330   697.768
 331   635.739
 332   455.262
 333   358.536
 334   259.172
 335    73.4653
 336  1313.18
 337  1499.58
 338  1488.84
 339  1509.75
 340  1197.07
 341  1010.69
 342   674.904
 343   224.051
 344  1776.65
 345  1780.59
 346  1675.62
 347  1453.32
 348  1153.73
 349   800.598
 350   504.011
 351   171.912
 352  1725.37
 353  1645.18
 354  1756.73
 355  1648.26
 356  1261.69
 357  1071.98
 358   589.145
 359   310.23
 360   693.386
 361   828.204
 362   900.996
 363   754.095
 364   697.91
 365   340.343
 366   182.231
 367    95.0625
 368    84.1839
 369   170.269
 370   162.718
 371    76.3995
 372   112.314
 373    15.6885
 374     9.00669
 375     0.7368
 376     0.90469
 377     5.88932
 378    17.7183
 379     0.4364
 380    20.3241
 381     0.49944
 382     0
 383     0.05447
 384     9.66798
 385    78.6477
 386    25.0762
 387    12.6797
 388     0.70383
 389     0.27966
 390     1.81267
 391     0.26805
 392    80.9271
 393   119.637
 394   125.717
 395   157.147
 396    84.686
 397    35.8895
 398     1.34015
 399    23.646
 400   450.723
 401   464.215
 402   409.608
 403   317.359
 404   247.887
 405   153.432
 406   114.835
 407    56.864
 408   872.249
 409   962.99
 410  1023.36
 411   959.66
 412   773.563
 413   531.528
 414   290.409
 415   161.772
 416  1092.14
 417  1303.71
 418  1412.25
 419  1002.63
 420   924.665
 421   683.883
 422   430.775
 423   130.697
 424   360.856
 425   548.963
 426   432.737
 427   277.246
 428   115.165
 429   117.463
 430    52.3852
 431     6.3427
 432    93.2278
 433    61.2802
 434    46.6766
 435    15.602
 436     1.60321
 437     2.29144
 438     0.42529
 439     2.25327
 440     0.87143
 441     0.27406
 442     1.22506
 443     0.61398
 444     1.98359
 445     0.60065
 446     0
 447     1.04937
 448     0
 449     1.468
 450     1.40857
 451     0
 452     0.6437
 453     0.43014
 454     0
 455     0.02176
 456    22.3271
 457    58.1861
 458    21.1227
 459    18.152
 460    23.8562
 461    23.3842
 462     0.93693
 463     1.1811
 464    71.8702
 465   116.193
 466   103.707
 467    34.7032
 468    40.0253
 469     9.00217
 470     0.57604
 471     0.90032
 472   179.563
 473   209.671
 474   132.314
 475   107.443
 476    36.3626
 477    81.4854
 478    16.9986
 479     4.14197
 480   125.531
 481   200.667
 482   175.828
 483   272.581
 484   167.471
 485    64.8631
 486    15.9666
 487    13.1811
 488    47.7707
 489    74.2023
 490    88.2221
 491   113.233
 492    39.2295
 493    10.8454
 494     0.803
 495     0.91769
 496    21.2773
 497    13.6732
 498     3.93482
 499     0.27468
 500     0
 501     0.0013
 502     2.15392
 503     0.98649
 504     0
 505     0
 506     0
 507     0
 508     0.22688
 509     0.90085
 510     0.10226
 511     0
