This file was gnenerated on 2021-06-22 22:06:08.770625 by Grant Finneman. This contains the extracted data from the Gate simulations
The edep for each bar was summed up and printed to this file. The only math operation done has been addition.

  id        edep
   0     0
   1     0.4317
   2     0
   3     0.60912
   4     0
   5     0.50563
   6     1.28354
   7     0.19666
   8     0
   9     0
  10     0.72897
  11     2.11467
  12     0
  13     0.88454
  14     0.89815
  15     0
  16     1.27202
  17     0.76802
  18     0.17776
  19     0
  20     0
  21     1.34303
  22     0
  23     0.45847
  24     1.36005
  25     3.30674
  26     0.7586
  27     2.29926
  28     1.27336
  29     0
  30     0.28853
  31     0
  32     1.17202
  33    20.9329
  34     0.06313
  35     1.77865
  36     0.72897
  37     1.09933
  38     2.77221
  39     1.11618
  40     0
  41     1.03863
  42     2.97502
  43     0
  44     0.89652
  45     0.86216
  46     0.96362
  47     2.55505
  48     1.70998
  49     1.34673
  50     0
  51     0.56283
  52     0.56984
  53     2.1663
  54     0.88717
  55     0
  56     0
  57     0
  58     0.47189
  59     1.9744
  60     0
  61     0.92207
  62     0.14084
  63     0
  64     1.69655
  65     0
  66     0.87967
  67     4.8259
  68     2.92831
  69     1.67244
  70     4.14726
  71     1.74607
  72     1.27991
  73     2.41081
  74     3.61451
  75     4.27829
  76     4.89444
  77     0
  78     0.70045
  79     0
  80     0.25069
  81     2.69139
  82     3.441
  83     0.75239
  84     7.60613
  85     2.29787
  86     3.10817
  87     1.02913
  88   123.743
  89    92.4609
  90     4.21982
  91     3.42846
  92     3.41927
  93     1.31297
  94     5.10743
  95     9.21096
  96    76.3665
  97   135.072
  98    36.6739
  99    83.6165
 100    30.4754
 101    25.6201
 102    17.5647
 103     8.53972
 104    62.6042
 105    74.0398
 106    64.479
 107    29.2236
 108     9.90316
 109    29.8634
 110    27.3268
 111     8.8746
 112     9.97024
 113    15.861
 114    16.664
 115    11.2174
 116    19.9611
 117     0.96188
 118    25.194
 119    11.5735
 120     0
 121     1.46392
 122     0
 123     1.13192
 124     0.93942
 125     0.30597
 126    20.9242
 127     1.31789
 128     1.29102
 129     0
 130     0
 131     0.04109
 132     0
 133     1.88048
 134    16.9079
 135     0.23115
 136    27.7609
 137    21.9806
 138     4.55444
 139     1.30868
 140    12.7585
 141    11.6213
 142    12.2092
 143     0.48015
 144   171.468
 145   226.541
 146   221.733
 147   116.449
 148    81.5361
 149    27.919
 150    25.0124
 151     0.89717
 152   708.167
 153   768.191
 154   422.121
 155   432.831
 156   313.592
 157   140.014
 158    35.0741
 159    26.6602
 160  1063.64
 161  1123.05
 162  1006.71
 163   805.391
 164   506.292
 165   280.547
 166   194.242
 167    53.3574
 168   518.011
 169   464.378
 170   538.383
 171   454.784
 172   317.502
 173   135.577
 174    17.5208
 175    25.5775
 176    65.9024
 177    22.3424
 178    26.93
 179    22.4284
 180   108.979
 181    32.4613
 182     1.39982
 183     1.72062
 184     0.02866
 185     2.02668
 186     0.35267
 187     1.25404
 188     4.92413
 189     2.98643
 190     2.90103
 191     1.00361
 192     0.30818
 193     0
 194     1.13159
 195    11.2146
 196     0.7248
 197     0.58747
 198     4.39946
 199     0.57547
 200    65.5778
 201    44.582
 202    88.0944
 203    47.0621
 204    26.2134
 205     6.63316
 206    17.4684
 207    21.9349
 208   959.638
 209  1099.39
 210   997.818
 211   794.895
 212   512.403
 213   328.661
 214   122.075
 215    27.2071
 216  4509.25
 217  4505.88
 218  4000.41
 219  3662.64
 220  2668.77
 221  2039.49
 222  1053.86
 223   442.928
 224  8964.4
 225  8943.8
 226  8398.57
 227  7902.01
 228  7187.81
 229  5560.69
 230  3690.35
 231  1469.52
 232  2419.78
 233  2310.9
 234  2460.46
 235  2100.25
 236  1703.72
 237  1206.63
 238   670.065
 239   195.061
 240   175.324
 241   230.378
 242   211.303
 243   122.212
 244    68.39
 245    14.6729
 246     3.51394
 247    21.0268
 248    39.3061
 249     6.82516
 250    19.8473
 251     2.82186
 252     2.57656
 253     0.45936
 254     2.02361
 255     0.05116
 256    14.2873
 257     6.31008
 258     8.08059
 259    13.3824
 260     0.6201
 261     4.56404
 262     7.54292
 263     7.01741
 264   182.812
 265   104.052
 266   177.632
 267    43.4797
 268    48.102
 269    72.9791
 270    10.3021
 271     2.46284
 272  2309.74
 273  2169.83
 274  2197.16
 275  2111.27
 276  1566.93
 277  1052.82
 278   539.945
 279   216.236
 280  8179.98
 281  8862.27
 282  8444.05
 283  7746.08
 284  6671.04
 285  5494.76
 286  3608.06
 287  1431.59
 288  3943.99
 289  4191.94
 290  3741.46
 291  3553.86
 292  2954.76
 293  2021.29
 294  1052.27
 295   319.246
 296  1056.2
 297  1128.48
 298  1051.99
 299   790.121
 300   484.379
 301   315.858
 302   138.381
 303    17.6416
 304    49.4598
 305   126.177
 306   128.697
 307    77.6224
 308    40.3553
 309    10.4678
 310    29.0654
 311    26.1446
 312    12.2452
 313     6.48777
 314     1.68812
 315     0.24545
 316     0
 317    19.2767
 318    13.0786
 319     6.47955
 320     1.48519
 321     2.19171
 322     0.63409
 323     1.44436
 324     0.10635
 325     1.43528
 326     0
 327     0
 328   126.584
 329    99.8991
 330    58.415
 331    66.7162
 332    47.4874
 333   109.596
 334    47.1947
 335     0
 336   563.491
 337   496.57
 338   551.843
 339   489.168
 340   397.142
 341   198.78
 342    41.3138
 343     8.81671
 344  1000.17
 345   994.602
 346   803.111
 347   881.546
 348   633.203
 349   401.951
 350   123.475
 351    20.0541
 352   528.817
 353   518.176
 354   534.646
 355   390.153
 356   363.363
 357   222.243
 358   118.611
 359    52.2453
 360   152.494
 361   177.565
 362   222.281
 363    83.644
 364    68.7645
 365    46.1326
 366    21.2187
 367    12.2315
 368    17.527
 369    13.4164
 370    24.0543
 371     5.1448
 372    24.0791
 373     1.18555
 374     0.19877
 375     0.22925
 376     1.17918
 377     2.19948
 378     2.44434
 379     0.21068
 380     0.96188
 381     0
 382     1.34277
 383     0.17667
 384     0.03144
 385     0.91343
 386     0
 387     0.80261
 388     0.78887
 389     0
 390     0.85912
 391     0
 392    22.1492
 393     9.69563
 394     1.46351
 395    12.8306
 396     8.51856
 397     1.88358
 398     0
 399     0.86009
 400    49.7869
 401    43.7787
 402    35.4963
 403    35.3468
 404     9.09568
 405     1.9056
 406     1.57214
 407     1.35459
 408   106.381
 409    72.3915
 410    81.4305
 411    52.8117
 412     9.86775
 413     6.67519
 414     5.96061
 415     3.44072
 416    61.9459
 417    19.6961
 418    59.1367
 419    45.5058
 420    14.0096
 421     1.13027
 422     6.09633
 423    27.5182
 424     1.42385
 425     3.08155
 426    32.7016
 427    10.0811
 428     0
 429     2.71095
 430     3.97446
 431     8.48429
 432     3.11178
 433     1.34949
 434     3.23935
 435     3.97144
 436     3.11734
 437     0.65529
 438    14.3045
 439    14.2608
 440     0.01361
 441     1.56981
 442     0.72171
 443     0
 444     0
 445     0.52211
 446     0.23879
 447     0.31966
 448     2.54665
 449     0.8789
 450     0.67503
 451     0.59085
 452     0.96624
 453     0
 454     1.09832
 455     0.31438
 456     1.19048
 457     0.79743
 458     0.8814
 459     0.98965
 460     0
 461     0.99483
 462     0
 463     0.89551
 464     1.53774
 465     1.20904
 466     1.67622
 467     1.14793
 468     0.78019
 469     0.48794
 470     1.46988
 471     0
 472    22.7465
 473     0.60324
 474     1.02079
 475    21.4875
 476     1.76
 477     2.51373
 478     1.77924
 479     0.08845
 480     0
 481     1.95166
 482     1.03396
 483     2.49452
 484     1.19752
 485     1.76576
 486     1.54494
 487     1.19788
 488    18.9589
 489     0
 490     1.15279
 491     0
 492     0.4091
 493     1.43775
 494     1.62331
 495     0.32458
 496     0.14114
 497     0.22072
 498     0.65411
 499     0
 500     0.68017
 501     1.44195
 502     0.79566
 503     0.75208
 504     0.0314
 505     0.71391
 506     1.09937
 507     0.34412
 508     0.69937
 509     0
 510     0.47667
 511     0.6242
