This file was gnenerated on 2021-06-23 10:18:57.636863 by Grant Finneman. This contains the extracted data from the Gate simulations
The edep for each bar was summed up and printed to this file. The only math operation done has been addition.

  id        edep
   0     0.86562
   1     0
   2     0.63894
   3     0.13306
   4     0.25473
   5     0.98852
   6     1.24305
   7     0.5049
   8     0
   9     0.03527
  10     0
  11     0.40249
  12     0
  13     0.86981
  14     0.87465
  15     0.4754
  16     0.31746
  17     2.69697
  18     1.1027
  19     3.24506
  20     1.9839
  21     1.26941
  22     0
  23     0.48475
  24     0
  25     2.42027
  26     2.94979
  27     1.53735
  28     0.52711
  29     2.15448
  30     5.34216
  31     4.79768
  32     3.75273
  33     1.86614
  34    14.6498
  35     0
  36     3.27346
  37     0
  38     0.35568
  39     1.2787
  40     0.26295
  41     0.94991
  42     1.23111
  43     8.45313
  44    19.5408
  45    14.7356
  46     1.41662
  47     0.66257
  48     4.5096
  49     0.61119
  50     0
  51     0.77314
  52    14.3227
  53     0.62141
  54     1.65356
  55     0
  56    10.6524
  57     0
  58     0
  59     0
  60     0.21531
  61     1.01803
  62     0
  63     0
  64     0.18585
  65     0
  66     1.97779
  67     0.98852
  68     0.30135
  69     1.47037
  70     0.34268
  71     0
  72     7.39064
  73    31.1003
  74    22.2009
  75     1.09544
  76     1.24015
  77     5.1342
  78     0
  79     0.42792
  80    15.1797
  81    23.1811
  82    13.3727
  83    31.6926
  84    20.4456
  85     1.16819
  86     1.53183
  87     0.31855
  88    27.1512
  89    32.4393
  90    18.4149
  91    87.4854
  92    21.1845
  93     1.31855
  94     1.92224
  95     0.44485
  96    39.5932
  97    63.106
  98    78.4653
  99    26.5965
 100    15.0006
 101     0.7521
 102     8.05295
 103    16.9918
 104    41.5375
 105    94.4884
 106    68.139
 107    43.9969
 108    10.5225
 109    22.9184
 110    13.4448
 111     9.37933
 112     5.91835
 113    38.8352
 114     8.50755
 115    21.6106
 116     5.12452
 117     0.26187
 118     5.21286
 119     0
 120    30.4063
 121     0
 122     2.17556
 123     1.73526
 124     1.09521
 125     1.13252
 126     0
 127     0
 128    18.4871
 129     9.98301
 130    20.5259
 131    31.6778
 132     2.00962
 133     1.17646
 134     0
 135     1.24245
 136    30.4088
 137   161.827
 138    63.4278
 139    50.7834
 140    20.5765
 141    25.5737
 142     1.4311
 143     0
 144   250.506
 145   378.974
 146   191.376
 147   128.677
 148    64.1451
 149    55.1182
 150    25.9987
 151     5.99556
 152   560.724
 153   590.167
 154   658.129
 155   484.878
 156   338.542
 157   154.444
 158    10.5434
 159    19.5409
 160  1085.39
 161  1186.81
 162  1024.51
 163   854.032
 164   546.627
 165   285.827
 166   230.561
 167    85.6601
 168  1194.52
 169  1143.49
 170   766.855
 171   659.23
 172   636.932
 173   400.986
 174   161.177
 175    70.4705
 176   164.374
 177   241.317
 178   142.428
 179    85.6148
 180    89.3258
 181    44.3592
 182     2.60826
 183     0.76893
 184    17.3004
 185     1.6825
 186     1.66509
 187    27.6844
 188     0.24059
 189     1.80554
 190     0.40154
 191     0.46612
 192    19.0121
 193    49.9416
 194    32.0696
 195     6.23536
 196     1.75556
 197     0.15275
 198     0.82984
 199     0.62075
 200   400.885
 201   453.061
 202   508.157
 203   279.141
 204   184.026
 205   121.297
 206    33.9817
 207     0.53196
 208  2214.05
 209  2280.85
 210  2014.33
 211  1874.73
 212  1685.04
 213  1145.63
 214   680.113
 215   191.978
 216  3963.47
 217  3978.34
 218  3872.91
 219  3413.16
 220  2545.28
 221  1790.72
 222  1166.85
 223   431.718
 224  5069.49
 225  5121.44
 226  5160.1
 227  4271.77
 228  3750.54
 229  3001.97
 230  1962.66
 231   784.482
 232  3723.2
 233  3353.64
 234  3382.16
 235  2959.27
 236  2628.19
 237  2007.13
 238  1350.92
 239   580.177
 240   486.713
 241   439.6
 242   416.821
 243   262.901
 244   204.481
 245   100.981
 246    46.7867
 247    43.5169
 248    45.1273
 249    11.9566
 250    68.5297
 251    35.4254
 252    16.0674
 253     3.21522
 254     0
 255     0
 256    24.3133
 257    30.7578
 258    44.0311
 259    19.3928
 260    49.8242
 261    21.7523
 262     0
 263     0
 264   462.08
 265   560.957
 266   533.936
 267   426.389
 268   152.641
 269   132.683
 270    53.644
 271     4.61429
 272  3358.74
 273  3391.92
 274  3314.9
 275  3164
 276  2574.04
 277  2245.51
 278  1246.26
 279   447.787
 280  5262.38
 281  5051.44
 282  4793.54
 283  4114.49
 284  3346.84
 285  2789.63
 286  1695.69
 287   731.524
 288  3814.41
 289  3968.35
 290  3981.16
 291  3596.81
 292  2880.96
 293  2222.91
 294  1356.77
 295   619.826
 296  2078.98
 297  2167.33
 298  1970.62
 299  2029.24
 300  1608.75
 301  1006.64
 302   662.715
 303   280.754
 304   338.294
 305   400.565
 306   368.784
 307   295.885
 308   166.101
 309    50.0409
 310    27.05
 311     5.82442
 312    61.1084
 313     5.98236
 314     5.14178
 315     4.71701
 316    64.7457
 317    38.8134
 318    14.333
 319    13.3791
 320     2.60879
 321    16.7229
 322    14.4325
 323     9.03812
 324     0.80129
 325     0.5511
 326     2.388
 327    10.1625
 328   120.461
 329    96.193
 330   138.917
 331   121.757
 332    67.4693
 333    43.5971
 334    40.159
 335     9.21193
 336   936.985
 337   994.992
 338   701.148
 339   736.067
 340   544.099
 341   363.985
 342   189.628
 343    26.9502
 344  1025.48
 345  1052.34
 346   972.129
 347   879.905
 348   477.755
 349   389.344
 350   203.848
 351    58.2303
 352   653.382
 353   813.157
 354   579.413
 355   573.089
 356   315.793
 357   184.327
 358   107.985
 359    54.3429
 360   224.896
 361   343.68
 362   237.065
 363   193.888
 364   164.004
 365    64.8364
 366    25.0651
 367     7.40791
 368    39.5869
 369    68.6559
 370   112.367
 371    18.7999
 372    24.2368
 373    20.3057
 374    16.4555
 375    13.9978
 376     0.90706
 377     3.24744
 378     1.82493
 379     1.09207
 380     0.23727
 381     0
 382     0.18479
 383     0.86491
 384     0.73269
 385     2.10293
 386     0.55904
 387     0
 388     1.74758
 389     0.33392
 390     0.85991
 391     2.87951
 392    18.1095
 393    22.5831
 394     3.30381
 395    10.3161
 396    31.8185
 397     1.80112
 398     4.42524
 399    11.276
 400    49.7258
 401   121.415
 402    26.5077
 403    55.1516
 404    19.8232
 405    12.5777
 406    23.1745
 407     1.77633
 408    40.5226
 409   107.159
 410    46.9528
 411    53.3984
 412    10.6527
 413    44.7886
 414    11.2768
 415     6.00198
 416    82.7588
 417    88.8839
 418    90.4167
 419    20.0917
 420    41.3028
 421    33.5814
 422     7.77763
 423    18.9008
 424    29.2356
 425     3.05391
 426    22.5193
 427    31.6425
 428    37.1318
 429    52.2437
 430     0.92664
 431     1.09147
 432     1.49201
 433     9.15884
 434     2.6624
 435     0.85572
 436     0.51257
 437     0.95511
 438     2.58461
 439     0.75105
 440     0.21733
 441     1.11383
 442     0.92165
 443     2.75098
 444     0
 445     0.61678
 446     2.08325
 447     0
 448     1.61435
 449     0.89588
 450     0.66204
 451     0.26852
 452     0
 453     0
 454     0
 455     0.78241
 456     0
 457     3.17368
 458     1.31659
 459     0.88685
 460     0.87807
 461     0.96616
 462     0.45496
 463     0.33088
 464    14.4815
 465     2.14764
 466     0.91451
 467     0.47977
 468    10.3818
 469     0.37921
 470     0.49293
 471     0
 472     0.96501
 473     2.05437
 474     2.13993
 475     1.66193
 476     1.81934
 477     1.49473
 478    16.5056
 479     0.95914
 480     0.1597
 481     1.58467
 482     0.24965
 483     2.6205
 484     3.57307
 485    11.7935
 486    10.5635
 487     0.95434
 488     0.92189
 489     0
 490     0
 491     0.09818
 492     0.31106
 493     0
 494     0
 495     0
 496     0
 497     1.47563
 498     0.06265
 499     0.79717
 500     0.85296
 501     0.83864
 502     0
 503     0
 504     0.01115
 505     0.85878
 506     0.87772
 507     0
 508     0.37467
 509     0
 510     0.86374
 511     0
