This file was gnenerated on 2021-06-23 10:29:53.944244 by Grant Finneman. This contains the extracted data from the Gate simulations
The edep for each bar was summed up and printed to this file. The only math operation done has been addition.

  id        edep
   0     0.50329
   1     0.32734
   2     0
   3     0
   4     4.79187
   5     0.35963
   6     0.64037
   7     0.21533
   8    24.1452
   9     1.04664
  10     1.33172
  11    11.971
  12     0.80878
  13     0
  14     0.39909
  15     0.21533
  16    21.2818
  17    29.7269
  18    68.1847
  19    24.5188
  20     0
  21    24.8605
  22     0.94452
  23     1.73831
  24   104.828
  25   123.264
  26    88.358
  27   143.178
  28    70.1546
  29    20.2968
  30     1.94191
  31     0
  32    34.7153
  33    37.4015
  34    13.912
  35   151.815
  36    38.0595
  37    24.7089
  38    10.0327
  39     2.57703
  40     4.32485
  41     8.86877
  42     8.71208
  43    19.2847
  44    39.1611
  45     6.92311
  46     1.86862
  47     0.89242
  48     0.33253
  49     0.3772
  50     1.57371
  51     0.64895
  52     0.50068
  53     0.54371
  54     1.02995
  55     0
  56     1.0079
  57     0
  58     2.07437
  59     2.75024
  60     0
  61     0.66874
  62     0
  63     0
  64     2.92325
  65    17.5833
  66     0
  67    16.9135
  68     2.56907
  69     4.09365
  70     0.77978
  71     0.43056
  72    63.1207
  73    57.1409
  74    26.9964
  75    51.8766
  76     1.70508
  77     2.2414
  78     6.40452
  79    10.2425
  80   415.478
  81   405.723
  82   365.208
  83   310.911
  84   206.36
  85   182.561
  86    54.6268
  87    12.5129
  88  1349.97
  89  1326.53
  90  1168.44
  91  1328.72
  92   920.374
  93   471.627
  94   284.834
  95   100.903
  96   671.947
  97   823.456
  98   719.34
  99   651.017
 100   434.135
 101   323.079
 102   311.051
 103   103.876
 104   130.794
 105   186.559
 106   101.58
 107    76.9924
 108   127.989
 109    52.6714
 110    29.6517
 111    11.2401
 112    13.5682
 113     0.0476
 114     0
 115     0.622
 116     1.63306
 117     0
 118     0
 119     6.88368
 120     0.04073
 121     1.36813
 122     0.09775
 123     0
 124     0
 125     0.73522
 126     0
 127     2.63549
 128     1.17519
 129     0
 130     4.07959
 131     5.08345
 132    15.9113
 133     0.90422
 134     0.64148
 135     0
 136    92.4116
 137   101.48
 138    56.5501
 139    62.6105
 140    40.6272
 141    46.0176
 142     1.63838
 143     0.84672
 144  1138.6
 145  1201.28
 146  1245.63
 147  1195.44
 148   731.163
 149   616.789
 150   318.41
 151   151.116
 152  4143.77
 153  4246.58
 154  3779.94
 155  3822.2
 156  3125.73
 157  2453.99
 158  1533.51
 159   625.098
 160  2255.01
 161  2173.53
 162  2278.88
 163  1973.29
 164  1684.92
 165  1069.38
 166   826.979
 167   286.895
 168   279.593
 169   395.249
 170   308.122
 171   168.819
 172   106.413
 173   131.952
 174    47.7232
 175     1.32165
 176    49.6176
 177     1.8945
 178     0.0681
 179     2.35434
 180     0.33351
 181     0.99435
 182     0
 183     0.71579
 184     1.17562
 185     1.2521
 186     0.51847
 187     0
 188     0.32522
 189     0
 190     0.98855
 191     0
 192     1.98655
 193     0.59652
 194    16.2714
 195     0.94825
 196     2.36966
 197     0.83419
 198     0
 199     1.10359
 200    69.1695
 201    57.4855
 202   117.126
 203    56.2085
 204    19.2792
 205    28.1232
 206     9.92265
 207     1.09688
 208   690.144
 209   752.94
 210   746.52
 211   747.449
 212   485.007
 213   277.801
 214   163.591
 215    16.9795
 216  3761.43
 217  3770.12
 218  4011.25
 219  3866.89
 220  3006.2
 221  2088.86
 222  1424.5
 223   489.407
 224  3325.16
 225  3207.32
 226  3284.8
 227  3385.7
 228  2470.03
 229  1950.34
 230  1296.65
 231   476.629
 232   485.655
 233   737.873
 234   544.327
 235   373.465
 236   321.057
 237   156.401
 238    48.4473
 239    21.9793
 240    86.7975
 241    48.3733
 242    28.6758
 243    33.4547
 244     3.8197
 245     5.62068
 246     1.78323
 247    13.0317
 248     0.71551
 249     2.59609
 250     0.38703
 251     0.23652
 252     0
 253     0.72576
 254     0.05486
 255     1.33578
 256     1.15767
 257     0
 258     1.54629
 259     0.83924
 260     1.92321
 261     1.37231
 262     1.35711
 263     0.42184
 264     0.83433
 265    25.8505
 266    47.5811
 267    52.4927
 268    36.642
 269    25.634
 270     1.47838
 271     0.28494
 272   514.71
 273   747.579
 274   456.779
 275   403.482
 276   292.95
 277   162.512
 278    59.4878
 279    23.1014
 280  3041.6
 281  2988.53
 282  3039.61
 283  3088.52
 284  2470.35
 285  1868.65
 286  1266.31
 287   453.338
 288  3527.15
 289  3748.14
 290  3755.29
 291  4007.87
 292  3269.69
 293  2432.19
 294  1538.03
 295   598.669
 296   852.325
 297   944.421
 298  1068.93
 299   949.98
 300   503.3
 301   239.377
 302   106.452
 303    58.315
 304    71.5402
 305    89.6676
 306   210.523
 307   109.848
 308    51.901
 309    17.4009
 310     1.97664
 311     2.02127
 312     0.52656
 313     2.00645
 314     0.65702
 315     2.41076
 316     1.52953
 317     0.08284
 318     0.77885
 319     0
 320     0.34191
 321     0
 322     1.64143
 323     0
 324     0.68244
 325     0.59453
 326     0
 327     0
 328    14.8909
 329    22.9523
 330    55.1447
 331    26.2839
 332     0.53226
 333     1.26109
 334     1.22554
 335    18.9701
 336   265.56
 337   404.27
 338   310.15
 339   379.326
 340   294.865
 341    94.2669
 342    19.7587
 343    14.8247
 344  1893.63
 345  2078.49
 346  1725.56
 347  1829.1
 348  1583.7
 349  1060.73
 350   653.285
 351   215.804
 352  3816.32
 353  3657.43
 354  3731.63
 355  3192.82
 356  2884.76
 357  2200.48
 358  1502.09
 359   676.171
 360  1279.3
 361  1413.33
 362  1240.61
 363  1209.39
 364   800.2
 365   569.717
 366   352.162
 367   181.013
 368   133.875
 369   245.951
 370   158.518
 371    85.693
 372    54.39
 373   129.236
 374    23.6978
 375     1.61817
 376     3.75991
 377     1.96093
 378     7.7181
 379     1.73204
 380     0.22395
 381     1.70071
 382     0
 383     0.62297
 384     0.91348
 385     1.12079
 386     1.46973
 387     1.804
 388     0
 389     0
 390     1.32812
 391     0
 392     1.68134
 393     0
 394     1.24829
 395    27.6482
 396    11.5455
 397     6.62586
 398     3.02392
 399     1.69962
 400    81.0148
 401    60.1333
 402    83.0836
 403   102.938
 404    84.0427
 405    23.9463
 406     8.19024
 407     1.07564
 408   728.69
 409   844.473
 410   556.307
 411   522.636
 412   476.097
 413   383.369
 414   212.774
 415    38.7857
 416  1141.71
 417  1166.94
 418  1002.62
 419  1082.83
 420   953.811
 421   494.83
 422   294.377
 423   100.179
 424   315.399
 425   351.492
 426   303.2
 427   302.409
 428   238.985
 429   151.24
 430    59.6124
 431    45.7171
 432    48.2352
 433    32.7226
 434    21.2881
 435    15.18
 436     5.43126
 437    18.2543
 438     0.4795
 439     0.60036
 440     6.51017
 441    28.0218
 442    19.734
 443     1.20712
 444     0.26885
 445     0
 446     0.3185
 447     0.87073
 448     0.0484
 449     1.34979
 450     0.64928
 451     0.63583
 452     0
 453     1.52548
 454     0.68907
 455     0.88944
 456     1.93573
 457     0.56537
 458     1.6802
 459     0
 460     0.91995
 461     1.68533
 462     0.81396
 463     1.02424
 464     2.89932
 465     1.80765
 466     1.64806
 467    13.7676
 468     5.07487
 469    10.6313
 470     7.13559
 471     0.50833
 472    44.5636
 473    93.5774
 474   107.112
 475    25.7488
 476    12.1458
 477    21.0195
 478     0.89482
 479     1.23185
 480   104.617
 481   129.453
 482   113.404
 483    44.9208
 484    44.1639
 485    36.9783
 486    25.7439
 487    17.9171
 488    30.5216
 489    81.4301
 490    67.5713
 491    23.0573
 492    29.3661
 493     6.67666
 494     3.786
 495     0.91181
 496     1.3304
 497    18.7282
 498    24.8378
 499     1.12692
 500    15.7436
 501     0.52772
 502     0
 503     0
 504     1.02431
 505     0
 506     0
 507     0.66996
 508     0
 509     0.82065
 510     0.86705
 511     0.32007
