This file was gnenerated on 2021-06-23 10:18:54.903842 by Grant Finneman. This contains the extracted data from the Gate simulations
The edep for each bar was summed up and printed to this file. The only math operation done has been addition.

  id        edep
   0     0
   1     0.87683
   2     0.07729
   3     1.25078
   4    23.1354
   5    17.7554
   6     1.3182
   7     1.16768
   8     0
   9     0
  10     6.09063
  11     0.93831
  12     0.76331
  13     7.26445
  14     6.85602
  15     3.39624
  16     0.51571
  17     0.55964
  18    12.7496
  19     0.38621
  20    22.9989
  21     4.70501
  22     0.23029
  23     1.90463
  24     1.47965
  25     1.21684
  26     4.60434
  27     1.48471
  28     1.19213
  29     9.62888
  30     7.10945
  31     5.61648
  32     1.03194
  33     0.94195
  34     1.06115
  35     1.45564
  36     2.09659
  37    10.5686
  38     0.39859
  39     0.58237
  40     1.74105
  41     0.50027
  42     0.39562
  43     1.04798
  44     1.61837
  45     0.89804
  46     0.92414
  47     0.75754
  48     0.71195
  49     1.53296
  50     0.54128
  51     0.52537
  52     1.68446
  53     0.68641
  54     0.95401
  55     0
  56     0.4941
  57     0
  58     0.65507
  59     0.743
  60     0
  61     0
  62     0
  63     0.40099
  64     2.28487
  65     2.13132
  66     2.02847
  67     0.93806
  68     0.19929
  69     0
  70     0.07911
  71     0
  72     0
  73    17.6729
  74    29.735
  75    27.1183
  76     5.14861
  77     0.97905
  78     1.05066
  79     4.09
  80    57.3535
  81    96.3411
  82    44.5277
  83    34.1619
  84    36.3231
  85    17.9583
  86     0.54203
  87     0.47673
  88    55.5276
  89    88.0329
  90   133.262
  91     8.12567
  92     2.14114
  93    10.6655
  94     1.832
  95     0.4915
  96    32.2586
  97    38.36
  98    44.3434
  99    63.1551
 100     2.23519
 101     5.16259
 102     5.46803
 103     2.94756
 104    16.4551
 105    22.4731
 106     1.13297
 107     5.29402
 108     1.26301
 109     1.50582
 110     1.44307
 111     0
 112     0
 113     4.14072
 114    12.5161
 115     0.09959
 116     0.98859
 117     0.74871
 118     1.61292
 119     1.51481
 120     2.25738
 121     0.14866
 122     0.18026
 123     0
 124     0
 125     0
 126     2.45082
 127     0.11107
 128    45.7049
 129    41.8319
 130    54.2702
 131    15.1401
 132     1.84771
 133     0.92616
 134     0.37972
 135     0
 136   225.857
 137   224.339
 138   148.901
 139   220.264
 140   152.434
 141   109.512
 142     3.20801
 143     2.64293
 144   601.411
 145   665.155
 146   740.567
 147   496.666
 148   299.197
 149   224.487
 150   109.415
 151     5.03648
 152   688.271
 153   970.561
 154   857.947
 155   560.272
 156   504.805
 157   192.43
 158    91.5313
 159    25.5546
 160   415.757
 161   610.582
 162   541.201
 163   355.1
 164   287.204
 165   207.08
 166    71.0332
 167    22.4214
 168   214.681
 169   272.218
 170   113.76
 171   188.215
 172   160.398
 173    89.2081
 174    46.5485
 175     7.2873
 176    36.619
 177    36.5964
 178    11.8348
 179    39.5827
 180    19.1457
 181     0.71591
 182     1.24736
 183     1.48258
 184     1.05203
 185     1.02612
 186     1.2399
 187     0
 188     0
 189     0.7377
 190     0.07173
 191     0.73767
 192    34.3401
 193    68.0934
 194    69.1554
 195     6.0126
 196    34.42
 197     0.94547
 198    16.305
 199     2.92086
 200   597.981
 201   633.627
 202   489.139
 203   381.322
 204   364.614
 205   164.122
 206    53.7032
 207    19.7492
 208  4118.51
 209  4193.52
 210  4094.69
 211  4118.26
 212  3317.02
 213  2667.58
 214  1456.99
 215   550.171
 216  5903.86
 217  5518.11
 218  5598.45
 219  4621.88
 220  4113.95
 221  2922.12
 222  1787.66
 223   662.971
 224  4052.77
 225  3999.77
 226  4046.48
 227  3596.58
 228  2956.74
 229  2179.64
 230  1233.68
 231   526.151
 232  1788.61
 233  2053.07
 234  1952.85
 235  1945.7
 236  1254.09
 237   753.662
 238   409.328
 239   116.208
 240   324.647
 241   492.985
 242   525.927
 243   264.164
 244    89.7487
 245    95.2708
 246    35.1254
 247     0.84751
 248    22.9525
 249    11.4653
 250    19.0394
 251    29.0525
 252     1.12442
 253     0.67635
 254     0
 255     0.93854
 256     1.55751
 257     0.31198
 258    19.6723
 259    20.4008
 260    14.2306
 261     5.65059
 262    19.9836
 263    11.5253
 264   392.013
 265   369.493
 266   396.395
 267   172.703
 268    65.2455
 269    50.0182
 270    26.6861
 271    12.5644
 272  1883.5
 273  2269.91
 274  1879.5
 275  1441
 276  1304.95
 277   983.352
 278   566.799
 279   158.97
 280  3823.6
 281  4067.72
 282  4042.42
 283  3339.66
 284  2951.22
 285  2115.35
 286  1339.81
 287   480.565
 288  5087.3
 289  5248.76
 290  5170.28
 291  4902.85
 292  4047.8
 293  3224.66
 294  1793.18
 295   636.864
 296  4196.88
 297  4035.96
 298  3882.37
 299  3807.58
 300  3212.71
 301  2715.92
 302  1609.91
 303   640.075
 304   472.732
 305   572.745
 306   567.062
 307   386.124
 308   144.466
 309   179.122
 310    80.8921
 311    22.7339
 312    17.7057
 313    44.4371
 314    23.8827
 315    34.2942
 316    27.9852
 317     0.61461
 318     1.8546
 319     0.80877
 320     0.03577
 321     0.5913
 322    22.0238
 323     0.61135
 324     0.57211
 325     0
 326     2.33013
 327     1.04374
 328    61.0733
 329    46.6829
 330    81.9651
 331    85.5157
 332    15.9196
 333    16.0071
 334     1.7271
 335     0.75948
 336   283.731
 337   292.4
 338   196.629
 339   198.083
 340   160.363
 341   109.232
 342     6.85385
 343     5.80825
 344   475.156
 345   690.012
 346   535.88
 347   347.31
 348   274.62
 349   139.282
 350    43.179
 351    11.4132
 352   697.548
 353   988.513
 354   716.163
 355   594.653
 356   441.711
 357   294.268
 358    66.864
 359    21.9146
 360   719.063
 361   794.834
 362   658.703
 363   611.954
 364   349.933
 365   230.638
 366   117.101
 367    14.4134
 368   205.745
 369   175.584
 370   147.917
 371   147.7
 372    53.0345
 373    60.3281
 374     1.83964
 375     1.86608
 376     0
 377    38.6555
 378     6.74432
 379     0.21376
 380     2.27378
 381     1.84828
 382    17.0217
 383     9.98148
 384     0
 385     1.12441
 386     1.40891
 387     0.45643
 388     0.3315
 389     0
 390     0
 391     0
 392     3.98376
 393     0.6355
 394     2.12297
 395    28.7737
 396     0
 397     2.38538
 398     1.10939
 399     0.95855
 400    34.3629
 401     1.33999
 402    17.0215
 403    32.8359
 404     3.63215
 405     0.16545
 406     1.63009
 407     0.25392
 408    41.8051
 409     2.3452
 410    55.0539
 411    37.0407
 412    20.9192
 413     2.02948
 414     1.32658
 415     0.48924
 416    34.1705
 417   103.804
 418    65.9274
 419    20.1127
 420    15.0896
 421     7.00982
 422    30.2169
 423    18.6201
 424    42.7629
 425    45.5011
 426    61.7194
 427    51.6904
 428    33.3101
 429     1.73156
 430    25.1718
 431     0.65602
 432     1.69646
 433     5.27599
 434    43.2176
 435    25.2902
 436     4.47487
 437     4.40156
 438     4.65602
 439     6.50932
 440     1.41982
 441     0.80747
 442     0.63098
 443    11.6041
 444     9.39079
 445     5.40387
 446     0.73494
 447     0
 448     0.76504
 449     0.41756
 450     0.9717
 451     0.6777
 452     6.93315
 453     0
 454     0
 455     1.41657
 456     1.53757
 457     0
 458     1.00586
 459     0.15247
 460     0.31109
 461     1.11813
 462     1.0167
 463     1.51373
 464     1.27567
 465     1.54908
 466     0.49045
 467     0
 468     1.86861
 469     0.62461
 470     0.63406
 471    22.1973
 472     0.88341
 473     0.70555
 474     1.57623
 475     0
 476     0.80963
 477     0.56527
 478     0.21986
 479     0.03351
 480     0.2743
 481     0.81962
 482     1.11959
 483     0
 484     0
 485     0
 486     0.82537
 487     1.36165
 488     1.73478
 489     0.87043
 490    21.3949
 491    24.2075
 492     7.4119
 493     0.65688
 494     0
 495     3.53346
 496     0
 497     0
 498     0.09797
 499     0.23496
 500     1.16329
 501     0
 502     0.86519
 503     0.259
 504     0.97814
 505     1.61185
 506    36.0307
 507     8.35428
 508     0.29072
 509     0
 510     0.87289
 511     0.05585
