This file was gnenerated on 2021-06-22 22:13:37.625152 by Grant Finneman. This contains the extracted data from the Gate simulations
The edep for each bar was summed up and printed to this file. The only math operation done has been addition.

  id        edep
   0     9.8992
   1     0.69702
   2     0.35132
   3     0
   4     1.77101
   5    10.9175
   6     9.18186
   7     8.9377
   8    15.58
   9    32.7038
  10     1.04596
  11     6.17302
  12    24.6823
  13     0.6336
  14     1.02157
  15     0
  16     5.45344
  17    18.5229
  18    18.9153
  19     6.91872
  20    19.2994
  21     0.33427
  22     1.28787
  23     0
  24    23.5849
  25    23.8199
  26     3.75342
  27     9.44488
  28     0.5174
  29     1.71575
  30     5.42268
  31     6.15812
  32     5.01331
  33     1.1886
  34     0.78365
  35     8.24104
  36    20.8559
  37    25.6224
  38     0.8784
  39     0.41183
  40     1.60721
  41     0.92981
  42     0.98239
  43     0.88507
  44     0
  45     0
  46     0.3328
  47     0.45151
  48     1.52231
  49     0.8862
  50     0.66544
  51     0
  52     0.85515
  53     0.10009
  54     0.46144
  55     0.35891
  56     0
  57     0.73309
  58     0
  59     0.54418
  60     0.64858
  61     2.99763
  62     1.25476
  63     0.91856
  64     1.65762
  65     0
  66    18.119
  67    40.286
  68    10.9184
  69     5.38219
  70     0.63503
  71     0.47752
  72     2.00562
  73    37.6207
  74    29.7753
  75    30.682
  76     1.84372
  77     5.69965
  78     1.2046
  79     1.65604
  80   117.465
  81   220.386
  82   218.812
  83   177.892
  84    76.045
  85    45.7741
  86    29.7941
  87     0.99431
  88   491.799
  89   619.286
  90   442.045
  91   455.732
  92   165.29
  93   131.813
  94    56.0721
  95     8.63735
  96   264.927
  97   168.548
  98    85.7265
  99   112.044
 100   116.637
 101   112.521
 102    23.0104
 103    21.2415
 104    22.632
 105    41.88
 106     4.51172
 107     3.4693
 108    16.4349
 109    15.8572
 110     1.05335
 111     0.96189
 112     1.67077
 113     1.03863
 114     0.5238
 115     1.01535
 116     2.46299
 117     3.14579
 118     0
 119     0
 120     1.47083
 121     1.49043
 122     0.40844
 123     0
 124     1.30176
 125     2.12126
 126     0
 127     0
 128     0
 129     0
 130     0.99793
 131     1.99453
 132     2.20601
 133     2.05533
 134     0.66713
 135     1.76851
 136   114.913
 137   169.006
 138   151.84
 139   148.152
 140   111.839
 141     9.23988
 142     0.238
 143     3.99479
 144  1212.15
 145  1320.14
 146  1251.26
 147  1006.81
 148  1193.06
 149   731.09
 150   441.587
 151   136.631
 152  3534
 153  3687.45
 154  3754.1
 155  3634.62
 156  2916.46
 157  2290.4
 158  1399.4
 159   587.679
 160  1041.04
 161  1183.12
 162  1071.81
 163   840.91
 164   464.837
 165   531.481
 166   194.345
 167    47.5119
 168   158.244
 169   168.321
 170   128.53
 171   176.441
 172    81.9015
 173    64.1634
 174     3.31877
 175     1.7233
 176    16.6859
 177     1.12553
 178    46.1868
 179    36.96
 180     3.72788
 181    15.224
 182     0.30017
 183     0
 184     0.88884
 185     0.4958
 186     0.31518
 187     1.88607
 188     1.76441
 189     0.73999
 190     1.26419
 191     0
 192     0
 193     1.21228
 194    10.7071
 195     1.60196
 196     0.44666
 197     0.19359
 198     8.9094
 199     3.37507
 200   145.466
 201   171.77
 202    54.5357
 203    20.9544
 204    68.8984
 205    25.7463
 206     9.76513
 207     4.34122
 208  1011.13
 209  1247.93
 210   995.543
 211   997.333
 212   856.354
 213   447.278
 214   234.434
 215   110.101
 216  5936.8
 217  5977.47
 218  6181.69
 219  5344.79
 220  4690.31
 221  3752.35
 222  2458.62
 223   971.675
 224  3787.31
 225  3807.81
 226  3372.75
 227  3018.44
 228  2310.78
 229  1836.48
 230  1016.59
 231   400.326
 232   640.776
 233   708.722
 234   482.655
 235   361.799
 236   248.997
 237   138.04
 238    92.9664
 239    13.1129
 240    40.3478
 241    36.9157
 242    62.5101
 243    53.7765
 244    39.7461
 245     2.65517
 246     1.05136
 247     1.88082
 248     0
 249     0
 250     0.2684
 251     0
 252     1.7166
 253     0
 254     0.49582
 255     0.80871
 256    30.075
 257     0.54885
 258     2.04895
 259     0
 260     1.86377
 261     0.89342
 262     0.98725
 263     0
 264    47.0086
 265    66.5672
 266    16.746
 267    13.1209
 268    23.8885
 269    19.5213
 270    53.2781
 271    13.765
 272   458.1
 273   418.855
 274   451.015
 275   453.309
 276   249.72
 277   174.078
 278    37.9783
 279    47.5035
 280  3320.84
 281  3605.28
 282  3728.75
 283  3087.6
 284  2469.2
 285  1987.88
 286  1051.95
 287   447.584
 288  6208.45
 289  6182.71
 290  5882.34
 291  5374.23
 292  4369.66
 293  3481.6
 294  2410.49
 295  1070.91
 296  1326.95
 297  1418.54
 298  1179.62
 299   941.177
 300   807.688
 301   561.939
 302   329.064
 303   150.586
 304   141.529
 305   193.876
 306    70.679
 307    29.643
 308    44.4909
 309    28.4625
 310    20.9685
 311     2.21738
 312     0
 313     0.16652
 314     5.62329
 315     1.58637
 316     1.01542
 317     0
 318     0
 319     0.12621
 320     1.32024
 321     1.35998
 322     0.39933
 323     0.83282
 324     0.1801
 325     1.32865
 326     0.29919
 327     0.21612
 328    18.3611
 329    31.4476
 330    10.8493
 331     1.59077
 332    20.5356
 333     1.43548
 334     0.92177
 335     1.84008
 336    98.2106
 337   148.182
 338   156.822
 339    98.7844
 340    35.6515
 341    34.4273
 342    23.4118
 343     2.02415
 344   890.102
 345   917.941
 346  1071.59
 347   892.853
 348   520.749
 349   297.677
 350   168.124
 351    10.4246
 352  3854.24
 353  3892.6
 354  3571.05
 355  3193.77
 356  2445.75
 357  1968.26
 358  1382.85
 359   529.931
 360  1235.02
 361  1486.14
 362  1311.37
 363  1044.73
 364   867.303
 365   655.077
 366   348.883
 367   146.673
 368   157.071
 369   241.09
 370   149.979
 371    48.5527
 372    40.4481
 373    19.0225
 374    29.6552
 375     6.71638
 376     1.51051
 377     2.30177
 378     2.04539
 379     0
 380     0
 381    12.0672
 382    25.6734
 383     0.04532
 384     0.56431
 385     0.34736
 386     0.40335
 387     0.50563
 388     0
 389     0
 390     0
 391     0.23669
 392     0
 393     1.68748
 394     1.10602
 395     2.95536
 396     0.99037
 397     1.09913
 398     0.92213
 399     0
 400     0.99939
 401     1.03807
 402    15.9036
 403    43.3819
 404    20.2774
 405     4.99913
 406    28.715
 407     1.13197
 408   133.013
 409    89.048
 410   117.334
 411   140.249
 412    74.3345
 413    65.964
 414    41.2859
 415     0
 416   317.745
 417   392.405
 418   485.592
 419   263.769
 420   107.462
 421   142.356
 422    17.2735
 423    18.805
 424   211.048
 425   258.154
 426   261.921
 427   122.931
 428    59.2135
 429    30.6653
 430     1.53904
 431     2.1625
 432     2.86898
 433    45.6998
 434    51.2129
 435    43.127
 436     4.13708
 437    14.0141
 438     3.61998
 439     0.60444
 440     0.66353
 441     0.37106
 442     0.70547
 443     0.8257
 444     0.33635
 445     0.20801
 446     0
 447     0
 448     0
 449     0
 450     0
 451     0.05316
 452     0
 453     0
 454     0
 455     0.19726
 456     1.45515
 457     0.85532
 458     0.1676
 459     1.60056
 460     0.75458
 461     0
 462     0.54295
 463     0.94601
 464     2.19064
 465     0.16767
 466     2.00079
 467     0.60134
 468     0.77739
 469     1.94254
 470     0
 471     0
 472     8.60145
 473    58.3702
 474    70.8349
 475    20.992
 476    41.8756
 477     0.86952
 478     0.35838
 479     0.75727
 480    27.4917
 481    21.8764
 482    40.4995
 483     1.15422
 484     1.9087
 485     0.90139
 486     1.68211
 487     1.07841
 488    11.8007
 489    17.6513
 490    38.8289
 491     1.49718
 492     3.44234
 493     2.10209
 494     1.61381
 495     1.84777
 496     1.46868
 497     7.53179
 498     1.4757
 499     0.50921
 500    11.4553
 501     1.70909
 502     0.4488
 503     1.13985
 504     1.71153
 505     0
 506     0
 507     0
 508     0.63729
 509     0
 510     0.67995
 511     0.37786
