This file was gnenerated on 2021-06-23 10:32:58.745049 by Grant Finneman. This contains the extracted data from the Gate simulations
The edep for each bar was summed up and printed to this file. The only math operation done has been addition.

  id        edep
   0     0.79576
   1     7.4534
   2     0.87288
   3     0.63359
   4     0.22944
   5     0
   6     0
   7     0.97975
   8    10.6183
   9     6.24321
  10     1.40855
  11     0.7998
  12     0
  13     0
  14     0
  15     0.16964
  16    42.5676
  17    66.8367
  18    25.0526
  19    10.572
  20     8.76728
  21    26.5337
  22    19.7643
  23     0
  24   199.829
  25   316.224
  26   210.66
  27   142.611
  28    92.4954
  29    49.4348
  30    14.4992
  31     4.96975
  32   139.48
  33   153.959
  34    78.9366
  35   117.377
  36    67.9893
  37    46.7094
  38     1.02452
  39     2.80422
  40    56.7527
  41     6.75787
  42    18.8517
  43    44.1113
  44     5.57108
  45     4.41804
  46     1.86926
  47     0
  48     0.36136
  49     0
  50    16.2301
  51    13.4316
  52    26.5321
  53     0.63086
  54     1.4166
  55     1.6033
  56     0.09472
  57     1.35424
  58     1.25008
  59     0
  60    15.8681
  61     4.03568
  62     3.53122
  63     3.21984
  64     0
  65    33.8372
  66    30.3374
  67    18.918
  68     4.65808
  69     0.23825
  70     1.45102
  71     1.62644
  72    47.7051
  73    91.125
  74    51.6933
  75    53.5886
  76    34.7078
  77    17.5433
  78     0.16202
  79     0
  80   313.021
  81   359.436
  82   301.367
  83   207.541
  84   190.793
  85   159.933
  86    80.9154
  87    37.5228
  88  1101.98
  89  1120.83
  90  1205.56
  91   979.075
  92   877.358
  93   611.171
  94   427.58
  95   154.528
  96   795.876
  97   788.957
  98   633.891
  99   666.924
 100   670.269
 101   404.412
 102   247.37
 103    82.0831
 104   239.976
 105   183.819
 106   120.572
 107   131.222
 108    51.8035
 109    25.3379
 110    27.8947
 111    17.8177
 112    16.0938
 113    49.832
 114    40.5079
 115    40.0505
 116    35.8835
 117    19.4928
 118     1.81295
 119     1.61034
 120     0.45698
 121     4.91278
 122     5.51078
 123     3.68565
 124     0.11984
 125     0.38507
 126     0.62696
 127     0
 128    28.0375
 129    87.5249
 130    73.8923
 131    44.5177
 132    22.7383
 133    18.1795
 134     1.64142
 135     1.52155
 136   249.041
 137   423.64
 138   410.92
 139   251.29
 140   148.279
 141    90.4541
 142    19.6988
 143     0.87964
 144  1239.43
 145  1511.28
 146  1400.06
 147  1188.14
 148   898.243
 149   629.868
 150   393.195
 151   201.033
 152  1901.17
 153  1929.51
 154  1965.49
 155  1564.01
 156  1603.19
 157  1122.35
 158   642.174
 159   339.558
 160  1815.76
 161  1887.9
 162  1735
 163  1559.57
 164  1359.94
 165  1093.23
 166   647.626
 167   313.28
 168   752.856
 169   861.125
 170   934.789
 171   704.69
 172   534.783
 173   501.555
 174   186.662
 175    85.9718
 176   227.773
 177   189.964
 178   137.937
 179   110.089
 180   152.597
 181   131.69
 182    12.3482
 183     1.61107
 184    54.0389
 185    42.8012
 186    97.9647
 187    38.1327
 188    19.2076
 189    16.4245
 190     0.0876
 191     0.04125
 192   208.195
 193   232.373
 194    74.2259
 195   150.795
 196   108.356
 197    84.5855
 198    20.2653
 199     5.17716
 200  1053.54
 201  1162.27
 202  1039.4
 203   914.693
 204   658.949
 205   593.957
 206   333.391
 207   121.391
 208  1787.96
 209  2023.33
 210  1880.96
 211  1628.67
 212  1314.51
 213  1080.03
 214   686.112
 215   215.477
 216  2289.57
 217  2303.27
 218  1943.48
 219  1990.82
 220  1482.89
 221  1081.76
 222   739.939
 223   308.74
 224  2121.06
 225  2126.49
 226  1981.54
 227  1645.22
 228  1442.85
 229   949.243
 230   588.456
 231   208.92
 232  1806.83
 233  1650.65
 234  1507.64
 235  1261.99
 236  1344.4
 237  1014.71
 238   639.675
 239   219.61
 240   711.287
 241   776.029
 242   831.336
 243   783.602
 244   627.714
 245   517.393
 246   369.834
 247   102.427
 248   148.346
 249   140.043
 250   166.672
 251   104.453
 252    63.4096
 253    55.8411
 254    19.1332
 255     0
 256    79.816
 257   190.163
 258   118.635
 259    99.2072
 260    70.1605
 261    10.585
 262    15.8543
 263     0.87132
 264   924.101
 265  1127.4
 266   991.486
 267   718.074
 268   589.059
 269   472.089
 270   280.945
 271   117.452
 272  1471.19
 273  1750.18
 274  1836.58
 275  1613.6
 276  1281.25
 277   943.338
 278   619.331
 279   199.023
 280  2165.71
 281  2318.57
 282  1803.85
 283  1721.31
 284  1371.39
 285  1045.32
 286   641.571
 287   315.447
 288  2194.78
 289  2394.93
 290  2126.85
 291  1958.87
 292  1543.6
 293  1173.68
 294   666.218
 295   289.158
 296  1838.2
 297  1842.9
 298  1934.67
 299  1735.71
 300  1664.43
 301  1219.9
 302   652.114
 303   263.623
 304  1105.61
 305  1084.76
 306  1139.77
 307  1115.33
 308   784.637
 309   637.495
 310   356.361
 311   107.092
 312   146.069
 313   129.43
 314    60.9894
 315    95.9977
 316   159.254
 317    70.4813
 318    12.3763
 319     3.47852
 320    17.7884
 321     1.71835
 322    14.9853
 323    66.9244
 324    12.3818
 325     3.3
 326     3.75026
 327     0.83868
 328   152.078
 329   183.427
 330    96.6662
 331   144.745
 332   109.641
 333    30.8271
 334    19.502
 335     6.68981
 336   869.78
 337   757.215
 338   873.527
 339   748.337
 340   504.581
 341   384.928
 342   233.277
 343    54.2328
 344  1767.25
 345  1895.05
 346  1894.8
 347  1513
 348  1311.47
 349  1114.81
 350   646.97
 351   273.788
 352  2187.37
 353  1768.64
 354  1671.72
 355  1266.31
 356  1122.86
 357  1059.15
 358   690.069
 359   226.966
 360  1307.51
 361  1137.24
 362  1307.65
 363  1013.73
 364   771.945
 365   628.984
 366   508.02
 367   188.71
 368   389.762
 369   381.109
 370   316.522
 371   238.214
 372   115.304
 373    72.3957
 374    48.0827
 375     0.86708
 376    72.3329
 377    79.024
 378    30.0615
 379    47.2568
 380    17.5944
 381    34.8323
 382     1.09902
 383     0.31402
 384     0
 385     1.39386
 386     0.74678
 387    10.3734
 388    11.1192
 389     0.91155
 390     0.91516
 391     0.46762
 392    67.1154
 393    68.258
 394    63.7992
 395    51.8236
 396    14.1223
 397    33.1664
 398    23.0915
 399     2.5348
 400   187.646
 401   176.681
 402   155.62
 403   169.31
 404    90.8136
 405    43.7408
 406    14.9907
 407     8.80787
 408   956.948
 409  1011.08
 410   742.494
 411   561.965
 412   444.243
 413   364.305
 414   272.828
 415    73.8957
 416  1180.05
 417  1167.28
 418  1109.67
 419   952.507
 420   792.285
 421   608.919
 422   367.274
 423   117.563
 424   242.322
 425   460.341
 426   499.512
 427   289.778
 428   197.21
 429    96.8845
 430    72.3145
 431     4.82621
 432   183.133
 433    98.9096
 434    85.0667
 435    40.9122
 436     7.43379
 437     2.26922
 438     3.70961
 439     0.15295
 440     0.7142
 441     0.18004
 442     0.77587
 443     9.65192
 444     0
 445    18.3191
 446     0
 447     0.32501
 448     1.23264
 449     0
 450     0
 451     0
 452     0.28846
 453     0.02425
 454     1.07379
 455     0
 456     1.17845
 457     0
 458     7.36155
 459    10.4091
 460     1.04479
 461     1.0285
 462    29.0392
 463     0
 464    24.9861
 465    26.6773
 466    42.8219
 467    22.5342
 468     0.91378
 469     0
 470     5.18648
 471     0.96985
 472    78.0599
 473   117.717
 474    89.3997
 475    50.7498
 476    30.2477
 477    44.1879
 478    22.7374
 479     1.73272
 480   110.766
 481   234.622
 482   268.256
 483   205.857
 484   112.018
 485    57.9323
 486    79.8722
 487     0.84548
 488    66.2494
 489   152.846
 490   101.484
 491    35.2398
 492     4.58575
 493    42.1898
 494    40.2858
 495     3.60987
 496    10.2268
 497     4.35545
 498     3.98351
 499     4.30086
 500     8.67781
 501     0.02255
 502     1.44375
 503     0.69931
 504     0.62682
 505     0.30186
 506     1.15229
 507     0
 508     1.02153
 509     1.83439
 510     0.46889
 511     1.74885
