This file was gnenerated on 2021-06-22 22:37:01.819197 by Grant Finneman. This contains the extracted data from the Gate simulations
The edep for each bar was summed up and printed to this file. The only math operation done has been addition.

  id        edep
   0     2.29616
   1     1.45182
   2     1.30279
   3     1.70999
   4     0.65333
   5     0.86189
   6     0.25696
   7     0.56593
   8     0.61408
   9     1.14951
  10     1.48232
  11     0
  12     1.90207
  13     0.72859
  14     0.25696
  15     0.39131
  16     0.79367
  17    94.567
  18     4.24598
  19     2.88207
  20     1.86569
  21     0.85202
  22     5.42178
  23     5.22215
  24    34.9618
  25   100.42
  26    20.8859
  27     2.82792
  28     0.72203
  29    27.8108
  30     1.03766
  31     6.70674
  32    37.2794
  33    20.4703
  34     1.42092
  35     4.31934
  36    17.3587
  37    23.2099
  38     0
  39     1.93869
  40     0.63822
  41     3.74107
  42     0
  43     0
  44     1.31965
  45     2.96188
  46     9.53549
  47     0
  48     0
  49     0.75692
  50     0
  51     0.31497
  52     0.67768
  53     0
  54     2.53311
  55     1.331
  56     0
  57     0.41677
  58     0.49621
  59     1.18174
  60     0.03346
  61     0
  62     0.07782
  63     0
  64    16.8305
  65     1.5113
  66     0.60913
  67     0.83676
  68     1.48353
  69     0.66977
  70     0.90818
  71     1.29045
  72    33.6857
  73    23.163
  74    17.0182
  75    45.0898
  76    21.6246
  77    10.7556
  78     1.21373
  79     0
  80    89.3609
  81   121.317
  82   117.463
  83    18.6825
  84    21.6025
  85    16.2508
  86    24.8772
  87    32.4561
  88   256.65
  89   207.538
  90   313.151
  91   192.037
  92   164.804
  93    82.6624
  94    19.542
  95     0.23589
  96   241.166
  97   378.997
  98   225.185
  99   159.658
 100   142.322
 101    65.038
 102     4.11455
 103     1.48377
 104    79.7126
 105   138.771
 106    45.5589
 107    11.6616
 108    21.6813
 109    20.3164
 110    11.5644
 111    16.8625
 112     1.51319
 113     5.06923
 114    13.8676
 115     0.64812
 116    18.3943
 117     2.94794
 118     2.90336
 119     0
 120     0
 121     0
 122     0.24251
 123     1.95353
 124     0.67874
 125     1.8211
 126     0.90378
 127     0.38951
 128     1.70198
 129     1.14998
 130     0
 131     1.82795
 132     8.27101
 133     0.71982
 134     0.90581
 135     1.26255
 136   107.412
 137   124.184
 138    92.1236
 139    90.8685
 140    36.2314
 141    22.7409
 142     1.33577
 143     0.35945
 144   582.199
 145   725.4
 146   596.031
 147   444.735
 148   384.42
 149   191.262
 150    70.8243
 151    38.855
 152  2283.35
 153  2343.54
 154  2264.41
 155  1988.63
 156  1587.84
 157  1247.08
 158   717.702
 159   234.677
 160  2241.7
 161  2212.57
 162  2223.04
 163  2002.35
 164  1764.78
 165  1220.14
 166   633.593
 167   243.664
 168   343.827
 169   406.663
 170   500.278
 171   279.349
 172   178.728
 173   103.974
 174    36.2559
 175    24.1799
 176    31.0978
 177    44.6196
 178    45.9945
 179     8.9878
 180    31.1324
 181    22.1231
 182     3.60425
 183     1.8296
 184     0.18846
 185     0.94832
 186    26.8557
 187     0.23441
 188     1.07496
 189     1.00141
 190     0.55957
 191     6.12197
 192    23.0998
 193     0.32361
 194     2.6126
 195    15.6985
 196    17.7634
 197     0.6825
 198     0.87392
 199     2.16618
 200   297.811
 201   207.38
 202   138.635
 203   204.347
 204   144.497
 205    66.0407
 206    31.3571
 207     1.10302
 208  2415.43
 209  2385.71
 210  2378.32
 211  2181.48
 212  1801.88
 213  1406.24
 214   882.782
 215   333.228
 216  4375.62
 217  4424.18
 218  4247.63
 219  3834.28
 220  3424.6
 221  2534.4
 222  1559.84
 223   612.412
 224  4288.21
 225  4518.36
 226  3897.3
 227  3521.63
 228  3401.16
 229  2241.38
 230  1454.66
 231   464.398
 232  1475.24
 233  1358.76
 234  1372.99
 235   983.944
 236   991.45
 237   646.694
 238   359.344
 239   177.22
 240   215.662
 241   208.972
 242   140.261
 243   126.895
 244    79.9511
 245    15.3386
 246    41.4192
 247     3.03202
 248    11.6754
 249     0.6723
 250     3.05981
 251     3.36819
 252     6.11514
 253     2.09349
 254     1.88907
 255     1.66613
 256    24.5643
 257    31.5029
 258    26.5593
 259    22.2663
 260     0.02655
 261     0.56654
 262     0.19295
 263     1.25795
 264   171.669
 265    73.8471
 266   150.67
 267    89.1591
 268    49.4256
 269    32.2432
 270    34.486
 271    24.4415
 272  1443.11
 273  1416.9
 274  1269.18
 275  1201.32
 276   916.316
 277   603.87
 278   306.939
 279   158.27
 280  3771.09
 281  4185.44
 282  3994.58
 283  3063.16
 284  2751.33
 285  2135.65
 286  1215.23
 287   460.16
 288  4440.34
 289  4424.79
 290  4605.52
 291  3713.06
 292  2991.64
 293  2372.56
 294  1425.46
 295   533.018
 296  2397.2
 297  2320.98
 298  2390.76
 299  1989.5
 300  1588.91
 301  1499.48
 302  1028.02
 303   395.084
 304   191.195
 305   308.301
 306   191.766
 307   185.083
 308   111.225
 309    78.4795
 310    79.6969
 311     1.35226
 312     0.40315
 313     3.38488
 314    25.6435
 315    20.3072
 316     5.41848
 317    17.5531
 318     1.32683
 319     0.68082
 320     0.38061
 321     1.93909
 322     0
 323     0.72116
 324     0.2582
 325     9.33125
 326     6.86816
 327     2.12741
 328    84.302
 329    68.2863
 330    67.0911
 331    18.7817
 332    45.0497
 333    31.2687
 334     9.52034
 335     7.95696
 336   411.473
 337   458.38
 338   288.444
 339   329.658
 340   238.473
 341   200.049
 342    74.0599
 343    43.7669
 344  2143.99
 345  2452.7
 346  2185.59
 347  1834.92
 348  1671.66
 349  1385.25
 350   711.759
 351   333.946
 352  2099.93
 353  2121.06
 354  2236.24
 355  1976.79
 356  1629.47
 357  1248.93
 358   694.696
 359   313.031
 360   626.349
 361   849.437
 362   770.396
 363   585.727
 364   519.821
 365   357.197
 366   180.54
 367   138.49
 368    51.8356
 369   124.903
 370   167.046
 371   127.731
 372    76.0317
 373    57.5849
 374    38.3084
 375    10.6539
 376    16.51
 377     1.6899
 378     0
 379    18.1974
 380     1.90372
 381     0.80854
 382     0.45199
 383     0.86408
 384     0.34063
 385     0
 386     0.0353
 387     0.92672
 388     0.05528
 389     0.01061
 390     0.3196
 391     0
 392    24.3819
 393     1.18761
 394     8.31677
 395     0.29753
 396     0.4513
 397     1.05866
 398     0.61547
 399     0.46994
 400   187.751
 401   194.158
 402   155.831
 403    56.5915
 404   116.916
 405    53.2256
 406    51.8857
 407     2.03147
 408   212.917
 409   292.847
 410   297.424
 411   295.19
 412   246.705
 413    88.4106
 414    56.4027
 415    17.2975
 416   252.218
 417   257.626
 418   371.309
 419   226.529
 420   216.231
 421    45.8001
 422    10.5261
 423     5.14248
 424   217.644
 425   125.575
 426    68.7825
 427    35.7518
 428    88.218
 429    22.205
 430    40.6181
 431    10.7887
 432     6.07286
 433    35.7143
 434     0
 435     2.08577
 436     1.70822
 437     1.20833
 438     0.75161
 439     0
 440     1.83936
 441     0.48091
 442     0.83745
 443     0.65255
 444     0.99173
 445     1.59341
 446     0.85489
 447     0.839
 448     0
 449     0.64363
 450     1.23722
 451     1.03093
 452     0.91706
 453     0.33716
 454     0.72718
 455     0.76573
 456     2.54092
 457     0.24298
 458     1.39397
 459     0.67432
 460     0.27192
 461     0.35505
 462     0.24306
 463     0
 464     0.08763
 465     1.05896
 466     0.40031
 467     7.26294
 468    17.8191
 469     0
 470     0.43244
 471     0.14119
 472    16.111
 473    20.1375
 474     5.76936
 475     5.26085
 476     7.26886
 477    19.8896
 478     6.46303
 479     9.30225
 480    18.6706
 481    40.748
 482    81.5878
 483    36.8318
 484     0.40065
 485    11.5092
 486     3.66768
 487     0.39632
 488    15.7603
 489     1.14389
 490    38.7532
 491    49.8532
 492     1.03856
 493     0.05156
 494     2.33101
 495     1.92614
 496     0.88198
 497     0
 498     1.05928
 499     0.45451
 500     1.31334
 501     3.13458
 502     0.67956
 503     0.08082
 504     0
 505     0
 506     0.96366
 507     0.30281
 508     0.30281
 509     0.32618
 510     0
 511     0
