This file was gnenerated on 2021-06-23 10:19:15.184419 by Grant Finneman. This contains the extracted data from the Gate simulations
The edep for each bar was summed up and printed to this file. The only math operation done has been addition.

  id        edep
   0     0
   1     0.67652
   2     0.46142
   3     0.24411
   4     0.34724
   5     0.65456
   6     1.50712
   7     0
   8     0.23858
   9     1.91782
  10     0.0618
  11     0.78367
  12     0.8909
  13     0
  14     1.12619
  15     0
  16     1.05298
  17     1.02715
  18     0.93115
  19     0
  20     0.05832
  21     0.334
  22    22.9204
  23     0.91687
  24     0.72126
  25     8.48289
  26     2.31562
  27     4.93396
  28     1.97344
  29     0
  30    34.3635
  31    16.9049
  32    64.4858
  33     4.9587
  34     0.68789
  35     6.38311
  36    12.3741
  37     7.41462
  38     5.92647
  39     0.7557
  40    11.8451
  41     7.30575
  42     0.03145
  43     0.1429
  44     1.07649
  45     1.05504
  46     9.57402
  47     1.67544
  48     0
  49     0.75729
  50     3.6333
  51     0.28119
  52     0
  53     0.60027
  54     0
  55     0.99376
  56    13.2096
  57    18.2011
  58    15.4671
  59     0
  60     0.17571
  61     0.09257
  62     0
  63     0.69086
  64     3.1592
  65     0
  66     1.77625
  67     0.39155
  68     0
  69     1.24472
  70     0.95247
  71     0
  72     0.69598
  73     0.43364
  74     0.2425
  75    20.9612
  76     0.38842
  77     1.25982
  78     0.87705
  79     0.71811
  80     3.82945
  81     5.74693
  82    22.2462
  83     1.07753
  84    15.4145
  85     0.99204
  86     0.83655
  87     0.04936
  88    35.576
  89    24.4109
  90    74.8261
  91    91.2835
  92     3.85824
  93     1.86504
  94     1.70588
  95     6.36527
  96   142.065
  97   162.967
  98   155.309
  99   142.565
 100    56.1446
 101    45.4231
 102    21.2594
 103    12.0835
 104   106.73
 105   114.938
 106   127.828
 107    43.811
 108    48.2048
 109     1.29673
 110     1.21222
 111     2.78301
 112    14.9728
 113    24.4436
 114    12.6218
 115     9.72748
 116     1.21279
 117     0.93795
 118     0.10466
 119     0.16982
 120     0.2425
 121     0.69907
 122     0.60675
 123     0
 124     0.156
 125     0.93795
 126     0
 127     1.79498
 128     0.51579
 129    12.2346
 130    16.708
 131    13.2656
 132     0.18496
 133     0.33671
 134     0.74698
 135    14.2942
 136    74.951
 137    50.3417
 138     8.22411
 139    54.1297
 140     8.60769
 141     1.61082
 142     3.47947
 143     2.112
 144   171.093
 145   206.067
 146   182.049
 147   166.544
 148    96.7486
 149    65.0748
 150    21.6923
 151    18.5877
 152   446.561
 153   555.969
 154   445.558
 155   486.375
 156   191.969
 157   177.842
 158   131.615
 159    15.1886
 160  1828.53
 161  1868.78
 162  1645.31
 163  1441.01
 164  1205.2
 165   766.322
 166   540.797
 167   153.576
 168  1095.8
 169  1322.42
 170  1324.65
 171  1065.06
 172   836.74
 173   565.471
 174   409.881
 175   110.322
 176   212.6
 177   183.759
 178   116.014
 179   158.236
 180   107.141
 181    37.9813
 182    27.5555
 183    10.9306
 184    41.8276
 185    51.9004
 186    24.3589
 187     8.11962
 188     0.33543
 189    10.4969
 190     8.18046
 191     4.26729
 192    50.7177
 193     6.18464
 194    13.1625
 195    47.9637
 196    19.389
 197     0.26702
 198     0.3791
 199    11.9361
 200   205.113
 201   280.705
 202   267.655
 203   190.051
 204   140.883
 205    24.8444
 206    23.6912
 207     4.28826
 208  1358.21
 209  1394.48
 210  1354.29
 211  1130.99
 212   693.532
 213   596.578
 214   181.159
 215   105.829
 216  3689.08
 217  3885.02
 218  3452.99
 219  3219.49
 220  2367.75
 221  1969.19
 222  1204.8
 223   447.147
 224  5703.16
 225  5529.06
 226  5256.84
 227  5023.43
 228  3999.23
 229  2803.72
 230  1706.07
 231   689.257
 232  3589.85
 233  3571.25
 234  3269.1
 235  3451.39
 236  3099.53
 237  2184.68
 238  1324.4
 239   591.717
 240   435.724
 241   380.951
 242   423.674
 243   402.617
 244   322.144
 245   117.325
 246    62.1647
 247    23.8457
 248    15.3995
 249    59.5455
 250    15.0183
 251    29.6946
 252    30.1078
 253     0.76416
 254     9.54387
 255     0
 256    28.3495
 257    26.4329
 258     6.67037
 259     6.04575
 260     3.30646
 261     0.75217
 262     7.49315
 263     1.59722
 264   414.892
 265   538.682
 266   363.311
 267   313.275
 268   266.18
 269   118.402
 270    66.2739
 271    15.7408
 272  3819.65
 273  3820.75
 274  3623.04
 275  3335.14
 276  2580.38
 277  1861.75
 278  1211.12
 279   559.761
 280  5498.32
 281  5815.01
 282  5755.5
 283  5115.6
 284  4073.82
 285  3361.45
 286  1846.1
 287   768.371
 288  4045.29
 289  3699.56
 290  3556.09
 291  3190.14
 292  2372.11
 293  1773.2
 294  1041.82
 295   443.925
 296  1478.19
 297  1379.46
 298  1628.81
 299  1298.58
 300   906.894
 301   624.321
 302   345.594
 303   166.468
 304   209.986
 305   140.778
 306   337.69
 307   179.754
 308    95.2165
 309    92.253
 310    17.5074
 311    13.8831
 312     1.8988
 313     8.83627
 314    44.7161
 315    13.8511
 316    14.3963
 317     1.61073
 318     0.90655
 319     0
 320    19.5714
 321     0
 322     0.92799
 323    10.2657
 324     2.46237
 325     0.77044
 326     0.69916
 327     0.66341
 328   151.072
 329   227.193
 330   124.305
 331   185.733
 332   109.918
 333    16.575
 334     1.03646
 335     1.90471
 336  1419.92
 337  1396.76
 338  1237.43
 339  1054.51
 340   971.2
 341   574.983
 342   337.713
 343   168.21
 344  1828.62
 345  1889.58
 346  1653.55
 347  1447.16
 348  1049.75
 349   767.982
 350   437.999
 351   170.277
 352   805.337
 353   728.756
 354   729.884
 355   577.136
 356   291.628
 357   200.937
 358   101.243
 359    16.5957
 360   135.299
 361   316.809
 362   260.319
 363   182.363
 364   179.893
 365    35.1551
 366    14.2854
 367     5.74365
 368    21.8154
 369    16.7425
 370    60.6339
 371    27.1786
 372    62.2585
 373    15.006
 374     1.40563
 375     3.00421
 376     4.29576
 377     5.53787
 378     1.52002
 379     2.21543
 380    14.2901
 381     1.30534
 382     3.30936
 383    11.6381
 384     1.67634
 385     0
 386     1.36651
 387     0.83129
 388     0.17205
 389     0.74977
 390     0.01965
 391     0
 392    21.3831
 393    40.8563
 394    40.1442
 395    36.6757
 396     4.18341
 397     0.95994
 398     1.2692
 399     0.6446
 400    94.6311
 401   147.786
 402   252.163
 403   171.357
 404   124.616
 405    19.9638
 406    26.141
 407     2.57192
 408   312.225
 409   298.466
 410   212.62
 411   128.947
 412    76.7125
 413    51.0565
 414    24.5446
 415     1.68771
 416   100.266
 417    92.0981
 418   102.428
 419    31.4274
 420    32.8333
 421    12.1484
 422    31.5579
 423     1.68992
 424     1.09336
 425     8.55651
 426     1.33181
 427    10.5681
 428    15.899
 429     0.82973
 430     0.80286
 431     0.1983
 432     2.32474
 433     1.99873
 434     1.70315
 435     0
 436     0
 437     0.55828
 438     1.31693
 439     1.00416
 440     0.5817
 441     0.62637
 442     0
 443     1.49554
 444     1.46647
 445     0
 446     2.16091
 447     0.67994
 448     0
 449     1.00206
 450     0.0514
 451     0.0514
 452     0
 453     0.07229
 454     0
 455     1.2839
 456     6.38809
 457     1.44134
 458     3.7962
 459     7.88223
 460     0.36803
 461     0
 462     0.23242
 463     0.01852
 464     0.48432
 465     9.75155
 466     7.63911
 467     4.73401
 468     1.58127
 469     0.76088
 470     3.34804
 471     0
 472    15.0169
 473    10.3528
 474     0.83623
 475     1.22445
 476     0.42737
 477     0.91191
 478     1.0535
 479     1.09158
 480    15.5668
 481    23.5763
 482     1.52215
 483     0
 484     1.08419
 485     0
 486     2.32218
 487     0.48197
 488     2.38893
 489     0.47095
 490     0.1446
 491     0.4563
 492     0.57581
 493     0.91393
 494     0
 495     0.98026
 496     0.76142
 497     0
 498     0.73037
 499     1.91563
 500     0.59979
 501     6.16649
 502     6.41145
 503     2.80295
 504     0
 505     0
 506     0
 507     0
 508     0
 509     0
 510     0
 511     0.43627
