This file was gnenerated on 2021-06-23 10:37:02.211298 by Grant Finneman. This contains the extracted data from the Gate simulations
The edep for each bar was summed up and printed to this file. The only math operation done has been addition.

  id        edep
   0     0.9729
   1     0.96657
   2     0.33465
   3     1.03592
   4     1.24679
   5     1.32968
   6     0.21414
   7     0.05646
   8    48.6568
   9    37.977
  10    69.8391
  11    43.2023
  12    33.0917
  13    33.906
  14     0.53878
  15     0.50617
  16    54.3017
  17    16.6187
  18    31.5266
  19     1.16575
  20     0.65348
  21     0
  22     0.20003
  23     0.22837
  24    69.7271
  25   176.881
  26   126.115
  27    92.7962
  28   107.38
  29    11.468
  30     1.90711
  31    32.7951
  32   109.875
  33   136.881
  34   114.309
  35    35.4694
  36    81.5274
  37    19.362
  38    25.6659
  39     0.66836
  40    25.8965
  41    34.2259
  42    42.3117
  43    45.3619
  44     5.78902
  45     1.18301
  46     0.69951
  47     1.40994
  48     0
  49     0.30044
  50     5.47225
  51     0.98885
  52     1.16926
  53     0.41477
  54     1.43983
  55     0.45693
  56     1.14779
  57     0
  58     0
  59     0.89932
  60     0.69951
  61     1.17775
  62     0
  63     0
  64    15.549
  65     1.31274
  66    75.9044
  67    43.4625
  68    16.8348
  69    10.0393
  70     1.35667
  71     1.02927
  72   183.349
  73   183.931
  74   175.371
  75   223.078
  76   102.201
  77    67.9726
  78    96.5428
  79     4.30045
  80   392.984
  81   561.376
  82   500.573
  83   511.009
  84   438.52
  85   255.727
  86   121.299
  87    62.1619
  88  1139.94
  89  1116.1
  90  1099.97
  91  1233.13
  92  1128.34
  93   697.709
  94   470.641
  95   207.486
  96   868.632
  97   837.027
  98   724.022
  99   763.834
 100   581.205
 101   409.646
 102   231.544
 103    82.077
 104   100.484
 105   143.54
 106   161.085
 107    60.458
 108    54.634
 109     4.22491
 110    16.9247
 111    10.1472
 112    27.7261
 113    33.6978
 114     8.37578
 115     2.26597
 116     2.85897
 117     8.12395
 118    11.8944
 119     0.41356
 120     0
 121     1.39822
 122     1.61947
 123     0.01841
 124     0.32703
 125     0
 126     1.19757
 127     0.41356
 128    61.2335
 129    65.3247
 130    19.2378
 131    12.0232
 132    48.5957
 133    22.9961
 134    31.8579
 135     0.24552
 136   733.655
 137   742.556
 138   678.975
 139   589.111
 140   427.283
 141   388.197
 142   324.944
 143    90.1319
 144  1842.83
 145  1796.94
 146  1786.68
 147  1625.84
 148  1493.73
 149  1286.59
 150   815.213
 151   312.008
 152  2495.85
 153  2467.34
 154  2563.9
 155  2370.54
 156  1829.89
 157  1313.95
 158   873.513
 159   303.966
 160  1779.97
 161  1804.07
 162  1821.59
 163  1635.51
 164  1139.05
 165   881.811
 166   457.866
 167   190.408
 168   433.859
 169   419.837
 170   386.991
 171   314.676
 172   197.054
 173   180.418
 174   125.879
 175    23.6453
 176    28.2849
 177    54.8468
 178    61.1998
 179    46.9426
 180    26.3998
 181    37.1975
 182    20.3032
 183     2.81802
 184    27.2941
 185     9.46285
 186    23.5256
 187     7.37152
 188     4.56069
 189     0.93333
 190     1.68753
 191     0.77557
 192    56.4044
 193    83.0928
 194    23.6844
 195    31.6728
 196     1.02985
 197     0.9474
 198     9.30491
 199     4.53078
 200   518.173
 201   617.849
 202   404.798
 203   403.025
 204   348.277
 205   295.173
 206   193.756
 207    31.6468
 208  1700.78
 209  2037.93
 210  1885.71
 211  1590.12
 212  1350.33
 213  1015.58
 214   632.112
 215   322.003
 216  2323.77
 217  2619.21
 218  2446.73
 219  2025.51
 220  1679.46
 221  1144.05
 222   711.866
 223   297.564
 224  2652.3
 225  2395.02
 226  2256.73
 227  1946.1
 228  1415.19
 229  1237.92
 230   667.601
 231   254.228
 232  1534.74
 233  1366.36
 234  1376.62
 235  1106.73
 236   736.774
 237   603.075
 238   330.047
 239   142.412
 240   192.664
 241   155.125
 242   124.993
 243    79.2924
 244    66.6117
 245    14.348
 246     7.69337
 247     3.37322
 248    24.6562
 249     7.80912
 250    22.399
 251    24.6384
 252    13.8785
 253    16.0873
 254     3.16266
 255     2.39483
 256    29.3219
 257    26.0943
 258     1.29034
 259     1.27188
 260     1.63876
 261     0
 262    42.0632
 263     7.0205
 264   200.266
 265   221.223
 266   233.738
 267   133.142
 268   119.054
 269    66.3937
 270    12.348
 271     4.91094
 272  1277.38
 273  1336.6
 274  1013.51
 275   896.109
 276   756.22
 277   616.448
 278   361.639
 279   113.988
 280  2234.94
 281  2222.6
 282  2195.66
 283  2197.06
 284  1649.19
 285  1197.65
 286   697.945
 287   334.293
 288  2438.3
 289  2421.7
 290  2302.14
 291  1847.34
 292  1713.11
 293  1159.79
 294   721.794
 295   331.197
 296  2124.72
 297  2267
 298  1807.22
 299  1867.32
 300  1421.4
 301   965.681
 302   595.179
 303   267.808
 304   597.016
 305   525.627
 306   463.665
 307   342.485
 308   242.992
 309   201.477
 310    61.0587
 311    10.6894
 312    52.8509
 313    48.1908
 314    21.8926
 315     4.85532
 316    16.388
 317    21.6874
 318     1.64495
 319     0.41675
 320     1.09305
 321    14.1146
 322    16.6057
 323    29.5963
 324     0.33712
 325     0.58436
 326     0
 327     0.14173
 328   131.454
 329    82.9331
 330   108.922
 331   121.996
 332    15.2518
 333    20.6056
 334     0.64503
 335     1.17702
 336   323.559
 337   547.394
 338   531.805
 339   432.511
 340   311.096
 341   213.775
 342    88.8869
 343    28.5581
 344  1611.02
 345  1828.94
 346  1887.49
 347  1619.61
 348  1221.79
 349  1002.46
 350   752.969
 351   265.587
 352  2188.41
 353  2211.19
 354  2242.75
 355  1702.64
 356  1418.23
 357   978.262
 358   778.378
 359   213.634
 360  1917.18
 361  2036.94
 362  1988.33
 363  1846.73
 364  1396.7
 365   986.096
 366   702.674
 367   240.519
 368   600.674
 369   609.894
 370   776.824
 371   654.877
 372   452.545
 373   259.925
 374   122.087
 375    49.7804
 376    31.4524
 377    60.5392
 378    46.7631
 379    40.7236
 380    27.1595
 381     7.2044
 382     1.87909
 383     1.20469
 384     0
 385     0.96147
 386     0
 387     2.75199
 388     1.96081
 389     0.56913
 390     0
 391     0
 392    18.9368
 393    35.8209
 394     9.2116
 395     2.96976
 396     1.2611
 397     2.28083
 398     0.17413
 399     0
 400   103.924
 401    67.9133
 402   230.458
 403   202.343
 404   111.81
 405    33.6881
 406    11.8939
 407     0.54921
 408   728.941
 409   698.348
 410   782.507
 411   687.529
 412   418.611
 413   359.657
 414   218.801
 415    86.8695
 416  1064.31
 417  1138.87
 418  1079.08
 419   802.382
 420   825.365
 421   552.083
 422   396.529
 423   151.693
 424   464.899
 425   511.671
 426   491.09
 427   369.128
 428   348.528
 429   256.251
 430   140.454
 431    62.2027
 432   219.12
 433   217.733
 434   167.291
 435    76.6851
 436    87.6225
 437    42.8813
 438     4.57916
 439    10.2034
 440    26.1742
 441    25.201
 442    34.7954
 443     5.93982
 444     2.34455
 445     8.2083
 446     1.87689
 447     1.8319
 448     0.69721
 449     0.69721
 450     1.1073
 451     0.51099
 452     1.06718
 453     0
 454     0.02924
 455     0
 456    10.894
 457     3.14844
 458     0
 459     1.27059
 460     0
 461     0
 462     0.60402
 463     0
 464    22.8535
 465    26.2195
 466     1.29834
 467    59.9409
 468    15.844
 469     0.79886
 470     0
 471     0.90976
 472    55.7402
 473   150.607
 474   115.487
 475    46.1053
 476    64.4582
 477    93.4308
 478    13.5054
 479     1.42047
 480   174.516
 481   214.209
 482   141.387
 483    71.7844
 484    95.371
 485    43.0908
 486     1.51988
 487     1.92294
 488    94.4854
 489    84.2007
 490    94.4083
 491    62.4902
 492    43.2919
 493    11.0765
 494     0.3361
 495     1.73325
 496    17.5383
 497    11.7853
 498    86.588
 499    43.579
 500     1.0021
 501     5.82491
 502     1.86709
 503     0
 504     0
 505     0.52648
 506    16.981
 507     1.0867
 508     0.24644
 509    17.9432
 510     0.30198
 511     0
