This file was gnenerated on 2021-06-22 22:29:38.984110 by Grant Finneman. This contains the extracted data from the Gate simulations
The edep for each bar was summed up and printed to this file. The only math operation done has been addition.

  id        edep
   0     0.87772
   1     0
   2     0
   3     0.58929
   4     0.15195
   5     0
   6     2.44264
   7     4.88528
   8     0
   9     0.32392
  10     0.00839
  11     0.61834
  12     1.1165
  13     0
  14     0.16445
  15     0.15245
  16     3.04029
  17     2.18513
  18    13.2274
  19     1.44222
  20    14.2074
  21    43.2897
  22     0.25759
  23     0.95787
  24     0.90058
  25     4.85836
  26     1.69199
  27     4.27925
  28     2.40473
  29     1.0881
  30     0.15952
  31     1.07881
  32     4.07035
  33    29.3588
  34    22.9032
  35     0.47214
  36     1.03356
  37     1.84241
  38     0
  39     0
  40     0
  41    24.3466
  42    16.5592
  43     1.68107
  44     6.22695
  45     1.2983
  46     1.83745
  47     0.51813
  48     0.91035
  49     0.93939
  50     0.26423
  51     0
  52     1.19228
  53     0.98375
  54     0.23028
  55     1.23668
  56     0
  57    11.6322
  58     0
  59     0.60488
  60     4.32852
  61     2.41088
  62     0.53468
  63     0.00376
  64     0.80962
  65     0.93736
  66    29.7191
  67     0
  68     0.04243
  69     0.95081
  70     0
  71     0.93685
  72    22.3245
  73     5.71662
  74    31.154
  75     0.95978
  76     2.8998
  77     1.10741
  78     2.86883
  79     1.67049
  80    55.2956
  81   105.665
  82    72.2342
  83    32.3529
  84    23.2223
  85    14.6004
  86     0.16978
  87     0.79776
  88   236.325
  89   247.72
  90   229.608
  91   141.081
  92   128.592
  93    44.9357
  94    30.5324
  95    25.5194
  96   146.031
  97   169.7
  98   223.194
  99   136.695
 100   101.308
 101    46.615
 102    18.51
 103     2.34558
 104    34.1297
 105    34.0855
 106    53.8447
 107    55.6095
 108    49.5861
 109    18.5261
 110    27.7951
 111     0.92236
 112     0.82372
 113     0.70638
 114     2.52502
 115    15.3932
 116     0.21449
 117     0.51043
 118     0.36981
 119     0.43997
 120     0.87899
 121     0.55228
 122     1.56173
 123     1.18414
 124     1.08714
 125     0.43997
 126     1.09867
 127     0.01787
 128     0.94812
 129     4.4909
 130     2.288
 131     3.90643
 132    15.592
 133     3.76545
 134     0.36337
 135     0
 136    98.8
 137   107.398
 138   129.025
 139    34.8325
 140    35.8288
 141    28.632
 142    31.3822
 143     0
 144   529.257
 145   729.97
 146   526.097
 147   411.97
 148   358.999
 149   207.88
 150    41.4264
 151    27.7466
 152  2312.88
 153  2483.96
 154  2333.23
 155  1849.65
 156  1801.74
 157  1123.35
 158   637.796
 159   211.632
 160  1662.56
 161  1434.21
 162  1337.82
 163  1112.36
 164   793.821
 165   543.513
 166   304.861
 167   140.265
 168   283.673
 169   244.472
 170   202.956
 171   129.77
 172   109.294
 173    55.0367
 174    17.195
 175     4.36484
 176    33.9628
 177    56.2348
 178    19.3151
 179     5.47852
 180    35.1696
 181     1.79465
 182     1.00394
 183     0
 184     2.4598
 185     1.49662
 186    23.0748
 187     0
 188     3.57983
 189     0.06705
 190     1.94627
 191     0.94485
 192     1.65426
 193    22.8131
 194    19.5632
 195    12.903
 196     0
 197     0.42535
 198     1.44049
 199     5.40003
 200   135.677
 201   192.457
 202   184.546
 203    74.2477
 204    56.7876
 205    30.3816
 206    15.3551
 207     4.10742
 208  1690.99
 209  1625.84
 210  1411.68
 211  1547.27
 212  1104.71
 213   806.561
 214   433.349
 215   153.921
 216  6910.48
 217  7321.07
 218  6842.93
 219  6127.67
 220  5322.66
 221  4136.96
 222  2610.22
 223   976.471
 224  5184.74
 225  5284.45
 226  4905.72
 227  4572.13
 228  3843.18
 229  2716.04
 230  1700.97
 231   680.695
 232   789.387
 233   952.813
 234   751.497
 235   611.343
 236   395.656
 237   171.08
 238    86.3611
 239    21.607
 240    47.8895
 241    81.9906
 242    14.4523
 243    40.8554
 244    38.1725
 245    13.2566
 246     1.58854
 247     0.91037
 248     0.10779
 249     0
 250     0.8046
 251     2.08187
 252     1.28087
 253     0.1436
 254     3.93451
 255     0.34272
 256     1.26176
 257     1.97864
 258     0.54151
 259     1.74758
 260     2.36992
 261    22.4231
 262     0.856
 263     0.33879
 264    41.9298
 265   164.682
 266   141.425
 267    49.9368
 268    39.372
 269    12.0914
 270     6.25533
 271    11.2526
 272   905.181
 273   947.367
 274   647.051
 275   634.614
 276   505.827
 277   284.229
 278    56.8132
 279    16.1721
 280  5319.67
 281  5690.69
 282  5254.65
 283  4484.5
 284  3996.5
 285  2811.81
 286  1449.34
 287   562.473
 288  7140.26
 289  7318.8
 290  6628.51
 291  5983.43
 292  4777.55
 293  3803.2
 294  2316.28
 295   868.619
 296  1691.85
 297  1723.54
 298  1544.49
 299  1482.4
 300  1114.82
 301   760.423
 302   269.889
 303    95.7766
 304   175.677
 305    68.6568
 306   104.132
 307   102.31
 308    65.0231
 309    40.7064
 310     7.33229
 311    27.2997
 312     0.98342
 313    26.3032
 314    24.5265
 315     1.49173
 316     2.69546
 317     0.17764
 318     1.16044
 319     0
 320     0.08568
 321     0.55915
 322     0.51919
 323     0
 324     0.04307
 325     0.81674
 326     1.37289
 327     0
 328    16.3969
 329    12.4623
 330    45.6435
 331     4.85075
 332    14.0816
 333     5.84421
 334     3.73617
 335    48.2608
 336   223.477
 337   163.619
 338   196.519
 339   166.078
 340   120.619
 341    29.6132
 342     7.40138
 343     0.80526
 344  1501.95
 345  1842.79
 346  1380.1
 347   930.413
 348   764.223
 349   546
 350   295.166
 351    72.5272
 352  2384.23
 353  2335.22
 354  2093.67
 355  1775.68
 356  1422.07
 357   925.553
 358   484.293
 359   137.584
 360   603.316
 361   597.665
 362   463.082
 363   349.706
 364   274.681
 365   159.441
 366    80.0628
 367    25.7728
 368    79.2273
 369    84.8501
 370    77.3527
 371    48.6518
 372    23.2763
 373     3.61163
 374     0.91261
 375     0
 376    11.1955
 377     0.13925
 378     0.49997
 379     3.54371
 380     0.63582
 381     0.46875
 382     0.76395
 383     0.37138
 384     0.70764
 385     1.74177
 386     0
 387     0
 388     0.67955
 389     0.73731
 390     2.03373
 391     1.31375
 392     0.80895
 393     1.22166
 394     1.94573
 395     0
 396     0.60726
 397     1.83591
 398     1.27764
 399     0
 400    77.3394
 401    26.4715
 402     2.05925
 403    23.5866
 404    42.9216
 405     1.11137
 406     1.10361
 407     2.37062
 408   164.468
 409   175.222
 410   167.586
 411    39.8755
 412    16.1784
 413     6.73968
 414     6.83467
 415    22.6437
 416   286.902
 417   246.043
 418   238.365
 419    65.6271
 420    62.4501
 421    29.4573
 422     7.7664
 423    14.629
 424    62.8672
 425    62.9309
 426    19.5686
 427    30.5551
 428    34.737
 429    56.8227
 430    32.4047
 431     0.68139
 432     1.86047
 433     1.06362
 434    16.0332
 435     9.00288
 436     2.15682
 437     0.07994
 438     0.47378
 439     2.63249
 440     0.01717
 441     0
 442     0
 443     0.71757
 444     1.08746
 445     0
 446     0.41165
 447     0.90664
 448     0
 449     0
 450     0.71164
 451     0
 452     0
 453     1.82117
 454     4.11393
 455     0
 456     0.41866
 457     0.94527
 458     0
 459     0.83889
 460     0
 461     0
 462     1.52454
 463     0
 464     0.06707
 465     0.54126
 466     0.92212
 467     1.85448
 468     1.14722
 469     0.72226
 470     0.9521
 471     0.78226
 472     2.03205
 473     0.01399
 474    18.5053
 475     0.32148
 476     0.14613
 477     0.8475
 478     0.68194
 479     1.40325
 480    16.7207
 481     0.68085
 482     0.26339
 483     3.63062
 484     6.6106
 485     1.98932
 486     0
 487     4.18866
 488    15.2024
 489     1.3273
 490     0
 491     4.031
 492     0
 493     0.33224
 494     0
 495     0.3163
 496     0.80489
 497     1.0751
 498     0.84671
 499     0.03844
 500     0.5768
 501     0.93077
 502     2.19526
 503     1.81925
 504     0.9163
 505     0.70809
 506     0
 507     0.50513
 508     0.24839
 509     5.02224
 510     0.65192
 511     0
