This file was gnenerated on 2021-06-22 22:08:21.410432 by Grant Finneman. This contains the extracted data from the Gate simulations
The edep for each bar was summed up and printed to this file. The only math operation done has been addition.

  id        edep
   0     1.48677
   1     0
   2     1.03317
   3     0
   4     0
   5     0
   6     0
   7     1.21979
   8     0.64806
   9     1.63204
  10     2.67061
  11     0.70584
  12     2.42334
  13     0
  14     0
  15     0.82481
  16    19.6348
  17     1.05249
  18     2.83026
  19     0
  20     1.25584
  21     0
  22     1.00033
  23     0.90878
  24    49.7863
  25    18.5545
  26    17.3334
  27    32.8947
  28     6.88403
  29     0
  30     2.39207
  31     1.73204
  32    82.0252
  33   100.498
  34    28.1297
  35    58.5782
  36    34.7067
  37     4.78755
  38     1.32786
  39     0.9648
  40    58.8914
  41   107.496
  42    11.1873
  43     4.68778
  44    33.013
  45    13.3786
  46     1.7972
  47     0
  48     1.35166
  49    10.7873
  50    11.0749
  51     0.82346
  52     0
  53     0
  54     0
  55     1.12708
  56     0
  57     0.22745
  58     0
  59     0
  60     0
  61     0
  62     0
  63     0
  64     0
  65     1.16878
  66     0.64866
  67     1.37471
  68     1.33158
  69     0
  70     0
  71     0.2932
  72     1.5374
  73     0.95465
  74     0
  75     0.52173
  76     2.91207
  77     0.97743
  78     0.96019
  79     0.5081
  80    34.888
  81    86.7142
  82    10.0571
  83    39.6827
  84    27.3855
  85     2.05226
  86    10.0582
  87    17.7493
  88   208.033
  89   162.532
  90   136.496
  91   157.151
  92    75.432
  93    22.4334
  94     1.4107
  95    10.0759
  96   553.974
  97   556.932
  98   594.391
  99   409.521
 100   278.143
 101   173.493
 102    52.2116
 103     9.0284
 104   394.512
 105   414.187
 106   385.093
 107   317.706
 108   156.67
 109   192.239
 110    12.199
 111    13.7897
 112    53.0834
 113    27.6187
 114    60.2601
 115    55.5362
 116    39.4212
 117     6.64346
 118    12.7555
 119    11.8879
 120    11.9716
 121     0.22743
 122     0
 123     0
 124     0.08128
 125     0.87346
 126     0.86842
 127     0.07087
 128     0.90245
 129     0.62837
 130     1.36712
 131     0.84041
 132     0
 133     0.494
 134     0.76553
 135     0.67537
 136    13.0644
 137     3.62926
 138    31.1874
 139    17.0407
 140     0
 141     0.75717
 142     0.32555
 143     0.14399
 144   101.199
 145   252.487
 146   115.459
 147    69.6988
 148    42.8331
 149    65.9607
 150     8.94961
 151     6.30346
 152   873.109
 153   956.15
 154   711.731
 155   617.855
 156   450.322
 157   256.284
 158    99.9693
 159    18.4479
 160  4234.33
 161  4250.66
 162  3871.93
 163  3775.18
 164  3152.96
 165  2681.44
 166  1651.4
 167   744.627
 168  1562.9
 169  1430.25
 170  1508.05
 171  1464.31
 172   948.014
 173   808.006
 174   448.791
 175   221.062
 176   148.554
 177    60.9049
 178   117.349
 179   149.394
 180    24.3139
 181    24.4919
 182    10.5465
 183     0.85008
 184     1.05509
 185     0.11225
 186     1.5705
 187    22.5375
 188     2.72224
 189    26.192
 190    22.8513
 191     0.987
 192     1.36356
 193     0.43073
 194     0.47596
 195     0
 196     1.72986
 197     1.13944
 198     1.11692
 199     0.97234
 200    55.2103
 201    11.6351
 202    39.52
 203    39.0099
 204    44.0457
 205    18.8953
 206    26.6994
 207     1.36874
 208   324.241
 209   400.885
 210   425.369
 211   445.37
 212   265.235
 213    85.7078
 214    29.1966
 215    17.6963
 216  2782.91
 217  2961.52
 218  2777.73
 219  2506.19
 220  2186.34
 221  1375.13
 222   745.866
 223   203.738
 224  6164.95
 225  6541.48
 226  6077.98
 227  5285.9
 228  4739.58
 229  3747.49
 230  2321.33
 231   867.185
 232  1186.99
 233  1154.78
 234   884.763
 235   561.258
 236   553.641
 237   293.123
 238   141.648
 239    53.6152
 240   286.394
 241   234.028
 242   121.009
 243    49.867
 244    15.9053
 245    12.8669
 246     0.60149
 247    14.5591
 248    13.2819
 249     0.52506
 250     1.36437
 251    21.3579
 252     3.12568
 253     4.11077
 254     0.74449
 255     0.24811
 256    12.7312
 257     1.47385
 258    35.1097
 259     4.13616
 260     1.02674
 261     0.83119
 262     1.79578
 263     0.73292
 264    70.1908
 265   134.536
 266   149.215
 267    82.492
 268    53.041
 269    27.217
 270    36.9564
 271     1.50468
 272  1002.36
 273   984.603
 274  1148.87
 275   989.903
 276   485.792
 277   352.044
 278   178.113
 279    10.9326
 280  6471.65
 281  6279.58
 282  5988.81
 283  5763.66
 284  5019.86
 285  3706.99
 286  2484.16
 287  1043.29
 288  2819.32
 289  2884.2
 290  2790.03
 291  2393.84
 292  1943.37
 293  1028.55
 294   502.048
 295   182.264
 296   466.328
 297   434.508
 298   518.501
 299   326.693
 300   158.312
 301    63.4175
 302    50.194
 303     5.58829
 304    63.6509
 305    13.0926
 306     1.63982
 307    17.2844
 308     3.03236
 309    10.0401
 310     1.67242
 311     7.0331
 312     0.2483
 313     0.71323
 314     0.89929
 315    21.2816
 316     0
 317     9.09808
 318    32.2574
 319     7.07592
 320     0
 321     1.23326
 322    13.8009
 323     1.0408
 324     0
 325    17.8593
 326     2.31875
 327     0.21972
 328    90.6985
 329   152.122
 330   120.318
 331    85.5966
 332    85.8859
 333   100.133
 334    32.9969
 335     3.73074
 336  1754.45
 337  1822.27
 338  1704.81
 339  1482.71
 340  1208.35
 341   970.226
 342   528.33
 343   144.852
 344  4440.21
 345  4566.43
 346  4450.57
 347  4162.04
 348  3612.84
 349  2888.09
 350  1871.87
 351   667.826
 352  1056.98
 353  1066.29
 354   815.693
 355   628.933
 356   507.752
 357   231.231
 358   194.265
 359    56.3586
 360    90.742
 361    96.9465
 362   131.674
 363   131.392
 364    30.9341
 365    28.9008
 366     7.65799
 367     5.26381
 368     9.09401
 369     1.79165
 370     1.51866
 371    10.1012
 372     1.58216
 373     0
 374     1.8054
 375     1.51557
 376     0
 377     0
 378     0.3953
 379    20.3354
 380     1.11545
 381     1.32483
 382     0
 383     0
 384     0
 385    22.6379
 386     0.08178
 387     0
 388     9.34498
 389     0
 390     0.3181
 391     0
 392   119.524
 393   149.848
 394    52.0874
 395     9.2311
 396    15.7696
 397    30.7986
 398     6.82684
 399     2.57527
 400   334.185
 401   485.941
 402   373.578
 403   278.024
 404   303.965
 405   164.845
 406   104.256
 407    22.2287
 408   434.018
 409   512.919
 410   504.828
 411   430.249
 412   250.775
 413   197.161
 414   110.755
 415    17.9262
 416   198.865
 417   290.938
 418   194.357
 419    40.954
 420   104.541
 421    27.306
 422    66.2865
 423    12.9213
 424    16.6453
 425     2.75436
 426     2.11696
 427    16.5942
 428    31.4855
 429    24.5956
 430    24.1043
 431     0
 432     0
 433     2.67238
 434     1.77713
 435     1.48664
 436     0.96216
 437     1.91671
 438     0.65063
 439     1.0433
 440     5.57595
 441     0.26346
 442     0.91459
 443     0.962
 444     1.08101
 445    18.8003
 446     7.05753
 447     6.29126
 448     0.40411
 449     0.40411
 450     1.81636
 451     0.69362
 452     0
 453     1.75324
 454     0.97517
 455     0
 456     0.00287
 457     1.93474
 458     2.53064
 459    23.754
 460     7.8845
 461    22.2936
 462    15.984
 463     0.65027
 464    40.535
 465    18.4629
 466    39.1077
 467    64.249
 468    10.5332
 469    11.0241
 470     2.65427
 471     1.71313
 472    47.0892
 473    18.9368
 474    17.1312
 475    36.1695
 476     1.63745
 477    34.2563
 478     5.46108
 479     3.24323
 480    24.4632
 481     0.69288
 482    14.4169
 483     6.36031
 484     0.80029
 485     2.26906
 486     0.47295
 487     0.63583
 488    15.3733
 489     2.29587
 490     3.09951
 491    10.0348
 492     8.83445
 493     0.91305
 494     0.08696
 495     0.04991
 496     1.5186
 497     2.35682
 498     0.41032
 499     0.99729
 500     0
 501     0
 502     0
 503     0
 504     1.09673
 505     1.42258
 506     1.66073
 507     1.22703
 508     0
 509     0
 510     0.26692
 511     0
