This file was gnenerated on 2021-06-22 22:16:24.234990 by Grant Finneman. This contains the extracted data from the Gate simulations
The edep for each bar was summed up and printed to this file. The only math operation done has been addition.

  id        edep
   0     0
   1     0
   2     0.17494
   3     0.98615
   4     0
   5     0.75086
   6     1.31712
   7     0.61486
   8     1.87404
   9     0.82177
  10     0
  11     0.80772
  12     0.61578
  13     1.37324
  14     0
  15     0
  16     1.93318
  17     5.89117
  18     0.13873
  19     0.56289
  20     0.88261
  21     1.02435
  22     1.40911
  23     1.58507
  24     1.13291
  25     1.40508
  26     0.32072
  27     2.44274
  28     1.80924
  29     0
  30     0.66868
  31     0.48897
  32     6.23337
  33     2.62511
  34     5.27368
  35     0
  36     1.08872
  37     0.60921
  38     2.03172
  39     1.503
  40     1.57231
  41     3.3196
  42     1.31226
  43     0.75554
  44    21.6092
  45     0.7994
  46     0.97241
  47     0
  48     0
  49     1.69283
  50     0
  51     1.08714
  52     0.86591
  53     0.72582
  54     0.75262
  55     0.69538
  56     7.79125
  57     0.64848
  58     0
  59     0
  60     0.15396
  61     0.42864
  62     0
  63     0
  64     0.99756
  65     0
  66     0.71149
  67     0.22043
  68     0.91591
  69     0.28869
  70     0
  71     0
  72     1.08893
  73     4.5998
  74     1.9926
  75     0
  76     0.78036
  77     0.60153
  78     0.60153
  79     1.63829
  80     2.11256
  81    22.1806
  82     6.19419
  83    14.497
  84     0.29898
  85     1.10677
  86     1.51361
  87     1.16551
  88    45.8999
  89    46.6059
  90    85.6571
  91    46.2632
  92    46.867
  93    11.7721
  94     2.00689
  95     1.87035
  96    32.1683
  97    45.9869
  98    64.3123
  99    89.3867
 100   111.517
 101     0.44638
 102     0.21878
 103    15.7602
 104    24.2086
 105    10.3039
 106     9.60314
 107     7.06657
 108    27.4463
 109     1.67075
 110     6.82826
 111    14.9825
 112     1.98042
 113     2.00681
 114     0.94077
 115    27.5103
 116    25.3514
 117     0.97489
 118    30.1937
 119     0
 120     0.35851
 121     0.3435
 122     0
 123     0.7838
 124     0.20607
 125     1.66945
 126     0.95374
 127     0.97023
 128     0.58077
 129     0.93091
 130     1.03934
 131     0
 132     1.0484
 133     1.15794
 134     0.48827
 135     0
 136    32.6633
 137    17.3887
 138     9.34543
 139     1.95232
 140    23.6373
 141    11.5746
 142     1.62478
 143     0.75796
 144   203.157
 145   334.79
 146   210.221
 147   129.478
 148    80.2982
 149   110.964
 150    13.5769
 151     0.78298
 152  1015.49
 153  1083.63
 154   908.788
 155   690.204
 156   533.358
 157   353.489
 158   163.852
 159    48.2119
 160  1200.44
 161  1055.18
 162   940.714
 163   790.87
 164   726.189
 165   396.199
 166   166.162
 167    70.2084
 168   296.805
 169   311.292
 170   205.674
 171   176.356
 172   124.808
 173    63.948
 174    14.5674
 175    10.1615
 176    39.8292
 177    43.9394
 178    30.1875
 179    21.9841
 180    30.5886
 181    35.8424
 182     0.75262
 183     2.66942
 184     2.00717
 185     0.70279
 186     0.92471
 187     1.31234
 188     0
 189     0
 190     1.65015
 191     1.27957
 192     2.11997
 193     0.33206
 194     0.49
 195     0.72891
 196     0
 197     0.64975
 198     0.29267
 199     0.17104
 200     7.04768
 201   109.168
 202    35.5411
 203    48.7524
 204    66.5038
 205     9.96291
 206    14.9212
 207    14.9022
 208   803.974
 209   931.573
 210   729.446
 211   507.826
 212   424.502
 213   292.072
 214   156.12
 215    22.183
 216  7697.52
 217  6982.17
 218  6469.95
 219  6261.9
 220  5037.58
 221  3967.46
 222  2417.44
 223   998.423
 224  7519.4
 225  7974.47
 226  7543.01
 227  7223.17
 228  6640.23
 229  4749.44
 230  2929.65
 231  1259.42
 232  1015.05
 233  1128.51
 234  1011.41
 235   680.132
 236   546.545
 237   290.797
 238    97.8675
 239    11.6516
 240    50.3963
 241    98.5193
 242   116.305
 243    61.4895
 244    18.5438
 245    13.9298
 246     9.40954
 247     1.56082
 248    12.4082
 249     4.55804
 250     8.47705
 251     2.22578
 252     0.99009
 253     0.67033
 254     0.6388
 255     4.92739
 256     2.12868
 257     2.58184
 258     0.34763
 259     0
 260     0.12069
 261     0
 262     0
 263     0.56758
 264    47.3187
 265    90.7972
 266    77.7295
 267    27.4503
 268    21.7593
 269     4.6298
 270     1.02953
 271     0.91454
 272   942.578
 273  1133.31
 274   795.923
 275   660.911
 276   571.127
 277   305.36
 278   117.419
 279    10.3038
 280  7502.53
 281  7536.29
 282  7230.93
 283  6519.93
 284  5935.2
 285  4616.93
 286  3075.96
 287  1189.56
 288  6922.58
 289  7098.11
 290  6642.7
 291  6065.98
 292  5084.65
 293  4095.23
 294  2376.63
 295   932.73
 296   821.803
 297  1036.53
 298   957.516
 299   673.04
 300   507.562
 301   332.178
 302    44.5169
 303    22.4493
 304    71.7469
 305    46.0858
 306    64.0378
 307    22.8624
 308    18.7498
 309     8.12483
 310     2.8828
 311     0.80297
 312    11.152
 313     2.10229
 314     1.21648
 315     0.23538
 316     1.18102
 317     2.08094
 318     0
 319     0.99231
 320     9.23606
 321     0
 322     1.15146
 323     0.53399
 324     0
 325     1.51403
 326     0.51326
 327     1.42345
 328    64.3386
 329    18.6088
 330    25.6799
 331    34.2684
 332    37.6685
 333    11.2826
 334     0.94087
 335     0.83645
 336   317.387
 337   378.425
 338   292.122
 339   166.831
 340   112.475
 341    80.8111
 342     5.53051
 343     7.46527
 344  1228.63
 345  1151.5
 346  1006
 347   861.909
 348   566.538
 349   418.103
 350    70.88
 351    70.4598
 352  1002.46
 353  1094.34
 354   963.711
 355   747.937
 356   691.502
 357   335.541
 358   114.532
 359    50.7879
 360   294.824
 361   256.028
 362   203.79
 363   142.993
 364   159.375
 365   107.18
 366    10.195
 367     8.30336
 368     8.46868
 369    29.4641
 370    17.9531
 371    51.2683
 372    30.8224
 373    20.2031
 374     1.463
 375     2.71884
 376     0
 377     0.40184
 378     0
 379     3.24201
 380     0.74461
 381     0.30913
 382     0.81357
 383     1.15444
 384     0.98152
 385     0.584
 386     0.92775
 387     2.05747
 388     2.09711
 389     1.85281
 390     0
 391     0
 392     1.77222
 393     0.4483
 394     0
 395     1.40103
 396     3.00937
 397     0.69068
 398     0.43117
 399     8.22407
 400    36.4779
 401    24.7459
 402    22.6132
 403     4.65715
 404    13.7855
 405     4.62316
 406     1.73181
 407    10.4208
 408    43.5078
 409    60.1321
 410   107.108
 411    69.7681
 412    48.7071
 413    14.8459
 414     5.97265
 415     6.36547
 416    94.1584
 417    84.7689
 418    92.1466
 419    37.1578
 420    46.2583
 421    14.3954
 422     3.89273
 423     2.63894
 424    37.4174
 425    19.1783
 426    17.2998
 427     1.28085
 428    45.6568
 429     0
 430     0
 431     0
 432     3.65068
 433     1.3154
 434     0.24126
 435     0.92819
 436     1.54009
 437     0.41958
 438     0
 439     1.46551
 440     1.1043
 441     0.0292
 442     3.00708
 443     0
 444     0.95904
 445     5.41224
 446     3.76997
 447     0.65968
 448     0
 449     2.41028
 450     0.61145
 451     1.10655
 452     0
 453     0.94132
 454     0.58897
 455     0
 456     1.07119
 457     0
 458     1.07204
 459     2.26703
 460     0.90585
 461     0
 462     1.84612
 463     0
 464     1.22292
 465     2.81364
 466     1.23308
 467     1.70331
 468     0.5217
 469     0
 470     0
 471     1.24559
 472     1.3227
 473     3.43125
 474     0
 475     1.35723
 476    10.985
 477     6.59546
 478     4.37735
 479     9.45505
 480     0.27695
 481     0.67582
 482     0
 483     0.34056
 484     0.90057
 485     0.56361
 486     0.99212
 487     1.6002
 488     0.24095
 489     1.34276
 490     0.48897
 491     0.32002
 492     1.714
 493     1.65921
 494     0.4389
 495     0
 496     0.19404
 497     0
 498     1.76813
 499     0.3074
 500     0.05214
 501     0.23239
 502    10.9472
 503    18.4651
 504     0
 505     0.66651
 506     0.41958
 507     0.06805
 508     0.89204
 509     0.12917
 510    10.5052
 511     0.41845
