This file was gnenerated on 2021-06-22 22:30:01.237396 by Grant Finneman. This contains the extracted data from the Gate simulations
The edep for each bar was summed up and printed to this file. The only math operation done has been addition.

  id        edep
   0     0
   1     0
   2     0.37564
   3     0.97757
   4     0
   5     0.51164
   6     0.71632
   7     0.93976
   8     0.6898
   9     0.75816
  10     1.16557
  11     1.14841
  12     0.79756
  13     0.48724
  14     0.27493
  15     0.48709
  16     1.30059
  17     0.50438
  18     7.66436
  19     8.22556
  20     0.73855
  21     0.5746
  22     0.26705
  23     1.45005
  24    25.1957
  25     0.93704
  26    11.0952
  27     4.70818
  28     2.01133
  29     5.4384
  30    36.6484
  31     8.49657
  32     0.61223
  33     1.15928
  34     0.06108
  35     3.90235
  36     0.64683
  37     6.98064
  38    36.977
  39     0
  40     0.9338
  41     0
  42     2.1199
  43     1.73867
  44     0.62516
  45     1.57217
  46     1.40164
  47     0.34928
  48     0.62179
  49     0.75592
  50     0.80404
  51     0
  52     0
  53     1.62365
  54     0
  55     1.46064
  56     0
  57     0
  58     0.1354
  59     1.25397
  60     0
  61     0.51782
  62     0.30836
  63     0
  64     1.23905
  65     0
  66     1.39468
  67     0.88554
  68     0.84611
  69     0.90162
  70     0
  71     0
  72     2.285
  73    13.4888
  74    75.4117
  75    31.8122
  76     0.12566
  77     0.9807
  78     0.88562
  79     1.00069
  80    55.7241
  81   131.103
  82    99.224
  83    64.3176
  84    15.2831
  85    26.5287
  86    13.6967
  87     2.68377
  88   132.316
  89   125.915
  90   119.4
  91   119.105
  92   129.695
  93    49.7765
  94    35.6184
  95    10.7493
  96   108.799
  97    58.1432
  98    69.379
  99    50.6338
 100    46.6855
 101    43.6871
 102     8.93339
 103     2.71803
 104     8.61866
 105    44.3208
 106    16.5243
 107    15.036
 108    25.144
 109     5.98536
 110    13.809
 111     0
 112    22.2517
 113     0.06563
 114     0.73865
 115    19.0105
 116     0.8647
 117     2.66941
 118    20.8731
 119     1.25323
 120    19.1417
 121     0.2596
 122     0.20342
 123     1.00855
 124     0.90786
 125     0.29596
 126     3.07582
 127     0.60322
 128     0.31104
 129     0.43434
 130     0
 131     5.9387
 132     0
 133     0.59694
 134     2.28722
 135     0.32916
 136    42.1921
 137    90.0459
 138    90.6555
 139    30.4289
 140    20.5386
 141    10.5498
 142     1.82608
 143     2.01279
 144   616.32
 145   707.594
 146   481.585
 147   400.766
 148   279.78
 149   175.333
 150   106.902
 151    50.187
 152  1816.13
 153  1827.55
 154  1889.52
 155  1705.85
 156  1462.39
 157  1303.71
 158   909.95
 159   275.57
 160  1101.82
 161  1231.04
 162  1023.14
 163   927.106
 164   565.892
 165   386.299
 166   117.23
 167    44.4228
 168   320.252
 169   362.905
 170   258.877
 171   176.618
 172   183.682
 173    88.6722
 174    33.6793
 175     9.92672
 176    71.9752
 177    21.3633
 178     8.75459
 179     9.43894
 180    15.9881
 181     1.47287
 182     2.37126
 183     0.81562
 184     0
 185     2.12071
 186     1.35783
 187     0.86492
 188     0.78405
 189     1.12297
 190     0.36494
 191     0.38415
 192    14.2885
 193    15.2052
 194     0.91258
 195     1.90811
 196     1.72305
 197     2.79967
 198     1.06651
 199     1.16847
 200   142.464
 201   191.155
 202   162.864
 203   101.595
 204    74.6318
 205    39.3995
 206    21.1598
 207     4.16506
 208  1948.45
 209  2079.96
 210  1676.28
 211  1546.16
 212  1126.47
 213   743.414
 214   515.008
 215   183.82
 216  5495.35
 217  5660.9
 218  5337.62
 219  5078.74
 220  3985.04
 221  3089.37
 222  2079.17
 223   718.838
 224  4995.77
 225  5616.24
 226  5018.28
 227  4477.93
 228  3186.12
 229  2522.09
 230  1443.81
 231   544.051
 232  1768.25
 233  1819.85
 234  1630
 235  1428.57
 236   991.343
 237   771.723
 238   428.929
 239   191.093
 240   197.702
 241   172.245
 242   145.97
 243   110.891
 244    88.27
 245    57.6174
 246     0.51483
 247     2.1628
 248     1.02153
 249     4.39386
 250     0.65352
 251     6.73235
 252    13.9053
 253     1.38451
 254     0.05557
 255     0
 256     8.51856
 257     2.27928
 258    13.0746
 259    31.1882
 260     1.27659
 261    26.9772
 262     5.8238
 263     0.77447
 264   196.106
 265   311.117
 266   138.784
 267   137.096
 268   107.318
 269    88.0127
 270    44.5256
 271    12.9432
 272  1991.37
 273  2170.48
 274  1799.03
 275  1643.46
 276  1477.25
 277  1029.59
 278   605.031
 279   175.259
 280  5059.89
 281  5265.17
 282  4689.55
 283  4447.4
 284  3417.96
 285  2634.43
 286  1635.16
 287   614.272
 288  5832.92
 289  5929.85
 290  5439.59
 291  5040.03
 292  4473.74
 293  3427.54
 294  1919.79
 295   781.65
 296  1793.66
 297  1805.09
 298  1838.18
 299  1718.47
 300  1254.4
 301   911.073
 302   481.516
 303   119.931
 304   188.906
 305   211.415
 306   345.798
 307   184.249
 308   104.932
 309     7.92143
 310     0.81426
 311    11.1659
 312    13.9545
 313    23.2019
 314     8.45955
 315    36.0986
 316     6.13375
 317     7.03814
 318     0.6837
 319     0
 320    17.6614
 321     1.43706
 322     1.14096
 323     2.0899
 324     5.79134
 325     2.03891
 326     2.10688
 327     0
 328   102.943
 329    42.6306
 330    47.48
 331    24.8196
 332     5.428
 333    29.3488
 334    17.6096
 335     1.96401
 336   294.653
 337   312.794
 338   443.05
 339   240.893
 340   171.879
 341   107.514
 342     1.10921
 343     3.24748
 344   998.634
 345  1313.31
 346  1277.09
 347   917.648
 348   675.09
 349   362.022
 350   132.964
 351    67.8463
 352  1767.32
 353  1846.81
 354  1921.5
 355  1676.34
 356  1311.21
 357   955.522
 358   548.77
 359   267.173
 360   429.553
 361   473.647
 362   416.042
 363   406.593
 364   408.446
 365   230.774
 366   126.076
 367    32.0004
 368    32.0787
 369     9.67463
 370    23.5067
 371    39.6429
 372    37.0716
 373    52.7258
 374    21.4778
 375     2.74705
 376     0.54912
 377     0.47543
 378     0
 379     8.4212
 380     0.20083
 381     0.9338
 382     0
 383     0.94122
 384     0.94466
 385     0.78913
 386     0.56458
 387     0.76528
 388    10.044
 389     1.17089
 390    11.6712
 391     7.7388
 392     1.23771
 393     1.87561
 394     0
 395     0.16869
 396     0
 397     3.70438
 398     4.02556
 399     0.52411
 400    26.0288
 401    31.5531
 402    32.8171
 403     4.77557
 404    10.363
 405     2.98239
 406     0.51957
 407     0.37673
 408   251.814
 409   160.907
 410   122.351
 411   160.315
 412    68.4512
 413    19.1748
 414    18.7012
 415     0.84533
 416   131.711
 417    87.9544
 418   145.725
 419    84.3553
 420    85.1401
 421     1.49638
 422     7.9906
 423    34.1069
 424    66.9506
 425    92.8172
 426   127.248
 427    36.7742
 428    58.1034
 429    19.3823
 430    19.3444
 431    21.4331
 432    10.719
 433    16.8824
 434     0.4181
 435     1.08856
 436     3.41767
 437     6.29244
 438     0
 439     0.65475
 440     0.52561
 441     0.93021
 442     0.97757
 443     2.40729
 444     2.14228
 445     0.79534
 446     0.21497
 447     0.66256
 448     0
 449     0
 450     0
 451     1.91141
 452     0.9877
 453     0.13151
 454     0.77711
 455     0
 456     0.87586
 457     0
 458     0.71624
 459     0
 460     0.38159
 461     0.21826
 462     0
 463     1.3577
 464     2.18556
 465     0.94051
 466     0.52458
 467     0.54239
 468     0.75143
 469     0.32942
 470     0
 471     0.153
 472     3.15716
 473     1.36007
 474     1.92652
 475    12.6774
 476     6.58581
 477     2.13753
 478     0.38509
 479     0.43242
 480    18.9639
 481     0.85922
 482     0.73705
 483     0.90744
 484     0.35812
 485     2.69059
 486     1.50304
 487     1.19713
 488     0
 489     0.68094
 490    12.3365
 491     0.49206
 492     0
 493     1.12326
 494     0.85277
 495     1.92605
 496     0.68512
 497     0.23697
 498     0
 499     0.53541
 500     0.74218
 501     1.38519
 502     0.84779
 503     1.28805
 504     0.94662
 505     0
 506     0.97047
 507     0.21244
 508     1.6559
 509     0.33258
 510     2.17878
 511     0
