This file was gnenerated on 2021-06-22 22:14:20.457938 by Grant Finneman. This contains the extracted data from the Gate simulations
The edep for each bar was summed up and printed to this file. The only math operation done has been addition.

  id        edep
   0     1.38055
   1     0.556
   2     0
   3     0.51274
   4     0
   5     0.93244
   6     0.5533
   7     0.76881
   8     1.52164
   9     0
  10     1.82707
  11     1.32497
  12     0
  13     0.76098
  14     4.07728
  15     0.46556
  16     0.8522
  17     0.98795
  18     0.33712
  19     0.17337
  20     0
  21     0.54442
  22     0
  23     1.44965
  24     0.88307
  25     1.69062
  26     0.86046
  27     1.13459
  28     0.64157
  29     0.78251
  30     0
  31    10.8949
  32     3.03406
  33     0.98343
  34     0
  35     1.95555
  36     1.72756
  37     1.54501
  38     1.44407
  39     1.27522
  40     0.59333
  41     5.87197
  42    17.3273
  43     7.22625
  44     0.98407
  45     0.8176
  46     0
  47     0.13895
  48     0.31992
  49     0.35397
  50     0.37228
  51     0
  52     0.1671
  53     0
  54     0
  55     0.93774
  56     0.23658
  57     0.7985
  58     0
  59     0.26584
  60     0.1371
  61     0
  62     0
  63     0
  64     0.91326
  65     0
  66     0.76713
  67     0.46969
  68     2.63848
  69     1.95271
  70     3.38245
  71     8.78574
  72    41.2733
  73    16.5182
  74     1.83834
  75     3.59407
  76     1.10466
  77     1.52698
  78     6.55374
  79     2.42087
  80    31.1761
  81    29.7123
  82    18.0561
  83    25.7498
  84    61.6792
  85    14.5772
  86     0.86947
  87     0.08433
  88    23.3342
  89    32.8529
  90     2.00274
  91    12.5815
  92    16.8211
  93     9.92696
  94    17.6472
  95     0.44913
  96    45.7509
  97    23.0041
  98    25.2066
  99     5.98899
 100     6.66485
 101    22.5417
 102    12.461
 103     0.59691
 104    29.0623
 105    31.3179
 106    59.6813
 107    64.9555
 108    25.6275
 109    29.7424
 110    12.5849
 111     1.05569
 112     9.49635
 113     1.60934
 114    33.0502
 115     0.4179
 116    19.1016
 117     0.43604
 118     0.75139
 119     0
 120     0.10432
 121     0.88765
 122     0
 123     2.72007
 124     0.95254
 125     0.56596
 126     0
 127     0.70346
 128    18.5247
 129    37.724
 130    41.0149
 131    13.961
 132     0.06987
 133     0.95632
 134     1.29611
 135     1.46096
 136    95.9509
 137   176.442
 138   176.576
 139    87.2575
 140    88.0478
 141    10.1919
 142     2.30576
 143    16.8003
 144   411.433
 145   430.287
 146   363.185
 147   193.896
 148   233.361
 149   152.887
 150    52.4542
 151    17.3666
 152   458.634
 153   671.436
 154   583.455
 155   349.736
 156   402.22
 157   153.314
 158    41.6184
 159     9.14206
 160   371.173
 161   590.538
 162   391.397
 163   223.406
 164   332.922
 165   169.836
 166    84.8026
 167    27.1603
 168   411.022
 169   438.169
 170   350.523
 171   413.22
 172   210.169
 173   193.292
 174    80.2332
 175    39.4125
 176   173.101
 177   157.896
 178   236.231
 179   178.017
 180    51.3225
 181    19.6975
 182    14.7258
 183     1.58656
 184     5.36717
 185    31.5253
 186    35.4107
 187    13.2737
 188     0.26594
 189     1.56173
 190     2.53898
 191     0.06986
 192    50.75
 193   118.766
 194   113.719
 195   123.823
 196    17.552
 197    27.5095
 198     0.53428
 199     0.77908
 200   782.401
 201   845.108
 202   770.719
 203   607.481
 204   411.235
 205   226.157
 206   123.117
 207    36.6067
 208  3552.07
 209  3590.17
 210  3389.31
 211  2965.14
 212  2671.62
 213  2219.54
 214  1255.93
 215   492.545
 216  4143.52
 217  4379.53
 218  3954.11
 219  3583.84
 220  2965.65
 221  2458.63
 222  1607.44
 223   551.495
 224  4058.42
 225  4333.91
 226  4358.92
 227  4150.65
 228  3162.1
 229  2124.26
 230  1423.9
 231   549.301
 232  3574.68
 233  3755.91
 234  3779.88
 235  3097.17
 236  2466.21
 237  1937.55
 238  1340.11
 239   488.888
 240   736.406
 241   770.104
 242   809.255
 243   584.441
 244   414.801
 245   295.119
 246   131.706
 247    33.646
 248    52.8596
 249   115.104
 250    33.9245
 251    47.7968
 252    34.8344
 253    58.6857
 254     5.20202
 255     4.89042
 256    63.6496
 257    33.3142
 258    63.4327
 259    64.9493
 260    27.3371
 261    47.7116
 262    34.6061
 263     6.49274
 264   743.738
 265   687.07
 266   816.7
 267   706.029
 268   436.242
 269   322.734
 270   152.017
 271    18.9963
 272  3413.48
 273  3580.75
 274  3386.87
 275  3127.01
 276  2892.92
 277  2272.41
 278  1349.04
 279   554.358
 280  3755.17
 281  4018.46
 282  4097.35
 283  3960.82
 284  2956.33
 285  2181.3
 286  1465.27
 287   653.462
 288  3986.57
 289  4270.82
 290  3872.83
 291  3371.6
 292  2811.65
 293  2168.12
 294  1404.09
 295   435.578
 296  3470.78
 297  3647.51
 298  3400.57
 299  2892.77
 300  2212.48
 301  1562.12
 302   997.741
 303   497.86
 304   800.481
 305   775.058
 306   781.594
 307   580.635
 308   435.138
 309   162.099
 310   128.904
 311    39.1387
 312   104.603
 313    97.761
 314    82.6141
 315    76.9408
 316    12.9278
 317     0.30027
 318     1.45468
 319     0.09161
 320     0
 321     1.01399
 322    12.8569
 323     1.79183
 324     7.57965
 325    22.9998
 326     0
 327    16.1608
 328   139.36
 329   221.731
 330   110.022
 331    52.5099
 332    48.8513
 333    41.8891
 334    14.2892
 335     2.34746
 336   379.937
 337   433.847
 338   419.566
 339   303.744
 340   232.793
 341   126.227
 342    41.5632
 343     8.00548
 344   585.631
 345   594.8
 346   525.969
 347   573.209
 348   339.496
 349   140.882
 350    58.6793
 351    20.8426
 352   450.1
 353   697.455
 354   551.579
 355   268.066
 356   181.639
 357   101.106
 358    25.2931
 359    18.6849
 360   528.212
 361   605.824
 362   471.472
 363   239.496
 364   105.415
 365    38.6386
 366    43.4422
 367    22.3472
 368   176.765
 369   192.88
 370   131.053
 371   189.65
 372    70.8417
 373    24.1824
 374    41.0001
 375     2.5797
 376    22.4547
 377    21.7294
 378    51.5085
 379    20.851
 380     2.65492
 381     1.42015
 382     2.02046
 383     0.89505
 384     0
 385     0.88478
 386     0.00375
 387     1.35089
 388     0
 389     1.31249
 390     0
 391     0.55747
 392     0.18407
 393    15.1556
 394     2.13538
 395     1.12362
 396     1.06201
 397     1.69311
 398     2.27547
 399     1.01299
 400     7.01046
 401    79.4187
 402    25.7559
 403    19.7824
 404    19.8894
 405     4.97347
 406     2.08339
 407     1.50398
 408    56.7309
 409    55.0719
 410    24.8786
 411    28.6556
 412    13.9358
 413     2.09474
 414    14.6977
 415     1.39458
 416    62.0687
 417    33.6357
 418    34.4106
 419     8.86865
 420     7.42192
 421    14.999
 422     0.66523
 423     1.88154
 424    69.0834
 425    77.7945
 426    17.8542
 427     2.79368
 428     1.26287
 429    24.094
 430     1.78652
 431     0.44856
 432     8.25414
 433    35.1852
 434     0.82902
 435     1.46634
 436    30.1836
 437    13.5976
 438     0
 439     0.4356
 440     1.03296
 441     0.31361
 442     1.97186
 443     1.38101
 444     0.08366
 445     1.39579
 446     0
 447     0.95059
 448     0
 449     0.36135
 450     0.32342
 451     0.59788
 452     0
 453     0.87701
 454     0
 455     0
 456     0.20303
 457     0.70889
 458     0.5821
 459     0
 460     0.70725
 461     0
 462     2.49399
 463     2.25568
 464     1.30856
 465     0.47928
 466     0.77833
 467     0.1238
 468     0.72051
 469     0.25114
 470     0
 471     2.9473
 472     2.34376
 473     1.81322
 474     1.54644
 475     1.76918
 476     1.66107
 477     1.98988
 478     0
 479     0.1706
 480     0.63073
 481     0.73885
 482     0
 483     1.35382
 484     0.7824
 485     0
 486     1.28417
 487     1.29209
 488     0.61142
 489     0.90473
 490     0.58579
 491     0.03438
 492     0.29372
 493     1.48289
 494     0
 495     0
 496     1.14525
 497     0.80078
 498     0.94734
 499     0.0133
 500     1.31326
 501     2.15601
 502     0.19316
 503     0
 504     0
 505     0.9135
 506     0.5975
 507     0.99648
 508     0.21638
 509     0
 510     0.74535
 511     0
