This file was gnenerated on 2021-06-23 10:22:47.317971 by Grant Finneman. This contains the extracted data from the Gate simulations
The edep for each bar was summed up and printed to this file. The only math operation done has been addition.

  id        edep
   0     0.52271
   1     0.17458
   2     0.64271
   3     0.14458
   4     0
   5     0.3945
   6     0
   7     1.81177
   8    32.1131
   9     4.21952
  10    24.3577
  11    37.0306
  12     6.22772
  13     1.21775
  14     1.19288
  15     0.64239
  16    83.5419
  17   106.03
  18    52.2037
  19    68.1913
  20    38.9448
  21     1.64779
  22     2.6729
  23     0.64239
  24    41.8596
  25    77.6056
  26   143.234
  27   139.563
  28    57.0334
  29    25.2075
  30    28.5162
  31     9.0736
  32    49.2792
  33    37.5655
  34    62.7332
  35    88.1991
  36    50.8384
  37    26.419
  38    28.5762
  39     7.1319
  40    10.3684
  41     4.76798
  42    19.693
  43    29.8592
  44     0.84264
  45    35.5256
  46     0.87199
  47     1.19916
  48     8.10432
  49     6.12432
  50     3.05755
  51     1.82485
  52     2.11986
  53     1.19502
  54     0
  55     1.16926
  56     0.58125
  57     0.74041
  58     0
  59     0
  60     0.30097
  61     0.25201
  62     0.20657
  63     0
  64    30.1054
  65    17.7439
  66    13.9082
  67     8.29732
  68    14.7439
  69    16.8504
  70     0.41854
  71     1.71278
  72   120.055
  73   162.591
  74   169.079
  75    44.4069
  76    56.3057
  77    80.4224
  78     0.71413
  79     1.22185
  80   470.663
  81   436.348
  82   432.868
  83   400.002
  84   383.053
  85   344.137
  86   131.892
  87    39.0458
  88   932.679
  89  1110.88
  90  1036.67
  91   927.851
  92   788.016
  93   701.176
  94   422.586
  95   138.198
  96   433.228
  97   415.148
  98   381.629
  99   406.468
 100   344.682
 101   223.29
 102    84.0197
 103    21.4087
 104    63.4141
 105    52.2557
 106   110.818
 107   107.996
 108    22.1306
 109    29.6317
 110     2.66988
 111     1.62966
 112    16.373
 113    15.3839
 114     4.06015
 115    27.7115
 116     6.67605
 117     0
 118     0.78335
 119     0.16613
 120     1.01824
 121     1.27436
 122     0
 123     2.68858
 124     0.69823
 125     0
 126     0
 127     0.15477
 128    69.1925
 129    87.8404
 130    36.6045
 131    25.1253
 132    36.1923
 133     3.88086
 134     1.33872
 135     0.37813
 136   668.799
 137   655.525
 138   582.247
 139   479.168
 140   528.352
 141   305.826
 142   113.688
 143    33.0239
 144  1465.3
 145  1577.55
 146  1383.24
 147  1373.88
 148  1355.69
 149   997.76
 150   622.93
 151   256.398
 152  1916.11
 153  1951.92
 154  1752.59
 155  1781.83
 156  1468.41
 157  1126.68
 158   687.765
 159   368.972
 160  1641.91
 161  1641.08
 162  1509.37
 163  1275.94
 164  1101.03
 165   893.472
 166   624.844
 167   221.065
 168   703.579
 169   599.542
 170   505.029
 171   359.206
 172   316.693
 173   209.175
 174    89.6949
 175    31.7334
 176    80.8185
 177    84.3255
 178    79.121
 179   118.547
 180    53.1943
 181     5.7472
 182     1.08874
 183    15.8159
 184    29.6481
 185     6.00896
 186     9.40511
 187    29.0454
 188     1.4768
 189     1.59408
 190     3.52834
 191     0.28451
 192   184.237
 193   177.9
 194   232.21
 195   144.92
 196   112.973
 197    62.4858
 198    21.297
 199    13.2137
 200  1167.61
 201  1187.4
 202  1216.48
 203  1336.36
 204   969.563
 205   693.48
 206   437.102
 207   212.884
 208  2053.6
 209  2211.33
 210  1890.88
 211  2131.69
 212  1659.91
 213  1206.67
 214   677.516
 215   297.141
 216  2246.67
 217  2282.91
 218  1913.9
 219  1810.47
 220  1792.28
 221  1275.91
 222   651.151
 223   287.608
 224  2111.27
 225  2067.69
 226  1716.84
 227  1781.49
 228  1582.97
 229  1313.76
 230   858.538
 231   222.232
 232  1545.67
 233  1769.76
 234  1510.05
 235  1235.48
 236  1038.42
 237   814.461
 238   511.858
 239   194.678
 240   428.762
 241   516.723
 242   529.499
 243   400.106
 244   372.728
 245   316.043
 246   175.443
 247    51.6876
 248    57.8131
 249   102.936
 250    45.3696
 251    48.5823
 252    48.5391
 253     7.50903
 254     5.41687
 255     2.63308
 256    83.4484
 257   100.22
 258    82.2661
 259    77.8762
 260    69.6655
 261    18.022
 262    21.0368
 263     0
 264   437.083
 265   483.021
 266   480.279
 267   521.085
 268   299.929
 269   141.273
 270    79.0489
 271    35.3438
 272  1494.74
 273  1673.19
 274  1471.64
 275  1353.35
 276  1084.19
 277   803.173
 278   463.134
 279   164.402
 280  2256.96
 281  2327.45
 282  1977.51
 283  1830.93
 284  1612.41
 285  1077.51
 286   709.215
 287   187.937
 288  1935.1
 289  2176.13
 290  1946.99
 291  1840.22
 292  1686.28
 293  1224.99
 294   675.385
 295   260.11
 296  1746.24
 297  2034.61
 298  1978.02
 299  1704.24
 300  1476.38
 301   946.202
 302   622.837
 303   242.657
 304  1158.33
 305  1265.2
 306  1164.67
 307   908.075
 308   938.266
 309   806.697
 310   554.082
 311   181.131
 312   164.03
 313   134.688
 314   103.159
 315    99.0651
 316   110.532
 317    41.4046
 318    14.966
 319     0.68952
 320    16.4149
 321    57.1391
 322    12.5041
 323    20.6372
 324    12.7757
 325    21.754
 326     2.44556
 327     0.76241
 328   147.293
 329   155.268
 330   173.861
 331    93.0579
 332    11.2616
 333    12.4666
 334     9.59811
 335     4.78795
 336   684.549
 337   502.561
 338   532.117
 339   502.138
 340   338.849
 341   214.446
 342    93.6724
 343    31.1201
 344  1488.18
 345  1710.87
 346  1846.75
 347  1433.75
 348  1189.52
 349   970.488
 350   461.394
 351   177.938
 352  1831.12
 353  2194.9
 354  2144.03
 355  1343.76
 356  1350.78
 357  1080.11
 358   606.637
 359   227.12
 360  1786.53
 361  1990.68
 362  1672.67
 363  1379.69
 364  1220.46
 365   804.46
 366   459.622
 367   190.313
 368   635.692
 369   712.109
 370   438.666
 371   394.94
 372   264.361
 373   234.379
 374   175.098
 375    27.9041
 376    84.5282
 377    36.5778
 378    11.532
 379    25.1746
 380    37.0967
 381     6.12582
 382     5.86569
 383     0.02794
 384     0.05592
 385     0
 386     0
 387     0.71709
 388     0.43386
 389     1.56033
 390     0
 391     0.49217
 392     4.53334
 393    16.0308
 394    21.6096
 395    15.8642
 396     2.93256
 397    11.5922
 398    19.1487
 399     0
 400   140.864
 401    96.7425
 402    79.5314
 403    91.4878
 404    17.0433
 405     9.0118
 406     2.04522
 407     2.71556
 408   444.929
 409   547.794
 410   458.61
 411   449.593
 412   420.403
 413   214.995
 414   137.571
 415    36.8585
 416  1194.34
 417  1433.57
 418  1174.96
 419  1116.85
 420  1127.49
 421   760.532
 422   457.349
 423   138.874
 424   621.589
 425   621.339
 426   657.452
 427   672.323
 428   402.634
 429   170.497
 430   127.679
 431    30.2493
 432   184.537
 433   136.758
 434    68.0824
 435    60.9352
 436    76.5827
 437    42.7022
 438    42.5631
 439    13.5903
 440     8.69579
 441    21.4659
 442     0.84272
 443     8.22747
 444    52.7116
 445     2.09784
 446     4.18699
 447     0.81828
 448     1.23263
 449     0.05592
 450     1.39394
 451     1.57822
 452     0.72917
 453     0
 454     0.85144
 455     0.47456
 456     2.07817
 457     0
 458     0.21751
 459     0.39321
 460     0.84693
 461     0.4968
 462     0.41746
 463     0.85091
 464     1.3635
 465     1.42294
 466    11.6269
 467     3.71178
 468     0
 469     1.57928
 470     0.98645
 471     0
 472   112.66
 473    38.0615
 474   127.771
 475    82.712
 476     4.5419
 477     0.88499
 478     1.17037
 479     1.1047
 480   209.524
 481   194.682
 482   159.767
 483   149.69
 484    32.2272
 485    96.9239
 486    10.1044
 487    18.7208
 488   116.564
 489   113.215
 490    67.898
 491    47.2443
 492    56.0489
 493     5.64055
 494     2.03983
 495     1.6286
 496    47.1715
 497    13.7488
 498     1.7055
 499    20.9821
 500    19.2599
 501     0.55515
 502    13.746
 503     0.35507
 504     1.8711
 505    15.2152
 506     5.18827
 507     0.16025
 508     7.08533
 509     0.48032
 510     9.87749
 511     0.10521
