This file was gnenerated on 2021-06-22 22:09:37.651773 by Grant Finneman. This contains the extracted data from the Gate simulations
The edep for each bar was summed up and printed to this file. The only math operation done has been addition.

  id        edep
   0     0
   1     0
   2     1.4469
   3     0
   4     0
   5     0
   6     0.95023
   7     0
   8     0
   9     0.92411
  10     0.9092
  11     0.26943
  12     0
  13     0
  14     0.78005
  15     0
  16     2.89055
  17     1.07264
  18     2.57108
  19     1.01268
  20     2.72721
  21     0.33273
  22     0.25801
  23     0.15753
  24    11.5197
  25     1.03883
  26     0
  27     1.03076
  28     0.66184
  29     1.42593
  30     2.06791
  31     1.10483
  32     1.02981
  33     1.30997
  34     1.21193
  35     0
  36     1.93031
  37     1.48399
  38     0.04138
  39     2.73372
  40     2.11682
  41     0.97646
  42     2.14564
  43     0.61045
  44     7.73646
  45     6.14743
  46     0.62434
  47     1.87114
  48     1.20365
  49     0
  50     0
  51     0.22833
  52     0.10656
  53     0.7561
  54     0.02903
  55     7.27306
  56     0
  57     1.06886
  58     1.68461
  59     1.05603
  60     0.80477
  61     0
  62     0
  63     0.23829
  64     4.71388
  65     0.92568
  66     0.77168
  67     0.72547
  68     0
  69     0.37035
  70     0.64789
  71     0.65807
  72     0.68739
  73     0.61002
  74    17.6875
  75     8.37501
  76     1.80399
  77     0.09972
  78     0
  79     0.89204
  80     2.0433
  81     3.21422
  82    14.5704
  83     1.15983
  84    23.3467
  85    11.8563
  86     1.00606
  87     0.52342
  88    18.9053
  89    40.3707
  90    40.7107
  91    53.178
  92    18.3942
  93    12.7488
  94     3.33682
  95     0
  96    52.5209
  97    25.0712
  98    61.5389
  99    16.7596
 100    25.9976
 101    29.4859
 102    14.0262
 103     0
 104    15.3958
 105     0.95192
 106     9.47958
 107    23.0214
 108     8.65252
 109     8.63258
 110    14.8246
 111     1.06506
 112     1.56949
 113     0.98728
 114     1.58615
 115     1.43849
 116     1.91778
 117     1.0303
 118     1.39539
 119     0.41808
 120     0
 121     1.37172
 122     0.72798
 123     1.13903
 124     0
 125     0.74272
 126     0.47578
 127     0.92282
 128     0.85867
 129     2.46803
 130     1.95093
 131     1.07974
 132     1.69283
 133     0.38835
 134     1.28505
 135     0.43234
 136    11.0273
 137     3.92745
 138    20.8991
 139    11.4051
 140     8.97621
 141     9.56701
 142     1.38068
 143     0.47754
 144   161.656
 145   180.107
 146   250.669
 147   207.226
 148    59.977
 149   103.657
 150    39.6313
 151     8.53135
 152   741.579
 153   856.197
 154   778.821
 155   659.888
 156   370.345
 157   111.507
 158     8.67048
 159     4.3901
 160   813.935
 161   903.073
 162   792.321
 163   582.463
 164   294.341
 165   131.395
 166    33.4816
 167    16.5719
 168   143.903
 169   159.158
 170   293.56
 171   171.266
 172   134.216
 173    90.4459
 174    19.4658
 175    16.5567
 176    15.2542
 177    26.4762
 178    16.289
 179    17.1374
 180    25.377
 181    27.5147
 182     1.19266
 183    13.4139
 184     0.71068
 185     0
 186     0.67049
 187     0.55943
 188     1.40495
 189     1.18354
 190     1.29479
 191     0.79893
 192     0
 193     1.07617
 194     2.30324
 195     1.10441
 196     6.01293
 197     0.75309
 198     0
 199     0.13743
 200    32.3008
 201    33.9332
 202    42.1864
 203    42.7747
 204    19.3048
 205     7.86453
 206     4.29955
 207     0.90727
 208   727.279
 209  1041.92
 210   795.443
 211   644.279
 212   352.761
 213   159.777
 214    59.062
 215    37.3679
 216  7582.21
 217  8081
 218  7608.48
 219  7202.29
 220  6039.91
 221  4204.65
 222  2385.72
 223  1216.57
 224  7569.94
 225  7736.94
 226  7421.78
 227  7097.6
 228  5655.23
 229  4188.67
 230  2773.69
 231  1031.59
 232  1001.99
 233   994.805
 234   916.803
 235   747.478
 236   424.862
 237   255.346
 238    99.6544
 239    31.6413
 240    62.3376
 241    68.6268
 242    63.8155
 243    74.9743
 244    31.9862
 245    41.8193
 246    36.4521
 247    13.6237
 248     0
 249     0
 250     0.10777
 251     0
 252    12.7487
 253    20.0888
 254     0.38712
 255     0
 256     2.00805
 257     0.67936
 258    16.8487
 259     2.06879
 260     0
 261     0.26598
 262     0.2611
 263     0.95324
 264    73.6311
 265    62.7024
 266    25.0878
 267    46.1418
 268    31.3255
 269    31.0708
 270    27.7187
 271     1.55912
 272  1043.21
 273  1137.94
 274   747.018
 275   763.643
 276   365.507
 277   188.782
 278    93.8041
 279    13.6931
 280  7787.34
 281  8024.73
 282  7465.03
 283  6735.13
 284  5808.26
 285  4493.81
 286  2918.1
 287  1007.49
 288  7456.98
 289  7871.04
 290  7314.99
 291  6965.3
 292  5816.42
 293  4621.07
 294  2836.57
 295  1100.96
 296   913.969
 297  1077.98
 298   924.75
 299   792.953
 300   455.463
 301   215.043
 302   137.449
 303    45.0838
 304    86.1342
 305   126.947
 306    98.9409
 307    85.2438
 308     6.42648
 309    14.3882
 310     0.70607
 311     3.90669
 312     7.6358
 313     0.9806
 314     2.60482
 315     1.78074
 316     1.13271
 317     5.5817
 318     5.9303
 319     5.65944
 320     0
 321     0
 322     0.66572
 323     0.40718
 324     0.56198
 325     0.76803
 326     2.8707
 327     0.58455
 328    26.4433
 329    21.0176
 330    12.8403
 331     1.53363
 332     1.32596
 333     0.99194
 334     1.52275
 335     0.43284
 336   187.535
 337   305.015
 338   220.444
 339   323.69
 340    99.1046
 341    20.935
 342    22.2294
 343     0.20199
 344   686.732
 345   677.529
 346   662.437
 347   424.783
 348   372.205
 349   162.727
 350   198.944
 351    37.8022
 352   730.96
 353   691.534
 354   567.36
 355   461.647
 356   521.549
 357   301.073
 358    30.6524
 359    37.1044
 360   174.28
 361   190.806
 362   179.746
 363    64.1546
 364    48.0756
 365    46.5993
 366    18.6961
 367     2.00656
 368    15.808
 369    28.8045
 370     9.34912
 371     0.5722
 372     1.1181
 373     0
 374     0.80433
 375     0.74448
 376     0.23725
 377     0.50892
 378     1.87097
 379     1.15597
 380     0.97082
 381     0.80651
 382     0.276
 383     0.53141
 384     0.53696
 385     0.418
 386     2.04534
 387     0.69683
 388     0.64064
 389     0.282
 390     0
 391     0
 392    23.3701
 393     0.80497
 394     1.0172
 395     4.40889
 396     0.59021
 397    23.6201
 398     9.1632
 399     1.09678
 400    32.5979
 401     5.00792
 402    17.8778
 403    16.4662
 404     1.19727
 405    23.0491
 406    21.7415
 407     8.08165
 408    27.6433
 409    40.4311
 410    75.8962
 411    38.5499
 412    10.9757
 413     5.59144
 414     5.23921
 415     3.82041
 416    19.348
 417    17.4223
 418    15.8796
 419    17.82
 420    89.7881
 421    67.1383
 422    39.3389
 423     2.04347
 424     5.16882
 425    20.8182
 426    26.9874
 427     1.90254
 428     0.90954
 429    14.9247
 430    23.68
 431     1.49847
 432     1.53338
 433     1.11715
 434     0.7176
 435     1.10581
 436     0.67613
 437     0.89505
 438     0
 439     0
 440     0
 441     0
 442     0
 443     1.95745
 444     0.33876
 445     0
 446     1.47232
 447     0
 448     2.17831
 449     0.67523
 450     0.74276
 451     1.69942
 452     0.89902
 453     1.81098
 454     8.07051
 455     4.35004
 456     2.78669
 457     2.21011
 458     0.83578
 459     2.63208
 460     0
 461     3.4739
 462    14.9734
 463     1.05101
 464     1.95141
 465     0.8128
 466     0
 467     0.78345
 468     1.90301
 469     2.07105
 470     2.77302
 471    14.1256
 472     0
 473     1.47539
 474     0.81839
 475     0.80595
 476     0
 477     1.18873
 478     1.1143
 479     3.71646
 480     1.27152
 481     1.24476
 482     0.61287
 483     0
 484     0.84412
 485     0
 486     0.66614
 487     1.14051
 488     2.3687
 489     0.54328
 490     1.1655
 491     1.98028
 492     0.86915
 493     0.98521
 494     1.58334
 495     2.10053
 496     0.69368
 497     0
 498     0.52168
 499     0.54233
 500     2.40094
 501     2.09264
 502     0.51301
 503     0
 504     0
 505     0.92568
 506     1.66222
 507     0.48186
 508     0.62666
 509     0
 510     1.00984
 511     0.41957
