This file was gnenerated on 2021-06-23 10:17:16.520614 by Grant Finneman. This contains the extracted data from the Gate simulations
The edep for each bar was summed up and printed to this file. The only math operation done has been addition.

  id        edep
   0     0.07878
   1     0.18579
   2     0
   3     0
   4     0.42717
   5     0.3785
   6     0.37968
   7     2.45175
   8     0.19394
   9     0
  10     0
  11     0.85532
  12     0.8585
  13    14.3022
  14    10.8208
  15     4.14776
  16    15.6766
  17     2.48996
  18    36.724
  19    20.7494
  20    13.3483
  21     0
  22    19.1744
  23     2.46957
  24    81.6844
  25    47.9851
  26    88.3419
  27    30.5709
  28    31.6235
  29    37.7293
  30    37.6558
  31     1.08536
  32   105.787
  33   146.623
  34    80.9087
  35    63.3346
  36    58.9712
  37     2.13414
  38     1.08502
  39     1.2665
  40    83.215
  41    56.7374
  42     8.76154
  43    32.1661
  44    24.5185
  45    19.4101
  46     0
  47     0.4044
  48    12.1386
  49    12.5298
  50    36.2947
  51     6.39775
  52     4.31904
  53     0.20084
  54     0.72165
  55     0.65553
  56     5.09364
  57     0
  58     0.95462
  59     9.63346
  60     5.09025
  61     0
  62     0
  63     0.86438
  64     0
  65     0.09408
  66     0.76893
  67     0
  68     0
  69     0
  70     0.55977
  71     0
  72    23.8097
  73     4.45617
  74    16.1604
  75    61.366
  76    13.9164
  77     0.33536
  78     0
  79     0
  80    66.561
  81    94.1221
  82   133.966
  83    35.207
  84    47.3917
  85    25.6779
  86    16.2642
  87     6.35537
  88   538.441
  89   704.316
  90   707.623
  91   695.492
  92   433.007
  93   378.466
  94   263.008
  95    93.784
  96   866.352
  97   877.566
  98   810.981
  99   865.295
 100   637.395
 101   414.699
 102   235.044
 103   102.019
 104   452.21
 105   488.968
 106   453.276
 107   307.822
 108   125.998
 109    54.7647
 110    24.5357
 111     0
 112    42.6883
 113   145.999
 114   141.811
 115    77.956
 116    33.6334
 117    31.5895
 118     0.92443
 119     0
 120     3.71511
 121     8.15073
 122     6.85447
 123     0
 124     2.00748
 125     1.56707
 126     0.58343
 127     0.71568
 128     0.513
 129     1.02817
 130     0.28821
 131    16.7454
 132     0.91967
 133     0.47693
 134     0.39641
 135     0
 136   105.122
 137    34.6884
 138    37.9977
 139    64.2837
 140    27.3477
 141     0.56264
 142     0
 143     0.39172
 144   536.116
 145   494.125
 146   467.794
 147   415.469
 148   308.008
 149   148.065
 150   104.391
 151    54.0294
 152  2074.53
 153  2414.25
 154  2021.13
 155  1676.81
 156  1356.21
 157  1145.89
 158   642.452
 159   222.833
 160  2235.64
 161  2506.42
 162  2298.38
 163  2059.27
 164  1651.07
 165  1051.81
 166   838.285
 167   310.774
 168  1648.13
 169  1736.77
 170  1911.8
 171  1682.32
 172  1396.63
 173   829.759
 174   431.679
 175   184.25
 176   424.923
 177   392.104
 178   424.462
 179   468.253
 180   315.325
 181   297.248
 182   147.222
 183    50.1883
 184    53.7652
 185    91.0684
 186   104.824
 187    93.1295
 188    13.1367
 189    30.9589
 190     4.07503
 191     4.93377
 192    29.3275
 193    25.326
 194    32.1488
 195    11.3251
 196     8.43335
 197     1.50244
 198     3.88986
 199     0
 200   267.321
 201   316.767
 202   151.394
 203   181.212
 204   128.434
 205   128.907
 206    82.927
 207     3.8926
 208  1355.23
 209  1355.48
 210  1250.92
 211  1157.21
 212   897.071
 213   812.798
 214   616.423
 215   216.103
 216  2459.02
 217  2703.26
 218  2567.11
 219  2135.13
 220  1650.74
 221  1485.41
 222   894.239
 223   316.399
 224  2599.95
 225  2612.95
 226  2237.65
 227  2139.53
 228  1839.72
 229  1463.06
 230   831.887
 231   276.484
 232  2048.15
 233  2241.07
 234  2156.37
 235  1940.76
 236  1564.21
 237  1120.94
 238   819.369
 239   306.156
 240   573.5
 241   615.918
 242   455.375
 243   340.614
 244   321.533
 245   237.36
 246   131.055
 247    42.1376
 248     0.70978
 249    27.8873
 250    33.6539
 251    27.4347
 252     1.89185
 253     0
 254     0.51017
 255     2.22336
 256    20.5083
 257    38.1747
 258    59.0669
 259    88.3438
 260    23.6123
 261    15.298
 262    12.5379
 263     5.87874
 264   652.688
 265   669.527
 266   465.313
 267   517.593
 268   449.657
 269   197.899
 270    78.1802
 271    25.1245
 272  2080.4
 273  2344.29
 274  2235.02
 275  2012.87
 276  1530.8
 277  1227.33
 278   706.322
 279   301.153
 280  2558.17
 281  2488.34
 282  2473.41
 283  2084.53
 284  1797.24
 285  1389.48
 286   926.036
 287   385.779
 288  2403.29
 289  2688.78
 290  2433.46
 291  2391.19
 292  1879.88
 293  1216.3
 294   709.287
 295   308.344
 296  1547.23
 297  1546.97
 298  1470.33
 299  1256.95
 300  1016.27
 301   736.593
 302   418.943
 303   190.603
 304   111.503
 305   270.027
 306   267.426
 307   127.527
 308    50.5585
 309    57.7205
 310     8.513
 311     4.3144
 312    22.2755
 313    23.307
 314    31.6627
 315     2.49249
 316     0.58397
 317     1.06412
 318     1.45267
 319     0
 320    71.3158
 321    43.5959
 322     7.71238
 323    21.806
 324     3.04196
 325     1.39042
 326     0.28517
 327     5.90304
 328   579.784
 329   527.105
 330   428.086
 331   399.94
 332   310.446
 333   154.027
 334    79.7012
 335    37.7572
 336  1748.68
 337  1868.34
 338  1802.1
 339  1577.49
 340  1325.85
 341  1001.24
 342   496.298
 343   224.709
 344  2341.15
 345  2318.88
 346  2410.94
 347  2090.11
 348  1624.94
 349  1291.58
 350   805.713
 351   332.422
 352  1976.87
 353  2152.04
 354  2112.01
 355  1960.91
 356  1277.72
 357   961.181
 358   724.461
 359   299.063
 360   520.975
 361   476.362
 362   494.113
 363   389.266
 364   308.353
 365   153.674
 366    71.8619
 367    16.5153
 368    22.6295
 369    66.313
 370   156.465
 371    52.0521
 372    32.932
 373     2.86939
 374     8.61465
 375     1.39521
 376     1.782
 377     0.3558
 378     4.84008
 379    49.3139
 380     3.10138
 381     9.48765
 382     0.40872
 383     1.24584
 384     4.2076
 385    45.0188
 386     9.22775
 387     1.3259
 388     0
 389     0.19382
 390     0
 391     0
 392   146.628
 393   145.594
 394    57.1132
 395    23.0742
 396    38.0937
 397     1.6412
 398     4.34225
 399     0.73934
 400   346.308
 401   344.667
 402   492.435
 403   235.464
 404    97.2789
 405   109.394
 406    70.4979
 407     0
 408  1008.64
 409   902.017
 410  1102.27
 411   896.218
 412   775.414
 413   469.371
 414   247.96
 415    92.3934
 416   779.001
 417   954.515
 418   775.186
 419   768.851
 420   420.904
 421   324.851
 422   212.038
 423    79.6779
 424    56.4252
 425   160.563
 426   195.285
 427   158.368
 428    53.6911
 429    80.0431
 430    31.1898
 431     6.7894
 432     0.05279
 433    25.9128
 434    56.6565
 435     0.1012
 436     1.52561
 437    21.5354
 438    17.2582
 439     0
 440     1.81714
 441     1.66189
 442     5.5681
 443    23.0213
 444     0
 445     0
 446     0.42786
 447     2.03111
 448     1.57605
 449     1.0209
 450     0
 451     0
 452     1.32402
 453     0.64541
 454     0.09414
 455     0.03587
 456    16.1548
 457     0.42359
 458    15.1925
 459    19.3012
 460     8.24237
 461     1.45097
 462     0
 463     8.77489
 464    67.116
 465    67.572
 466    45.2766
 467    29.5965
 468     4.35725
 469     0.75499
 470    18.6
 471     9.34995
 472   119.804
 473    88.6193
 474   108.78
 475    29.3298
 476     8.12862
 477     3.39832
 478     0.60744
 479     1.04894
 480   122.757
 481   133.313
 482   122.371
 483    79.0528
 484    37.6356
 485    42.5188
 486     0
 487     0
 488     3.29741
 489    12.8891
 490     1.63199
 491    10.2306
 492     8.12395
 493     0
 494     0.89983
 495     0.47898
 496     0.64202
 497     2.40727
 498     1.54466
 499     0.18844
 500     1.4485
 501     1.58161
 502     0
 503     0.87491
 504     0
 505     0.90009
 506     0.72899
 507     0.70709
 508     0
 509     1.07415
 510     0.13226
 511     0
