This file was gnenerated on 2021-06-22 22:16:27.931340 by Grant Finneman. This contains the extracted data from the Gate simulations
The edep for each bar was summed up and printed to this file. The only math operation done has been addition.

  id        edep
   0     0.57234
   1     0.88672
   2     0
   3     2.28249
   4     0.08058
   5     0.17192
   6     1.33798
   7     0.63118
   8     0
   9     0.7083
  10     1.93725
  11     0
  12     0.08058
  13     1.25813
  14     0.93138
  15     0.20958
  16     3.00671
  17     2.21405
  18     1.02104
  19     2.39772
  20     3.35779
  21     0
  22     0.75736
  23     0.94156
  24    14.9598
  25     1.57876
  26     1.67456
  27     0.2353
  28     1.6635
  29     0.0977
  30     1.15051
  31     0.60078
  32     2.54579
  33    19.4844
  34    37.9251
  35    13.5282
  36    17.6023
  37     7.46722
  38     0
  39     0.5308
  40     0.08331
  41     8.24027
  42     0.90286
  43    14.6379
  44     0.37396
  45     1.15225
  46     0
  47     1.04303
  48     1.27995
  49     0.72733
  50     0
  51     0.66695
  52     0
  53     0.63632
  54     0
  55     0.10591
  56     0.15399
  57     0.61999
  58     0
  59     0.81567
  60     0.58382
  61     0.77966
  62     0
  63     1.45874
  64     1.58841
  65     0
  66     0
  67     0.98864
  68     0.64975
  69     1.31287
  70     0.64969
  71     0.46941
  72    12.8309
  73     0.72674
  74    18.957
  75    10.4748
  76     8.59753
  77     7.95922
  78     6.30085
  79     7.00408
  80     6.91634
  81    29.4868
  82    42.875
  83    11.4387
  84     8.31108
  85     0.86105
  86     1.27688
  87     1.28449
  88    97.2339
  89   112.888
  90   136.976
  91   102.324
  92    60.6642
  93     7.9338
  94     9.71159
  95    11.7214
  96    42.4576
  97    74.5173
  98    98.0613
  99    87.5865
 100   102.723
 101    79.4353
 102    40.409
 103     7.91651
 104    43.6096
 105    26.0439
 106    32.7452
 107    22.2332
 108    36.0016
 109     1.01055
 110     0.67772
 111     0.97671
 112     1.38805
 113     0.87993
 114     4.37916
 115     0.32214
 116     0
 117     0.54751
 118     0
 119     0.07238
 120     1.42802
 121     0.32046
 122     0.57334
 123     1.48948
 124     0
 125     0.01067
 126     1.36054
 127     0.28632
 128     0.85844
 129     1.57054
 130     0.32749
 131     0.99147
 132     0.93775
 133     0
 134     2.27864
 135     0
 136    10.9479
 137    26.834
 138    24.3453
 139    18.2496
 140     1.97019
 141     1.975
 142     4.80978
 143     0.47579
 144   170.473
 145   310.212
 146   295.775
 147   245.295
 148   108.771
 149    46.4421
 150    38.4516
 151    11.8028
 152   997.173
 153  1200.67
 154  1193.78
 155   973.266
 156   620.403
 157   331.437
 158   117.734
 159     4.66072
 160   813.64
 161   955.213
 162  1017.52
 163   734.565
 164   594.031
 165   332.932
 166   148.105
 167    56.4244
 168   244.353
 169   296.484
 170   306.819
 171   138.172
 172    73.4741
 173    36.8406
 174    47.9596
 175    23.9393
 176    39.845
 177     1.68848
 178     8.65494
 179    11.5391
 180     1.7485
 181     1.3048
 182     0.20252
 183     0.97817
 184     1.47491
 185     1.0388
 186     1.35164
 187     0.11888
 188     0
 189     2.31383
 190     0.26919
 191     0.94562
 192     2.58052
 193     1.86655
 194     3.16655
 195     2.63353
 196     0.02669
 197     0.86545
 198     3.01082
 199     0.8869
 200    71.496
 201   103.873
 202    59.7924
 203    42.5368
 204    10.2719
 205     3.26326
 206     1.82625
 207    13.2317
 208   886.98
 209  1059.73
 210  1031.94
 211   727.731
 212   331.862
 213   300.373
 214   197.854
 215    34.3316
 216  7503.39
 217  8095.69
 218  7319.18
 219  6763.52
 220  6012.28
 221  4703.09
 222  2849.21
 223  1035.93
 224  6869.59
 225  7299.39
 226  7433.03
 227  6632.7
 228  5210.07
 229  3701.93
 230  2170.67
 231   881.289
 232   731.461
 233   974.946
 234   865.687
 235   697.02
 236   526.39
 237   181.033
 238    96.9617
 239     7.3799
 240    49.9019
 241   112.277
 242    83.6783
 243    40.3686
 244    51.3615
 245     2.36613
 246     1.6408
 247     0.64501
 248    11.0502
 249     0.80952
 250     0
 251     0.38954
 252     0.56033
 253     0.81912
 254     1.22323
 255     0
 256     1.3649
 257     2.43836
 258     3.91025
 259     1.00633
 260     2.25689
 261     0.45842
 262     1.64825
 263     0.78419
 264    94.863
 265   135.282
 266    37.4356
 267    13.1419
 268    22.7673
 269     3.01469
 270     3.12271
 271     2.38865
 272   818.696
 273   927.989
 274   806.018
 275   680.365
 276   351.557
 277   215.023
 278    56.4191
 279     9.40699
 280  6838.37
 281  6922.63
 282  7088.24
 283  6480.24
 284  4985.21
 285  3970.86
 286  2369.55
 287   904.071
 288  7890.27
 289  8108.01
 290  8394.74
 291  7386.78
 292  6233.89
 293  4863.13
 294  2762.05
 295  1006.52
 296   833.559
 297  1106.5
 298   771.788
 299   758.457
 300   498.557
 301   286.148
 302    80.1812
 303    24.9914
 304    52.5975
 305    57.0007
 306    84.7549
 307    76.5935
 308    25.9016
 309     8.34727
 310     1.39141
 311     1.48418
 312     0.66503
 313     1.85464
 314     0
 315     1.25011
 316     0.36372
 317     0.12495
 318     1.02289
 319     0
 320     0
 321     0.30471
 322     0.85161
 323     1.26216
 324     1.81342
 325     2.77905
 326     0.75102
 327     0
 328    24.1007
 329     3.55094
 330     1.94716
 331     1.40982
 332     0.26185
 333     1.5856
 334     0.86697
 335     0.00967
 336   145.783
 337   184.836
 338   228.082
 339   127.308
 340    55.7467
 341    81.4212
 342    41.277
 343     1.86896
 344   920.022
 345  1256.56
 346  1098.66
 347   721.236
 348   542.181
 349   309.705
 350   209.923
 351    70.4639
 352  1050.56
 353  1688.22
 354  1189.85
 355   889.465
 356   731.759
 357   322.498
 358   126.659
 359     8.68677
 360   263.874
 361   452.375
 362   371.948
 363   254.245
 364   145.309
 365    89.8218
 366    58.5358
 367    16.5129
 368    20.8125
 369    24.802
 370    42.4077
 371    24.1683
 372     9.92004
 373    15.6839
 374     0
 375     0.99286
 376     0.09435
 377     1.64816
 378     0.1314
 379     2.64793
 380     0.08541
 381     2.02042
 382     0.04599
 383     1.13925
 384     0.91135
 385     0.05563
 386     0.55662
 387     0
 388     0
 389     1.07041
 390     1.60966
 391     1.73089
 392     0.66949
 393     0.3779
 394     1.8876
 395     0
 396     0
 397     2.54098
 398     0.3942
 399     0.74896
 400     0.58338
 401     3.27216
 402    16.9022
 403    20.804
 404    12.0524
 405     0.77375
 406     0.23458
 407     2.06642
 408    49.5147
 409   100.221
 410    48.4763
 411    97.7064
 412    58.5677
 413    11.2136
 414     8.02371
 415    17.1516
 416   150.314
 417    81.6419
 418    72.7551
 419    87.6068
 420    36.3477
 421    19.0651
 422    19.1555
 423     7.5488
 424    32.1966
 425    11.7957
 426    67.1491
 427    66.7255
 428     0.87658
 429     2.66913
 430    11.7057
 431     0.48602
 432     0
 433     1.8506
 434     2.2464
 435     0.76566
 436     0.59594
 437     1.04258
 438     0
 439     0.64433
 440     0.57845
 441     0.35383
 442     0
 443     2.33453
 444     0
 445     0.92726
 446     0
 447     0.1967
 448     0.76325
 449     0
 450     0.97779
 451     0
 452     0
 453     1.82029
 454     0
 455     0.17215
 456     0
 457     1.14992
 458     0
 459     0.99476
 460     0.76923
 461     0.20009
 462     0.78168
 463     0
 464     0
 465     0.36709
 466     0.81727
 467     0.46911
 468     1.24917
 469     2.7087
 470     1.03931
 471     0
 472     3.05792
 473     1.73302
 474     1.12038
 475     3.96395
 476     0.66711
 477     0.72812
 478     0
 479     0.54394
 480     1.65165
 481     1.48979
 482     0.14611
 483     0.12439
 484     0.90892
 485     0.73057
 486     0.41926
 487     0
 488     0.4376
 489     0.73216
 490     0
 491     0.9026
 492     2.28173
 493     0
 494     0
 495     0
 496     1.22073
 497     0
 498     1.05709
 499     1.00322
 500     0
 501     2.31691
 502     0.25192
 503     6.12242
 504     0
 505     0
 506     0
 507     0.17084
 508     0
 509     0.24211
 510     0.24211
 511     0
