This file was gnenerated on 2021-06-22 22:26:17.429283 by Grant Finneman. This contains the extracted data from the Gate simulations
The edep for each bar was summed up and printed to this file. The only math operation done has been addition.

  id        edep
   0     0
   1     0.07579
   2     0.68008
   3     0.77144
   4     0
   5     0.66781
   6     0
   7     0.67908
   8     0
   9     0
  10     0.59105
  11     0.84727
  12     2.06138
  13     0.95247
  14     1.92915
  15     0
  16     9.80484
  17    37.7955
  18     2.68672
  19     0.67385
  20     1.23999
  21     2.44059
  22     1.37077
  23     1.59335
  24    22.8972
  25    49.2385
  26    36.2794
  27    35.8846
  28     5.32838
  29     6.44673
  30     0.46065
  31     0.12826
  32    80.7392
  33   123.226
  34    86.1936
  35    33.3897
  36    51.5049
  37    24.4548
  38     7.58853
  39     7.3822
  40    51.7151
  41    73.2743
  42    20.0448
  43     1.62945
  44     1.04982
  45     1.28368
  46     1.25985
  47     1.58617
  48     9.00152
  49    11.6285
  50    28.0542
  51     1.77969
  52     0
  53     0.06413
  54     4.34995
  55     5.66245
  56     0
  57     0.16402
  58    13.4789
  59     1.3415
  60     0
  61     0.86191
  62     0.7875
  63     0.06112
  64     0
  65     1.35663
  66     0
  67     1.10178
  68     0
  69     0
  70     0
  71     2.25166
  72     1.48233
  73     0.78678
  74     2.32903
  75    23.3237
  76     1.76326
  77     0.95247
  78     0.97668
  79     0.99217
  80    46.4849
  81    71.8108
  82    34.4533
  83     0.95592
  84    14.9084
  85    16.148
  86     0.75951
  87     0.75534
  88   286.43
  89   331.701
  90   316.829
  91   278.533
  92   159.121
  93    72.545
  94     9.00564
  95     1.84222
  96   799.805
  97  1015.07
  98   859.794
  99   695.925
 100   481.508
 101   341.841
 102   168.369
 103    70.5049
 104   299.721
 105   329.85
 106   353.679
 107   198.569
 108   158.167
 109    36.2498
 110     7.10214
 111     0.15986
 112    39.2366
 113    32.522
 114    77.8818
 115    30.0156
 116    30.5896
 117    43.2206
 118     0
 119     0.02017
 120     0.29018
 121    18.2781
 122     9.57964
 123     7.23681
 124     0
 125     0.72347
 126     0.73087
 127     0.54078
 128     1.02217
 129    15.1177
 130     0.99996
 131     1.67196
 132     0
 133     2.50834
 134     0.44598
 135     0
 136    56.319
 137    12.2607
 138     4.61472
 139    46.0829
 140    74.2943
 141    28.1637
 142     0.74236
 143    14.6126
 144   194.693
 145   367.882
 146   249.413
 147   209.2
 148    57.2076
 149    26.5583
 150    21.8451
 151     9.66736
 152  1384.21
 153  1792.17
 154  1329.95
 155  1304.02
 156  1098.56
 157   846.546
 158   426.052
 159   127.131
 160  3283.65
 161  3692.04
 162  3369.37
 163  2924.08
 164  2520.78
 165  2135.92
 166  1220.56
 167   482.108
 168  1593.56
 169  1792.76
 170  1862.6
 171  1527.72
 172  1159.05
 173   884.661
 174   552.009
 175   193.683
 176   309.591
 177   284.57
 178   166.918
 179   215.842
 180   107.9
 181    80.6902
 182    38.9937
 183    14.7633
 184     8.48974
 185    11.573
 186     4.45625
 187     5.89323
 188     0
 189     0
 190     0.34754
 191     0.99627
 192     0
 193     4.33889
 194     3.67095
 195     0
 196     0
 197     1.74599
 198     0.95937
 199     1.37552
 200    31.8539
 201   110.773
 202    85.3924
 203    51.2878
 204    73.8642
 205    31.3924
 206    28.0982
 207    27.4212
 208   753.137
 209   805.503
 210   808.052
 211   695.599
 212   454.292
 213   305.525
 214   216.389
 215    90.9899
 216  3189.82
 217  3432.66
 218  3123.71
 219  2860.92
 220  2243.76
 221  1664.09
 222  1031.36
 223   386.562
 224  4046.42
 225  4440.55
 226  4292.52
 227  3717.29
 228  3029.59
 229  2292.49
 230  1346.42
 231   503.978
 232  2070.18
 233  2400.58
 234  2275.27
 235  2195.53
 236  1706.06
 237  1195.8
 238   693.246
 239   268.336
 240   273.953
 241   314.331
 242   159.192
 243   272.265
 244   102.313
 245    98.0518
 246    45.9077
 247     7.93766
 248    26.4692
 249    43.1389
 250     8.43513
 251     0.79462
 252     2.28519
 253    18.0085
 254     3.5185
 255     0.79031
 256     1.92557
 257    18.8953
 258    40.7659
 259    35.3897
 260     1.14792
 261    24.2965
 262    14.9464
 263     4.98283
 264   241.989
 265   270.088
 266   210.019
 267   180.521
 268    72.4629
 269    53.1774
 270    42.6978
 271    10.0966
 272  2034.93
 273  2163.76
 274  2189.41
 275  1748.27
 276  1314.18
 277   983.854
 278   774.024
 279   297.848
 280  4093.5
 281  4536.39
 282  3886.49
 283  3832.37
 284  3371.12
 285  2547.07
 286  1527.98
 287   596.1
 288  3241.76
 289  3092.73
 290  3226.77
 291  2930.09
 292  2553.56
 293  1897.49
 294  1110.84
 295   338.918
 296   746.04
 297   727.664
 298   776.238
 299   758.171
 300   527.948
 301   297.866
 302   155.323
 303    28.5796
 304   128.846
 305    69.4682
 306   116.586
 307    93.9479
 308    77.632
 309    52.2729
 310     5.91201
 311     0.39041
 312     2.24484
 313     1.35909
 314     0.57571
 315     1.07235
 316     1.15121
 317     0.2968
 318     0.44128
 319     1.9856
 320     8.4981
 321    11.0377
 322     6.56536
 323    21.035
 324    15.2806
 325    16.5968
 326     0
 327     2.30884
 328   173.078
 329   258.6
 330   253.979
 331   119.774
 332   108.205
 333   105.574
 334    60.7689
 335    24.0405
 336  1621.54
 337  1812.64
 338  2013.69
 339  1734.42
 340  1362.88
 341   891.863
 342   665.251
 343   262.236
 344  3235.54
 345  3557.04
 346  3060.06
 347  3008.39
 348  2803.32
 349  2000.67
 350  1276.7
 351   499.61
 352  1588.77
 353  1702.01
 354  1624.87
 355  1308.52
 356  1041
 357   884.163
 358   578.136
 359   269.488
 360   140.726
 361   232.279
 362   227.856
 363   111.185
 364   123.685
 365   116.341
 366    48.0048
 367    46.8856
 368     8.43479
 369    28.815
 370    22.4621
 371     2.1579
 372    26.0824
 373    21.451
 374     2.28128
 375     1.64035
 376     1.13574
 377     0.57976
 378     1.33382
 379     0.57684
 380    23.8573
 381     0.5466
 382     0.18743
 383     0
 384     2.9297
 385     9.66801
 386     1.17567
 387     0.88797
 388     0.829
 389     0
 390     0.34765
 391     1.13212
 392    84.8124
 393   134.222
 394    49.5931
 395    26.9692
 396    15.063
 397    27.3088
 398    11.8036
 399     1.52411
 400   240.452
 401   297.255
 402   309.463
 403   171.468
 404   112.612
 405   140.337
 406    55.0905
 407    11.7976
 408   587.648
 409   740.934
 410   638.942
 411   572.689
 412   398.846
 413   282.343
 414   104.417
 415    33.7993
 416   314.996
 417   328.625
 418   288.382
 419   236.709
 420   158.234
 421   122.103
 422    92.1624
 423    21.9586
 424    32.9375
 425    72.3571
 426    86.6563
 427    36.8809
 428     2.70966
 429    14.4933
 430     9.31188
 431     1.08014
 432     2.06723
 433     0.94101
 434     1.06088
 435     2.10055
 436     0.32965
 437     0.874
 438     0.779
 439     0.06448
 440     8.09425
 441     0.44838
 442     0.06075
 443     0.36854
 444     1.9361
 445     0.11656
 446     1.95128
 447     0.38396
 448     0.45695
 449     0
 450     1.04111
 451     0.56812
 452     5.03435
 453     3.25636
 454     0.85099
 455     0
 456    22.3814
 457     1.03761
 458     0.44393
 459     0.24348
 460     3.15118
 461    22.1168
 462     0.68995
 463     0
 464    15.4701
 465    10.1869
 466     1.39706
 467     0.1065
 468    10.1525
 469    25.6775
 470     0.1736
 471     0.98466
 472   102.962
 473    84.9415
 474    71.768
 475    93.47
 476    22.6833
 477     1.00427
 478    13.4499
 479     3.05934
 480    44.5417
 481    44.3621
 482    24.73
 483    43.7101
 484     1.08833
 485     3.69828
 486    11.2039
 487     1.06951
 488     1.94118
 489     9.61867
 490     0.85407
 491     3.18453
 492     0.986
 493     1.639
 494     0.78024
 495     1.26005
 496     0.82671
 497     5.96464
 498     0
 499     0
 500     2.03111
 501     0.81389
 502     0.9258
 503     0.59844
 504     0.75897
 505     0.68116
 506     1.93219
 507     0
 508     0.94059
 509     0.37148
 510     0
 511     0.63851
