This file was gnenerated on 2021-06-23 10:16:27.867005 by Grant Finneman. This contains the extracted data from the Gate simulations
The edep for each bar was summed up and printed to this file. The only math operation done has been addition.

  id        edep
   0     2.15675
   1     9.58211
   2     5.13889
   3     0.80387
   4     0.32023
   5     0.81345
   6     0
   7     0
   8     1.36143
   9     6.14119
  10     0
  11    57.2141
  12     0.80387
  13     1.03509
  14     0.77602
  15     0
  16    45.2284
  17     5.51515
  18    19.5871
  19   103.507
  20    14.9501
  21     1.1265
  22     0.05653
  23    28.4607
  24    55.4764
  25    39.9693
  26    73.4662
  27    68.6472
  28    17.3719
  29     5.27033
  30     5.39023
  31     6.96969
  32    67.206
  33    22.9721
  34    27.4103
  35    25.1213
  36    40.714
  37    21.3771
  38     2.39108
  39     0.08428
  40     8.60605
  41    84.5993
  42    17.1366
  43    22.6101
  44     0
  45     0.74854
  46     1.37796
  47     1.89842
  48     1.02031
  49     0.87153
  50     3.18505
  51     0.4439
  52     0.46407
  53     0.5371
  54     0.11648
  55     0.07203
  56     0.94514
  57     0
  58     0
  59     0
  60     3.05531
  61     0
  62     0.8608
  63     0.9058
  64     0.49428
  65     0.72324
  66     0
  67     1.42975
  68     0.07044
  69     0
  70     0.37133
  71     0
  72    46.6278
  73    66.7251
  74    35.1199
  75    27.8334
  76    72.7516
  77    19.763
  78     0.98918
  79     0.40111
  80   228.019
  81   300.191
  82   293.672
  83   330.622
  84   163.585
  85    65.9345
  86    25.1601
  87     9.10871
  88   724.809
  89   746.567
  90   643.047
  91   752.918
  92   655.794
  93   351.775
  94   291.021
  95    70.2382
  96   442.953
  97   482.407
  98   501.581
  99   354.502
 100   317.686
 101   259.959
 102   143.102
 103    26.1064
 104   210.34
 105   297.535
 106   227.782
 107   165.266
 108    86.7711
 109    46.752
 110    67.3081
 111    11.8704
 112    24.8051
 113    58.7674
 114    61.4547
 115    36.684
 116    15.1563
 117     9.69819
 118     1.11567
 119     0.89038
 120     8.73873
 121    18.7366
 122    40.0029
 123    39.0585
 124    13.1641
 125     1.24717
 126     0
 127     0
 128    14.9751
 129     7.40359
 130     0.34839
 131     1.38713
 132     2.40381
 133     1.15566
 134     1.61778
 135     0.31031
 136    24.8521
 137    56.4148
 138   154.271
 139    84.7104
 140    72.1652
 141    37.7274
 142    30.1058
 143    11.1633
 144   860.946
 145   904.584
 146   938.113
 147   774.947
 148   572.746
 149   363.113
 150   116.736
 151    45.3843
 152  2782.88
 153  2716.56
 154  2693.58
 155  2324.47
 156  1672.42
 157  1501.09
 158   810.652
 159   244.465
 160  2253.9
 161  2526.51
 162  2465.33
 163  2291.78
 164  1973.92
 165  1494.8
 166   798.52
 167   390.611
 168  1422.55
 169  1509.54
 170  1509.88
 171  1100.09
 172   984.001
 173   746.885
 174   440.897
 175   186.649
 176   197.059
 177   270.79
 178   185.935
 179   152.035
 180    72.0936
 181    56.4098
 182    26.6963
 183     0.25271
 184    15.1539
 185    47.0965
 186    33.223
 187    27.796
 188     7.1735
 189     4.0842
 190     0
 191    20.797
 192    15.3789
 193     1.12666
 194    14.8807
 195     6.37245
 196    22.7436
 197     5.04512
 198     0.8924
 199     0
 200   230.387
 201   141.803
 202   150.778
 203    88.0887
 204   146.927
 205    84.0144
 206    14.7315
 207     1.42084
 208  1295.13
 209  1348.52
 210  1345.31
 211  1226.37
 212  1128.11
 213   791.688
 214   388.026
 215   127.975
 216  2618.52
 217  2972.05
 218  3017.34
 219  2651.23
 220  2142.13
 221  1279.13
 222   857.312
 223   307.571
 224  3207.88
 225  3159.33
 226  2890.96
 227  2651.2
 228  2017.05
 229  1550.26
 230   894.366
 231   368.936
 232  1745.37
 233  2015.14
 234  1835.53
 235  1696.85
 236  1495.55
 237  1095.37
 238   652.576
 239   213.548
 240   179.698
 241   293.514
 242   250.289
 243   100.331
 244    79.9823
 245    83.4389
 246    65.8923
 247    20.2468
 248     0.80998
 249     3.34881
 250    22.9312
 251     1.91481
 252    14.8802
 253     3.72434
 254     0
 255    14.012
 256     4.77554
 257    22.7699
 258    57.9312
 259    28.8457
 260    27.2985
 261     1.18868
 262     0.12333
 263     0.4468
 264   305.06
 265   345.435
 266   227.315
 267   204.746
 268   231.055
 269    58.3803
 270    38.4669
 271     0.28698
 272  2083.21
 273  2320.52
 274  2057.4
 275  1758.2
 276  1607.81
 277  1197.09
 278   698.707
 279   224.579
 280  2934.95
 281  3033.18
 282  3004.64
 283  2472.56
 284  2255.76
 285  1439.58
 286   797.638
 287   365.523
 288  3057.4
 289  3169.02
 290  3112.39
 291  3082.72
 292  2333.52
 293  1654.76
 294   959.759
 295   413.077
 296  1443.03
 297  1666.58
 298  1460.45
 299  1590
 300  1203.01
 301   808.163
 302   479.695
 303   219.128
 304   148.623
 305   181.607
 306   113.348
 307   106.259
 308    64.789
 309    81.3722
 310    28.9529
 311     3.7674
 312    26.5882
 313    12.3009
 314     1.55728
 315    19.8083
 316     0
 317     0.05645
 318     0
 319     0
 320    12.0658
 321    24.9498
 322    26.8033
 323    24.1452
 324    10.4227
 325     0.63281
 326     0.8673
 327     0
 328   316.222
 329   261.716
 330   213.689
 331   204.713
 332   190.285
 333    75.9601
 334    16.4662
 335     0
 336  1484.51
 337  1522.6
 338  1241.77
 339  1060.74
 340  1163.55
 341   948.058
 342   487.141
 343   173.074
 344  2626.82
 345  2650.69
 346  2254.77
 347  2254.52
 348  1977.21
 349  1358.93
 350   848.138
 351   381.632
 352  2506.93
 353  2867.23
 354  2639.06
 355  2241.95
 356  2132.08
 357  1756.34
 358  1054.18
 359   403.832
 360   817.366
 361   660.519
 362   869.186
 363   622.308
 364   463.868
 365   245.164
 366   174.848
 367    52.7438
 368    72.6253
 369   109.164
 370   109.862
 371    82.3717
 372    50.6313
 373    15.4474
 374     3.17474
 375     0.94569
 376     0.1332
 377     4.89762
 378     3.49723
 379     1.8907
 380     0
 381     9.61184
 382     2.5295
 383     2.22576
 384     0.72769
 385     4.53619
 386     1.82258
 387     0.21371
 388     0
 389     0.04589
 390     1.17523
 391     0.2237
 392    64.6582
 393    71.107
 394    63.9471
 395    58.3482
 396    27.205
 397     8.12859
 398     3.76151
 399     0.71136
 400   132.007
 401   198.518
 402   161.324
 403   133.283
 404   183.078
 405    93.2831
 406     4.66887
 407     0
 408   562.472
 409   406.545
 410   323.343
 411   485.957
 412   394.662
 413   243.571
 414    85.6824
 415     7.04959
 416   737.912
 417   849.75
 418   899.782
 419   891.037
 420   585.999
 421   449.082
 422   203.433
 423    72.296
 424   194.046
 425   152.28
 426   290.485
 427   170.003
 428    90.0936
 429    33.8604
 430    46.483
 431    27.9282
 432     5.95212
 433    11.8587
 434     0.80377
 435    10.0455
 436     1.54758
 437     0
 438     0.69156
 439     0
 440     0.99659
 441     1.8221
 442     4.15334
 443     1.71447
 444     0.97735
 445    17.9101
 446     0.71965
 447     0
 448     0.66789
 449     0
 450     0.51148
 451     0
 452     0
 453     1.41373
 454     0
 455     6.03189
 456     2.28398
 457     1.22138
 458     1.0675
 459     0.8
 460     0
 461     3.72042
 462     0
 463     0.28198
 464    41.7182
 465    72.7527
 466    26.3459
 467    26.2723
 468    10.081
 469     1.63808
 470     0.40019
 471     0
 472    47.9846
 473    94.3131
 474   140.544
 475    43.7261
 476     8.70025
 477    32.937
 478    20.2609
 479     4.38628
 480   123.389
 481    87.3599
 482    64.1229
 483    63.0494
 484    18.3105
 485     6.95704
 486     0
 487     1.16151
 488    49.8381
 489     7.68072
 490    15.1502
 491     7.24758
 492    13.3143
 493     0.34062
 494    20.5156
 495     1.82232
 496     0
 497     0.67915
 498     0.45064
 499     1.02726
 500     1.02654
 501     0.24423
 502     1.54703
 503     0.08789
 504     0.73831
 505     0.73312
 506     0.87669
 507     0
 508     0
 509     0.52501
 510     0
 511     0
