This file was gnenerated on 2021-06-23 10:33:37.825786 by Grant Finneman. This contains the extracted data from the Gate simulations
The edep for each bar was summed up and printed to this file. The only math operation done has been addition.

  id        edep
   0     0
   1     2.08316
   2     0.68431
   3     0.92328
   4     0.82536
   5     0.17559
   6     0
   7     0.51001
   8    35.4588
   9     1.20779
  10    16.4629
  11    18.0437
  12     3.47757
  13     0.94794
  14     0.24165
  15     0
  16    32.582
  17    84.9235
  18    86.0846
  19    45.4815
  20    16.7115
  21     0.75789
  22     2.54777
  23     0.32345
  24    63.5491
  25    80.0195
  26   198.745
  27   142.327
  28   131.945
  29     4.61466
  30     1.21186
  31     0
  32   319.078
  33   304.277
  34   291.296
  35   277.274
  36   224.44
  37    99.3918
  38   117.804
  39    21.8507
  40   122.231
  41   133.236
  42    99.5927
  43    88.0795
  44    32.3936
  45    36.1515
  46    12.3603
  47     0
  48    22.9882
  49    44.3034
  50    11.1564
  51    43.2987
  52     1.58082
  53    11.1944
  54     1.35555
  55     1.54903
  56     0.73388
  57     1.54177
  58     2.46438
  59     0.90381
  60     0.69105
  61     0
  62     0.36386
  63     0
  64     0
  65    41.7514
  66    39.683
  67    25.2823
  68    25.274
  69     2.70908
  70     0.82433
  71     1.35934
  72   216.824
  73   122.409
  74    81.4248
  75    49.7733
  76    64.322
  77    14.3208
  78    18.8665
  79     0.8058
  80   379.55
  81   406.205
  82   441.014
  83   370.867
  84   268.391
  85   198.276
  86   108.137
  87    23.36
  88   704.151
  89   816.838
  90   924.307
  91   893.57
  92   655.234
  93   555.333
  94   345.28
  95   109.686
  96  1171
  97  1237.87
  98  1157.75
  99  1006.02
 100   843.061
 101   715.836
 102   425.933
 103   116.604
 104   399.634
 105   505.139
 106   428.271
 107   464.376
 108   273.509
 109   180.489
 110    75.6701
 111    15.8121
 112    43.764
 113   129.293
 114   101.186
 115    61.8321
 116    82.9175
 117    48.7447
 118     2.27949
 119     1.53689
 120     0.5023
 121     5.19714
 122     6.45727
 123     0.23744
 124     0
 125     1.40874
 126     0.53773
 127     0
 128   106.79
 129   167.49
 130    80.7004
 131    94.8033
 132    61.5915
 133    60.3633
 134    17.1799
 135     0.48548
 136   727.011
 137   628.266
 138   628.256
 139   506.495
 140   461.996
 141   281.989
 142   201.769
 143    93.274
 144  1329.09
 145  1346.93
 146  1260.27
 147  1126.77
 148  1007.84
 149   759.874
 150   585.487
 151   143.723
 152  1527.07
 153  1748.37
 154  1404.76
 155  1345.48
 156  1055.67
 157   870.975
 158   545.93
 159   177.061
 160  1485.25
 161  1550.94
 162  1660.14
 163  1480.4
 164  1121.89
 165   847.365
 166   459.732
 167   217.356
 168  1221.32
 169  1269.65
 170  1056.61
 171  1145.35
 172   884.073
 173   665.433
 174   415.536
 175   169.157
 176   151.904
 177   247.879
 178   188.868
 179   264.312
 180   213.816
 181   105.504
 182    12.7563
 183    38.4526
 184    20.4419
 185    23.1345
 186    27.3104
 187     2.98187
 188     0.51483
 189    10.4585
 190     0.59981
 191     0
 192   145.658
 193   182.909
 194   105.377
 195   150.916
 196    93.0956
 197    48.6353
 198    27.876
 199    31.3664
 200  1159.63
 201  1111.13
 202  1029.84
 203   970.36
 204   680.11
 205   596.588
 206   398.008
 207   167.692
 208  1473.86
 209  1786.24
 210  1648.73
 211  1307.02
 212  1242.13
 213   951.375
 214   524.953
 215   211.619
 216  1809.6
 217  1698.71
 218  1608.81
 219  1377.39
 220  1086.48
 221   862.287
 222   546.829
 223   212.143
 224  1902.13
 225  1908.41
 226  1614.95
 227  1488.51
 228  1087.99
 229   775.067
 230   444.638
 231   154.944
 232  1535.86
 233  1433.57
 234  1313.08
 235  1363.9
 236  1262.85
 237   815.816
 238   471.261
 239   153.064
 240   752.672
 241   654.788
 242   681.721
 243   425.332
 244   539.273
 245   412.49
 246   157.063
 247    71.9773
 248    84.881
 249   125.314
 250   136.985
 251    39.0193
 252    28.51
 253    25.3195
 254    12.741
 255    17.0867
 256    86.1205
 257    62.6419
 258    27.7807
 259    77.7127
 260    36.2646
 261    65.4739
 262     2.22479
 263     1.1775
 264   633.837
 265   808.402
 266   657.174
 267   713.06
 268   504.746
 269   370.044
 270   218.233
 271    68.7926
 272  1449.13
 273  1393.7
 274  1429.1
 275  1425.38
 276  1106.7
 277   928.646
 278   565.601
 279   184.849
 280  1694.53
 281  1961.67
 282  1859.32
 283  1694.8
 284  1203.25
 285  1036.79
 286   535.61
 287   191.841
 288  1665.87
 289  1767.17
 290  1778.55
 291  1488.75
 292   997.083
 293   840.019
 294   379.82
 295   150.18
 296  1525.75
 297  1708.7
 298  1606.73
 299  1231.18
 300  1055.09
 301   676.558
 302   445.884
 303   118.58
 304  1090.02
 305  1245.1
 306   955.741
 307   965.199
 308   868.123
 309   597.876
 310   389.879
 311   178.926
 312   217.39
 313   197.437
 314   196.957
 315   189.474
 316   175.629
 317   114.912
 318    51.0441
 319    21.7688
 320     8.26096
 321     6.3024
 322    13.539
 323    63.5033
 324     5.59426
 325     1.85057
 326     1.62063
 327     0.6956
 328   191.835
 329   169.301
 330   140.121
 331   184.285
 332   124.708
 333    97.9125
 334    77.8151
 335    15.0558
 336  1229.41
 337  1021.67
 338   978.344
 339  1035.21
 340   718.247
 341   460.324
 342   352.162
 343   108.954
 344  1653.53
 345  1790.41
 346  1614.16
 347  1531.02
 348  1174.22
 349   978.437
 350   740.649
 351   187.305
 352  1458.19
 353  1878.81
 354  1656.6
 355  1391.07
 356  1070.15
 357   844.272
 358   408.427
 359   204.242
 360  1404.74
 361  1430.27
 362  1229.2
 363  1089.79
 364   950.895
 365   729.009
 366   490.102
 367   149.109
 368   618.353
 369   768.309
 370   626.271
 371   547.912
 372   514.736
 373   327.872
 374   233.689
 375   110.88
 376   108.458
 377   100.105
 378   191.166
 379    84.4494
 380    98.6535
 381    75.8557
 382    44.5501
 383    15.0401
 384     4.89804
 385     8.81751
 386    20.7873
 387     1.75905
 388     0.48825
 389     0.10985
 390     2.27896
 391     0.96402
 392   100.962
 393   109.949
 394    34.1009
 395    66.302
 396    87.2532
 397     1.46824
 398     1.30184
 399     0
 400   472.365
 401   343.079
 402   364.316
 403   276.628
 404   290.343
 405   161.802
 406    96.6999
 407    35.3205
 408  1306.79
 409  1230.63
 410  1140.46
 411   934.076
 412   928.776
 413   676.801
 414   495.6
 415   139.315
 416   836.043
 417  1073.02
 418   988.623
 419   909.765
 420   732.226
 421   502.038
 422   389.252
 423   119.491
 424   248.749
 425   306.008
 426   358.744
 427   279.01
 428   240.604
 429   115.533
 430    29.8458
 431    23.2648
 432    78.0319
 433    83.9037
 434   175.335
 435   104.38
 436    36.5141
 437    11.0274
 438     0.32914
 439     0
 440    88.808
 441    22.6694
 442    48.3711
 443     3.82064
 444     0.06422
 445    15.4925
 446     0
 447     0.20373
 448     1.62227
 449     0.72745
 450     2.17128
 451     8.53958
 452     0.30004
 453     0.17007
 454     0.51631
 455     0.22722
 456     0.24064
 457    17.5204
 458    25.147
 459     5.74244
 460    10.6183
 461    31.9725
 462     1.75497
 463     3.16794
 464    99.5932
 465    89.8518
 466   146.766
 467    42.8396
 468    40.5602
 469    18.7841
 470    13.5738
 471     0.9253
 472   263.17
 473   255.649
 474   297.463
 475   219.881
 476   245.323
 477   213.09
 478    41.0965
 479    14.6488
 480   177.642
 481   196.697
 482   162.04
 483   130.491
 484    89.9697
 485    40.9547
 486    14.8998
 487     7.91046
 488    40.2929
 489    48.7887
 490    50.5809
 491    22.7421
 492     1.86356
 493     9.77067
 494     3.019
 495     0
 496    15.8519
 497    15.3797
 498    26.0418
 499    16.8004
 500     0.32578
 501     1.26159
 502     0.12284
 503     0.48129
 504     0
 505     1.02399
 506     0
 507     0.01027
 508     0
 509     0
 510     1.21734
 511     1.66256
