This file was gnenerated on 2021-06-22 22:04:52.740706 by Grant Finneman. This contains the extracted data from the Gate simulations
The edep for each bar was summed up and printed to this file. The only math operation done has been addition.

  id        edep
   0     0
   1     1.16525
   2     0
   3     0
   4     1.23296
   5     0
   6     0.24254
   7     1.24054
   8     0.86826
   9     0.33429
  10     0
  11     1.7862
  12     0
  13     0
  14     2.22741
  15     0.88643
  16     1.06835
  17     0.01871
  18     0.70201
  19     0.61122
  20     0
  21     2.45379
  22     0.62455
  23     6.52876
  24     5.38926
  25     1.06305
  26     0.45515
  27     0.72825
  28     0.82419
  29     1.61327
  30     0.70834
  31     0
  32     0.52727
  33     1.93731
  34     1.06016
  35     1.6776
  36     0.37133
  37    10.3382
  38     4.31415
  39    14.0433
  40     1.04025
  41     0.88512
  42     0
  43     0.35102
  44     0
  45    17.6541
  46     3.53608
  47     3.43832
  48     1.85698
  49     0
  50     0.94296
  51     0.95498
  52     1.95759
  53     0.05112
  54     0.46003
  55     0
  56     0.13088
  57     0
  58     0.16701
  59     0.43863
  60     0.10226
  61     0
  62     0.59139
  63     0.40874
  64     1.34097
  65     1.51873
  66     0.55444
  67     0
  68     1.40066
  69     7.38238
  70     3.57652
  71     0.705
  72    14.4277
  73     7.73139
  74     0.97223
  75     0
  76     0.62056
  77     0.35816
  78     1.0045
  79     0
  80    21.4248
  81    36.6512
  82     4.99836
  83    17.2742
  84     2.14237
  85     1.76558
  86     0.64303
  87     0.68547
  88    57.0379
  89    14.4421
  90    11.803
  91    52.6953
  92     2.78239
  93    20.2145
  94     5.69791
  95     2.43581
  96    40.2996
  97    38.7047
  98    50.1379
  99    64.0399
 100    21.6157
 101     4.39704
 102    28.7461
 103    16.298
 104    49.1268
 105    54.9252
 106     9.61868
 107     1.4957
 108    15.4759
 109    14.983
 110    59.4496
 111    38.202
 112    19.0869
 113     0.67949
 114     0.48716
 115     0
 116     1.35201
 117     0.36892
 118    18.7522
 119    12.4184
 120     0.51125
 121     0.2323
 122     0
 123     1.33279
 124     1.28841
 125     0
 126     0.09835
 127     1.13545
 128     2.25848
 129     1.90271
 130     2.97598
 131    16.9678
 132     9.41467
 133     1.06348
 134     3.38599
 135     4.50218
 136     7.96692
 137    57.3125
 138     2.34271
 139     4.85246
 140    11.6988
 141     5.70856
 142     0
 143    16.2105
 144   152.027
 145   366.349
 146   219.923
 147   187.561
 148   102.514
 149   100.725
 150    11.3652
 151     1.5255
 152   615.859
 153   566.566
 154   743.46
 155   451.376
 156   221.195
 157   137.497
 158    53.2187
 159     9.36739
 160   607.068
 161   658.803
 162   804.429
 163   501.833
 164   249.364
 165    56.0221
 166    51.2953
 167    29.6568
 168   317.04
 169   306.093
 170   149.226
 171   212.092
 172    68.0591
 173    80.6295
 174    56.7553
 175    15.6275
 176    48.1565
 177    33.8413
 178    16.8038
 179    12.4059
 180     4.47178
 181    30.3678
 182     0.66033
 183    15.8513
 184     0
 185     2.12959
 186     0.47059
 187     1.22077
 188     0.60483
 189     1.29787
 190     0.03864
 191     1.27311
 192     4.65649
 193     1.41049
 194     3.49558
 195     3.27914
 196     8.35702
 197     7.11612
 198     6.24466
 199     4.24064
 200    83.6116
 201    79.034
 202    48.7659
 203   106.232
 204    35.7863
 205    43.7798
 206    19.1324
 207     9.89328
 208  1142.25
 209  1120.02
 210   789.653
 211   832.188
 212   614.258
 213   470.777
 214   189.796
 215     8.1647
 216  7083.95
 217  7549.86
 218  7107.55
 219  6294.98
 220  5397.88
 221  4356.55
 222  2712.43
 223   901.388
 224  7327.59
 225  7669.69
 226  7268.01
 227  6581.38
 228  5407.41
 229  4574.69
 230  2572.1
 231   929.634
 232   874.062
 233  1168.65
 234  1085.22
 235   836.066
 236   648.783
 237   365.103
 238    45.942
 239    24.185
 240    56.4896
 241    58.0464
 242    79.109
 243    60.793
 244     9.83269
 245     8.42564
 246     4.01152
 247    20.0669
 248     8.55184
 249     0
 250     1.36114
 251     1.24579
 252     1.97612
 253     2.10555
 254     0.85286
 255     0.33522
 256     0.27185
 257     0.78529
 258     0.87045
 259     4.56768
 260    14.5268
 261     0.98868
 262     0.88909
 263     0.29497
 264    91.4419
 265    71.6347
 266    63.4204
 267    79.001
 268    17.6541
 269    49.4372
 270    17.0807
 271     0
 272   998.785
 273  1060.69
 274  1059.69
 275   872.096
 276   783.964
 277   486.237
 278   163.437
 279    75.5175
 280  7199.84
 281  7440.41
 282  7455.36
 283  7142.31
 284  5866.45
 285  4448.03
 286  2892.15
 287  1129.44
 288  7610.58
 289  7989.75
 290  7867.77
 291  6832.36
 292  5774.67
 293  4339.31
 294  2899.87
 295  1031.2
 296  1078.61
 297  1590.58
 298  1250.34
 299   887.877
 300   738.976
 301   343.611
 302    92.2156
 303    41.2002
 304    52.7665
 305   166.445
 306    30.6549
 307   139.748
 308     8.5915
 309    32.5312
 310    17.6555
 311    13.168
 312     1.03475
 313     2.08711
 314     0.08885
 315     0.36888
 316     0.28674
 317     0.84228
 318     2.48683
 319     7.04139
 320     2.30685
 321     0.57493
 322     1.29864
 323     0.50667
 324     2.31718
 325     1.06963
 326     1.19529
 327     0.28515
 328    23.0023
 329    33.2535
 330    56.1662
 331    67.3033
 332    17.4636
 333     8.9771
 334    10.2587
 335     4.76805
 336   312.593
 337   284.37
 338   281.405
 339   163.75
 340   121.747
 341    60.1571
 342    55.1474
 343    12.4438
 344   633.753
 345   773.278
 346   858.023
 347   609.99
 348   260.623
 349   132.678
 350    84.2562
 351    55.85
 352   801.519
 353   894.676
 354   605.674
 355   609.985
 356   264.735
 357   235.475
 358    40.1663
 359    28.8405
 360   200.817
 361   120.228
 362   132.14
 363   161.545
 364    75.8097
 365    79.7149
 366    53.4342
 367    10.7095
 368    73.3831
 369    74.289
 370    43.0421
 371    97.4074
 372    12.75
 373     1.83314
 374     5.16846
 375     1.58565
 376     1.42265
 377     1.25013
 378     0
 379     0.11462
 380     0
 381     0.25863
 382     2.29154
 383     0.94733
 384     0
 385     0.7945
 386     0.04146
 387     1.26868
 388     0
 389     0.00361
 390     1.26596
 391     0
 392     1.39834
 393     0.8498
 394    21.4147
 395     2.36303
 396     0.02915
 397     0.88484
 398     1.70086
 399     0.70969
 400    30.1253
 401    32.61
 402    58.0141
 403    27.4314
 404    17.0216
 405     9.3965
 406     3.62422
 407     1.5225
 408    33.3252
 409    54.9977
 410    55.1942
 411    10.264
 412    12.4634
 413    30.2358
 414    14.1762
 415    11.1758
 416    61.4888
 417    74.4955
 418    34.3542
 419    57.3662
 420    25.4518
 421     4.95796
 422     9.08627
 423     0
 424    24.9881
 425     4.88999
 426     2.59918
 427    30.2357
 428    16.3165
 429     0.30231
 430     2.60496
 431     2.71258
 432     0
 433     0
 434     0.68065
 435     0
 436     2.68677
 437     2.02932
 438     0.39965
 439     0.15106
 440     1.61312
 441     0.35396
 442     1.57082
 443     0.54471
 444     0
 445     0
 446     0.77483
 447     0
 448     0
 449     0
 450     0.89544
 451     2.14712
 452     0
 453     0
 454     0
 455     1.06194
 456     0
 457     1.51282
 458     1.73451
 459     2.33479
 460     1.8135
 461     0.83119
 462     0
 463     0.37939
 464     1.65947
 465     0.89105
 466     0.98403
 467     0.87947
 468     0.91806
 469     0.57656
 470     0.95859
 471     0
 472     1.50887
 473     0.01102
 474     0.67358
 475     2.22523
 476    11.6343
 477     0.35877
 478     1.65841
 479    12.4958
 480     0.84091
 481     0.99353
 482     0.72112
 483     0.85401
 484    14.6619
 485     0.1534
 486     0.63286
 487     0.2241
 488     0.17325
 489     0.53672
 490     0.9159
 491     0.83078
 492     0.3857
 493     2.72385
 494     1.9921
 495     1.01965
 496     0
 497     0.37172
 498     0.54787
 499     0
 500     1.39947
 501     5.60432
 502     0.15106
 503     0
 504     0.82758
 505     0.80695
 506     0.82535
 507     5.73382
 508     1.62983
 509     0.71396
 510     0.16779
 511     0
