This file was gnenerated on 2021-06-22 22:04:48.204179 by Grant Finneman. This contains the extracted data from the Gate simulations
The edep for each bar was summed up and printed to this file. The only math operation done has been addition.

  id        edep
   0     0
   1     0
   2    23.6844
   3    24.0008
   4     6.94779
   5     0.04772
   6     0
   7     1.12129
   8     0.96075
   9     1.50708
  10     0.23601
  11     1.49474
  12    16.2154
  13     0
  14     0.90376
  15     0.66779
  16     0.35282
  17     1.15077
  18     0.58509
  19     2.66086
  20     1.3879
  21     0.0019
  22     3.19866
  23     0.63279
  24     0.98872
  25     0
  26    18.1526
  27     6.06979
  28     0.75952
  29     0.46559
  30     0.63638
  31     0.86975
  32     1.33807
  33     0.98927
  34     0.89755
  35     1.65383
  36     0.59803
  37     2.14413
  38     0
  39     0.29396
  40    22.9914
  41     2.486
  42     0.68516
  43     0.74466
  44     2.72274
  45     0.69917
  46     1.53562
  47     0
  48     0
  49     1.3446
  50     0.75318
  51     0
  52     1.5183
  53     1.49412
  54     0.7911
  55     0.55765
  56     0.77358
  57     0
  58     0.50729
  59     0
  60     1.03292
  61     0
  62     0.88563
  63     5.95672
  64     0.77936
  65     0
  66     1.40529
  67     0.52523
  68     0
  69     0.16706
  70     0
  71     0.26006
  72     1.65969
  73     3.52953
  74     0.72073
  75    13.8187
  76     5.23698
  77     7.16801
  78     0
  79     1.42245
  80    37.9252
  81    54.8005
  82    15.7714
  83     3.72936
  84     6.03867
  85     9.54719
  86    10.507
  87     5.8094
  88   105.545
  89   132.917
  90   103.42
  91    89.7268
  92    53.263
  93    18.3435
  94    17.3961
  95    18.4262
  96    60.7884
  97    85.7758
  98    44.9095
  99    61.1518
 100    34.5187
 101    43.041
 102    64.6507
 103    61.6809
 104    14.0917
 105    14.8409
 106     3.06774
 107    26.4314
 108     3.04994
 109     0.93017
 110     6.20853
 111     0.84018
 112     2.26234
 113     1.28211
 114     3.23961
 115     0
 116     0.81462
 117     0.33393
 118     0.5626
 119     0.5082
 120     0
 121     0
 122     2.14214
 123     0.83613
 124     0.54882
 125     0.90757
 126     0.87707
 127     0
 128     1.09755
 129     0.44424
 130     2.04518
 131     0.61221
 132     0.68047
 133     0.20776
 134     0.56275
 135     0.01738
 136    55.7416
 137    22.2548
 138    12.4424
 139    38.3949
 140     6.8216
 141    49.2315
 142     1.9782
 143     3.60233
 144   299.298
 145   272.21
 146   292.115
 147   340.927
 148   227.326
 149   122.942
 150    45.2436
 151     1.95432
 152   932.239
 153   913.305
 154   987.866
 155   777.238
 156   443.584
 157   250.005
 158   134.636
 159    55.6739
 160   869.095
 161   902.668
 162   690.742
 163   594.415
 164   423.054
 165   172.377
 166   102.41
 167   100.284
 168   143.876
 169   146.947
 170    98.6601
 171    90.6438
 172    33.837
 173    32.331
 174    30.4652
 175    13.3717
 176     0.67157
 177    26.677
 178     8.58949
 179     4.03688
 180     2.97411
 181     3.70787
 182     1.15343
 183     1.19288
 184     0.35508
 185     1.37887
 186     0
 187     2.49975
 188     0.15024
 189     0.57598
 190     0.36992
 191     0
 192     1.18727
 193     2.25396
 194     2.73321
 195     0.68335
 196     1.66937
 197     0.79848
 198     4.15282
 199     2.39899
 200    57.7036
 201    87.7487
 202    54.8059
 203    45.1551
 204    54.0448
 205    41.1846
 206    15.9886
 207    12.1072
 208   985.213
 209  1356.7
 210  1006.13
 211   694.202
 212   700.327
 213   420.756
 214   210.842
 215    88.948
 216  9037.95
 217  9848.03
 218  9322.36
 219  8671.71
 220  7495.43
 221  6135.85
 222  4313.47
 223  1850.9
 224  5322.67
 225  6113.02
 226  5266.04
 227  4997.19
 228  4001.22
 229  2808.17
 230  1285.13
 231   497.804
 232   734.629
 233   699.723
 234   799.68
 235   743.176
 236   557.205
 237   235.896
 238    41.7792
 239    82.3542
 240   136.249
 241    39.6619
 242    87.9859
 243   118.692
 244    55.446
 245    19.8903
 246     0
 247     0.22406
 248     0
 249     2.46969
 250     0
 251     2.88629
 252     0.62136
 253     0
 254     0.28435
 255     0.20663
 256     0.84831
 257     2.7254
 258     3.53128
 259     0.85771
 260     1.80397
 261     2.03917
 262    24.6707
 263     7.04125
 264    18.3203
 265    51.3506
 266    22.1922
 267    69.0113
 268    44.0376
 269    27.1285
 270    11.2406
 271    13.9286
 272   883.67
 273   782.193
 274   678.836
 275   400.165
 276   249.256
 277   164.625
 278   143.326
 279     6.52206
 280  5549.1
 281  5575.86
 282  5186.57
 283  4909.14
 284  3863.87
 285  2566.15
 286  1512.85
 287   530.891
 288  8592.5
 289  9464.82
 290  9293.44
 291  8600.01
 292  7265.67
 293  5915.42
 294  4114.59
 295  1809.99
 296   785.867
 297   995.421
 298  1060.41
 299   852.138
 300   630.003
 301   440.484
 302   223.779
 303    79.0213
 304   102.151
 305    78.3017
 306   118.218
 307    80.0341
 308   128.986
 309    34.1092
 310    13.8398
 311     3.13508
 312     0.44013
 313     0
 314     9.59686
 315    15.0557
 316     1.28151
 317     1.75772
 318     0.11559
 319     0.11421
 320    13.5626
 321     0.82065
 322     1.36613
 323     1.94661
 324     0.02034
 325     0.90176
 326     0
 327     0
 328    61.4473
 329    14.2649
 330     2.27629
 331     2.49452
 332     0
 333    31.0395
 334     0.65203
 335     0.29489
 336   186.087
 337   122.797
 338    83.9483
 339    43.0314
 340    93.4034
 341    29.3477
 342    18.1139
 343     1.39754
 344   972.426
 345   899.544
 346   904.44
 347   534.058
 348   427.639
 349   246.255
 350    84.9863
 351    36.5297
 352  1180.21
 353  1217.8
 354   944.099
 355   660.84
 356   414.314
 357   200.107
 358    69.3912
 359    24.0597
 360   192.865
 361   311.11
 362   382.727
 363   181.651
 364   141.332
 365    67.6606
 366    50.3896
 367     5.24157
 368     2.92702
 369    39.4951
 370    17.5463
 371    38.7987
 372    42.2579
 373     5.62213
 374     5.55525
 375     4.71491
 376     0.83826
 377     2.19762
 378     0.69181
 379     0
 380     2.32647
 381     0.19227
 382     0.66827
 383     0
 384     1.21054
 385     0
 386     0.13293
 387     0
 388     0
 389     0
 390     0.04407
 391     0
 392     0.71882
 393     0.46177
 394     0.56072
 395     2.93919
 396     1.39993
 397     0.0888
 398     1.04208
 399     0.41143
 400    14.5771
 401     8.74031
 402     9.12515
 403     7.42291
 404    12.7417
 405    13.2993
 406     1.14276
 407     0
 408    78.7933
 409    84.9598
 410    58.4699
 411    79.9212
 412    80.6776
 413    10.2332
 414     1.6016
 415     0.90958
 416    69.0231
 417    92.4428
 418   118.505
 419    50.2554
 420    46.0881
 421    17.5172
 422     5.37308
 423     3.40371
 424    33.8389
 425    22.6237
 426     0.38057
 427    23.9322
 428     3.42725
 429     1.06789
 430     0.54554
 431     2.99258
 432     2.07946
 433     0.6786
 434     1.4127
 435     2.29668
 436     5.01533
 437     7.5787
 438     5.0568
 439     3.25983
 440     0.63067
 441     0.45363
 442     0.67006
 443     0.07156
 444     0.21545
 445     0.19227
 446     0
 447     0.73063
 448     0.86373
 449     0.90544
 450     1.39837
 451     0
 452     0.05369
 453     1.68356
 454     0
 455     0.05369
 456     1.39252
 457     1.3265
 458     0
 459     1.4085
 460     0
 461     1.79848
 462     0
 463     0
 464    13.2264
 465    13.6395
 466     1.24374
 467     1.47913
 468     0
 469     0.12289
 470     0.38816
 471     0.29008
 472     2.92994
 473     2.95723
 474     1.90719
 475     0.98889
 476    11.2138
 477     0
 478     2.73646
 479     1.85242
 480    25.8473
 481    14.9891
 482     0.86395
 483     2.9659
 484     3.55967
 485     2.41547
 486     4.23129
 487     0.85528
 488    13.513
 489     0
 490     3.56015
 491     0.93
 492     0
 493     0
 494     0.68224
 495     0
 496     5.27254
 497     2.7424
 498     1.23004
 499     2.55109
 500     0.88899
 501     0.10791
 502     0.3426
 503     0.79518
 504     0
 505     1.56073
 506     0.84161
 507     0.7574
 508     0
 509     0.58686
 510     2.45124
 511     0
