This file was gnenerated on 2021-06-22 22:15:07.769603 by Grant Finneman. This contains the extracted data from the Gate simulations
The edep for each bar was summed up and printed to this file. The only math operation done has been addition.

  id        edep
   0     1.07571
   1     0
   2     0.55576
   3     1.20826
   4     1.64134
   5     0.88426
   6     0
   7     0.06588
   8     8.4058
   9     3.90761
  10    21.1209
  11    66.0398
  12    23.8131
  13     8.8807
  14     9.55543
  15     7.10456
  16    63.0827
  17   110.982
  18   136.052
  19    75.8823
  20   111.832
  21    61.0671
  22    11.5164
  23     8.2077
  24   165.898
  25   276.381
  26   239.279
  27   141.332
  28   125.024
  29    35.4456
  30     6.86562
  31     8.29976
  32    85.1694
  33    94.4375
  34    98.9175
  35    81.4648
  36    18.6916
  37     1.06425
  38    14.5242
  39     0.6422
  40     1.90914
  41    15.1588
  42    48.9092
  43     8.21192
  44     0.52895
  45     1.3932
  46     1.2215
  47     0.58759
  48     0.9557
  49     0
  50     0
  51     0.37936
  52     0
  53     0
  54     0.65523
  55     0.22059
  56     0
  57     0.41669
  58     0.67117
  59     0.31446
  60     0
  61     0.4134
  62     0.36139
  63     0
  64    26.4751
  65     1.67245
  66     0.44633
  67     0.44633
  68     0
  69     0
  70     1.80654
  71     0.61374
  72    74.1741
  73    69.6101
  74   100.859
  75    18.293
  76    30.5897
  77     0
  78    24.2336
  79    21.8892
  80   537.379
  81   674.905
  82   627.788
  83   547.318
  84   442.11
  85   323.766
  86   142.711
  87    35.3952
  88  2040.63
  89  2093.29
  90  1969.26
  91  1946.12
  92  1813.49
  93  1184.3
  94   733.958
  95   263.108
  96   469.725
  97   658.474
  98   725.718
  99   544.057
 100   313.509
 101   212.018
 102   133.736
 103    24.1406
 104    26.4462
 105   137.552
 106    94.6431
 107     9.62136
 108    13.842
 109    50.0909
 110     5.22336
 111     4.52188
 112    15.2983
 113     1.52896
 114     1.41345
 115     0.2423
 116     1.44991
 117     0.74186
 118     1.57436
 119     0.13573
 120    15.4233
 121     1.92451
 122     1.11489
 123     0.44011
 124     0
 125     0
 126     0
 127     0.1188
 128     0.88381
 129     0.1736
 130     0.91803
 131     1.88565
 132     0
 133    19.2202
 134    12.4779
 135     8.05331
 136    87.1452
 137   175.246
 138   100.802
 139    39.8819
 140    23.9445
 141    30.3072
 142    13.9116
 143     4.45816
 144   940.68
 145  1013.65
 146   818.312
 147   777.311
 148   599.702
 149   303.883
 150    72.3843
 151    23.1231
 152  4335.28
 153  4469.85
 154  4092.08
 155  3878.54
 156  3297.95
 157  2667.61
 158  1675.4
 159   667.848
 160  1574.69
 161  1734.93
 162  1678.63
 163  1244.17
 164  1064.46
 165   565.171
 166   346.514
 167    95.9465
 168   137.633
 169   222.637
 170   232.122
 171    84.782
 172    63.3347
 173    80.1447
 174     5.59519
 175    23.3425
 176    20.96
 177    25.8783
 178    16.1937
 179     3.45829
 180     5.57781
 181     4.11015
 182     4.1425
 183    33.8488
 184     0.92416
 185     0
 186     2.24039
 187     0.49712
 188     0
 189     0
 190     0
 191     1.38529
 192     1.42356
 193     2.09424
 194     0
 195     0.37974
 196     0.76939
 197     5.33593
 198     1.35999
 199     0.88426
 200    22.5962
 201    54.2093
 202    47.0454
 203    26.4419
 204    14.2486
 205    21.2189
 206    14.8774
 207     1.02233
 208   618.815
 209   671.472
 210   756.032
 211   712.021
 212   295.838
 213   234.504
 214    20.3248
 215    41.0163
 216  3724.6
 217  3936.51
 218  3858.16
 219  3427.68
 220  3055.24
 221  2305.29
 222  1302.05
 223   541.681
 224  2643.18
 225  2734.1
 226  2811.43
 227  2145.71
 228  2028.79
 229  1511.51
 230   869.579
 231   339.421
 232   187.688
 233   347.609
 234   315.364
 235   291.852
 236   229.619
 237   115.056
 238    68.9102
 239     0
 240     1.11292
 241    24.7942
 242    78.405
 243    23.3162
 244    21.6017
 245     1.72088
 246    17.0543
 247     0.77244
 248     1.32505
 249     2.55136
 250     0.21168
 251     2.42665
 252     0.71398
 253     0.2694
 254     0.35338
 255     1.0917
 256     0.85413
 257     1.79894
 258     2.81026
 259     0.71651
 260     0.82881
 261    10.4092
 262     0
 263     0.59145
 264     0.28275
 265     8.35742
 266    43.6837
 267    19.8765
 268    25.0202
 269    56.5623
 270    27.4566
 271     6.5072
 272   330.639
 273   314.927
 274   418.7
 275   347.015
 276   171.366
 277   192.048
 278    75.3102
 279    16.1896
 280  2780.79
 281  2682.84
 282  2572.68
 283  2164.29
 284  1879.55
 285  1380.67
 286  1019.1
 287   350.09
 288  3755.2
 289  3897.01
 290  3540.93
 291  3414.7
 292  2769.59
 293  2152.73
 294  1508.2
 295   686.431
 296   530.567
 297   479.717
 298   617.085
 299   629.056
 300   418.226
 301   185.473
 302   130.431
 303    38.8009
 304    64.6724
 305    52.5443
 306    16.8318
 307    66.7004
 308    34.3846
 309     2.29318
 310     0.92098
 311     0.9849
 312     0.74021
 313     0.81153
 314     1.16924
 315     0.73849
 316     1.7649
 317     0
 318     0.21938
 319     1.69062
 320     0
 321     0
 322     1.01386
 323     0.27179
 324     0.27963
 325     6.90393
 326     0
 327     0
 328    29.2228
 329     1.4172
 330    27.7379
 331    17.9128
 332    22.8166
 333    33.7681
 334    28.0377
 335    23.0888
 336   189.29
 337   175.198
 338   273.542
 339   165.558
 340    92.2104
 341     2.7638
 342    41.5144
 343     8.74063
 344  1506.39
 345  1721.08
 346  1464.42
 347  1333.74
 348   954.247
 349   681.689
 350   407.397
 351   127.043
 352  4536.79
 353  4465.35
 354  4205.61
 355  3781.7
 356  3178.69
 357  2585.45
 358  1639.22
 359   602.338
 360   996.93
 361   992.695
 362  1020.9
 363   810.475
 364   480.541
 365   468.173
 366   262.264
 367    55.5493
 368   178.942
 369   189.38
 370   196.146
 371    53.0097
 372    25.9038
 373    71.3247
 374     2.27927
 375     1.65822
 376     7.32364
 377     2.24055
 378     1.52942
 379     2.78607
 380     1.79078
 381     0.94016
 382     0
 383     0.49147
 384     0
 385     0.42188
 386     0.81177
 387     0
 388     0
 389     0
 390     0
 391     0
 392     2.22098
 393     0.2951
 394     0
 395     1.27362
 396    15.8199
 397     1.15801
 398     0.10773
 399     0
 400    46.6945
 401    70.842
 402    62.2496
 403    64.1141
 404    29.5093
 405     0.09149
 406    37.7171
 407     7.23774
 408   582.936
 409   613.222
 410   696.001
 411   458.954
 412   320.28
 413   201.113
 414    92.2581
 415     8.27675
 416  2019.92
 417  2141.07
 418  2100.7
 419  1743.62
 420  1446.02
 421  1185.19
 422   712.452
 423   251.636
 424   547.595
 425   625.063
 426   686.535
 427   507.199
 428   499.408
 429   346.185
 430   145.761
 431    24.5588
 432    46.601
 433    43.1888
 434   103.617
 435    17.1729
 436    70.5915
 437    10.7119
 438     4.81966
 439     0
 440     0.52367
 441    12.9402
 442     0.91513
 443     1.72436
 444     2.04173
 445     7.09593
 446     5.93698
 447     5.2526
 448     0
 449     1.76824
 450     2.54528
 451     0
 452     0
 453     0
 454     0
 455     0.99751
 456     0.7987
 457     0.95025
 458     0.42011
 459     1.23464
 460     0
 461     0
 462     0.41056
 463     0.35188
 464     1.40531
 465    11.6336
 466    35.7401
 467     1.48852
 468     7.23932
 469    21.7504
 470     0
 471     1.1623
 472   118.826
 473   134.81
 474    70.4845
 475    50.6598
 476    58.9546
 477    15.2265
 478    23.8012
 479     1.91574
 480   261.544
 481   298.104
 482   213.398
 483    97.7672
 484    41.4354
 485    19.5025
 486    16.8706
 487     3.49409
 488    71.4893
 489   158.327
 490   136.466
 491    41.5436
 492    73.9054
 493     1.09218
 494     0.94087
 495     4.84592
 496     0.56805
 497     6.34206
 498    25.5223
 499    16.055
 500     1.4054
 501     0.37025
 502     1.02318
 503     0.29257
 504     0.43919
 505     0.05721
 506     0.00767
 507     0.89281
 508     7.26366
 509     0.39262
 510     0.65889
 511     0.96089
