This file was gnenerated on 2021-06-22 22:34:28.715583 by Grant Finneman. This contains the extracted data from the Gate simulations
The edep for each bar was summed up and printed to this file. The only math operation done has been addition.

  id        edep
   0     0.37329
   1     0
   2     0
   3     0.4689
   4     0.75666
   5     0.73245
   6     0
   7     0
   8     1.39196
   9     0.61506
  10     0
  11     0
  12     0
  13     0.03955
  14     0.4349
  15     0.32682
  16     0.42012
  17    13.4676
  18     1.80862
  19     0
  20     0.72517
  21     2.72777
  22     0.55553
  23     3.06341
  24     1.14237
  25    22.7108
  26     5.23507
  27     0.84782
  28     3.06774
  29     1.36998
  30     2.15553
  31     0.17198
  32    31.4517
  33    12.7631
  34     0.58552
  35     0.71797
  36     8.3414
  37    26.936
  38    13.0341
  39     1.59491
  40    25.734
  41     1.2646
  42     0
  43     1.13002
  44     0
  45     0.67875
  46     0.51927
  47     0.02631
  48     0.88531
  49     1.6516
  50     1.59209
  51     0.54221
  52     0.73033
  53     1.45567
  54     1.29197
  55     0.03541
  56     2.92299
  57     3.03569
  58     0.18219
  59     0.78053
  60     0.78053
  61     0.62984
  62     1.37903
  63     0.83772
  64     0.18887
  65     1.52673
  66     0
  67     1.61326
  68     0.5117
  69     0.92773
  70     0.30286
  71     0.30157
  72     2.72196
  73     0.9757
  74     0.6734
  75     1.59837
  76     0.50386
  77    17.2273
  78     0.58554
  79     0.07267
  80    16.82
  81    61.4348
  82    23.9869
  83     2.68316
  84    17.2101
  85    40.6899
  86     2.35657
  87    15.2947
  88   134.982
  89   222.983
  90   159.732
  91   113.02
  92   156.086
  93    90.4984
  94    48.5142
  95     2.39454
  96   362.406
  97   395.549
  98   388.654
  99   303.202
 100   161.748
 101   134.906
 102    70.3792
 103     4.42794
 104   161.663
 105   153.161
 106   185.877
 107   108.497
 108    44.6186
 109    33.906
 110    17.8986
 111     1.87887
 112    34.7491
 113    35.1844
 114     8.04546
 115    45.617
 116     1.42618
 117     0
 118     1.32978
 119     1.9614
 120     1.66708
 121    24.4688
 122     0.07983
 123     2.57402
 124     1.72157
 125     0
 126     0.82672
 127     1.38084
 128     0.19091
 129     0
 130     0.94866
 131     1.78776
 132    16.1526
 133    14.7871
 134     8.06309
 135     0
 136    34.4438
 137     2.65764
 138    20.1676
 139    45.894
 140    43.8845
 141     0
 142     3.07566
 143     7.71272
 144   177.199
 145   191.226
 146   199.705
 147   191.176
 148   102.227
 149   148.076
 150    29.3794
 151    18.1481
 152  1597.51
 153  1865.23
 154  1543.53
 155  1195.47
 156   870.523
 157   647.943
 158   245.882
 159    43.2306
 160  3855.99
 161  4182.98
 162  4089.32
 163  4032.79
 164  3532.34
 165  2295.3
 166  1646.14
 167   764.464
 168   588.746
 169   682.983
 170   419.423
 171   347.244
 172   253.763
 173    87.267
 174    17.717
 175    11.1608
 176    18.3783
 177    30.086
 178     7.88669
 179    24.6211
 180    20.7564
 181     5.88227
 182     2.93109
 183     2.15281
 184     1.09069
 185     0
 186     0
 187     8.28206
 188     5.27316
 189     0
 190     1.3247
 191     0
 192     0.93928
 193     1.69594
 194    13.2031
 195     0.20003
 196     0.64348
 197     0.59806
 198     1.22908
 199     2.01333
 200     9.74211
 201    47.1474
 202    63.323
 203    65.9416
 204     5.41738
 205     5.44965
 206     1.34605
 207     1.43735
 208   640.415
 209   734.829
 210   472.872
 211   446.09
 212   257.258
 213   205.246
 214    73.664
 215    36.5444
 216  4354.61
 217  4470.57
 218  4149.76
 219  3719.52
 220  2929.53
 221  2344.01
 222  1278.65
 223   433.369
 224  6603.23
 225  6546.41
 226  6539.99
 227  6456.52
 228  5598.63
 229  4582.74
 230  2777.62
 231   900.252
 232   815.089
 233   846.342
 234   728.381
 235   538.289
 236   442.384
 237   249.013
 238    88.3794
 239    27.6242
 240    60.3214
 241    40.2605
 242    72.7212
 243    69.2284
 244     2.56916
 245     4.49901
 246    25.1179
 247     1.54327
 248     2.26873
 249     1.6092
 250     0.85388
 251     0.40143
 252     0.79674
 253     2.05178
 254     0.19211
 255     2.34025
 256     0.69321
 257     1.13928
 258     0.88676
 259     0.75903
 260     1.13792
 261     1.29149
 262     1.29148
 263     1.44154
 264    36.3261
 265    80.1752
 266   119.723
 267    98.7254
 268     4.51483
 269     9.38381
 270    11.7275
 271     1.39895
 272   851.776
 273   816.991
 274   700.398
 275   621.274
 276   354.3
 277   192.177
 278   151.393
 279    36.1458
 280  6923.27
 281  7181.78
 282  6946.31
 283  6179.02
 284  5116.52
 285  3964.98
 286  2706.96
 287   921.441
 288  4481.14
 289  4615.91
 290  4224.99
 291  3807.88
 292  3188.28
 293  2313.71
 294  1122.95
 295   351.808
 296   353.463
 297   540.891
 298   568.103
 299   465.302
 300   256.692
 301    96.644
 302    65.2492
 303    16.7884
 304    77.9479
 305    15.4285
 306    32.7274
 307    25.555
 308    15.5454
 309     1.35665
 310     2.08446
 311     0.57611
 312     0.3195
 313     2.52493
 314     1.03879
 315     0
 316     1.22117
 317     1.60461
 318     0.81433
 319     0
 320     0.85168
 321     1.2821
 322     0.0466
 323     1.66142
 324     1.47018
 325     0.84763
 326     0.67087
 327     0.9945
 328    12.2623
 329    37.3196
 330    50.0008
 331   104.115
 332    24.5503
 333     1.28233
 334     0
 335     0.15912
 336   585.121
 337   672.776
 338   749.145
 339   467.125
 340   273.712
 341   144.746
 342    27.6567
 343     4.36455
 344  4090.13
 345  3902.19
 346  3745.73
 347  3525.59
 348  3106.31
 349  2483.82
 350  1582.73
 351   553.414
 352  1426.58
 353  1539.82
 354  1468.05
 355  1299.18
 356  1131.72
 357   649.07
 358   262.28
 359    65.3956
 360   191.469
 361   167.109
 362   172.282
 363   180.323
 364    89.4928
 365    63.0993
 366    26.5047
 367     2.63135
 368     1.40862
 369     3.82994
 370     1.78981
 371     3.57221
 372    44.5029
 373    24.6148
 374     1.00902
 375     1.31237
 376     0
 377     0.80842
 378     0
 379     2.10449
 380     1.98696
 381     0.34001
 382     0.52155
 383     1.10452
 384     0.74562
 385     0.78987
 386     0
 387     0.49499
 388     0.64907
 389     0
 390    14.2372
 391     8.79253
 392     1.56775
 393    26.582
 394    14.8939
 395    19.3983
 396     0.33156
 397     1.79702
 398    23.5104
 399    18.9102
 400   110.585
 401   170.059
 402   142.755
 403    73.1517
 404    97.9507
 405    67.907
 406    12.1396
 407    11.9584
 408   324.807
 409   332.705
 410   265.125
 411   231.962
 412   225.175
 413    70.7209
 414    27.251
 415     5.57541
 416   238.286
 417   257.489
 418   170.535
 419   159.849
 420    81.2774
 421    74.4859
 422    21.2166
 423     1.50775
 424     4.27944
 425    18.1945
 426    67.15
 427    21.8607
 428    14.8195
 429    27.5334
 430     2.36837
 431     1.12218
 432     1.04582
 433     1.41127
 434     0.74601
 435     1.00448
 436     0.97711
 437    13.0913
 438     0.95738
 439     0.46176
 440     0
 441     0
 442     0.74308
 443     1.32183
 444     0.87996
 445     0
 446     0
 447     0
 448     0.74562
 449     0
 450     1.58899
 451     0.60577
 452     0
 453     1.92729
 454     0.21739
 455     0.48031
 456     0.70061
 457     0.85429
 458     1.31798
 459     0
 460     0.27705
 461     4.08808
 462     0
 463     0
 464     0.82598
 465     0
 466     0
 467    15.2243
 468    15.9967
 469     3.51458
 470     1.47531
 471     0.32419
 472    36.8445
 473    15.5325
 474     5.7439
 475    30.7303
 476    24.4769
 477     4.75467
 478     4.05019
 479     0
 480    17.7729
 481    22.649
 482    15.1465
 483    10.7006
 484    16.5652
 485     0.73427
 486     1.72708
 487     3.38934
 488     1.96229
 489     7.01459
 490     2.31065
 491     4.49078
 492     3.82347
 493    12.9816
 494     5.6489
 495     4.31257
 496     1.36208
 497     0.11673
 498     0
 499     3.12514
 500     1.48925
 501     1.53073
 502     0
 503     0.57729
 504     0
 505     0.46347
 506     0.71142
 507     0.18559
 508     0
 509     0.5513
 510     0
 511     1.11967
