This file was gnenerated on 2021-06-22 22:11:20.348302 by Grant Finneman. This contains the extracted data from the Gate simulations
The edep for each bar was summed up and printed to this file. The only math operation done has been addition.

  id        edep
   0     0.621
   1     0.59687
   2     0.10192
   3     0.97219
   4     0
   5     0.64602
   6     0.37108
   7     0
   8     3.0828
   9     0
  10     0
  11     1.1491
  12     1.83788
  13     0
  14     0
  15     0.73831
  16     0.14233
  17     1.69419
  18     0
  19     0
  20     0.08601
  21     0.28559
  22     0.90872
  23     0.95658
  24     0
  25     2.04587
  26     1.28894
  27     2.06031
  28    10.4327
  29    17.1595
  30     1.70898
  31     0.09903
  32     3.97152
  33     0.01286
  34     2.91136
  35     2.65289
  36    16.3687
  37     0.69236
  38     3.6317
  39     1.6896
  40     1.04117
  41     1.88551
  42     0.8824
  43    25.3809
  44     0
  45     4.83705
  46     3.20996
  47     1.53456
  48     0
  49     0.97172
  50     0.71267
  51     1.76349
  52     1.72732
  53     0.77607
  54     0.46877
  55     0
  56     0
  57     1.02209
  58     0
  59     0
  60     7.96537
  61    10.4808
  62     0.81074
  63     0
  64     1.31444
  65     0.76853
  66     0
  67     1.87614
  68     2.98616
  69     0
  70     0.93539
  71     0
  72     0.20624
  73     0
  74     2.84804
  75     3.02305
  76     0
  77     0
  78     0.11832
  79     0.51919
  80     2.37972
  81     2.22099
  82     0.23771
  83     6.21515
  84     0.82554
  85    23.4443
  86    13.4552
  87     0.53611
  88    68.2549
  89    45.9652
  90    51.9054
  91    62.7168
  92    44.2736
  93     0.97104
  94     0
  95     3.17868
  96    33.8675
  97    76.1616
  98   103.566
  99    58.9132
 100    34.3937
 101    11.4028
 102    38.2978
 103    40.104
 104     8.51084
 105    23.2892
 106     0.84235
 107    71.0722
 108    16.8568
 109    53.9184
 110     0.35296
 111     3.768
 112     1.62862
 113     0.94431
 114     0.92487
 115     2.10709
 116     0.77843
 117     2.57006
 118     1.34367
 119     4.61153
 120     0
 121     2.13171
 122     0.67829
 123     0
 124     0
 125     6.42474
 126     6.50522
 127     1.67692
 128     0
 129     1.31208
 130     2.60691
 131     1.58478
 132     0.93539
 133     2.35033
 134     0.56224
 135     0.70802
 136    38.6852
 137     0.77707
 138    27.0989
 139    23.2213
 140    47.7211
 141     0.64242
 142     1.43429
 143     0.11969
 144   193.501
 145   219.304
 146   265.434
 147   108.917
 148    87.3832
 149    58.3003
 150    10.2605
 151    16.0462
 152   671.19
 153   675.255
 154   663.767
 155   620.571
 156   364.126
 157   278.335
 158    45.786
 159    17.9123
 160  1066.99
 161  1122.98
 162   963.577
 163   816.247
 164   446.303
 165   356.24
 166   113.911
 167    23.7819
 168   215.728
 169   313.736
 170   384.556
 171   279.188
 172   142.08
 173    94.9588
 174    41.4291
 175     1.86161
 176    19.2222
 177    40.0924
 178    14.6698
 179     2.44206
 180     0.98676
 181     0.91063
 182     2.33441
 183     1.61909
 184     1.40527
 185     0
 186     0.56298
 187     0.1289
 188     0.37167
 189     3.15926
 190     3.1865
 191     0.99424
 192     0.93846
 193     0.58036
 194     0.94631
 195     1.33904
 196     0.58604
 197     0.77154
 198     0.89955
 199     1.5961
 200   106.621
 201    70.1425
 202    59.902
 203    46.3019
 204    53.8137
 205    14.8152
 206     4.94625
 207     2.02103
 208   923.811
 209   924.701
 210   963.829
 211   939.308
 212   520.497
 213   270.808
 214    96.7672
 215     6.40454
 216  6372.09
 217  6510.32
 218  6386.29
 219  5438.14
 220  4711.16
 221  3202.62
 222  2156.14
 223   769.773
 224  8287.77
 225  8740.95
 226  8094.22
 227  7505.68
 228  6337.07
 229  4997.15
 230  3207.62
 231  1437.62
 232  1113.36
 233  1057.59
 234   931.799
 235   848.986
 236   780.178
 237   378.522
 238   159.823
 239    71.1252
 240    68.6806
 241   132.602
 242    98.6538
 243    31.6766
 244    60.2903
 245    39.8484
 246    27.0174
 247    15.3908
 248     2.57812
 249     2.23793
 250     2.65325
 251     0
 252     1.86089
 253    19.547
 254     8.52177
 255     0.92028
 256    22.2362
 257    17.5497
 258    22.3819
 259    36.9272
 260    11.0631
 261     8.43769
 262    10.4568
 263     6.43267
 264    78.0535
 265   121.232
 266   125.118
 267    81.1999
 268    85.5595
 269    26.8468
 270     2.60551
 271    21.3751
 272  1021.05
 273  1020.27
 274   989.321
 275   917.862
 276   823.287
 277   350.119
 278   154.869
 279    65.405
 280  8188.72
 281  8081
 282  7706.98
 283  7708.57
 284  6024.66
 285  4811.77
 286  3195.16
 287  1283.17
 288  6648.93
 289  6788.71
 290  6275.48
 291  5655.38
 292  4912.01
 293  3651.21
 294  2175.66
 295   789.789
 296  1102.47
 297  1329.03
 298  1260.15
 299   650.043
 300   575.423
 301   310.217
 302    98.2846
 303    47.4637
 304   107.283
 305    91.3013
 306    86.2652
 307    52.8688
 308    31.8469
 309    15.7142
 310     1.35525
 311     0.00474
 312     3.71124
 313     0.88644
 314     0.56541
 315     1.83576
 316     2.02099
 317     0.70785
 318     2.53523
 319     0.74419
 320     0.75419
 321     0
 322     0.01656
 323     1.60832
 324     2.52954
 325    26.7924
 326     0
 327     4.65146
 328    36.5311
 329    43.0225
 330    13.8385
 331    20.2809
 332    18.6493
 333    13.0147
 334     8.38388
 335     9.01771
 336   278.453
 337   278.723
 338   349.149
 339   240.059
 340   147.445
 341    88.7726
 342    26.2516
 343    13.2168
 344   886.533
 345   825.056
 346  1003.41
 347   877.449
 348   488.749
 349   179.059
 350   103.18
 351    68.4275
 352   780.031
 353   784.856
 354   777.926
 355   600.624
 356   376.006
 357   181.261
 358   105.194
 359    27.066
 360   282.264
 361   348.033
 362   189.789
 363   150.242
 364    43.6336
 365    76.7744
 366   122
 367     2.55028
 368    62.6008
 369    20.2307
 370     3.57224
 371    22.5488
 372     8.98103
 373    17.8144
 374    13.2428
 375     4.61803
 376     0.94492
 377     1.75618
 378     0.95554
 379     1.51086
 380     0.04949
 381     0.54358
 382     1.2711
 383     1.82848
 384     0
 385     0.15727
 386     0
 387     0.03634
 388     1.08088
 389     9.60157
 390    13.9659
 391     6.47264
 392     1.34365
 393     1.4835
 394     2.34732
 395    19.2895
 396     5.57084
 397     0.09961
 398     1.42572
 399     0
 400    24.8025
 401     1.4257
 402    25.7341
 403    16.4911
 404    21.7054
 405     1.19863
 406     1.34948
 407     6.28276
 408   100.751
 409   103.201
 410   115.502
 411    81.1297
 412    35.7859
 413    11.9663
 414     0.84329
 415    17.6426
 416    29.353
 417    63.7612
 418    68.0315
 419    41.4173
 420    43.0082
 421     8.32667
 422     0
 423     1.23256
 424     7.38578
 425    24.0062
 426    20.4405
 427     7.02961
 428    17.9239
 429     1.17725
 430     0
 431     0.26889
 432    16.9266
 433     0.59412
 434     0.80669
 435     1.8731
 436     3.26733
 437     1.00571
 438     0.10753
 439     1.28214
 440     0.80669
 441     0
 442     1.07026
 443     0
 444     0
 445     0.23826
 446     0.95543
 447     0.55463
 448     0
 449     1.06712
 450     0
 451     0.20607
 452     0
 453     0.11414
 454     0.25677
 455     0.22735
 456     0
 457     0
 458     1.4444
 459     0.45741
 460     0.24398
 461     1.55943
 462     1.38557
 463     1.33521
 464     2.1758
 465     0.87828
 466     0.67994
 467     1.3762
 468     0
 469     1.17637
 470     2.11199
 471     0.91924
 472     2.12216
 473     5.93141
 474     0.08638
 475     1.49142
 476     0.59044
 477     0
 478     2.46923
 479     0.82543
 480     0.54171
 481     0.87248
 482     1.31175
 483     0
 484     0.7815
 485     2.45682
 486     0
 487     0.92812
 488     2.16954
 489     0
 490     0.95209
 491     4.37022
 492     0
 493     0
 494     1.0297
 495     1.32744
 496     0
 497     0.96189
 498     0
 499     1.11701
 500     0
 501     0.79409
 502     0.86726
 503     0.57524
 504     1.1911
 505     0.54096
 506     0.37466
 507     0
 508    16.9317
 509     0.06285
 510     0.35817
 511     0
