This file was gnenerated on 2021-06-22 22:28:45.987794 by Grant Finneman. This contains the extracted data from the Gate simulations
The edep for each bar was summed up and printed to this file. The only math operation done has been addition.

  id        edep
   0     0
   1     0
   2     0.719
   3     0.71705
   4     0.70268
   5     0.81959
   6     0
   7     1.98134
   8     0
   9     0.10615
  10     2.08037
  11     0.80371
  12     0.88122
  13     0.98099
  14     0
  15     1.66802
  16    18.9773
  17     0.12499
  18     0.82669
  19     2.26041
  20     0
  21     0.28761
  22     0.39137
  23     1.03559
  24     0.08882
  25     2.87749
  26     0.91698
  27     1.91373
  28     5.20752
  29     3.28272
  30     0.22613
  31     1.99842
  32     0.14003
  33     1.35166
  34     0
  35     0.79768
  36    12.037
  37     0.78699
  38     0.88239
  39     0
  40     0.70079
  41     1.327
  42     0.87706
  43     1.83325
  44     0.12767
  45     0.73885
  46     4.47921
  47     5.75049
  48     0
  49     1.3172
  50     1.01032
  51     0.71434
  52     2.27573
  53     1.26984
  54     0.7887
  55     0.33041
  56     0
  57     1.88589
  58     0
  59     0.04009
  60     1.60482
  61     0
  62     0
  63     0
  64     0.77728
  65     0.8517
  66     1.85416
  67     9.34783
  68     0.97294
  69     1.08462
  70     3.58499
  71     5.24835
  72     1.81987
  73    15.3559
  74     4.04218
  75     7.42136
  76     1.5064
  77     1.16903
  78     0.83456
  79     1.7928
  80    98.0165
  81    95.1709
  82   107.554
  83    63.4527
  84    14.5583
  85    14.6173
  86     1.2729
  87     2.82373
  88   111.007
  89   114.03
  90   141.998
  91   116.146
  92    62.7376
  93    45.7507
  94     5.8985
  95     2.57752
  96    13.5746
  97    59.1997
  98    14.4755
  99   124.06
 100    71.3089
 101    35.4985
 102     7.97374
 103     0.67594
 104    19.5006
 105    28.7717
 106    27.6117
 107    40.8705
 108    15.4227
 109     2.17975
 110     0.38263
 111     1.9042
 112     3.42336
 113     1.93167
 114     0
 115     0
 116     0.22753
 117     0
 118     0
 119     2.93762
 120     0.69327
 121     0
 122     0
 123     0.04754
 124     0
 125     0.86587
 126     0.87456
 127     1.21923
 128     0.96614
 129     1.37571
 130     6.68341
 131     0.86061
 132     0.69683
 133     0.98437
 134     1.61832
 135     2.0929
 136    95.3105
 137    83.8533
 138    66.4575
 139    59.5447
 140    24.6472
 141     0.10615
 142     9.40262
 143     0.49465
 144   566.527
 145   588.714
 146   535.84
 147   462.329
 148   189.764
 149   173.162
 150    28.7156
 151     3.52185
 152  1292.16
 153  1302.89
 154  1181.45
 155  1103.83
 156   723.775
 157   361.862
 158   211.827
 159    39.8045
 160   739.538
 161   598.517
 162   495.975
 163   650.216
 164   402.778
 165   248.607
 166    53.8772
 167    27.9693
 168    66.4686
 169   190.591
 170   187.417
 171   157.128
 172   161.6
 173    87.0342
 174    45.2452
 175     0.15563
 176    17.172
 177    19.5003
 178    49.9707
 179    16.3298
 180    39.2393
 181     0.90774
 182     1.32951
 183    18.6556
 184     0.30622
 185     0.48208
 186     0.8077
 187     3.27516
 188     0.2057
 189     1.9224
 190     0
 191     1.31769
 192    14.8276
 193     1.70621
 194    26.1694
 195     2.38066
 196     2.7778
 197     0.51634
 198     1.16352
 199     0
 200   164.054
 201   316.665
 202   238.161
 203   230.814
 204   120.21
 205    67.6551
 206    47.9513
 207     7.63796
 208  2208.08
 209  2186.04
 210  2379.6
 211  2119.24
 212  1793.34
 213  1400.65
 214   681.745
 215   255.887
 216  8043.01
 217  8180.3
 218  7666.4
 219  7108.1
 220  6550.4
 221  5378.97
 222  3295.43
 223  1094.22
 224  4682.29
 225  5176.82
 226  4962.09
 227  4318.51
 228  3437.42
 229  2484.15
 230  1634.89
 231   654.034
 232  1089.17
 233  1281.91
 234   925.606
 235   764.864
 236   791.019
 237   529.468
 238   175.385
 239    28.704
 240    98.8119
 241   150.46
 242   118.254
 243    85.2391
 244    44.5458
 245    26.9413
 246    27.2067
 247     8.69987
 248     0.52008
 249     0.65285
 250     1.94075
 251     1.55954
 252     1.39446
 253     1.98323
 254    15.5211
 255    21.1618
 256    10.2721
 257     9.28304
 258     2.7417
 259     8.85133
 260     1.807
 261     0.58451
 262     1.64463
 263     1.7443
 264    96.4362
 265   247.516
 266   135.283
 267    78.6007
 268    19.0153
 269    16.3969
 270     0.46536
 271     3.67052
 272  1061.25
 273  1082.26
 274  1223.28
 275   886.32
 276   765.28
 277   347.737
 278    97.3068
 279    44.1756
 280  4700.46
 281  4797.95
 282  4127.62
 283  3883.09
 284  3430.77
 285  2409.76
 286  1465.62
 287   474.712
 288  7962.08
 289  8222.72
 290  7497.28
 291  7062.95
 292  6067.53
 293  5250.43
 294  3564.15
 295  1502.88
 296  2378.36
 297  2477.6
 298  2394.41
 299  2018.2
 300  1614.71
 301  1388.25
 302   778.163
 303   277.096
 304   214.951
 305   164.514
 306   169.269
 307   158.54
 308    56.4975
 309    26.093
 310    30.1528
 311     3.07372
 312     0.9324
 313    13.8823
 314    27.2168
 315     0
 316     1.16379
 317     1.53316
 318     0.78206
 319     0.81086
 320     0
 321     0.8717
 322     3.76418
 323     0
 324     1.10948
 325     1.89496
 326     0.52454
 327     2.16832
 328    57.1621
 329    29.1263
 330    53.1831
 331     2.92602
 332    39.2245
 333    12.0288
 334     9.1763
 335     4.15131
 336   166.959
 337   136.298
 338   206.027
 339   149.748
 340   100.756
 341    43.0159
 342    41.5453
 343    15.7876
 344   680.461
 345   856.65
 346   793.309
 347   512.453
 348   250.273
 349   107.258
 350    96.3583
 351     3.76996
 352  1284.8
 353  1489.59
 354  1301.83
 355  1041.97
 356   926.662
 357   523.514
 358   253.001
 359    39.9324
 360   547.389
 361   599.074
 362   526.343
 363   387.822
 364   361.191
 365   174.741
 366   135.088
 367    21.9624
 368    45.7532
 369    92.5376
 370    83.1193
 371    77.7219
 372    72.1548
 373    15.199
 374    20.5271
 375     1.28024
 376     1.62209
 377     6.44374
 378     9.96906
 379     0.60427
 380     0
 381     3.41838
 382     0
 383     0
 384     0.66904
 385     1.36789
 386     0
 387     1.35703
 388     1.29568
 389     7.09995
 390     8.39085
 391     8.07524
 392     0
 393     0.57096
 394    32.4124
 395    13.7645
 396     4.89865
 397     2.08192
 398     0.66486
 399     0
 400     2.77411
 401     2.49835
 402     9.08229
 403    16.4143
 404     5.89534
 405     2.33127
 406    33.7249
 407    26.4603
 408    30.11
 409    75.7835
 410   101.619
 411    28.1066
 412     8.77332
 413    23.7552
 414    15.5871
 415     2.1256
 416   125.174
 417   203.981
 418   188.374
 419    81.6781
 420    86.3312
 421    90.31
 422    20.8004
 423     7.53501
 424    61.1486
 425    41.8361
 426    51.968
 427    47.8796
 428    30.9306
 429     6.5424
 430     0.26488
 431     1.0693
 432     0.45608
 433     2.3716
 434     1.85682
 435     2.77118
 436     1.16938
 437    40.3631
 438     0.77091
 439     1.1019
 440     0.83873
 441     1.38112
 442     1.44097
 443     1.75081
 444     0
 445     0.35654
 446     0.41359
 447     1.05556
 448     1.25731
 449     1.1099
 450     0.05513
 451     0.59823
 452     0.45275
 453    18.0535
 454     8.39278
 455     2.94072
 456     0.22192
 457     2.10573
 458     0
 459     2.04869
 460     0
 461    19.5129
 462     1.58999
 463     6.51241
 464     1.54986
 465     1.43217
 466     0.89657
 467     2.08146
 468     0
 469     1.93944
 470     1.4969
 471     0
 472     1.01221
 473     0.4859
 474     0.86761
 475     0
 476     0.06811
 477     1.84934
 478     0.99206
 479     1.17086
 480     3.68413
 481     2.79277
 482     0.62526
 483     1.96186
 484     2.22594
 485     1.43444
 486     1.73716
 487     4.75239
 488     1.29573
 489     0
 490     1.36075
 491     2.45826
 492     0
 493     0.93842
 494     0
 495     8.41653
 496     0.56362
 497     0
 498     0.29731
 499     0.69944
 500     0
 501     1.53668
 502     0
 503     0.32013
 504     0
 505     0
 506     0
 507     0.33293
 508     0.49557
 509     0.8285
 510     0
 511     0
