This file was gnenerated on 2021-06-23 10:35:10.457598 by Grant Finneman. This contains the extracted data from the Gate simulations
The edep for each bar was summed up and printed to this file. The only math operation done has been addition.

  id        edep
   0     0.46388
   1     0
   2    24.1937
   3     5.04104
   4     1.38749
   5     0.56797
   6     0
   7     0
   8     1.24896
   9    21.1421
  10    58.1941
  11    13.6111
  12     0.07806
  13     0
  14     0.82255
  15     0
  16    21.5536
  17     5.96773
  18     0.86531
  19     0.91364
  20     2.61467
  21     2.85321
  22     5.45675
  23     4.6341
  24    21.5136
  25     6.26721
  26     6.82827
  27     0.08059
  28     3.5388
  29     0.86407
  30     0.14141
  31     0.61839
  32     0
  33     2.14399
  34     1.15912
  35     1.19985
  36     1.77722
  37     0
  38    14.3253
  39     0.66332
  40     0
  41     0.63543
  42     2.48843
  43     2.02884
  44     0.71011
  45     0.89186
  46     1.6907
  47     0.85205
  48     0.90495
  49     0.44493
  50     0
  51     0.27158
  52     0
  53     1.43812
  54     1.75764
  55     0.55854
  56     0.97659
  57     0
  58     0
  59     0.26567
  60     0
  61     0.83097
  62     0
  63     0
  64    23.6726
  65    31.8795
  66    22.7381
  67    32.4079
  68    15.6234
  69     1.49334
  70     1.59336
  71     0.41257
  72   107.5
  73   166.885
  74   189.896
  75   129.098
  76    57.3768
  77    22.0412
  78     6.387
  79     2.90048
  80   253.507
  81   312.251
  82   211.282
  83   135.897
  84   109.756
  85    45.3298
  86    20.6909
  87    20.1302
  88   159.97
  89   260.771
  90   137.156
  91   131.808
  92    99.3689
  93    28.5657
  94    11.1282
  95     0.55177
  96    18.8033
  97    92.4724
  98    31.6572
  99    29.705
 100    61.0674
 101     0.31979
 102     6.13169
 103     8.55295
 104     0
 105    36.207
 106     1.80323
 107     2.02188
 108     0.96602
 109     0.07534
 110     0.72503
 111     1.7333
 112     0.33097
 113     1.39787
 114     1.26004
 115     0.52618
 116     0.91277
 117     0.08194
 118     0.73956
 119     0
 120     0
 121     0.48748
 122     0.88175
 123     0.59732
 124     0
 125     0
 126     0.73956
 127     0
 128    19.9593
 129    58.3973
 130    88.5068
 131    46.389
 132    51.2886
 133    36.6773
 134     2.51479
 135     0.86627
 136  1013.9
 137  1021.67
 138  1004.09
 139   738.355
 140   689.319
 141   516.446
 142   302.886
 143   138.533
 144  2188.29
 145  2282.02
 146  2472.69
 147  1943.43
 148  1817.16
 149  1437.38
 150   985.08
 151   449.932
 152   975.34
 153  1408.07
 154  1220.79
 155   944.402
 156   774.866
 157   436.873
 158   259.682
 159    55.0976
 160   420.786
 161   454.289
 162   282.171
 163   205.485
 164   247.753
 165   141.261
 166    26.6537
 167    27.2105
 168   173.946
 169   112.454
 170    93.2658
 171    76.9597
 172    44.6967
 173     8.74376
 174     6.3155
 175     1.34478
 176    50.4972
 177    12.6105
 178     1.05293
 179    15.4574
 180    10.3924
 181     2.64455
 182     1.51524
 183     1.91844
 184     0.07374
 185     0.43693
 186    18.8224
 187    20.6943
 188     0.72711
 189     0.44894
 190     1.53274
 191     0.65665
 192   141.77
 193   141.26
 194   125.958
 195    73.9519
 196    53.2659
 197    12.0827
 198     0.37995
 199     0.60197
 200  1131.26
 201  1015.23
 202  1410.62
 203  1109.86
 204   825.485
 205   512.989
 206   331.407
 207   143.686
 208  4079.11
 209  3898.53
 210  4046.8
 211  3892.4
 212  3343.85
 213  2397.58
 214  1497.3
 215   650.068
 216  4983.87
 217  4989.44
 218  4413.49
 219  4204.56
 220  3512.45
 221  2859.98
 222  1972.91
 223   800.856
 224  2425.2
 225  2369.19
 226  2412.27
 227  1773.08
 228  1517.28
 229  1218.44
 230   867.969
 231   286.536
 232   788.929
 233   789.019
 234   688.434
 235   486.347
 236   292.44
 237   283.871
 238    87.8062
 239    20.9969
 240   234.74
 241   309.352
 242   284.019
 243   183.283
 244   102.143
 245    44.2527
 246    25.7462
 247     2.15064
 248    38.6014
 249    48.7371
 250    39.4455
 251    34.7028
 252    15.5794
 253     9.00788
 254     0
 255     0.46821
 256    55.8796
 257    42.0195
 258    44.3394
 259     8.35326
 260    30.9605
 261    28.8192
 262     0
 263     1.42569
 264   162.526
 265   222.285
 266   211.189
 267   178.553
 268    50.477
 269    65.7333
 270    29.5505
 271     3.45836
 272   907.956
 273  1041.3
 274   910.672
 275   746.985
 276   461.987
 277   242.737
 278    77.0761
 279    51.3796
 280  2700.46
 281  2753.39
 282  2336.73
 283  2132.57
 284  1732.38
 285  1084.38
 286   699.675
 287   214.581
 288  4794.06
 289  5008.92
 290  4578.2
 291  4325.35
 292  3744.7
 293  2652.58
 294  1758.97
 295   731.933
 296  3864.67
 297  4144.13
 298  4224.59
 299  3583.74
 300  2792.47
 301  2115.2
 302  1344.12
 303   573.116
 304  1150.88
 305  1134.64
 306   993.493
 307  1021.15
 308   838.659
 309   404.047
 310   266.184
 311   161.611
 312   126.811
 313   130.59
 314    76.3898
 315    19.433
 316    55.094
 317    38.8799
 318    14.9705
 319     1.16243
 320     1.1964
 321     2.27469
 322     1.01577
 323     4.37564
 324     0.9047
 325     0
 326     0.74924
 327     0
 328    10.6041
 329    31.0811
 330    19.0619
 331    24.3248
 332    13.5402
 333     0
 334     0.65561
 335     0.86251
 336   123.457
 337   107.021
 338   120.516
 339    81.0252
 340    45.7982
 341    24.6683
 342     6.23333
 343     0.44664
 344   464.48
 345   517.137
 346   393.966
 347   244.709
 348   191.308
 349    41.5177
 350    47.6526
 351    19.8057
 352  1120.74
 353  1178.01
 354  1108.22
 355   948.412
 356   631.822
 357   310.272
 358   215.83
 359    59.9496
 360  2662.91
 361  2901.34
 362  2536.65
 363  2234.49
 364  1723.93
 365  1456.7
 366   902.974
 367   316.076
 368   907.742
 369  1138.4
 370   981.327
 371   884.365
 372   681.527
 373   560.297
 374   407.609
 375   151.194
 376    98.7958
 377   126.383
 378   102.681
 379    72.7341
 380    37.3929
 381    60.1861
 382    17.1747
 383     0.58848
 384     0
 385     0.44713
 386     0.20988
 387     2.75511
 388     0
 389     0.85916
 390     0
 391     0
 392     0
 393     1.36983
 394    15.8561
 395    17.0913
 396     0.54788
 397     4.55286
 398     6.7404
 399     4.37946
 400    15.9429
 401    35.7157
 402    22.5955
 403    21.116
 404    21.5209
 405    17.1398
 406     4.1265
 407     9.06636
 408    55.888
 409    39.2775
 410    54.1054
 411    10.6811
 412    27.6326
 413     7.59279
 414     1.10678
 415     0.89098
 416    71.5676
 417   174.639
 418   192.416
 419    34.1383
 420   120.781
 421    18.188
 422     0.48794
 423     2.30181
 424   287.484
 425   321.556
 426   322.152
 427   162.52
 428    72.8149
 429    31.2604
 430     0.6695
 431     0
 432   226.401
 433   122.417
 434   107.291
 435    52.9752
 436    23.6167
 437    13.436
 438     5.37688
 439     0.09231
 440    11.5501
 441     3.61771
 442    13.9541
 443     0.07048
 444     2.00605
 445    11.2426
 446     1.02715
 447     0
 448     0.2198
 449     0
 450     0.73305
 451     0.189
 452     0.69402
 453     0.23434
 454     0
 455     0.13082
 456     2.51739
 457     1.63879
 458     0
 459     1.47553
 460     0.65053
 461     0.27188
 462     0
 463     0.75468
 464     0.18141
 465     3.81322
 466     1.6907
 467     0.84537
 468     0
 469     0.45246
 470     1.05364
 471    11.7038
 472     0.63092
 473     0.9795
 474     0
 475     1.3534
 476     1.87107
 477     0.2917
 478     3.6036
 479     0.89808
 480     2.39443
 481     1.67595
 482     0.55833
 483     1.6859
 484     2.7947
 485     0.79435
 486     0.20664
 487     1.16786
 488     9.9133
 489    13.6813
 490    17.3955
 491    26.2984
 492     3.23123
 493     0.43034
 494     0.04317
 495     0
 496     3.81932
 497     0.9679
 498    17.6242
 499     1.40994
 500     0.77271
 501     0.08631
 502     0.63102
 503     1.82358
 504     2.08575
 505     3.49379
 506     0.10776
 507     3.51974
 508     2.65006
 509     1.05522
 510     0.09608
 511     0
