This file was gnenerated on 2021-06-23 10:16:57.405252 by Grant Finneman. This contains the extracted data from the Gate simulations
The edep for each bar was summed up and printed to this file. The only math operation done has been addition.

  id        edep
   0     0.5197
   1     0.92028
   2     0.85851
   3     0
   4     0
   5     0
   6     0
   7     1.1817
   8     1.5002
   9     0.85477
  10     6.17682
  11     2.70617
  12     4.40968
  13     0
  14     1.45777
  15     2.16825
  16    14.7443
  17     8.8212
  18     2.23054
  19     0.6571
  20     1.23671
  21     5.81544
  22     3.94173
  23     0.98041
  24    23.7802
  25     0
  26     2.4045
  27     3.18597
  28     2.69354
  29     5.94829
  30     5.51085
  31     3.44314
  32    13.1074
  33    72.2567
  34    25.122
  35    17.5231
  36     4.04125
  37     2.11504
  38     2.40749
  39     1.38039
  40    74.2621
  41    73.4647
  42    40.4781
  43    45.4926
  44    12.6758
  45     3.61904
  46     1.65016
  47     0.81969
  48    15.5583
  49    14.2721
  50     8.00545
  51     9.39448
  52     1.9866
  53     1.16449
  54     1.22138
  55     0
  56     0.75472
  57     0.51131
  58     0.29039
  59     0
  60     0.73009
  61     0
  62     0.92206
  63     0
  64     7.3691
  65     1.31765
  66     0.13578
  67     0.9314
  68     0.09819
  69     0.83156
  70     6.45792
  71     0.80377
  72     0
  73     0.35378
  74    45.1624
  75    35.0064
  76     1.70916
  77    31.2719
  78    28.5693
  79     5.2836
  80    68.6922
  81    85.2753
  82    44.3695
  83    71.1289
  84    56.3759
  85     2.35249
  86     0.74555
  87     0.7702
  88    91.4771
  89   246.221
  90   227.066
  91   205.888
  92    80.9931
  93    45.9084
  94    47.108
  95     1.8925
  96   448.347
  97   603.484
  98   598.416
  99   484.619
 100   343.006
 101   264.86
 102   110.781
 103    24.8979
 104   591.398
 105   588.587
 106   467.659
 107   353.107
 108   240.303
 109   189.631
 110   105.743
 111    31.8415
 112   101.375
 113   113.567
 114    98.5703
 115    25.0103
 116     9.41727
 117    46.2033
 118    28.9004
 119     0.34181
 120     0.93203
 121     5.92588
 122    12.3002
 123     0.27277
 124     0
 125    15.5407
 126     2.2448
 127     0
 128     6.21731
 129     2.76404
 130    18.0843
 131    33.387
 132    56.1596
 133     0.84519
 134     0.73114
 135     0.05723
 136   129.677
 137   126.609
 138   188.223
 139   149.104
 140    96.4275
 141    70.1998
 142    10.0547
 143     0.01804
 144   388.902
 145   504.847
 146   431.023
 147   536.747
 148   248.92
 149   172.249
 150    57.7262
 151    32.6303
 152  1110.16
 153  1464.85
 154  1342.85
 155  1288.91
 156  1024.77
 157   710.44
 158   451.989
 159   138.097
 160  2155.45
 161  2158.92
 162  2011.79
 163  1914.81
 164  1492.77
 165  1156.39
 166   767.135
 167   318.585
 168  1792.47
 169  1520.44
 170  1609.36
 171  1666.86
 172  1303.15
 173  1133.19
 174   615.859
 175   317.814
 176   359.881
 177   387.703
 178   298.727
 179   228.026
 180   243.967
 181   141.221
 182    61.8335
 183    33.0499
 184     7.3395
 185    67.5054
 186    27.0506
 187    18.8783
 188    31.5428
 189    10.6598
 190     0.30528
 191     1.30742
 192    92.8871
 193    62.0664
 194   133.939
 195    17.8947
 196    24.1382
 197    13.3971
 198    35.8353
 199     1.42492
 200   723.657
 201   660.747
 202   596.592
 203   549.442
 204   568.188
 205   341.996
 206   212.982
 207    83.2687
 208  1993.98
 209  2154.59
 210  2009.83
 211  1823.49
 212  1528.67
 213  1223.46
 214   735.297
 215   238.919
 216  2415.18
 217  2532.8
 218  2552.12
 219  2479.26
 220  2138.69
 221  1505.16
 222   927.357
 223   368.416
 224  2657.37
 225  2901.9
 226  2734.65
 227  2390.21
 228  1987.55
 229  1377.15
 230   769.232
 231   324.869
 232  2381.85
 233  2381.12
 234  2594.74
 235  2233.25
 236  1671.4
 237  1455.92
 238   866.316
 239   357.267
 240   922.866
 241   987.597
 242   924.295
 243   720.771
 244   540.596
 245   497.198
 246   278.788
 247   137.033
 248    95.365
 249    73.0738
 250    82.6907
 251    67.5234
 252    36.2861
 253    23.9854
 254     0.79504
 255     2.53575
 256    80.6396
 257   167.597
 258   171.964
 259   100.399
 260    48.5659
 261    21.3713
 262    39.7707
 263     2.15101
 264  1040.56
 265  1125.1
 266   922.887
 267   860.188
 268   802.399
 269   484.776
 270   232.914
 271    81.1004
 272  2354.27
 273  2464.7
 274  2352.02
 275  1905.53
 276  1879.58
 277  1366.63
 278   663.665
 279   235.869
 280  2705.46
 281  2816.49
 282  2744.69
 283  2344.45
 284  2021.12
 285  1517.41
 286   870.135
 287   423.949
 288  2508.57
 289  2651.21
 290  2637.5
 291  2466.33
 292  1919.59
 293  1532.21
 294   877.874
 295   440.863
 296  1941.91
 297  1988.85
 298  1740.2
 299  1737.33
 300  1454.05
 301   962.274
 302   702.755
 303   346.289
 304   705.475
 305   775.841
 306   487.2
 307   547.487
 308   424.604
 309   382.445
 310   158.966
 311    44.4722
 312    82.4977
 313    66.919
 314    42.9244
 315    63.3129
 316    55.2726
 317    31.8854
 318    20.22
 319     0.3909
 320    21.2123
 321    47.8043
 322    29.1212
 323    20.665
 324    34.1532
 325     2.44188
 326     1.10948
 327     0.58209
 328   325.487
 329   401.235
 330   250.488
 331   133.384
 332   107.451
 333   100.037
 334    30.778
 335    11.7565
 336  1665.07
 337  1777.64
 338  1696.85
 339  1505.91
 340  1429.97
 341   967.206
 342   545.404
 343   184.428
 344  2276.95
 345  2252.33
 346  1856.53
 347  1874.17
 348  1729.56
 349  1211.83
 350   773.432
 351   274.689
 352  1378.15
 353  1429.67
 354  1272.33
 355  1245.68
 356  1044.48
 357   885.021
 358   497.027
 359   158.986
 360   488.768
 361   604.316
 362   512.139
 363   474.048
 364   272.545
 365   160.591
 366    69.2916
 367    36.3931
 368   146.854
 369   200.59
 370   177.084
 371   142.97
 372    38.7775
 373    69.3007
 374    21.9024
 375     0.40185
 376    31.1368
 377    27.5264
 378    33.1517
 379    22.5578
 380     5.85196
 381     0.5362
 382     0.4596
 383     1.53273
 384     1.34828
 385     0
 386     3.8453
 387    18.3673
 388    14.0646
 389     0
 390     0.40553
 391     0.96775
 392    87.2151
 393   109.763
 394    75.1303
 395    51.7284
 396    73.8428
 397     1.80365
 398     1.32891
 399     0.03821
 400   453.663
 401   391.561
 402   469.111
 403   446.605
 404   326.45
 405   254.743
 406    80.533
 407    41.0472
 408   433.418
 409   652.167
 410   617.237
 411   419.109
 412   322.925
 413   256.065
 414   112.022
 415    22.8439
 416   133.018
 417   135.013
 418   186.176
 419   242.39
 420    73.1355
 421    80.9662
 422     5.26105
 423     4.35036
 424   137.836
 425    45.1311
 426    45.4965
 427    94.5952
 428    36.4879
 429    12.0913
 430    33.7335
 431    11.1883
 432     0
 433    11.498
 434    46.6262
 435    37.3642
 436    32.9634
 437     8.43805
 438     6.89345
 439    22.1547
 440     0.35283
 441     7.27991
 442     0.05894
 443    11.5896
 444     1.00056
 445     0.91186
 446     0.24443
 447     0.99746
 448     0
 449     0.48765
 450     0
 451     0.90237
 452    15.3259
 453     0
 454     0
 455     0
 456    13.3589
 457     6.65838
 458    11.1
 459    42.6662
 460    30.9159
 461     5.4962
 462     0.26634
 463     0.09407
 464    33.5982
 465    29.5083
 466    51.354
 467   113.97
 468   116.557
 469    19.4566
 470     1.02847
 471     0
 472    30.272
 473    85.2302
 474    33.4133
 475    47.9407
 476    16.975
 477    11.2975
 478     1.10368
 479     3.36422
 480    47.0448
 481    51.8412
 482    39.7633
 483     6.63924
 484     5.19347
 485     8.07924
 486     0
 487     2.78181
 488    27.5082
 489    20.3916
 490    16.3202
 491     2.35959
 492     1.51164
 493     1.53316
 494     0.97633
 495     0
 496     0
 497     2.02978
 498     0
 499    21.8197
 500    19.693
 501     0.44035
 502     1.08488
 503     0
 504     0.53677
 505     1.23195
 506     0.79797
 507     0
 508     0.15323
 509     1.11481
 510     0
 511     0.45295
