This file was gnenerated on 2021-06-22 22:20:27.103803 by Grant Finneman. This contains the extracted data from the Gate simulations
The edep for each bar was summed up and printed to this file. The only math operation done has been addition.

  id        edep
   0     0
   1     0.59467
   2     0.92645
   3     0.64696
   4     2.88044
   5     0.93648
   6     0.64533
   7     0.04344
   8     1.19829
   9     2.54951
  10     0
  11     1.21113
  12     0.05156
  13     1.29886
  14     0
  15     0
  16     1.58202
  17     0
  18     0.5934
  19     0
  20    11.2241
  21     8.72193
  22     1.14347
  23     2.49807
  24    16.2909
  25     1.36822
  26    27.7369
  27    24.6455
  28     3.25894
  29     8.46505
  30     6.61351
  31     6.10547
  32    18.3258
  33     9.12039
  34    10.9208
  35     6.53612
  36     2.01801
  37    23.9023
  38     0.99043
  39     0.81139
  40     0.14064
  41     0
  42    19.5848
  43     1.86049
  44     0
  45     1.86623
  46     0.9988
  47    29.7641
  48    28.658
  49     0
  50     1.2508
  51     0.47182
  52     0.8769
  53     1.9167
  54     1.12567
  55     0.22028
  56     0.58237
  57     1.32055
  58     0.7654
  59     0.85151
  60     0.21329
  61     0
  62     0.57039
  63     2.13346
  64     0
  65     0.86281
  66     0.64533
  67     1.14096
  68     0.82489
  69     0.47684
  70     1.67559
  71     0.79164
  72     1.40343
  73     0.67336
  74     1.924
  75     1.17979
  76     1.09079
  77     1.33704
  78     0.381
  79     1.68606
  80    26.9743
  81    17.3568
  82     4.52112
  83     5.10013
  84     1.63304
  85    20.8222
  86     0.40604
  87     1.09799
  88   117.122
  89   132.206
  90   121.192
  91    87.1262
  92    37.6655
  93     1.78372
  94     0.65405
  95     0.81987
  96   304.751
  97   278.361
  98   267.289
  99   259.458
 100   123.38
 101    94.387
 102    51.0848
 103    13.6658
 104   315.33
 105   410.293
 106   335.115
 107   240.325
 108   193.392
 109   152.32
 110    80.0427
 111    31.0584
 112   108.119
 113   107.966
 114    82.412
 115   104.268
 116    80.841
 117    24.1432
 118     0
 119     4.19828
 120     0.66427
 121     0.57868
 122     0.0762
 123    14.2267
 124     0.06826
 125     0.97331
 126     0
 127     0.56186
 128     0
 129     0.93209
 130     1.35431
 131     1.75502
 132     0.80766
 133     0.78523
 134     0
 135     0.96691
 136    35.6781
 137    24.4219
 138    40.8286
 139    51.0709
 140    27.5431
 141     3.53568
 142     6.99496
 143     1.2382
 144   198.102
 145   158.076
 146   171.814
 147   150.619
 148    73.3738
 149    31.9955
 150    46.0825
 151     1.15386
 152   641.38
 153   638.859
 154   790.437
 155   768.97
 156   345.551
 157   225.179
 158    83.6036
 159    17.9738
 160  2652.38
 161  3018.52
 162  2571.61
 163  2307.78
 164  2032.77
 165  1509.11
 166  1093.52
 167   431.563
 168  2172.86
 169  2410.07
 170  2117.78
 171  1961.99
 172  1592.91
 173  1112.79
 174   656.037
 175   289.843
 176   358.235
 177   342.456
 178   311.673
 179   259.265
 180   147.657
 181    87.8846
 182    79.4224
 183    17.0729
 184    40.6137
 185    67.3288
 186    11.9248
 187    11.725
 188    19.7447
 189     2.96896
 190     0.79255
 191    14.5533
 192    18.8189
 193     0.31246
 194     1.06799
 195     0.47574
 196     2.07962
 197    17.9701
 198     0.54722
 199     0.30479
 200    70.2058
 201   135.429
 202   132.913
 203    42.1772
 204    34.3482
 205     5.42859
 206    13.8176
 207    31.9633
 208   776.766
 209   846.726
 210   624.135
 211   392.991
 212   518.838
 213   236.029
 214    76.355
 215    39.9082
 216  3236.66
 217  3388.47
 218  3152.16
 219  3140.41
 220  2373.69
 221  1495.55
 222  1024.76
 223   396.07
 224  5016.69
 225  5184.8
 226  4765.75
 227  4676.06
 228  3590.38
 229  2540.28
 230  1632.14
 231   657.213
 232  2886.36
 233  2955.57
 234  2769.05
 235  2321.28
 236  2104.52
 237  1606.9
 238   886.866
 239   405.947
 240   365.708
 241   423.66
 242   404.16
 243   410.937
 244   220.384
 245    96.4921
 246    45.6537
 247    22.3909
 248     8.97447
 249    24.3968
 250     2.1975
 251     2.99583
 252    10.1106
 253     1.35133
 254    33.7125
 255    21.0653
 256     7.58456
 257    38.3558
 258     3.13545
 259    35.5614
 260    17.056
 261    57.0719
 262    20.3142
 263    19.2564
 264   312.569
 265   343.493
 266   268.018
 267   373.776
 268   243.253
 269    70.3164
 270    62.5373
 271    49.6346
 272  2394.79
 273  2734.61
 274  2513.62
 275  2464.48
 276  2081.28
 277  1614.43
 278  1018.58
 279   434.129
 280  4675.21
 281  4617.18
 282  4796.46
 283  4109.94
 284  3753.23
 285  2964.14
 286  1791.31
 287   688.164
 288  3307.15
 289  3346.68
 290  3097.7
 291  2974.45
 292  2660.82
 293  1728.69
 294   997.736
 295   369.569
 296   886.224
 297   860.761
 298   637.177
 299   680.119
 300   406.953
 301   216.483
 302   111.777
 303    62.2889
 304   163.001
 305   155.291
 306   238.021
 307   132.117
 308    25.0468
 309    19.1609
 310     7.6062
 311     1.39166
 312     1.89204
 313    40.0635
 314     1.67935
 315     1.81147
 316     4.55555
 317    23.9906
 318     0.89014
 319     2.105
 320     4.27799
 321    11.2714
 322    37.4676
 323    12.2823
 324    33.4364
 325    10.6414
 326     6.46378
 327     6.06231
 328   283.455
 329   326.786
 330   366.623
 331   109.479
 332   143.812
 333    77.9378
 334    70.947
 335    12.5657
 336  2026.78
 337  2090.58
 338  2082.41
 339  1759.74
 340  1531.76
 341  1245.9
 342   661.373
 343   219.861
 344  2891.01
 345  3204.53
 346  3064.9
 347  2399.85
 348  2399.51
 349  1784.35
 350  1084.42
 351   465.486
 352   793.046
 353   953.904
 354   807.128
 355   654.964
 356   565.657
 357   254.925
 358   120.734
 359    23.9102
 360   111.131
 361   152.507
 362   200.739
 363   136.11
 364   141.062
 365    60.792
 366    20.3043
 367     2.20889
 368    14.1378
 369    53.2162
 370    51.2642
 371    32.3326
 372    24.7534
 373     0.11956
 374     0.94753
 375     0.80535
 376     0
 377     1.47528
 378     1.3916
 379     1.46842
 380     0.2618
 381     0.37862
 382     1.49825
 383     0.0991
 384     0.94638
 385     0.7768
 386     7.62187
 387    40.0861
 388     1.36793
 389     3.867
 390     4.77652
 391     0.96
 392    80.6967
 393    99.5608
 394    28.8261
 395    87.2196
 396    58.2813
 397     2.51245
 398    21.6135
 399     0.82844
 400   368.38
 401   388.992
 402   227.691
 403   210.353
 404   113.037
 405    67.545
 406    38.0969
 407     5.05621
 408   436.078
 409   552.081
 410   316.783
 411   292.047
 412   176.651
 413   142.763
 414   108.512
 415     8.4718
 416    96.4975
 417   120.304
 418   175.393
 419    94.8419
 420   109.907
 421    64.1005
 422     5.82426
 423     2.73865
 424    51.2742
 425    20.5136
 426    12.9483
 427    13.1735
 428    42.9628
 429    22.7064
 430     5.64213
 431     2.52361
 432     0.35005
 433     1.96676
 434    23.3218
 435    12.7761
 436     0
 437     3.38718
 438     4.10432
 439     3.24096
 440    11.6483
 441     1.45674
 442     0.22387
 443     0.82715
 444     0.37287
 445     0
 446     0.64727
 447     0
 448     0.8322
 449     0.04372
 450     0.70912
 451     0.70912
 452     0
 453     0.21664
 454     0
 455     0.70961
 456    15.5494
 457     0.95203
 458     0.70417
 459     0.72835
 460     1.96468
 461     0.62054
 462     0.5594
 463     0.5373
 464    43.0592
 465     9.5948
 466    27.3637
 467     0
 468     0
 469     1.21707
 470     1.18486
 471     0
 472    34.6858
 473    16.3018
 474    30.0598
 475     0
 476    11.8959
 477    13.3175
 478    18.0533
 479    18.7708
 480     0
 481     1.61689
 482     1.91266
 483    32.442
 484    42.2839
 485     0.97803
 486     5.52756
 487     0
 488     0
 489     0.95193
 490     0.58245
 491     1.40456
 492     0.86613
 493     0.47707
 494     0
 495    17.5162
 496     0.82819
 497     1.73985
 498     0.50784
 499     0.91416
 500     0.75311
 501     3.42499
 502     1.03019
 503     0.89303
 504    16.6964
 505     0
 506     0.91248
 507     0.54791
 508     5.88466
 509     1.69266
 510     0.79686
 511     1.35049
