This file was gnenerated on 2021-06-22 22:17:07.529165 by Grant Finneman. This contains the extracted data from the Gate simulations
The edep for each bar was summed up and printed to this file. The only math operation done has been addition.

  id        edep
   0     0.43291
   1     0
   2     0.40465
   3     1.60742
   4     0.20546
   5     0.37811
   6     0.75608
   7     0
   8    15.8417
   9     0.41726
  10     0.66476
  11     1.02245
  12     0
  13     0.51311
  14     0
  15     0.38469
  16     5.98967
  17     2.0618
  18     1.10142
  19     1.67036
  20     1.22031
  21     1.81758
  22     1.0297
  23     0.96105
  24     0.09646
  25     0.26007
  26     1.3002
  27     1.41756
  28     1.17165
  29     3.13136
  30     1.77397
  31     2.78075
  32     6.05973
  33     2.03572
  34     0.68253
  35     2.23336
  36     0
  37     0.93376
  38     0
  39     0
  40     0.33436
  41     0
  42    10.8304
  43    10.1725
  44     5.8872
  45     7.33655
  46     4.64913
  47     3.55614
  48     0.98666
  49     0.84626
  50    10.0757
  51     0.85652
  52     3.90393
  53     0.28323
  54     0.69204
  55     0.11277
  56     0
  57     0.8865
  58     0.54148
  59     0
  60     0.37117
  61     0
  62    14.1738
  63     7.87865
  64     2.17626
  65     0.54936
  66     0
  67     0
  68     0
  69     2.05493
  70     0.39134
  71     0
  72     0.24459
  73     0
  74     1.64728
  75     0.67669
  76     2.5878
  77     0.44453
  78     1.38231
  79     2.91885
  80    20.0403
  81     9.51074
  82     7.10088
  83     1.15734
  84     2.3257
  85    13.9083
  86    28.755
  87    20.1196
  88    81.4419
  89   148.357
  90   102.445
  91    68.5574
  92    20.515
  93     2.23569
  94    11.1967
  95     1.12955
  96    73.2321
  97   129.914
  98   114.503
  99   128.22
 100    82.3199
 101    32.9191
 102    12.0598
 103     2.13265
 104    36.9256
 105    27.8113
 106    29.1598
 107    53.4213
 108    14.1037
 109     1.61929
 110     0
 111     1.16078
 112     0.25841
 113     4.74444
 114     1.67409
 115     0
 116     0
 117     0.34309
 118     0.8915
 119     1.61528
 120     2.18029
 121     1.2826
 122     0
 123     0.93376
 124     3.74562
 125     3.86531
 126     1.71707
 127     6.17991
 128     1.3034
 129     1.0917
 130     0
 131     0.12029
 132     0.12029
 133     6.40579
 134    10.2955
 135     5.52594
 136    53.7969
 137    31.1153
 138    15.1673
 139    37.8796
 140    51.9674
 141    30.3602
 142     4.51412
 143     3.15904
 144   304.547
 145   309.353
 146   169.447
 147    90.0052
 148   113.888
 149    69.4833
 150    14.2397
 151     0.4509
 152  1364.55
 153  1169.36
 154   969.207
 155   777.351
 156   588.381
 157   414.926
 158   238.463
 159   100.772
 160  1246.2
 161  1425.87
 162  1234.37
 163   945.167
 164   629.013
 165   393.96
 166   172.431
 167    59.1016
 168   155.016
 169   300.915
 170   258.56
 171   120.765
 172    95.3939
 173    79.9505
 174    23.0274
 175    35.8068
 176     0.6675
 177    24.2853
 178    25.6504
 179     3.38272
 180     3.64121
 181     4.04823
 182    29.2071
 183    42.5838
 184     0.77237
 185     0.14803
 186     9.2256
 187     5.83692
 188    11.5081
 189     0.61582
 190     1.5278
 191     0.92087
 192     1.96549
 193     0.8691
 194     0.11785
 195     0
 196     1.92499
 197     0.97342
 198     0
 199     1.23615
 200   115.206
 201   153.838
 202    74.186
 203    42.8228
 204    68.4477
 205    20.9449
 206     2.73949
 207     4.07483
 208   996.487
 209  1110.35
 210  1057.5
 211   761.235
 212   611.507
 213   406.483
 214   143.876
 215    29.9849
 216  7218.85
 217  7861.64
 218  7012.69
 219  6360.74
 220  5233.27
 221  4017.23
 222  2686.32
 223   958.82
 224  7018.06
 225  7062.19
 226  6636.59
 227  5999.02
 228  5255.56
 229  4089.42
 230  2477.19
 231   913.979
 232  1107.13
 233  1048.33
 234  1100.17
 235   746.097
 236   704.508
 237   339.952
 238   163.903
 239   105.551
 240    58.4105
 241   205.415
 242   124.581
 243     3.47226
 244    49.3262
 245     7.99633
 246    28.7572
 247    25.7123
 248    15.1825
 249     0.30598
 250    19.2817
 251     9.96917
 252     5.05766
 253     6.44807
 254     1.66058
 255     0.10358
 256     7.61728
 257    15.0332
 258     2.65219
 259     2.38618
 260     2.4839
 261     4.07585
 262     1.31437
 263     0.69072
 264   115.095
 265   157.975
 266    64.4887
 267    59.3638
 268    44.5402
 269    20.3082
 270    23.8488
 271    10.0227
 272  1096.38
 273  1219.61
 274  1012.4
 275   858.466
 276   611.113
 277   470.602
 278   200.783
 279    31.5541
 280  6628.61
 281  7277.73
 282  6862.11
 283  6109.1
 284  5049.86
 285  3747.66
 286  2394.7
 287  1002.89
 288  6820.41
 289  7469.86
 290  6725.98
 291  5975.45
 292  5314.87
 293  3884.66
 294  2354.16
 295   866.384
 296  1263.08
 297  1138.19
 298   899.236
 299   697.48
 300   607.058
 301   374.869
 302   167.299
 303    44.9765
 304    61.2755
 305    78.8899
 306    29.7646
 307    20.3155
 308    22.8057
 309    25.9489
 310    27.4787
 311    15.3871
 312    37.0801
 313    14.067
 314     0.31463
 315     1.53858
 316     6.36279
 317     7.4222
 318     0.58144
 319     2.59251
 320     1.26848
 321     1.63151
 322     2.14027
 323     2.75569
 324     0.06194
 325     0.81722
 326     0.9453
 327     0
 328    21.4953
 329    17.1526
 330     1.37066
 331     4.16243
 332    16.76
 333     8.16842
 334     0.46603
 335     0.54429
 336   237.583
 337   236.771
 338   179.003
 339   122.014
 340   115.049
 341    49.2469
 342    26.0715
 343     8.98604
 344  1304.88
 345  1076.54
 346  1057.61
 347   877.103
 348   537.884
 349   344.148
 350    75.0364
 351     4.66439
 352  1021.62
 353  1163.81
 354   949.095
 355   587.161
 356   479.392
 357   475.015
 358   154.553
 359    24.9116
 360   169.247
 361   331.507
 362   293.988
 363   152.532
 364   162.256
 365    53.3816
 366    27.4007
 367     4.57713
 368    64.5465
 369    72.9306
 370    54.8846
 371    25.9816
 372     1.99951
 373    23.7473
 374    25.9223
 375     1.25004
 376    14.7537
 377     0.61116
 378     1.55512
 379     1.29427
 380     0.42476
 381     0.96998
 382     0.33533
 383     0
 384     0.73904
 385     0.65929
 386     0.4116
 387     0.28963
 388     0
 389    14.0532
 390     1.64642
 391     0
 392     0
 393     0.68436
 394     0
 395     0.37243
 396     2.27347
 397     3.64715
 398     0
 399     0.1246
 400    20.2634
 401    25.1799
 402     6.87502
 403    25.8164
 404     1.32765
 405     3.10653
 406     0.18796
 407     1.37124
 408   115.683
 409   134.659
 410   133.906
 411    36.6321
 412    32.6318
 413    31.5905
 414     0.85083
 415     0.53698
 416    44.8759
 417    78.0187
 418    40.8311
 419    41.6684
 420    38.9211
 421    10.4216
 422     7.77301
 423     1.84339
 424     2.92363
 425    23.9363
 426    29.6284
 427    12.1667
 428     2.47728
 429     0.62829
 430     0.11989
 431     0.05576
 432     0.74411
 433    25.2484
 434     0.98777
 435     1.51295
 436     0.12767
 437     0
 438     0
 439     1.33485
 440     0.47801
 441     0.24594
 442     0
 443     0.89526
 444     0
 445     0
 446     0.51311
 447     0.72352
 448     6.86872
 449     0.26762
 450     2.62667
 451     0.64878
 452     0.9834
 453     0.4584
 454     0.55703
 455     0.17082
 456     0.40738
 457     0
 458     2.78089
 459     0.41975
 460     1.53545
 461     0
 462     0.19799
 463     1.47921
 464     0.65141
 465     1.4479
 466     2.11904
 467     0.58883
 468     1.06965
 469     1.68366
 470     0.72059
 471     0
 472     3.4548
 473    15.0995
 474    25.3466
 475     3.60201
 476     3.41472
 477     0.93176
 478     0.05567
 479     0.27662
 480     0.19912
 481     1.41604
 482     2.35827
 483     1.60278
 484     1.17418
 485     0.85698
 486     0.87335
 487     0.16046
 488     0.47564
 489     0
 490     1.60184
 491     0.66498
 492     0
 493     0.69935
 494     0
 495     0
 496     2.65525
 497     0.75451
 498     1.24138
 499     1.39501
 500     0
 501     1.59441
 502    15.5406
 503    10.3601
 504     0.93997
 505     0.69435
 506     0.56224
 507     0
 508     0.60106
 509     0
 510     0.13005
 511     0
