This file was gnenerated on 2021-06-23 10:31:25.908623 by Grant Finneman. This contains the extracted data from the Gate simulations
The edep for each bar was summed up and printed to this file. The only math operation done has been addition.

  id        edep
   0     0
   1     2.21189
   2     0
   3     0
   4     0
   5     0
   6     0.32494
   7     0
   8     0
   9     0
  10     0.78402
  11     0.12733
  12     0.16001
  13     0.0634
  14     0.49882
  15     0.97316
  16     1.12848
  17     2.87569
  18     0.21933
  19     0.92285
  20     1.20196
  21     0.54346
  22     0
  23     0.34385
  24    18.9328
  25     5.31418
  26     1.23721
  27     4.32974
  28     9.41853
  29     3.18472
  30     1.84183
  31     1.25101
  32    60.9901
  33    66.4655
  34    24.0832
  35     3.78759
  36    30.6732
  37    11.074
  38     0.1186
  39     3.4479
  40    23.586
  41    33.7636
  42    37.1165
  43    34.547
  44     8.2303
  45    10.2738
  46     0
  47     0.50804
  48     1.38439
  49     7.64643
  50     3.36846
  51     2.56912
  52     8.208
  53     7.27001
  54    23.7958
  55     0
  56     0.55888
  57     0.9968
  58     0.5788
  59     3.61774
  60     3.3442
  61     0.39079
  62     0.77797
  63     0
  64     2.13805
  65     0.66343
  66     0.21441
  67     0.70523
  68     0.9801
  69     0.64183
  70     0.86725
  71     0
  72     0.65823
  73     1.02404
  74    47.3422
  75     3.21372
  76     0.78874
  77     0
  78     0.82143
  79     1.27054
  80    81.8007
  81   134.987
  82    71.1764
  83    18.6836
  84    28.4159
  85     1.81847
  86     1.70936
  87     3.01929
  88   234.757
  89   165.835
  90   156.443
  91   144.586
  92    93.3105
  93    51.8179
  94    10.9188
  95     0
  96   603.227
  97   688.713
  98   587.542
  99   392.104
 100   312.959
 101   246.746
 102    80.6107
 103    21.6883
 104   358.15
 105   479.033
 106   399.495
 107   405.491
 108   235.379
 109   166.709
 110   100.369
 111    29.9334
 112    83.7455
 113   102.994
 114    96.3842
 115    54.8262
 116    66.2113
 117    21.2019
 118    27.528
 119     0.2093
 120     1.69194
 121     0.83898
 122    19.8454
 123     0.68241
 124     7.62892
 125     0.2425
 126     0
 127     1.21446
 128    10.3145
 129    46.4683
 130    49.4927
 131     0.64672
 132     2.36117
 133    36.2104
 134    15.2415
 135    35.2399
 136    95.2093
 137   134.688
 138   180.276
 139   121.224
 140    48.0119
 141    15.7275
 142     7.00173
 143     7.30524
 144   420.221
 145   377.59
 146   433.072
 147   408.434
 148   255.304
 149    70.0756
 150    44.4981
 151     3.12843
 152  1407.34
 153  1402.23
 154  1136.28
 155   937.386
 156   953.349
 157   710.896
 158   363.292
 159   122.978
 160  2139.83
 161  2102.93
 162  2246.85
 163  1981.45
 164  1642.66
 165  1233.54
 166   601.898
 167   188.134
 168  1479.04
 169  1651.27
 170  1499.82
 171  1362.33
 172  1067.4
 173   853.749
 174   472.634
 175   153.831
 176   313.366
 177   485.389
 178   352.078
 179   324.623
 180   232.189
 181    99.4287
 182    81.6608
 183    34.3687
 184    54.7688
 185    18.666
 186    13.0491
 187    50.709
 188    67.4973
 189    13.0882
 190     6.25271
 191     7.94515
 192    62.4848
 193   159.982
 194   115.182
 195   101.181
 196    76.8463
 197    11.8285
 198     5.99982
 199     0.93234
 200   623.612
 201   800.865
 202   738.327
 203   660.461
 204   517.128
 205   486.897
 206   234.588
 207    71.2906
 208  1810.88
 209  1910.86
 210  1716.9
 211  1751.19
 212  1418.16
 213   956.69
 214   628.176
 215   272.143
 216  2523.14
 217  2595.53
 218  2341.42
 219  2281.51
 220  1959.02
 221  1508.95
 222   964.716
 223   309.222
 224  2556.12
 225  2603.15
 226  2664.32
 227  2346.34
 228  2118.68
 229  1508.31
 230   905.861
 231   374.375
 232  2223.15
 233  2398.05
 234  2358.51
 235  2129.65
 236  1610.52
 237  1188.06
 238   741.937
 239   360.455
 240   962.567
 241   992.626
 242   948.501
 243   716.884
 244   485.765
 245   421.188
 246   213.079
 247   108.483
 248    90.5149
 249   140.836
 250    72.5314
 251    17.1324
 252    31.9263
 253    29.5836
 254     0
 255     1.70676
 256    95.1275
 257    89.612
 258   101.528
 259   102.361
 260    30.5087
 261     5.47174
 262    21.8288
 263    12.0087
 264   819.824
 265  1070.32
 266  1091.09
 267   868.857
 268   828.151
 269   581.419
 270   341.486
 271   144.949
 272  2243.9
 273  2294.61
 274  2060.74
 275  2027.91
 276  2037.83
 277  1582.7
 278  1032.74
 279   352.778
 280  2573.22
 281  2902.31
 282  3096.99
 283  2771.47
 284  2023.7
 285  1619.78
 286   914.326
 287   322.23
 288  2403.47
 289  2526.21
 290  2452.41
 291  2130.84
 292  1895.85
 293  1311.43
 294   888.969
 295   333.789
 296  1796.63
 297  2083.75
 298  1945.5
 299  1563.88
 300  1533.83
 301  1130.31
 302   708.97
 303   331.875
 304   796.247
 305   861.345
 306   954.377
 307   801.872
 308   500.19
 309   436.218
 310   187.893
 311    67.5556
 312    64.6054
 313    93.7381
 314   104.429
 315    39.813
 316    14.8074
 317    43.467
 318    34.5446
 319     0
 320    81.1526
 321    43.9268
 322    26.3244
 323    56.6075
 324    21.7267
 325     0.04038
 326     2.19464
 327     0.33436
 328   328.963
 329   389.881
 330   492.957
 331   339.556
 332   170.17
 333   117.4
 334    22.8117
 335     0.59551
 336  1766.72
 337  1708.42
 338  1616.22
 339  1580.43
 340  1234.9
 341   878.379
 342   513.49
 343   205.236
 344  1912.11
 345  2061.71
 346  2185.3
 347  1866.25
 348  1480.71
 349  1045.81
 350   718.538
 351   325.759
 352  1309.54
 353  1560.34
 354  1281.09
 355  1096.52
 356   918.764
 357   747.034
 358   480.099
 359   150.545
 360   456.96
 361   423.213
 362   482.027
 363   419.536
 364   409.168
 365   163.695
 366   102.963
 367    24.4921
 368   160.247
 369   160.456
 370   163.208
 371   132.458
 372    46.3713
 373    37.8873
 374    28.9705
 375    13.8703
 376    42.358
 377     3.85961
 378     0.51137
 379     0.03774
 380     0.4728
 381     5.35057
 382     0.88127
 383     0
 384     1.80466
 385     0.77212
 386     0.91809
 387     1.44689
 388     1.50343
 389     0
 390     0.07907
 391     0.73772
 392     4.7697
 393    95.9328
 394    66.7549
 395    15.8475
 396    21.2022
 397     4.51606
 398     4.01575
 399     0.75113
 400   427.13
 401   547.643
 402   452.553
 403   428.839
 404   348.341
 405   306.615
 406   186.841
 407    77.1678
 408   457.277
 409   417.366
 410   446.882
 411   392.352
 412   387.516
 413   247.257
 414   213.529
 415    83.3144
 416   170.126
 417   339.851
 418   287.8
 419   201.611
 420    83.7458
 421    86.7535
 422    61.4771
 423     8.92999
 424    47.2773
 425    14.4243
 426    26.8683
 427    28.444
 428    17.1777
 429    21.0478
 430     1.91683
 431     0.13495
 432     2.54821
 433     9.69061
 434    21.7685
 435    55.4729
 436     1.50992
 437    23.8843
 438     0.3609
 439     0.73792
 440     0.27453
 441     0.47455
 442     0
 443     1.05644
 444     0.97616
 445     2.62602
 446     1.63545
 447     0.70452
 448     0
 449     0
 450     0.7237
 451     5.69473
 452     0
 453     0.9407
 454     1.20138
 455     0.88995
 456    17.9729
 457     9.73857
 458    13.488
 459    14.5893
 460     0
 461     1.37169
 462     1.17656
 463     0
 464     1.00468
 465    17.5581
 466    28.8972
 467    16.8861
 468    21.0344
 469     1.70357
 470    12.9213
 471     0.94737
 472    47.3398
 473    24.5578
 474    13.0867
 475     1.25823
 476    13.1493
 477     6.23216
 478    29.1011
 479     2.95762
 480    25.3664
 481    66.14
 482    14.1155
 483    29.5926
 484    16.3337
 485     0.91975
 486     1.76309
 487     0.87871
 488     3.32283
 489     0.04193
 490     3.2137
 491    14.6492
 492     0.95718
 493    26.0633
 494    17.0142
 495     1.61461
 496     0.51898
 497     0.31184
 498     0
 499     0
 500     0.92837
 501     0
 502     0
 503     0
 504     0
 505     0.80799
 506     0
 507     0.05156
 508     0.59961
 509     1.12703
 510     0
 511     0
