This file was gnenerated on 2021-06-22 22:03:37.712196 by Grant Finneman. This contains the extracted data from the Gate simulations
The edep for each bar was summed up and printed to this file. The only math operation done has been addition.

  id            edep
   0     1.58196
   1     0.76058
   2     2.09096
   3     0.95761
   4     0
   5     0
   6     0.95792
   7     0.67527
   8     1.44497
   9     0.72541
  10     1.35542
  11     0
  12     0.8402
  13     0
  14     0
  15     0.96446
  16    20.9625
  17     0
  18     0.50184
  19     0.99696
  20    15.3661
  21     9.10311
  22     5.886
  23     0
  24    22.0803
  25     2.29895
  26     0.68046
  27     1.90936
  28     3.1099
  29     0.05349
  30     2.20372
  31     0.96286
  32     0.54411
  33     1.11064
  34     0
  35     2.53085
  36     0
  37     1.08185
  38     0.75079
  39     0
  40     1.20064
  41     0
  42     0
  43     0.12597
  44     0.72241
  45     0.32992
  46     0
  47     0
  48     1.82905
  49     0.31447
  50     0
  51     0
  52     0.43231
  53    30.0803
  54    11.6242
  55     0.89186
  56     0
  57     0
  58     0.02884
  59     0.34693
  60     0.58408
  61     0
  62     0
  63     0
  64     0
  65     0
  66     0.66557
  67     0.89041
  68     0.0212
  69     1.9785
  70     1.0367
  71     0.70286
  72     1.39567
  73     0.22424
  74     0.58814
  75     2.32019
  76     2.21961
  77     0.34638
  78     0.00281
  79     0.71556
  80     1.47152
  81     5.28857
  82     6.35065
  83     4.39602
  84     0
  85     2.29746
  86     3.0123
  87     7.83492
  88    76.0606
  89    80.0294
  90   104.036
  91    11.9309
  92     0.21135
  93     0.91155
  94     2.37383
  95     0.34319
  96    18.8584
  97    18.036
  98    70.7403
  99    38.9446
 100     1.71682
 101     3.21768
 102     0.85514
 103     0.70353
 104     4.13401
 105     2.97609
 106    29.9132
 107     7.7238
 108     1.93702
 109     0.05879
 110     1.08592
 111     6.66028
 112     2.08841
 113     0.79753
 114     0
 115     6.76013
 116     2.71786
 117     1.34538
 118     7.68836
 119     6.55948
 120     1.78609
 121     0.54995
 122     0.93986
 123     0
 124     0.1566
 125     0.84755
 126     1.75694
 127     0.12662
 128     1.84622
 129     0
 130     0.89458
 131     0.90684
 132     2.22191
 133     0
 134     0
 135     0
 136    17.255
 137     1.23672
 138     1.5032
 139     1.47882
 140     2.89498
 141     1.12019
 142     1.51464
 143     2.20725
 144   139.871
 145    78.7526
 146   165.659
 147   148.638
 148   116.08
 149    51.687
 150    28.0794
 151     8.20803
 152   713.924
 153   747.805
 154   810.57
 155   544.532
 156   345.819
 157   246.591
 158   124.174
 159    49.9696
 160   732.4
 161   962.684
 162   805.841
 163   637.698
 164   313.513
 165   203.553
 166    77.6511
 167    16.8781
 168   183.271
 169   126.083
 170   225.376
 171   150.402
 172    96.5072
 173    66.8093
 174    54.5887
 175    25.7519
 176     0.35277
 177    23.1216
 178     1.31549
 179     7.77734
 180     6.56991
 181    10.6714
 182    19.2635
 183     3.73736
 184     2.65796
 185     0.28687
 186     0.77836
 187     1.68307
 188     1.72717
 189     0.50685
 190     0.53822
 191     0.93545
 192     5.33966
 193     1.2591
 194     1.47264
 195     0.51189
 196     2.09714
 197     1.76685
 198     0
 199     0.15744
 200    19.1838
 201    30.3702
 202    28.1109
 203    37.1186
 204    31.9524
 205    15.1596
 206     0.87329
 207     0.58592
 208   774.088
 209   963.557
 210   653.448
 211   671.034
 212   424.788
 213   272.261
 214    60.6772
 215    21.1477
 216  8064.83
 217  8031.86
 218  8126.38
 219  7355.47
 220  6582.13
 221  4745.77
 222  2726.86
 223  1149.54
 224  7860.3
 225  7971.13
 226  7672.99
 227  7259.59
 228  6280.8
 229  4394.69
 230  2946.31
 231  1194.74
 232   803.81
 233   740.016
 234   672.538
 235   562.157
 236   381.495
 237   144.61
 238   194.65
 239    71.8572
 240   117.223
 241    68.4305
 242    68.4137
 243    25.6327
 244    55.989
 245     3.66352
 246     3.23056
 247     0.8839
 248    13.241
 249     6.74069
 250     1.92963
 251     2.58565
 252     1.85812
 253     0
 254     1.70212
 255     0
 256     2.01359
 257     1.85803
 258     0.42115
 259     1.54209
 260     2.07134
 261     3.00821
 262     4.40556
 263     1.7952
 264    70.878
 265    53.1055
 266    47.3528
 267    23.3815
 268    31.557
 269     2.14871
 270     3.66349
 271    25.7981
 272   744.155
 273   955.837
 274   681.631
 275   513.975
 276   232.265
 277   206.816
 278    60.3638
 279    13.4946
 280  7613.27
 281  8120.91
 282  8579.74
 283  7701.93
 284  5955.32
 285  4686.23
 286  2779.57
 287  1096.96
 288  7548.62
 289  8148.61
 290  7888.27
 291  7240.83
 292  5904.96
 293  4511.78
 294  3047.27
 295  1005.82
 296   849.264
 297  1052.34
 298   770.111
 299   508.226
 300   404.298
 301   168.305
 302    57.971
 303    41.5918
 304   127.37
 305    46.0891
 306    27.905
 307    57.5803
 308   107.688
 309    14.325
 310    13.5381
 311     0.03671
 312     0
 313     0.45525
 314     0.44375
 315     1.76068
 316     0.13789
 317     0.13789
 318     0
 319     0.53485
 320     0.80929
 321     1.58802
 322     0
 323     0
 324     6.44069
 325     4.6924
 326     0.61989
 327     1.34553
 328     4.95996
 329    23.8864
 330     6.95999
 331     1.0945
 332     2.39729
 333     5.98199
 334     5.08215
 335     5.4592
 336   160.81
 337   337.276
 338   319.067
 339   109.597
 340    86.7072
 341    33.8865
 342    38.8855
 343    28.5588
 344   705.137
 345   935.402
 346   857.513
 347   425.272
 348   457.554
 349   154.721
 350    17.54
 351    44.8787
 352   932.688
 353   815.963
 354   934.83
 355   446.88
 356   310.504
 357   188.191
 358    73.0463
 359    42.6855
 360   191.944
 361   126.619
 362   187.837
 363   235.972
 364    75.8355
 365    29.6126
 366    12.0593
 367     0.81968
 368    32.3984
 369    12.3919
 370    10.267
 371    12.0033
 372    32.2606
 373    17.7947
 374     4.6148
 375     4.86661
 376     0.02942
 377     2.79492
 378     1.60337
 379     2.91776
 380     0.01943
 381     0
 382     2.12451
 383     5.30188
 384     1.18203
 385     1.0256
 386     0.69846
 387     0.000400001
 388     0
 389     0.37504
 390     0.69301
 391     0
 392     0.33187
 393    18.2126
 394     9.87835
 395     0.79119
 396     1.6886
 397     0.85855
 398     1.27466
 399     0.40843
 400     1.27774
 401    31.4824
 402    22.0158
 403    29.8679
 404     2.78225
 405     1.64174
 406     0
 407     0.71211
 408    37.3324
 409    56.5786
 410    65.4136
 411    83.69
 412    38.1146
 413     3.44261
 414     5.02129
 415     0.43218
 416    32.7964
 417   170.131
 418    74.7534
 419    49.7947
 420    56.2118
 421     2.90163
 422    15.9612
 423    20.7483
 424     2.516
 425    33.1192
 426    11.3832
 427    13.1579
 428    16.9489
 429     1.14022
 430     4.98788
 431     0.6944
 432     7.62234
 433     1.24361
 434     1.17706
 435     0
 436     1.08581
 437     2.8618
 438     7.71078
 439     0
 440     0.11346
 441     0.98993
 442     1.52297
 443     1.35429
 444     1.60614
 445     0
 446    15.3146
 447     8.35512
 448     0
 449     0
 450     0.20916
 451     1.07855
 452     0.63581
 453     0
 454     0
 455     0
 456     0.19256
 457     1.03301
 458     2.73371
 459     0.21803
 460     0.25014
 461     0.41252
 462     0
 463     0
 464     2.45602
 465     0.70209
 466     1.21896
 467     1.3604
 468     1.44115
 469     1.30022
 470     0.93956
 471     0.53412
 472     2.77376
 473     0
 474     0.77629
 475     1.89316
 476     1.1501
 477     0.19256
 478     0
 479     0.87728
 480     0.90417
 481     0.48775
 482     0.91855
 483     1.21585
 484     1.39242
 485     1.9447
 486     0
 487    13.2222
 488     0.91164
 489     1.6396
 490     1.05435
 491     2.60496
 492    20.4355
 493     0.79608
 494     0.64834
 495     0.08042
 496     0.6573
 497     0
 498     0
 499     1.13775
 500     0
 501     0
 502     0.34926
 503     0.20992
 504     0.31626
 505     0.05384
 506     0
 507     0
 508     0
 509     2.52727
 510     0
 511     0.59775
