This file was gnenerated on 2021-06-22 23:23:39.023960 by Grant Finneman. This contains the extracted data from the Gate simulations
The edep for each bar was summed up and printed to this file. The only math operation done has been addition.

  id        edep
   0     1.33452
   1     0
   2     0
   3     1.45801
   4     0.97809
   5     1.25574
   6     0.08265
   7     0.20916
   8     1.91912
   9     2.02737
  10     1.41913
  11     0
  12     0.72384
  13     0.15181
  14     0.58624
  15     0.94228
  16     0
  17     0
  18    25.6054
  19     0.6103
  20     0.82566
  21     1.95937
  22     0
  23     0
  24     5.96386
  25    30.8815
  26    14.4319
  27     9.28907
  28     0.7141
  29     0.40989
  30    11.331
  31     5.99415
  32     5.53146
  33    13.3067
  34     1.71806
  35     1.2609
  36     0
  37     0.10237
  38     2.31262
  39     1.51157
  40    15.6065
  41    14.0373
  42     1.98234
  43     2.4555
  44     2.48046
  45     1.41411
  46     0.86849
  47     0
  48     0.88791
  49     0
  50     0.57955
  51     0
  52     0.96729
  53     1.15232
  54     0
  55     1.91654
  56     0.47713
  57     0.8621
  58     0
  59     0.34207
  60     1.38248
  61     1.33456
  62     0
  63     0
  64     0.34441
  65     0.79191
  66     1.47999
  67     0.49069
  68     0
  69     0
  70     0.89955
  71     0
  72     0.97553
  73     2.04458
  74     0.38655
  75     0.43576
  76     1.62771
  77     1.91923
  78     2.48652
  79     0.77385
  80    46.1974
  81    44.9001
  82    19.3001
  83    19.1749
  84     9.85521
  85    19.3929
  86     5.48196
  87     0.60502
  88   170.072
  89    79.5528
  90   119.764
  91   131.047
  92    70.0083
  93    88.6232
  94    59.0294
  95     3.98831
  96   221.368
  97   228.189
  98   158.103
  99    29.6352
 100   120.384
 101    55.8572
 102     2.31212
 103     1.44735
 104    58.8419
 105    94.4185
 106   114.182
 107    32.8406
 108    47.338
 109    35.8897
 110     2.70551
 111     1.72777
 112     1.78703
 113     0
 114     1.61816
 115     1.41725
 116     6.16182
 117     9.51786
 118     0
 119     0.92974
 120     0.19982
 121     0
 122     0.44904
 123     0
 124     0.59435
 125     0
 126     0.61746
 127     0
 128     1.9058
 129     0.77156
 130     0.13278
 131     0
 132     0
 133     0
 134     0.56356
 135     0
 136     7.18438
 137    52.7084
 138     8.69726
 139     5.2476
 140    20.2268
 141     3.06376
 142     9.69192
 143     7.48713
 144   173.726
 145   274.846
 146    95.6295
 147   121.843
 148    94.4488
 149    79.7799
 150    74.4943
 151    13.1662
 152  1085.49
 153  1123.06
 154   868.206
 155   594.917
 156   500.601
 157   275.338
 158    93.3105
 159    27.0397
 160  1759.4
 161  1788.42
 162  1383.4
 163  1102.07
 164   832.043
 165   600.877
 166   213.191
 167    56.0531
 168   428.1
 169   456.07
 170   433.905
 171   407.899
 172   153.218
 173    91.5043
 174    77.5247
 175    35.9497
 176    63.8274
 177    71.0783
 178   103.495
 179    60.7765
 180    23.223
 181     3.18658
 182     0.92784
 183     1.44701
 184     7.04248
 185     5.87916
 186     1.05429
 187     2.27711
 188    15.8173
 189     0.54753
 190     3.0003
 191     0.66143
 192     0.61704
 193     4.40887
 194     3.21775
 195    14.012
 196    13.6776
 197     1.56656
 198     0.5583
 199     0.3766
 200    34.2975
 201    86.4997
 202    63.3482
 203    27.283
 204    84.495
 205    23.3037
 206    10.1705
 207     3.89059
 208   616.248
 209   749.371
 210   525.61
 211   567.141
 212   357.769
 213    86.3379
 214    43.0848
 215    16.8197
 216  4957.29
 217  5139.72
 218  4647.18
 219  3598.42
 220  3465.92
 221  2466.75
 222  1317.1
 223   444.106
 224  9303.06
 225  9513.24
 226  8640.3
 227  8220.29
 228  7585.64
 229  5855.93
 230  3781.17
 231  1596.64
 232  1192
 233  1228.19
 234   918.163
 235   637.13
 236   412.628
 237   231.122
 238   160.201
 239     7.96089
 240   146.435
 241    94.2595
 242    87.8943
 243   121.118
 244    80.0137
 245    37.9448
 246    45.12
 247    10.0285
 248    54.131
 249     4.51302
 250     8.1066
 251     6.11391
 252     0.22339
 253     0.82444
 254     0.69335
 255     0.73915
 256     0.74088
 257     8.46557
 258     0.61569
 259    12.8231
 260     1.06507
 261     2.70246
 262     5.43858
 263     5.12833
 264    77.7798
 265    57.4425
 266    73.4659
 267    57.9875
 268    47.7865
 269     4.8846
 270    12.9771
 271     9.53904
 272   842.412
 273   732.467
 274   759.319
 275   598.117
 276   534.46
 277   186.528
 278   123.95
 279    46.8849
 280  8945.55
 281  8711.81
 282  8643.41
 283  7660.44
 284  6663.54
 285  5294.12
 286  3587.88
 287  1489.48
 288  4778.87
 289  5162.8
 290  4634.62
 291  3775.44
 292  3034.11
 293  2159.32
 294  1251.86
 295   362.4
 296   723.021
 297   711.597
 298   581.503
 299   401.112
 300   292.125
 301   179.495
 302    57.3095
 303    22.2576
 304    77.1222
 305   118.456
 306    98.7497
 307    50.978
 308    43.3369
 309    21.9651
 310     0.75087
 311     0.47526
 312    32.9686
 313     0.67483
 314     6.92637
 315     2.07491
 316     1.15139
 317     0.7624
 318     0.71106
 319     0
 320     0.78253
 321     0.06158
 322     0.28558
 323     0.49819
 324     0.39186
 325     0.92925
 326    15.5388
 327     0.6222
 328    74.0605
 329    79.7866
 330    37.2353
 331    10.9371
 332     9.5694
 333     9.40637
 334     4.76016
 335     0.97893
 336   456.068
 337   485.814
 338   402.188
 339   334.508
 340   173.82
 341    57.6058
 342    69.89
 343     6.3996
 344  1875.9
 345  1640.28
 346  1597.64
 347  1189.18
 348   580.517
 349   410.389
 350   287.481
 351    73.5363
 352   985.882
 353  1074.62
 354   801.565
 355   594.548
 356   381.49
 357   276.566
 358   147.751
 359    21.5808
 360   208.537
 361   158.538
 362   239.942
 363   188.631
 364    25.3186
 365    20.4114
 366     2.05688
 367     0.51732
 368    17.2084
 369    35.7106
 370     3.53114
 371    34.4367
 372     1.52233
 373     0
 374     2.283
 375     0.64111
 376     2.58402
 377     1.6645
 378     0
 379     0
 380     0.53666
 381     0
 382     0.3609
 383     0.9129
 384     0.92376
 385     0.18018
 386     0.64007
 387     0.3394
 388     0
 389     1.49436
 390     0.62894
 391     0
 392    27.4423
 393     1.36899
 394    26.8346
 395     1.78216
 396    18.2365
 397     3.99151
 398     0
 399     0.82919
 400    55.3895
 401    74.1627
 402   118.771
 403    94.0786
 404    65.1207
 405    17.6439
 406     4.23076
 407     1.76526
 408   218.377
 409   105.414
 410    51.8472
 411    87.0882
 412    68.3717
 413    44.3791
 414    36.3744
 415    19.8856
 416   139.818
 417   215.908
 418    93.007
 419   124.504
 420    29.4006
 421    15.3302
 422     9.27404
 423     0.78313
 424    32.7309
 425    21.9333
 426    36.5809
 427    17.432
 428    40.3901
 429    18.14
 430     1.33542
 431     1.38562
 432     0.65749
 433    12.973
 434    15.3061
 435     0.65432
 436    11.7171
 437     1.38732
 438     0
 439     1.7009
 440     0.09993
 441     0.04608
 442     1.93094
 443     0
 444     0
 445     1.68112
 446     0.54223
 447     0.60039
 448     0
 449     0.43039
 450     0
 451     0
 452     0
 453     0.47713
 454     0.47713
 455     0
 456     1.04406
 457     0.90982
 458     0.41608
 459     0.05669
 460     0.77759
 461     0
 462     2.38231
 463     0.02081
 464     5.56047
 465     2.55334
 466     0.68834
 467    50.164
 468     1.89177
 469     0.37614
 470     0.08185
 471     0.10992
 472     6.27246
 473     3.2773
 474    11.4866
 475     6.03231
 476    14.6338
 477     0.94991
 478     2.16851
 479     0.3959
 480    13.2524
 481     0.93075
 482     0.775
 483     3.22608
 484    11.6945
 485     0.71373
 486     1.78171
 487     1.04003
 488     0
 489     9.87
 490     5.10389
 491     1.36046
 492     0.73386
 493     0
 494     0
 495     0.81008
 496     0
 497     0.98896
 498     0
 499     0
 500     0
 501     0
 502     1.471
 503     0
 504     0.36806
 505     0.41083
 506     2.06241
 507     0
 508     0
 509     0.38167
 510     0
 511     0
