This file was gnenerated on 2021-06-22 23:50:02.101969 by Grant Finneman. This contains the extracted data from the Gate simulations
The edep for each bar was summed up and printed to this file. The only math operation done has been addition.

  id        edep
   0     0.44569
   1     0.90613
   2     0.04315
   3     1.39578
   4     1.06448
   5     0
   6     0
   7     0.59259
   8     5.81682
   9     0
  10     0.96667
  11     0
  12     1.2011
  13     0
  14     0
  15     1.06438
  16     0.23889
  17     0.46998
  18    18.6422
  19    24.9073
  20     0.04006
  21     1.60365
  22     0.8387
  23     0
  24    26.7243
  25    46.2232
  26    23.3554
  27     9.29552
  28     6.4594
  29     5.01548
  30     0.30155
  31     0.13992
  32    38.6197
  33    79.8324
  34    46.9286
  35    27.8171
  36    56.3858
  37     2.76949
  38     1.06613
  39     1.25719
  40    33.4241
  41    22.6638
  42     4.968
  43    20.4558
  44     0.67385
  45     2.61644
  46     1.70649
  47     1.79527
  48    18.0194
  49     8.40763
  50     4.69628
  51     0.96881
  52     1.00288
  53     0.54435
  54     0
  55     1.18602
  56     0.43758
  57     0.11127
  58     1.2155
  59     0.20775
  60     0.62008
  61     0
  62     0
  63     0.9603
  64    11.4937
  65     1.02308
  66     0.99768
  67     0.72418
  68     0.29664
  69     0
  70     4.30703
  71     7.15174
  72    10.2959
  73     7.45155
  74    35.7817
  75     9.55721
  76     7.30158
  77    11.8918
  78    17.7922
  79     0.5555
  80    17.6674
  81    48.9499
  82    54.5698
  83    45.9635
  84    34.4111
  85     2.36963
  86     0.9072
  87     2.06038
  88   258.575
  89   299.742
  90   279.642
  91   207.549
  92   118.642
  93    65.6047
  94    43.6442
  95     9.47629
  96   543.052
  97   556.58
  98   487.019
  99   454.149
 100   465.847
 101   206.362
 102   145.729
 103    41.1083
 104   318.412
 105   256.366
 106   208.229
 107   196.641
 108   131.298
 109    34.8578
 110     8.51994
 111    11.6551
 112    78.0204
 113    92.1649
 114    66.0001
 115    29.8245
 116     2.26421
 117     5.37355
 118     1.25658
 119     0.59198
 120    15.447
 121    37.276
 122    16.9919
 123    27.2119
 124     0.58161
 125     0
 126     0
 127     0
 128     9.50309
 129     0
 130    14.6081
 131    25.2329
 132     6.60888
 133     0
 134     0.99456
 135     0.33981
 136    89.7034
 137    99.6108
 138    69.8237
 139    35.6229
 140    22.8104
 141    27.6152
 142    18.8398
 143     1.10198
 144   255.136
 145   290.617
 146   280.292
 147   276.545
 148   180.513
 149   100.33
 150    32.8233
 151     0
 152  1405.35
 153  1517.34
 154  1382.42
 155  1007.84
 156   782.639
 157   555.407
 158   279.554
 159   206.557
 160  2468.54
 161  2440.56
 162  2363.74
 163  2371.97
 164  2023.15
 165  1329.81
 166   708.552
 167   278.781
 168  1388.07
 169  1378.88
 170  1262.69
 171  1140.95
 172   901.808
 173   654.812
 174   361.181
 175   173.442
 176   242.655
 177   293.093
 178   270.738
 179   159.438
 180    55.4084
 181    31.2303
 182     8.28137
 183     3.91115
 184    36.1919
 185    55.4964
 186    43.3376
 187     5.30692
 188     0.84661
 189     0.72322
 190     0.75769
 191     1.66367
 192    12.1031
 193    33.9176
 194    23.3521
 195    15.3269
 196    16.864
 197     1.14864
 198    22.4826
 199     0.96609
 200   344.963
 201   309.213
 202   208.114
 203   209.437
 204   183.402
 205    97.1474
 206    58.933
 207     1.4832
 208  1506.62
 209  1360.63
 210  1216.77
 211  1143.38
 212   872.823
 213   675.175
 214   386.16
 215   191.387
 216  3304.76
 217  3073.79
 218  2935.4
 219  2695.8
 220  2121.18
 221  1677.74
 222  1034.54
 223   424.629
 224  3596.72
 225  3597.4
 226  3498.75
 227  3195.6
 228  2157.58
 229  1686.56
 230   988.344
 231   390.457
 232  2734.6
 233  2720.95
 234  2435.49
 235  2369.66
 236  1863.48
 237  1451.84
 238   878.973
 239   351.784
 240   554.895
 241   591.378
 242   516.595
 243   450.954
 244   314.321
 245   237.456
 246    60.785
 247    35.1414
 248    48.6618
 249    25.3097
 250    19.6737
 251    31.8948
 252     5.68113
 253     1.51093
 254     0
 255     0.07564
 256    32.4677
 257    71.3944
 258    77.2471
 259    60.3603
 260     8.83371
 261     0.59328
 262     1.11919
 263     0.88949
 264   547.511
 265   599.017
 266   639.547
 267   500.287
 268   361.86
 269   273.554
 270   176.906
 271    39.3378
 272  2480.83
 273  2591.52
 274  2447.37
 275  2281.86
 276  2013.64
 277  1413.44
 278   850.069
 279   426.807
 280  3379.35
 281  3603.09
 282  3513.69
 283  2902.48
 284  2587.84
 285  1768.98
 286  1038.34
 287   429.624
 288  2868.2
 289  3008.65
 290  2789.26
 291  2412.76
 292  2086.71
 293  1481.11
 294  1043.31
 295   404.204
 296  1371.87
 297  1415.12
 298  1330.45
 299  1178.13
 300   916.705
 301   558.343
 302   335.006
 303   149.133
 304   351.103
 305   279.686
 306   216.981
 307   171.787
 308   229.327
 309    63.4296
 310     3.98117
 311     1.67276
 312    40.4512
 313    25.2385
 314    17.9899
 315     7.43937
 316     6.33223
 317     6.07779
 318     0.51555
 319     0.67596
 320    43.1383
 321    58.403
 322    95.9948
 323    30.6513
 324    13.1812
 325    19.9716
 326     0.58373
 327     0
 328   361.324
 329   374.244
 330   213.825
 331   171.024
 332    77.4655
 333    36.0684
 334     0.14018
 335     1.37393
 336  1533.48
 337  1741.09
 338  1462.34
 339  1144.35
 340   866.153
 341   668.505
 342   434.555
 343   120.437
 344  2672.86
 345  2908.47
 346  2506.5
 347  2110.39
 348  1923.08
 349  1404.38
 350   956.819
 351   349.037
 352  1120
 353  1303.62
 354  1246.67
 355  1090.89
 356   836.612
 357   640.848
 358   482.371
 359   303.251
 360   299.321
 361   340.156
 362   247.806
 363   247.658
 364   140.099
 365   102.704
 366    30.5195
 367    35.5007
 368    81.937
 369    85.0986
 370   107.364
 371    43.1046
 372    34.6358
 373    12.0168
 374    13.7111
 375    10.4009
 376     3.47949
 377     0.24167
 378    11.2464
 379     4.32324
 380     3.26092
 381     7.11283
 382     6.26943
 383     2.78508
 384     0.67031
 385    50.6275
 386    26.8021
 387     0.55408
 388     0.50825
 389     0.99308
 390     0.02033
 391     0.52075
 392    60.7926
 393    41.5366
 394    35.8105
 395    97.3349
 396    39.7168
 397    29.2974
 398     0.83895
 399     0
 400   304.758
 401   412.984
 402   310.137
 403   156.704
 404    73.7519
 405    12.4978
 406    22.4204
 407     2.09056
 408   708.409
 409   674.785
 410   595.536
 411   471.195
 412   348.098
 413   199.556
 414    85.2105
 415    51.9381
 416   185.236
 417   314.883
 418   320.72
 419   194.777
 420   136.915
 421    59.993
 422    34.4718
 423     0
 424    45.4046
 425   110.573
 426    75.8107
 427    74.2508
 428    33.2911
 429    56.8827
 430    25.9027
 431    13.4388
 432     0
 433    27.534
 434     0.90474
 435     0.28412
 436    22.1606
 437     1.49523
 438     0
 439     2.49908
 440     4.84736
 441     1.74474
 442     0.96587
 443     1.78541
 444     2.23037
 445     1.03429
 446     0.86401
 447     0
 448     0.91192
 449     0
 450    23.1049
 451     0.21661
 452     0
 453     0.29554
 454     0.02033
 455     0
 456    14.6838
 457     1.18578
 458     0
 459     2.5049
 460     1.02593
 461     0.69714
 462     0
 463     0
 464    37.2936
 465    54.1351
 466    28.8691
 467     0.43572
 468    21.6495
 469     4.96157
 470     2.26876
 471     1.02665
 472    83.7016
 473    50.772
 474    57.9864
 475     9.04735
 476     2.15802
 477    30.5806
 478    20.032
 479     0.21158
 480    18.3368
 481    90.1168
 482    24.3062
 483    10.9746
 484     1.81193
 485     1.39999
 486     0.21166
 487     0
 488    11.391
 489    33.2425
 490     1.40938
 491     0.73825
 492     0
 493     2.05817
 494     0.87752
 495     0.4739
 496     0.6129
 497     0.03912
 498     1.49971
 499     0.80658
 500     0
 501     0.6934
 502     0.1542
 503     0.95147
 504     0.78135
 505     0
 506     0.28074
 507     0.25161
 508     0.92058
 509     0.84117
 510     1.13282
 511     1.09473
