This file was gnenerated on 2021-06-22 23:56:01.389961 by Grant Finneman. This contains the extracted data from the Gate simulations
The edep for each bar was summed up and printed to this file. The only math operation done has been addition.

  id        edep
   0     5.53865
   1     2.64507
   2     1.31939
   3    11.4973
   4     0.87887
   5     0
   6     0.44356
   7     1.90111
   8     3.21961
   9     1.97368
  10     0
  11     9.14976
  12     0
  13     0
  14     0
  15     0.18344
  16    17.0975
  17    14.3017
  18    28.3722
  19    22.5415
  20     0.85868
  21     2.29432
  22     0
  23     0.55718
  24    30.8922
  25    15.5247
  26     5.12392
  27    17.3061
  28     1.5844
  29     2.06539
  30     0.61782
  31     0.60291
  32     8.43348
  33     3.7689
  34     0.95987
  35     0.68827
  36     0.65192
  37     0.36837
  38     0.91617
  39     0.77869
  40    18.5071
  41    26.4798
  42     8.41819
  43    11.1255
  44     4.51846
  45     5.63728
  46     0.85804
  47     0
  48     1.62977
  49     0.01899
  50     0
  51    12.0345
  52    12.1096
  53     0.87216
  54     0.9379
  55    19.1004
  56     0.93583
  57     0.43268
  58    34.3532
  59     0
  60     0.96988
  61     0
  62     0.50832
  63     0.6193
  64     4.18023
  65     0.36136
  66    13.7783
  67    30.1093
  68    18.204
  69     8.00976
  70     0.69725
  71     0.48348
  72     1.03289
  73     6.11968
  74     4.10146
  75    35.2791
  76    36.309
  77     4.10869
  78     0.86825
  79     3.66786
  80    91.0922
  81    76.6523
  82    88.6802
  83    49.5556
  84    50.4736
  85    25.4121
  86     1.02364
  87     0.43853
  88   160.616
  89   120.863
  90   110.421
  91    98.8357
  92    89.7324
  93    28.419
  94    24.6263
  95     6.38001
  96   187.913
  97   207.957
  98   193.523
  99   127.697
 100    93.6002
 101    34.3868
 102     6.39567
 103     5.60019
 104   195.939
 105   149
 106   135.994
 107   135.687
 108    97.099
 109    40.4452
 110    64.3249
 111     5.48311
 112   153.088
 113    70.3635
 114   100.055
 115    18.2145
 116    53.1718
 117     8.23424
 118     8.69597
 119    15.1212
 120    62.5097
 121     2.23226
 122     3.52246
 123     1.04131
 124     1.00787
 125     1.28346
 126     0.86207
 127     1.38213
 128     6.49116
 129    19.5447
 130    42.4797
 131    10.784
 132     2.63143
 133     4.45108
 134     1.33104
 135     0.14353
 136   169.376
 137   298.561
 138   174.496
 139   160.947
 140   130.483
 141    73.699
 142    28.9041
 143     2.24722
 144   516.904
 145   456.463
 146   601.89
 147   362.267
 148   260.98
 149   156.561
 150    70.0747
 151    15.0997
 152  1088.36
 153  1080.83
 154  1099.38
 155   846.141
 156   663.478
 157   449.359
 158   171.926
 159    49.8525
 160  1862.91
 161  1687.23
 162  1702.47
 163  1298.69
 164   940.322
 165   709.108
 166   461.523
 167   222.676
 168  1513.09
 169  1655.69
 170  1554.98
 171  1279.7
 172  1279.27
 173   886.483
 174   528.996
 175   153.108
 176   610.595
 177   707.638
 178   350.638
 179   337.861
 180   199.248
 181    46.1249
 182    29.347
 183     3.81139
 184    56.0718
 185    88.4711
 186    51.8254
 187    24.8978
 188     8.78515
 189     3.56528
 190     1.73141
 191     1.55514
 192    88.4605
 193    90.8579
 194    73.5979
 195    87.1928
 196    24.1213
 197    33.5348
 198     3.50659
 199     8.81812
 200  1019.05
 201  1072.54
 202  1005.97
 203   692.783
 204   598.323
 205   478.117
 206   350.849
 207   172.225
 208  2649.76
 209  2770.28
 210  2433.24
 211  1930.85
 212  1617.2
 213  1295.01
 214   975.804
 215   313.233
 216  3052.02
 217  3419.61
 218  2863.19
 219  2335.18
 220  1910.07
 221  1794.2
 222  1094.26
 223   387.567
 224  3159.79
 225  3138.44
 226  3102.7
 227  2517.88
 228  2046.81
 229  1506.53
 230   794.353
 231   375.957
 232  2803.69
 233  2624.05
 234  2556.14
 235  2573.69
 236  2004.08
 237  1296.57
 238   796.052
 239   286.836
 240   828.387
 241   918.361
 242   743.502
 243   682.093
 244   497.306
 245   354.177
 246   194.687
 247    66.2565
 248    72.9505
 249    93.8568
 250    57.5237
 251   117.035
 252    83.6821
 253     9.93215
 254     0.89368
 255     0.22409
 256   105.381
 257   139.192
 258   146.891
 259   132.867
 260    51.2324
 261    11.0564
 262    19.7578
 263    19.2561
 264  1109.7
 265   965.624
 266  1128.43
 267   828.665
 268   568.281
 269   461.083
 270   286.242
 271   106.052
 272  3424.49
 273  3068.72
 274  2625.19
 275  2331.27
 276  1986.61
 277  1423.64
 278  1061.29
 279   323.327
 280  3297.65
 281  3066.64
 282  2959.31
 283  2615.86
 284  2130.31
 285  1766.7
 286  1044.27
 287   379.91
 288  2701.4
 289  3226.62
 290  2903.7
 291  2725.81
 292  2172.94
 293  1680.16
 294   995.603
 295   363.926
 296  2320.91
 297  2360.1
 298  2265.94
 299  1752.15
 300  1494.87
 301  1245.86
 302   832.534
 303   305.679
 304   813.511
 305   814.34
 306   741.017
 307   668.44
 308   583.681
 309   430.259
 310   324.969
 311   116.488
 312    60.1275
 313    98.0594
 314   107.03
 315    51.9689
 316    31.9249
 317     7.80871
 318     0.32988
 319     0
 320    60.0124
 321    65.1643
 322    35.5471
 323    39.357
 324    33.9652
 325     1.49034
 326     0.91501
 327     0.74283
 328   404.555
 329   468.294
 330   419.949
 331   407.542
 332   216.505
 333   106.394
 334    32.5464
 335    18.6245
 336  1563.35
 337  1447.77
 338  1559.85
 339  1328.54
 340  1060.58
 341   750.88
 342   506.314
 343   231.352
 344  1732.33
 345  1711.95
 346  1484.98
 347  1228.62
 348  1021.99
 349   746.602
 350   516.476
 351   221.126
 352  1172.04
 353   992.335
 354   851.057
 355   897.032
 356   720.356
 357   484.189
 358   245.086
 359    95.8791
 360   445.264
 361   452.885
 362   462.357
 363   416.649
 364   208.673
 365   105.149
 366    47.3865
 367    15.5315
 368   166.776
 369   193.341
 370   254.15
 371   112.377
 372    52.2339
 373    89.0712
 374    65.8854
 375     1.97732
 376    16.8506
 377    24.5472
 378    33.8125
 379    31.6095
 380     0.2772
 381     1.65093
 382     1.47478
 383     0
 384    12.7219
 385    26.6249
 386     6.76335
 387     1.63548
 388     1.95085
 389     0
 390     0.10032
 391     2.46927
 392    40.8388
 393    41.3771
 394    66.3504
 395    43.4504
 396    38.7361
 397    41.4173
 398     5.43411
 399    20.0782
 400   148.57
 401   259.029
 402   217.862
 403    93.2695
 404    74.8603
 405    57.5121
 406     6.46823
 407     3.44846
 408   293.193
 409   239.378
 410   181.272
 411   132.924
 412    90.6903
 413    35.9912
 414    25.4081
 415     0
 416   137.153
 417   150.197
 418    76.8444
 419    85.3182
 420    48.5306
 421    12.5825
 422    15.545
 423     0.27598
 424    57.2132
 425    94.025
 426    22.5681
 427    10.1001
 428    66.2075
 429    13.042
 430     1.754
 431     3.35539
 432    28.9498
 433    27.5859
 434    31.2846
 435    45.6471
 436     0
 437     7.60905
 438     1.4137
 439     0.78057
 440     0.67842
 441     0.70699
 442     4.29594
 443     0.32801
 444    19.5522
 445    12.2362
 446     0.87834
 447     0
 448     0
 449     0
 450     0
 451     0.74283
 452     1.3493
 453     0.50483
 454     0
 455    13.0602
 456    31.831
 457    32.482
 458     0
 459     0.76972
 460     0.55326
 461     0.77823
 462     1.12419
 463    26.3382
 464     6.32539
 465    25.5527
 466    17.1471
 467    11.9518
 468     1.66836
 469     0.58444
 470     1.52396
 471     0.89386
 472    38.8306
 473    39.863
 474     9.09193
 475    22.6857
 476     0
 477    20.097
 478     3.5576
 479     2.4157
 480    27.9677
 481     2.42684
 482    17.1307
 483    16.5797
 484     2.81341
 485     0.44121
 486     2.21804
 487     0.24415
 488    12.198
 489     0.81287
 490     0.50483
 491     0.513
 492    51.6942
 493     1.06878
 494     9.92171
 495     8.37333
 496     0.2472
 497     0.21175
 498     0.31088
 499     1.6534
 500     0
 501     0.06052
 502    10.5952
 503     3.25724
 504     0
 505     1.39363
 506     0.70657
 507     0.12331
 508     0.07511
 509     0
 510     0.32478
 511     0.93971
