This file was gnenerated on 2021-06-21 16:58:14.154127 by Grant Finneman. This contains the extracted data from the Gate simulations
The edep for each bar was summed up and printed to this file. The only math operation done has been addition.

  id           edep
   0    0.0346
   1    0
   2    0
   3    0
   4    0
   5    0
   6    0
   7    0
   8    0
   9    0
  10    0
  11    0
  12    0
  13    0
  14    0
  15    0
  16    0
  17    0
  18    0.1363
  19    0
  20    0
  21    0
  22    0
  23    0
  24    0
  25    0
  26    0
  27    0
  28    0.7864
  29    0
  30    0
  31    0
  32    0
  33    3.5625
  34    6.555
  35    0
  36    0
  37    0.8495
  38    0
  39    0
  40    0
  41    0
  42    0
  43    0
  44    0
  45    0
  46    0.342
  47    0
  48    3.5588
  49    0
  50    0
  51    0
  52    0
  53    0
  54    0
  55    0
  56    0
  57    0.7508
  58    0
  59    0
  60    0
  61    0.6364
  62    0
  63    0
  64    0
  65    0
  66    0
  67    0
  68    0
  69    0
  70    0
  71    0
  72    0
  73    0.6973
  74    0
  75    0
  76    0
  77    0
  78    0
  79    0
  80    7.968
  81   10.3584
  82   21.8335
  83    0.8092
  84    0
  85    2.6395
  86    1.776
  87    0
  88   30.1381
  89   66.639
  90    1.2948
  91    0
  92    1.507
  93    0
  94    0
  95    0
  96   12.6456
  97    0
  98    2.4604
  99    5.4252
 100    7.6634
 101   10.3758
 102    0.9047
 103    0
 104    9.2305
 105    3.0357
 106    0
 107    0
 108    1.1511
 109    0
 110    0
 111    0
 112    0
 113    0.6617
 114    0.4138
 115    0.6017
 116    0
 117    0
 118    0
 119    0
 120    0
 121    0.6617
 122    0
 123    0
 124    0.4482
 125    0.6017
 126    0
 127    0
 128    0
 129    0
 130    0
 131    0
 132    0
 133    0.4032
 134    0
 135    0
 136    0.000400001
 137    0
 138    7.9401
 139    0.9288
 140    0
 141    0.6375
 142    0
 143    0
 144   48.5023
 145   51.7508
 146   76.5176
 147   59.9513
 148   30.2093
 149    4.6131
 150   14.2521
 151    0
 152  378.438
 153  350.917
 154  337.257
 155  224.936
 156  156.6
 157  147.448
 158  111.678
 159   49.2376
 160   99.7384
 161  142.298
 162   92.0405
 163  109.569
 164   78.2025
 165   82.7743
 166   14.9323
 167    5.669
 168    5.1051
 169   27.3265
 170   20.0693
 171    0.0036
 172    1.2476
 173    0
 174    0
 175    0
 176    0
 177    0
 178    0.7012
 179    1.6175
 180    0.0437
 181    0.6274
 182    0
 183    0
 184    0
 185    0.7586
 186    0
 187    0
 188    0.1729
 189    0
 190    0
 191    0.879
 192    0
 193    0
 194    0
 195    0
 196    0.4234
 197    0
 198    0
 199    0
 200    0
 201    0
 202    0.1719
 203    0.073
 204    0
 205    0
 206    0
 207    0
 208   84.861
 209   77.614
 210   16.868
 211   42.6707
 212   18.9936
 213   25.5468
 214    0.1204
 215    0.704
 216  602.883
 217  561.122
 218  627.776
 219  574.761
 220  515.468
 221  441.278
 222  252.48
 223  124.726
 224  369.497
 225  405.952
 226  376.916
 227  303.751
 228  236.128
 229  182.845
 230  142.568
 231   36.0578
 232   87.1777
 233   49.2095
 234    6.8824
 235   32.3571
 236   17.2836
 237   22.4796
 238   12.9516
 239    0
 240   31.9711
 241    0
 242    0.7012
 243    0.2616
 244    4.645
 245    0.4758
 246    0
 247    0
 248    0
 249    0
 250    0
 251    0
 252    0
 253    0.4758
 254    0
 255    0
 256    0
 257    0
 258    0
 259    0
 260    0
 261    0
 262    0
 263    0.5812
 264    3.8382
 265    0
 266    0
 267    0
 268    0
 269    0
 270    0
 271    0
 272   16.9873
 273   59.86
 274   24.8985
 275   21.3304
 276    0.7404
 277    0
 278    0
 279    0
 280  517.086
 281  431.924
 282  467.191
 283  411.443
 284  361.103
 285  211.049
 286  105.202
 287   56.7331
 288  694.181
 289  789.227
 290  719.609
 291  527.969
 292  576.908
 293  356.606
 294  237.224
 295   98.3439
 296  109.985
 297   35.7048
 298   45.137
 299   57.4084
 300   31.4701
 301   18.9061
 302   16.1532
 303    0
 304    0
 305    8.9407
 306    6.166
 307   16.1276
 308    0.6238
 309    3.292
 310    7.337
 311    0
 312    0
 313    0
 314    0.0771
 315    0.2616
 316    0.6163
 317    0.6238
 318    0
 319    0
 320    0
 321    0
 322    0
 323    0
 324    0
 325    0
 326    0
 327    0
 328    0
 329   15.3985
 330    0.8535
 331    0
 332    0
 333    0.4084
 334    0
 335    0.6758
 336   16.2436
 337   74.4526
 338   18.6049
 339   50.9169
 340   40.9498
 341    0
 342    0.9596
 343    0.1078
 344  233.873
 345  206.924
 346  119.584
 347   73.7307
 348  106.198
 349   73.0661
 350   20.8525
 351   16.0385
 352  349.863
 353  382.728
 354  470.341
 355  355.665
 356  312.375
 357  201.291
 358  167.794
 359   75.7596
 360   57.9638
 361  105.717
 362   65.0524
 363   44.2744
 364   42.4381
 365    0.571
 366   15.4764
 367    0
 368    1.3593
 369    0.6501
 370    0
 371    0.2293
 372    0
 373    1.2325
 374    0
 375    0
 376    0
 377    0
 378    0.5775
 379    0
 380    0
 381    0
 382    0
 383    0
 384    0
 385    0.6831
 386    0
 387    0
 388    0
 389    0
 390    0
 391    0
 392    0
 393    0
 394    0
 395    0
 396    0.3491
 397    0
 398    0
 399    0
 400    0.3824
 401    0
 402    0
 403    0
 404    0
 405    0
 406    0.9049
 407    0
 408    4.9979
 409   25.113
 410   30.9544
 411    3.3324
 412    1.3237
 413    1.0036
 414    0
 415    0
 416   69.1737
 417   92.6575
 418   78.7916
 419   42.5703
 420   39.3553
 421    0
 422    0
 423   17.5467
 424   31.8324
 425   68.5102
 426   29.5724
 427   15.3922
 428    0.4954
 429    0
 430    0
 431    0
 432    0
 433    0
 434    0.5086
 435    0
 436    0.8474
 437    0
 438    0
 439    0
 440    0
 441    0
 442    0
 443    0.0737
 444    0
 445    0.1641
 446    0
 447    0
 448    0
 449    0
 450    0.3772
 451    0
 452    0
 453    0
 454    0
 455    0
 456    0
 457    0
 458    0
 459    0
 460    0
 461    0
 462    0
 463    0
 464    0
 465    0
 466    0
 467    0
 468    0
 469    0.2494
 470    0
 471    0
 472    0.8704
 473    0
 474    0
 475    0
 476    0
 477    0
 478    0
 479    0
 480    0
 481    0
 482    0
 483    0
 484    0
 485    0
 486    0
 487    0
 488    6.9355
 489   17.0235
 490    0
 491    0
 492    0.5559
 493    0
 494    0
 495    0
 496    0
 497    0
 498    0
 499    0
 500    0
 501    0
 502    0
 503    0
 504    0
 505    0
 506    0.7692
 507    0
 508    1.1627
 509    0
 510    0
 511    0
