This file was gnenerated on 2021-06-22 23:37:20.987105 by Grant Finneman. This contains the extracted data from the Gate simulations
The edep for each bar was summed up and printed to this file. The only math operation done has been addition.

  id        edep
   0     0.03527
   1     0.75125
   2     0.48251
   3     0.4206
   4     0
   5     0
   6     0
   7     0.02068
   8     0.74638
   9     0.92407
  10     0
  11     0.49822
  12     0.17323
  13     0
  14     0.09674
  15     0
  16     1.55698
  17     1.84713
  18    25.1594
  19     6.77394
  20     1.74106
  21     2.5114
  22     1.2446
  23     0
  24     0.59661
  25    26.1069
  26     8.17244
  27    10.2464
  28    21.1163
  29    39.6632
  30    14.4262
  31     3.37995
  32    52.4835
  33     7.725
  34    33.3152
  35    25.5749
  36     0
  37    11.5768
  38    18.104
  39    24.9687
  40    19.8191
  41     2.36199
  42     5.85406
  43     7.96038
  44     3.71287
  45     0
  46     0.71122
  47     1.56865
  48     0.7699
  49     0
  50     1.51826
  51     0.13442
  52     1.95419
  53     0
  54     0.95858
  55     0
  56     0.17774
  57     0.30141
  58     0.50623
  59     0
  60     0
  61     0
  62     0
  63     0
  64    21.8737
  65     1.38455
  66     0.78091
  67     2.19177
  68     0
  69     0
  70     0
  71     1.46399
  72     2.92449
  73    21.4583
  74    69.3674
  75    30.6736
  76     7.42215
  77     0.36072
  78     5.3255
  79     1.03108
  80     9.67674
  81    42.9236
  82   108.569
  83    61.6086
  84    37.5533
  85     5.93947
  86     7.33611
  87     1.11521
  88   140.048
  89   167.77
  90   209.061
  91   111.669
  92    36.1394
  93    12.6607
  94     0.76626
  95     0.89882
  96   206.368
  97   152.876
  98   116.223
  99    41.7305
 100    75.3947
 101    28.2062
 102    23.4939
 103     4.19861
 104   234.93
 105   145.09
 106    80.514
 107    52.2713
 108    25.0418
 109    16.2266
 110     5.10706
 111    13.3317
 112    25.4203
 113    14.8566
 114    10.3946
 115    41.3083
 116     0.86739
 117     1.03938
 118     0.08306
 119     0.80563
 120    14.5318
 121     3.09457
 122     0.62341
 123     0
 124     1.36277
 125     0.76972
 126     2.51651
 127     0.07984
 128    24.5785
 129    20.8582
 130     4.34547
 131    26.7063
 132     0.07903
 133     0
 134     1.19951
 135     0.86274
 136    85.6013
 137   194.494
 138    99.5779
 139    67.1823
 140    15.3303
 141    28.0354
 142    20.7579
 143     1.2778
 144   538.873
 145   530.992
 146   494.996
 147   352.947
 148   124.39
 149    51.1792
 150    61.041
 151     4.35094
 152   858.667
 153  1097.64
 154   842.724
 155   542.769
 156   536.698
 157   420.955
 158   194.488
 159    51.3021
 160  1561.58
 161  1755.62
 162  1594.63
 163  1249.42
 164   865.943
 165   559.043
 166   347.339
 167   107.138
 168  1080.08
 169   951.743
 170   855.071
 171   554.779
 172   512.743
 173   422.987
 174   168.28
 175    65.9756
 176   167.88
 177    57.5931
 178   131.279
 179    91.0386
 180    53.1221
 181    32.7062
 182     2.05944
 183     0
 184     7.05969
 185    17.5203
 186    12.5409
 187    25.0116
 188     0.01605
 189     0.98232
 190     1.66708
 191     0
 192    15.4654
 193    19.2274
 194     9.49306
 195     2.11397
 196     3.8223
 197     6.90714
 198    14.3465
 199     1.8051
 200   255.318
 201   291.661
 202   204.909
 203   206.269
 204    51.6062
 205    69.9567
 206    18.6551
 207     2.66974
 208  2340.92
 209  2350.44
 210  2356.26
 211  2069.69
 212  1486.85
 213  1195.93
 214   727.347
 215   325.403
 216  4671.84
 217  4632.66
 218  4661.03
 219  4086.15
 220  3454.25
 221  2706.3
 222  1580.1
 223   568.432
 224  5137.7
 225  5315.48
 226  4777.37
 227  4316.41
 228  3485.36
 229  2694.43
 230  1619.39
 231   529.649
 232  2607.7
 233  2342.77
 234  2163.79
 235  2050.38
 236  1809.91
 237  1321.16
 238   759.932
 239   265.621
 240   382.875
 241   253.664
 242   368.974
 243   270.79
 244    55.6727
 245    82.6682
 246    32.9704
 247     7.75322
 248    25.7134
 249     9.79948
 250    69.7222
 251    29.7492
 252    11.796
 253    10.1979
 254     0
 255     0.22012
 256    48.6475
 257    66.746
 258    24.2693
 259     2.96583
 260     1.64815
 261     3.48726
 262     3.42594
 263     1.44976
 264   298.852
 265   295.851
 266   274.434
 267    70.0032
 268   133.49
 269    99.7872
 270    38.6012
 271     1.4371
 272  2479.97
 273  2651.16
 274  2303.97
 275  1943.62
 276  1675.4
 277  1346.69
 278   731.176
 279   330.807
 280  5128.78
 281  5058.33
 282  4865.86
 283  4368.64
 284  3614.94
 285  2893.24
 286  1629.72
 287   537.442
 288  4545.61
 289  4301.65
 290  4280.37
 291  3729.05
 292  3294.7
 293  2673.13
 294  1517.86
 295   558.841
 296  2219.84
 297  2407.27
 298  2422.58
 299  2104.16
 300  1865.07
 301  1399.05
 302   872.907
 303   324.855
 304   355.107
 305   386.789
 306   345.151
 307   175.531
 308   139.115
 309   162.561
 310    63.6889
 311     7.59402
 312     3.8246
 313    71.6815
 314    95.5542
 315    17.3215
 316    13.5783
 317    38.6397
 318    21.2792
 319     0.58826
 320     0.92878
 321     5.61505
 322    13.3861
 323     3.95991
 324     3.98095
 325    17.2823
 326     8.82589
 327     0
 328   102.609
 329   142.563
 330   107.118
 331    92.0191
 332    61.4662
 333     7.6194
 334     2.70988
 335     0.30933
 336   942.912
 337   900.868
 338   636.119
 339   711.029
 340   572.401
 341   346.738
 342   180.716
 343    43.3142
 344  1576.59
 345  1555.41
 346  1469.41
 347  1137.36
 348  1032.09
 349   818.508
 350   450.125
 351   141.141
 352   967.621
 353   967.545
 354  1095.15
 355   692.525
 356   609.852
 357   339.718
 358   140.825
 359    20.8648
 360   499.571
 361   586.972
 362   464.362
 363   401.178
 364   244.203
 365    69.6151
 366    51.1883
 367    12.4233
 368   159.573
 369   188.327
 370   112.658
 371    53.8617
 372    12.9476
 373    18.4078
 374     6.47028
 375     5.98737
 376     4.73507
 377    33.4572
 378    19.4861
 379    25.0247
 380     0
 381     1.20404
 382     0.35943
 383     0
 384     1.85756
 385     2.43224
 386    37.5492
 387     0.6849
 388    21.1704
 389     4.22895
 390     0
 391     1.3502
 392     1.45171
 393     9.24472
 394    71.1354
 395    60.2334
 396    20.3357
 397     2.02242
 398     0
 399     0.27534
 400   103.377
 401   105.837
 402    42.658
 403    32.2059
 404    28.1389
 405    38.7798
 406     0.60974
 407     0
 408   101.756
 409   167.227
 410    81.487
 411    48.3498
 412    94.7102
 413    43.71
 414    25.5978
 415     9.41926
 416   129.251
 417    82.5384
 418    99.4286
 419    76.1272
 420    44.2999
 421    10.0113
 422     1.50504
 423     4.73461
 424    50.0295
 425    79.7538
 426    94.6261
 427    42.4482
 428     2.78784
 429     0.66035
 430     1.26033
 431     1.15038
 432    34.3415
 433    16.5363
 434    21.2089
 435     7.99517
 436    19.2153
 437     0.69363
 438     0.22426
 439     0
 440     1.81905
 441     0.58121
 442    21.4004
 443     0.98224
 444     0
 445     0
 446     0.22426
 447     0
 448     0
 449     1.07156
 450     0
 451     0
 452     0.8
 453     0
 454     0.68818
 455     0.73379
 456     0.11813
 457     1.27866
 458    13.5317
 459    15.1693
 460     3.20128
 461     1.29541
 462     0.93997
 463     0.19793
 464     3.43475
 465     0.90935
 466     2.10006
 467     0.32387
 468     0.75123
 469     0.59663
 470     1.06497
 471     2.42449
 472    33.9418
 473    19.106
 474     2.5628
 475     1.9201
 476     1.28525
 477     0
 478     0
 479     0.49706
 480     9.41573
 481     0.54065
 482     1.32575
 483     1.84727
 484     0
 485    15.1722
 486     1.72158
 487     2.07944
 488     0.30105
 489    18.5323
 490    24.8229
 491     5.35256
 492    32.8581
 493     5.42827
 494     0
 495     0
 496     0.25292
 497     0
 498    17.5902
 499    29.1616
 500    16.0577
 501     0
 502     0.98289
 503     0
 504     1.29904
 505     0
 506     0
 507     0.61027
 508     0.79783
 509     0.38702
 510     0.81383
 511     0.98043
