This file was gnenerated on 2021-06-21 16:58:17.965023 by Grant Finneman. This contains the extracted data from the Gate simulations
The edep for each bar was summed up and printed to this file. The only math operation done has been addition.

  id      edep
   0    0.1252
   1    0
   2    0
   3    0
   4    0
   5    0
   6    0
   7    0
   8    0
   9    0
  10    0.6283
  11    0
  12    0
  13    0
  14    0
  15    0
  16    0.0996
  17    0
  18    0
  19    0
  20    0
  21    0
  22    0
  23    0
  24    0
  25    0
  26    0.6382
  27    0
  28    0
  29    0
  30    0
  31    0
  32    0
  33    0
  34    0
  35    0
  36    0
  37    0.0203
  38    0
  39    0
  40    0.3816
  41    0
  42    0
  43    0
  44    0
  45    0
  46    0
  47    0
  48    0
  49    0
  50    0
  51    0
  52    0
  53    0
  54    0
  55    0
  56    0
  57    0
  58    0
  59    0
  60    0
  61    0
  62    0
  63    0
  64    0
  65    0
  66    0
  67    0
  68    0.1319
  69    0.1226
  70    0.2545
  71    0.708
  72    0.7287
  73    0.1252
  74    0.9338
  75    2.6119
  76   11.7216
  77    0
  78    0
  79    0
  80   41.9923
  81    8.5347
  82   17.2477
  83    0.1319
  84    4.0293
  85    0
  86    0.6382
  87    0
  88    0
  89    0
  90   20.1108
  91    9.573
  92    0
  93    0
  94    0
  95    0
  96    2.7228
  97    0
  98    5.6256
  99    0
 100    0.0778
 101    0
 102    0
 103    0.0415
 104    0
 105   25.5019
 106    2.2824
 107    0
 108    3.98
 109   32.835
 110    0
 111    0
 112    0
 113    8.578
 114    0.3732
 115    0
 116    0
 117   20.9086
 118    0
 119    0
 120    0
 121    0
 122    0
 123    0
 124    0
 125    0
 126    0
 127    0
 128    0
 129    0.3346
 130    0
 131    0.5358
 132    0
 133    0
 134    0
 135    0
 136    5.4856
 137   12.2754
 138   10.5025
 139   13.69
 140    0.8928
 141    0
 142    8.1222
 143    5.8844
 144  118.687
 145  139.804
 146  147.943
 147  113.744
 148   66.4523
 149    0
 150    3.954
 151    3.954
 152  207.236
 153  165.416
 154  209.254
 155  205.888
 156  161.422
 157   91.7886
 158   26.1021
 159   12.9606
 160   47.9296
 161   83.8331
 162   95.3423
 163   87.3554
 164  100.212
 165    5.3208
 166   24.8234
 167    0
 168   25.7253
 169   23.243
 170   16.0288
 171    9.9194
 172   18.905
 173    0.9534
 174    0
 175    0
 176    0
 177    7.7648
 178    0
 179    0
 180    0.995
 181    0
 182    0
 183    0
 184    0
 185    0
 186    0
 187    0
 188    0
 189    0
 190    0
 191    0
 192    0
 193    9.8112
 194    0
 195    0
 196    0
 197    0
 198    2.2307
 199    0.5701
 200    3.5988
 201   12.6968
 202   10.243
 203    0.1226
 204    0
 205    0.1226
 206   10.4374
 207    0
 208  193.67
 209  188.067
 210  234.596
 211  161.448
 212  110.724
 213   82.8246
 214   58.6753
 215   24.0892
 216  885.591
 217  848.571
 218  747.422
 219  550.583
 220  459.838
 221  336.291
 222  208.155
 223   84.7863
 224  444.712
 225  321.57
 226  347.431
 227  380.395
 228  258.256
 229  131.03
 230  120.724
 231   53.2502
 232   96.2761
 233   75.8297
 234   62.3109
 235   93.8452
 236    8.8758
 237    7.4515
 238   12.2465
 239    3.7177
 240   10.4031
 241    7.998
 242    2.666
 243    0.0063
 244    0
 245    0.9721
 246    0
 247    0.1477
 248    6.1235
 249   17.9955
 250    0
 251    0
 252    0
 253    0
 254    0
 255    0
 256    0
 257    0
 258    0
 259    0
 260    0
 261    0
 262    0
 263    0
 264    0
 265    2.0115
 266   15.9571
 267    0
 268    0
 269    0
 270    0
 271    0
 272   66.473
 273   56.0978
 274   73.5074
 275   57.6942
 276   10.5438
 277    1.4124
 278    0
 279    0
 280  395.767
 281  490.375
 282  330.138
 283  296.911
 284  264.232
 285  105.265
 286   62.3363
 287   25.5691
 288  762.679
 289  707.931
 290  711.031
 291  726.337
 292  640.776
 293  500.039
 294  326.267
 295   87.743
 296  369.723
 297  271.548
 298  285.475
 299  250.214
 300  171.244
 301  134.516
 302   85.1206
 303   32.0788
 304   50.4452
 305    0.7852
 306    0.151
 307    4.3567
 308    0
 309    4.935
 310    6.909
 311    0.6103
 312    0
 313    0
 314    0.8685
 315    0
 316    0
 317    1.6816
 318    0
 319    0
 320    0
 321    0
 322    0
 323    0
 324    0.1377
 325    0
 326    0
 327    0
 328    0
 329    4.2833
 330    4.6871
 331    0.7132
 332    0
 333    0
 334    0
 335    0
 336    9.7012
 337   19.6675
 338   15.1229
 339   26.8662
 340    0
 341    0
 342    0
 343    0
 344  122.723
 345   91.1208
 346   91.6396
 347   40.0259
 348   44.3599
 349   56.2855
 350   10.813
 351    1.7145
 352  287.613
 353  186.2
 354  241.424
 355  238.2
 356  147.629
 357  138.431
 358   45.8974
 359   13.1444
 360  111.288
 361   91.2126
 362   98.0098
 363   45.566
 364  103.835
 365   47.4705
 366   26.3459
 367    5.4859
 368    0
 369    3.9312
 370    0
 371   22.041
 372    0
 373    0
 374    0
 375    0
 376    0
 377    0
 378    0
 379    2
 380    0.1533
 381    0
 382    0
 383    0
 384    0
 385    0
 386    0
 387    0
 388    0
 389    0.5802
 390    0
 391    0
 392    0
 393    0
 394    0
 395    0
 396    0
 397    0
 398    0
 399    0
 400    0.3732
 401    0.2455
 402    0
 403    0
 404    0
 405    0
 406    0
 407    0
 408   27.34
 409   34.1541
 410    0
 411    0
 412    0.8487
 413    9.3108
 414    3.598
 415    2.3624
 416    1.3173
 417    4.2287
 418   34.6762
 419    0.9435
 420    0
 421    0.6776
 422    0
 423    0
 424   15.0728
 425    6.1792
 426   13.9032
 427    0
 428    0
 429    0.4568
 430    0
 431    0
 432    9.3366
 433   21.2756
 434    0
 435    0
 436    0
 437    0
 438    0
 439    0
 440    0
 441    0
 442    0
 443    0
 444    0.2094
 445    0
 446    0
 447    0
 448    0
 449    0
 450    0
 451    0
 452    0.8089
 453    0
 454    0
 455    0
 456    0
 457    0
 458    0
 459    0
 460    0
 461    0.2047
 462    0
 463    0
 464    0
 465    0
 466    0
 467    0
 468    0
 469    0.8033
 470    0
 471    0
 472    0.9956
 473    0
 474    0.3792
 475    0
 476    0
 477    0
 478    0
 479    0
 480    0.5361
 481    0
 482    0
 483    0
 484    0
 485    0
 486    0.2773
 487    0
 488    0
 489    0.5534
 490    0
 491    0
 492    0
 493    0
 494    0
 495    0
 496    0
 497    0
 498    0
 499    0
 500    0
 501    0.0749
 502    0
 503    0
 504    0
 505    0
 506    0
 507    0
 508    0
 509    0
 510    0
 511    0
