This file was gnenerated on 2021-06-21 17:00:05.412462 by Grant Finneman. This contains the extracted data from the Gate simulations
The edep for each bar was summed up and printed to this file. The only math operation done has been addition.

  id      edep
   0    0
   1    0
   2    0
   3    0
   4    0
   5    0
   6    0
   7    0
   8    0
   9    0
  10    0
  11    0
  12    0.3607
  13    0
  14    0
  15    0
  16    4.236
  17    0
  18    0
  19    0
  20    0
  21    0.9502
  22    0
  23    0
  24    0
  25    0.6802
  26    0
  27    0
  28    4.593
  29    6.8895
  30    0
  31    0
  32    0
  33   26.8818
  34   33.9902
  35   33.1425
  36   10.1932
  37    5.4495
  38    3.1995
  39    0.6903
  40    0.4235
  41   28.5725
  42   14.9596
  43    9.2166
  44    0
  45    0.0532
  46    6.1638
  47   10.9212
  48    0
  49    0
  50    0
  51    0
  52    0
  53    0
  54    0
  55    0
  56    0
  57    0
  58    0
  59    0
  60    0
  61    0
  62    0
  63    0
  64    0
  65    0
  66    0
  67    0
  68    0
  69    0
  70    0
  71    0
  72    0
  73    0.9223
  74    0
  75    0
  76    0
  77    0
  78    0
  79    0
  80    5.8259
  81    0
  82    0
  83    0.3256
  84    0
  85    0
  86    0
  87    0
  88    8.893
  89    2.9656
  90   32.5163
  91   49.3167
  92    8.649
  93    2.2965
  94    6.124
  95    4.593
  96   63.4481
  97   36.6173
  98   61.2184
  99   85.9264
 100   29.8485
 101   27.0664
 102   15.2341
 103   15.01
 104   72.9871
 105   26.3802
 106   31.4249
 107   22.9945
 108   38.1736
 109   14.2881
 110    7.6466
 111   27.2256
 112    7.0186
 113    0
 114    6.1815
 115    4.9452
 116    0
 117    0
 118    0
 119    0
 120    0
 121    0
 122    9.4783
 123    0
 124    0
 125    0
 126    0
 127    0
 128    0
 129    0
 130    0.0896
 131    0.0896
 132    0
 133    0
 134    0
 135    0.4302
 136    0
 137    0
 138    0
 139    0
 140    0
 141    0
 142    0
 143    0
 144    0
 145    0
 146    7.4001
 147    4.3884
 148    0.0861
 149    6.396
 150    0
 151    0
 152   31.9074
 153  118.782
 154  104.045
 155   81.1081
 156   75.1912
 157   97.588
 158   25.8635
 159   17.1799
 160  356.414
 161  330.036
 162  310.975
 163  273.086
 164  205.408
 165  204.754
 166  135.443
 167   68.8497
 168  232.525
 169  172.061
 170  133.291
 171  163.691
 172  187.344
 173  155.584
 174   85.2543
 175   34.9929
 176   16.6887
 177   11.7282
 178   63.2685
 179    4.2445
 180   15.9291
 181    0
 182    0
 183    0.003
 184    0
 185    0
 186    0
 187    0
 188    0.238
 189    0.238
 190    0
 191    0
 192    1.8388
 193    0
 194    0
 195    0
 196    0
 197    0
 198    0
 199    0
 200    0.1544
 201    0
 202    0.1237
 203    0
 204    0.131
 205    0
 206    0
 207    0
 208   34.139
 209   36.1216
 210   15.0331
 211   30.0192
 212   12.7383
 213    0
 214    0
 215    0
 216  202.562
 217  203.141
 218  234.601
 219  234.453
 220  154.22
 221  177.868
 222   77.967
 223   21.5607
 224  372.156
 225  498.838
 226  375.133
 227  413.313
 228  351.257
 229  181.763
 230  147.185
 231   61.0388
 232   88.5508
 233  140.098
 234   88.5097
 235  159.806
 236  104.543
 237   78.7302
 238   32.5808
 239    9.6822
 240   30.1894
 241   49.8067
 242   24.6033
 243    5.6109
 244    2.3269
 245    0
 246    0
 247    0
 248    0.1298
 249    0
 250    0
 251    0
 252    0
 253    0
 254    0
 255    0
 256    0
 257    0
 258    0.8503
 259   20.119
 260    0
 261    0
 262    0.7073
 263    0
 264   60.9119
 265   26.5455
 266    4.489
 267   16.7486
 268    0
 269    5.3082
 270    0
 271    0.3058
 272  152.49
 273  160.163
 274  116.858
 275  101.248
 276   94.5069
 277  109.418
 278   50.1768
 279    9.6973
 280  482.816
 281  447.936
 282  387.324
 283  325.976
 284  303.936
 285  325.432
 286  144.291
 287   48.8259
 288  277.909
 289  212.041
 290  284.695
 291  315.104
 292  259.461
 293  160.693
 294  121.806
 295   55.2502
 296   21.5488
 297   83.3515
 298   39.0165
 299   47.1831
 300   36.5434
 301    2.4414
 302    1.1268
 303    0.8548
 304    0.0606
 305   22.047
 306    0.0939
 307    0
 308    0
 309    0
 310    0
 311    0
 312    0
 313    0
 314    0
 315    0
 316    0
 317    0.8965
 318    0.0856
 319    0
 320    0
 321    0
 322    0.1476
 323    0
 324    0.7828
 325    0
 326    0
 327    0
 328   38.3707
 329   16.0848
 330   24.1447
 331   17.4251
 332   14.3364
 333    0
 334    0
 335    0.6685
 336  233.728
 337  232.736
 338  257.043
 339  230.542
 340  228.312
 341  150.335
 342   59.5403
 343   25.1688
 344  406.275
 345  413.115
 346  409.672
 347  406.592
 348  332.314
 349  245.322
 350  126.989
 351   22.5458
 352  120.06
 353  156.336
 354  101.276
 355   94.6333
 356   73.4048
 357   38.733
 358   15.5887
 359    3.8015
 360    2.8564
 361    8.6395
 362    3.2547
 363    4.7736
 364    1.9516
 365    0
 366    0
 367    0
 368    0.5034
 369    0
 370    0
 371    0
 372    0
 373    0
 374    0.669
 375    0
 376    3.4587
 377    0.2422
 378    0
 379    0
 380    0.894
 381    0
 382    0.669
 383    0
 384    0
 385    0
 386    0
 387    0
 388    0
 389    0
 390    0
 391    0
 392    8.1087
 393    0
 394    0
 395   11.397
 396    5.895
 397    0
 398    0.7961
 399    0
 400   62.7649
 401   52.2088
 402   50.5833
 403   22.2928
 404    9.6076
 405    5.9652
 406    3.3872
 407    1.7888
 408   72.4624
 409   82.93
 410   52.2043
 411   70.6426
 412   68.3525
 413   26.7665
 414   13.45
 415    0
 416    8.4979
 417   12.0984
 418   30.0558
 419   32.312
 420   30.4268
 421    4.487
 422    0.1605
 423    0
 424    0
 425    0.7771
 426    0
 427    0
 428    0.6709
 429    0
 430    0
 431    0
 432    0
 433    0
 434    0
 435    0.0917
 436    0
 437    0
 438    0
 439    0
 440    0.0606
 441    0
 442    0
 443    0
 444    0
 445    0
 446    0
 447    0
 448    0
 449    0
 450    0
 451    0
 452    0
 453    0
 454    0
 455    0
 456    0
 457   12.0681
 458   12.6848
 459    0
 460    0
 461    1.9918
 462    0
 463    0
 464    4.551
 465   37.1731
 466   31.0345
 467    0
 468    0
 469    0.934
 470    0
 471    0
 472    4.5522
 473    5.1612
 474    0
 475    0.0896
 476    0
 477    1.5188
 478    4.0912
 479    0
 480    0
 481    5.5434
 482    0
 483    0
 484    0
 485    0
 486    0.286
 487    1.4052
 488    0.1978
 489    0
 490    0
 491    0
 492    0.2824
 493    0
 494    0
 495    0
 496    0
 497    0.9466
 498    0
 499    0
 500    0.7927
 501    0
 502    0
 503    0
 504    0
 505    0
 506    0
 507    0
 508    0
 509    0
 510    0.0952
 511    0
