This file was gnenerated on 2021-06-21 16:59:20.915582 by Grant Finneman. This contains the extracted data from the Gate simulations
The edep for each bar was summed up and printed to this file. The only math operation done has been addition.

  id      edep
   0    0
   1    0
   2    0
   3    0
   4    0
   5    0.3094
   6    0
   7    0
   8    0
   9    0
  10    0
  11    0
  12    0
  13    0
  14    0
  15    0
  16    0
  17    0
  18    0
  19    0
  20   13.745
  21    0
  22    0
  23    0
  24    0
  25    0
  26    0.4858
  27    0
  28    0
  29    0
  30    0
  31    0
  32    0
  33    0
  34    0
  35    6.601
  36    0.4905
  37    3.6297
  38    2.6487
  39    0
  40   18.8077
  41    5.4603
  42    5.2288
  43   19.803
  44    2.6404
  45   21.672
  46    0.7224
  47    0
  48    0.5153
  49    0
  50    0
  51    0
  52    0.2268
  53    0
  54    0
  55    0
  56    0
  57    0
  58    0
  59    0
  60    0
  61    0
  62    0
  63    0
  64    0.3378
  65    0
  66    0
  67    0
  68    0
  69    0
  70    0
  71    0
  72    0
  73    2.1888
  74    0
  75    9.7962
  76    0
  77    0
  78    0
  79    0
  80   41.706
  81   31.55
  82    3.6696
  83    7.1474
  84    9.3466
  85    0.6617
  86   10.011
  87    0
  88   27.9455
  89    2.228
  90    5.12
  91    0
  92    0
  93    0.687
  94    0
  95    0
  96   14.1776
  97    5.7483
  98    6.6242
  99    0.3619
 100   11.651
 101    3.9118
 102    4.9052
 103    0
 104   50.0902
 105   51.7631
 106   44.019
 107   23.0242
 108   25.7674
 109   27.3723
 110    8.0412
 111    4.3976
 112    9.6616
 113    0
 114    5.1485
 115   39.011
 116    2.4209
 117    2.1476
 118   20.6748
 119    0
 120    0
 121    0
 122    0
 123    0.8856
 124    3.321
 125    0
 126    0
 127    0
 128    0
 129   13.2984
 130   13.2984
 131    3.694
 132    2.9498
 133    0
 134    0
 135    0
 136   26.7918
 137   17.8881
 138   18.294
 139   49.4817
 140   22.0721
 141    8.1778
 142    2.9824
 143    0
 144   80.5202
 145   76.1368
 146   88.3775
 147   36.7468
 148   19.7496
 149   38.829
 150   31.8991
 151    5.7586
 152  129.219
 153  124.798
 154  107.085
 155  129.204
 156   98.5072
 157   60.7902
 158   47.1027
 159   17.4503
 160  183.437
 161  151.516
 162  120.117
 163  100.418
 164  119.615
 165   82.3403
 166   47.519
 167   37.2653
 168  137.079
 169  110.744
 170  171.912
 171   95.3349
 172  152.782
 173   95.7643
 174   64.3612
 175   46.0918
 176    6.2018
 177    6.1711
 178   12.8076
 179   50.0496
 180   67.2773
 181   39.2507
 182   24.0422
 183    1.41
 184   34.153
 185    0
 186    0.048
 187   28.4784
 188   20.3868
 189    0
 190    0
 191    0
 192   73.12
 193   27.257
 194   10.716
 195    3.782
 196   13.0715
 197   25.8866
 198    0
 199    0
 200  185.397
 201   95.5249
 202  111.622
 203  213.524
 204  132.926
 205   66.1304
 206   28.2901
 207    9.5339
 208  234.334
 209  252.963
 210  189.192
 211  251.277
 212  180.311
 213   80.9796
 214   62.9509
 215   14.7845
 216  175.716
 217  192.579
 218  193.152
 219  138.352
 220  155.522
 221   63.6059
 222   60.0699
 223   16.1525
 224  304.929
 225  191.233
 226  232.686
 227  229.815
 228  162.485
 229  132.481
 230  129.095
 231   36.2052
 232  165.037
 233  246.476
 234  210.788
 235  208.76
 236  108.047
 237   95.8036
 238   93.947
 239   74.5128
 240   63.2582
 241  107.55
 242   71.0332
 243   45.9689
 244   83.975
 245   67.8929
 246   36.1461
 247    9.6273
 248   48.579
 249   16.4326
 250   19.5588
 251    2.676
 252    0
 253    0
 254    0.4022
 255    0.0455
 256    0
 257    0.1266
 258    2.627
 259    3.902
 260    0.8786
 261    0
 262    0
 263    0.2962
 264   81.6103
 265   40.0372
 266   30.1896
 267   51.8715
 268  103.396
 269   97.8079
 270   41.0972
 271   13.8843
 272  198.669
 273  136.737
 274   96.5579
 275  112.545
 276  189.099
 277   88.0482
 278   30.9124
 279   20.4793
 280  162.134
 281  233.321
 282  152.491
 283  184.609
 284  125.064
 285  107.946
 286   85.4731
 287   39.0691
 288  293.688
 289  200.245
 290  120.38
 291  156.142
 292  195.799
 293  148.127
 294   76.261
 295   36.3125
 296  177.741
 297  187.945
 298  211.066
 299  192.632
 300  105.34
 301   97.3282
 302   82.6923
 303   28.8392
 304   93.9545
 305   96.9948
 306   78.7941
 307   66.2928
 308   28.02
 309   49.0404
 310   30.3166
 311   11.5186
 312    7.4667
 313    8.1778
 314    3.3218
 315   17.7938
 316    1.4052
 317    0.9368
 318    0
 319    0
 320    0
 321    0
 322    0
 323    3.0888
 324    1.732
 325    0
 326    0
 327    0
 328   32.2462
 329   23.3131
 330   44.4648
 331   32.6862
 332   31.5305
 333   35.0803
 334   18.2433
 335    0.6965
 336  152.018
 337  106.093
 338   93.3561
 339   90.9512
 340   75.2506
 341   37.7536
 342   37.7491
 343   16.1839
 344  138.292
 345  159.736
 346  158.444
 347  103.888
 348   65.1823
 349   53.8419
 350   63.6182
 351   52.9014
 352  146.573
 353  125.965
 354  147.77
 355   81.4025
 356   55.3569
 357   48.3696
 358   20.5798
 359   11.5516
 360  120.651
 361   88.1549
 362   78.4794
 363  108.393
 364   97.3156
 365  107.941
 366   66.7458
 367    0.3396
 368   85.2885
 369   27.7852
 370   33.8687
 371    4.8594
 372    7.395
 373   59.8089
 374   24.8081
 375   21.5696
 376    0
 377    2.8688
 378   24.124
 379    0
 380    0
 381    0
 382    0
 383    0
 384    0
 385    5.6849
 386   12.4466
 387   19.9218
 388   12.5704
 389    1.1224
 390    0.4966
 391    0
 392   21.2701
 393   24.4373
 394   20.151
 395   46.1686
 396   34.8267
 397    5.8044
 398    1.6836
 399    1.9642
 400   98.2364
 401   54.3526
 402   65.3591
 403   68.7613
 404   24.8432
 405    5.7201
 406   12.8959
 407    1.9068
 408    4.9146
 409   10.6843
 410   42.5403
 411   12.5853
 412    1.3856
 413    0.3266
 414    3.024
 415    0
 416    5.1905
 417   21.3232
 418   37.4707
 419    0.4536
 420    3.8641
 421    0
 422    0.3108
 423    0
 424   42.315
 425   17.1876
 426   15.9112
 427    8.1868
 428    0
 429    0
 430    0
 431    0
 432   61.8473
 433   11.6118
 434    2.5804
 435    0.7502
 436    0
 437    0
 438    0
 439    0
 440    4.47
 441    3.874
 442    0
 443    0
 444    0
 445    0
 446    0
 447    0
 448    0
 449    0
 450    0
 451    0
 452    0
 453    0
 454    0
 455    0.4966
 456    0
 457   11.3531
 458    0
 459    0
 460    0
 461    0
 462    0
 463    0
 464    8.5098
 465    0.3273
 466    0
 467    0.8316
 468    0.0851
 469    0
 470    0.1702
 471    0
 472   20.451
 473   15.2745
 474   10.8531
 475    5.4736
 476    0
 477    0.2107
 478    0
 479    0
 480    0.6307
 481    0.3554
 482    0
 483    0
 484    7.8103
 485    1.8184
 486    0
 487    0
 488    0
 489    0.8
 490    3.5126
 491    7.5656
 492    0
 493    0
 494    0
 495    0
 496    0
 497    0
 498    0
 499    0
 500    0
 501    0
 502    0
 503    0
 504    0
 505    0
 506    0
 507    0
 508    0
 509    0
 510    0.6817
 511    0
