This file was gnenerated on 2021-06-17 21:32:19.131107 by Grant Finneman. This contains the extracted data from the Gate simulations
The edep for each bar was summed up and printed to this file. The only math operation done has been addition.

  id      edep
  18    0.252
  19    0.252
  20    0.3924
  27    0.2092
  37    0.5855
  40    0.2086
  42    0.4146
  45    0.5623
  46    0.5466
  68    0.3698
  76    0.1594
  80   19.5056
  81    0.7286
  84   56.2184
  85   24.4384
  88   33.0981
  89   11.134
  90   14.2164
  91    6.772
  92   15.0645
  93   19.4695
  94   10.492
  96   26.4897
  97   35.0655
  99   14.4237
 100    4.2325
 101   15.8058
 104    2.79
 106   25.8596
 133    0.8196
 134    0.8196
 135    0.9876
 136    0.7768
 137   77.3585
 138    5.3129
 139   21.3672
 142    0.6023
 144   46.4632
 145   39.3758
 146   80.8265
 147   49.2848
 148   68.7814
 149   53.0684
 150    3.7576
 152  189.907
 153  243.886
 154  238.62
 155  250.53
 156  132.15
 157  107.118
 158   58.8217
 159   25.2373
 160   97.951
 161  227.175
 162  163.826
 163  115.457
 164   77.1361
 165   41.9998
 166   27.7885
 167    3.9622
 168   70.1418
 169   24.4972
 170   36.3374
 171   32.5058
 172   23.6943
 173    3.5266
 174    0.5147
 178    0.2784
 181    5.2632
 182    3.3626
 186    0.2784
 187    0.2012
 193    0.4719
 194    0.9438
 197    0.5855
 200   31.0728
 201   85.938
 202    4.1832
 203   15.9156
 204    6.1164
 208  227.492
 209  183.347
 210  181.947
 211  167.915
 212  232.808
 213  132.558
 214   94.7551
 215   26.945
 216  440.627
 217  441.909
 218  373.871
 219  345.91
 220  303.461
 221  219.449
 222  154.34
 223   68.9782
 224  454.709
 225  540.651
 226  368.216
 227  349.604
 228  318.864
 229  233.728
 230  207.284
 231  101.034
 232  136.507
 233  100.757
 234  176.237
 235   89.0872
 236   14.2586
 237   25.5512
 238   10.4774
 239    1.5524
 242    6.6744
 245    7.9846
 248    0.3103
 250    0.9201
 258    0.5855
 264   26.0207
 265   51.5422
 266   15.978
 267    5.8443
 268   20.2201
 269    0.1035
 271    0.3288
 272  161.779
 273  187.016
 274  121.382
 275   68.4762
 276  111.94
 277   39.0719
 278   11.8874
 279    6.9971
 280  297.615
 281  382.883
 282  341.156
 283  299.093
 284  312.007
 285  238.651
 286  159.565
 287   50.1529
 288  493.264
 289  485.82
 290  504.807
 291  411.289
 292  292.38
 293  251.216
 294  192.937
 295   83.2954
 296  309.97
 297  314.727
 298  259.959
 299  191.164
 300  166.202
 301  132.252
 302  103.061
 303   28.2834
 304   37.739
 305   52.0351
 306   51.7446
 307    4.8109
 308    9.8017
 309   14.9161
 310    8.6261
 311    4.585
 312    1.9654
 317    3.9121
 321    0.5855
 323    0.252
 329    0.4294
 330    2.3052
 331    1.8984
 334    0.3288
 336   40.6445
 337   40.6423
 338   42.5388
 339   72.2877
 340   36.9718
 341   15.355
 342    9.0647
 343    3.355
 344  100.004
 345  259.702
 346  169.327
 347  167.359
 348   80.6501
 349   79.1107
 350   36.1615
 351    5.4538
 352  234.721
 353  195.202
 354  222.209
 355  233.762
 356  166.089
 357   89.2339
 358   65.5083
 359   26.9234
 360   58.0224
 361   96.0812
 362   81.2979
 363   66.577
 364   20.6465
 365   26.4303
 366    1.9385
 367    0.0716
 368   20.6604
 369    3.6433
 370   38.6726
 371   11.9728
 372   22.008
 379    9.17
 380   25.3278
 381    3.5003
 387    0.3288
 390    0.2086
 395    3.2544
 400   10.2336
 401    5.7194
 402    6.454
 403   23.994
 408   44.02
 409   28.6644
 410   15.5301
 411   23.4534
 412    3.0882
 414    0.571
 416   15.77
 417   10.0518
 418   26.2427
 419   10.8684
 420    1.602
 425    7.0413
 426   14.163
 432   11.602
 435    0.8651
 441    0.2705
 456    0.6298
 467   11.525
 468    0.2086
 483    0.571
