This file was gnenerated on 2021-06-17 21:30:26.813820 by Grant Finneman. This contains the extracted data from the Gate simulations
The edep for each bar was summed up and printed to this file. The only math operation done has been addition.

  id           edep
   0    0.1545
   1    0.5732
  13    0.6445
  27    0.7228
  28    0.6948
  34    0.8662
  45    0.4037
  53    0.9803
  88   25.9165
  89   23.8449
  91    0.8705
  96   22.9375
  97    4.4685
  98    1.8189
 100   16.6012
 103    0.2097
 104    2.6569
 106    0.0665
 107   10.1056
 108   15.1584
 125    0.9625
 133    0.5076
 134    1.289
 137    0.0559
 140    8.5008
 144   40.0104
 145   62.3274
 146   12.5114
 148    0.7812
 151    1.031
 152   88.9391
 153  101.125
 154   72.9885
 155   29.119
 156    6.0813
 157   16.7006
 158    8.8154
 160  100.004
 161   65.8156
 162   31.1423
 163  112.951
 164   55.039
 165    8.3745
 166    4.9374
 167    0.5929
 168   53.4476
 169   64.1726
 170    3.9274
 171   11.1975
 172   14.6906
 173    3.4267
 176    0.1877
 177    8.1414
 192   19.0016
 193    8.6672
 194    1.2551
 196    0.8856
 200   28.411
 201   44.2877
 202    2.9943
 203    3.6432
 204   40.5396
 206    0.0636
 208  125.659
 209  138.108
 210  140.451
 211   55.9098
 212   27.3125
 213    0.445
 214    1.9315
 215    1.4108
 216  671.861
 217  606.515
 218  591.305
 219  669.54
 220  559.726
 221  366.5
 222  209.92
 223   84.2933
 224  801.091
 225  688.998
 226  619.372
 227  622.324
 228  534.511
 229  388.991
 230  218.465
 231   86.8574
 232   75.7595
 233  139.368
 234  131.131
 235  106.193
 236   38.7979
 237   15.0707
 241   30.0756
 242   46.5787
 243    2.9846
 244    0.4063
 257    0.4872
 259    0.3239
 260    0.3149
 261    1.7595
 264   17.1699
 265   28.7388
 266   18.5189
 268    8.9662
 269    1.989
 272   97.0749
 273  136.938
 274  137.257
 275  122.764
 276   89.6484
 277   16.6984
 278    6.0676
 279   13.5054
 280  810.395
 281  722.11
 282  617.101
 283  622.234
 284  593.621
 285  521.041
 286  309.287
 287  110.863
 288  616.682
 289  582.088
 290  686.393
 291  574.87
 292  411.438
 293  363.752
 294  311.7
 295   86.2756
 296  123.211
 297  202.231
 298  153.382
 299   63.4574
 300   82.3979
 301   56.4579
 302    4.7613
 303    0.6445
 304   22.3119
 305   29.8492
 306   25.052
 307    0.7031
 308    7.7197
 320    0.4485
 322    0.4655
 329    0.3239
 330    0.8204
 332   18.5545
 336   32.587
 337   21.1912
 338    4.9119
 339   20.1756
 340   14.8301
 341    0.6284
 342    0.5271
 343    0.3487
 344  151.196
 345  118.239
 346   41.9076
 347   29.9542
 348   19.3636
 349   24.9006
 350    0.7039
 352  111.009
 353  176.803
 354   79.3107
 355   40.3691
 356   24.7462
 357   28.6836
 358    6.6953
 359    2.192
 360   28.0409
 361   12.377
 362    7.3656
 363    9.4225
 364   17.5254
 365    0.9277
 366    3.7513
 372   24.2772
 374    0.9803
 380    0.1737
 381    0.9277
 389    0.616
 392    0.4704
 395    0.3369
 402    0.6284
 406    0.0247
 409    7.77
 414    0.4242
 415    0.5256
 416   13.9562
 417   54.4973
 418   10.6343
 420    0.8716
 425    2.3815
 426    1.4496
 429    0.4403
 432    0.2273
 434    0.4485
 448    0.0984
 471    1.205
 475    0.2167
 476    0.1737
 477    0.000500001
 487    0.5053
 491    0.0248
 494    3.5441
 506    0.9513
