This file was gnenerated on 2021-06-17 21:31:30.258547 by Grant Finneman. This contains the extracted data from the Gate simulations
The edep for each bar was summed up and printed to this file. The only math operation done has been addition.

  id      edep
   1    0.3323
  13    1.4871
  14    0.9299
  16    0.473
  21    0.9299
  22    0.5572
  25   23.1726
  26   25.961
  28    0.6546
  32   22.6911
  33   34.6195
  34   34.0884
  35    5.325
  37    0.4099
  39    0.7868
  40   11.7273
  41   16.6525
  42   10.42
  43   23.3016
  49   12.618
  61    0.2584
  65    0.8102
  80    9.5063
  85    7.6758
  86    6.2802
  88   10.8755
  89   31.7842
  90   40.6091
  91   16.7796
  92    7.629
  93   15.4854
  94    5.5824
  96  146.899
  97  129.379
  98  160.887
  99   98.4125
 100   80.1174
 101   64.6643
 102   39.3069
 103   11.7422
 104   53.9398
 105   74.7387
 106   27.5067
 107   52.4932
 108    1.6634
 109   15.7878
 112    9.8119
 113   18.563
 114    6.8447
 115   26.676
 116    1.3752
 117   11.4487
 123    9.633
 126    0.4518
 129   18.7656
 136    0.3701
 137    2.3784
 138   13.368
 139    9.99
 140    4.662
 142    0.3834
 144    5.0336
 145   31.3137
 146    4.186
 147    8.8902
 148   33.693
 149    3.5328
 152  154.906
 153   89.241
 154   57.655
 155  142.855
 156   39.3388
 157   57.5573
 158   25.0136
 159    5.4635
 160  291.16
 161  255.381
 162  233.974
 163  279.244
 164  184.598
 165   94.8292
 166   52.7447
 167   31.2308
 168  237.817
 169  203.031
 170  228.77
 171  155.73
 172  144.686
 173  102.945
 174   34.6046
 175    7.9302
 176   75.5259
 177   30.9729
 178   21.5001
 179    9.0501
 180    8.3923
 181   14.3535
 184    5.4846
 186    0.0488
 192   19.6896
 193   14.5149
 197    0.5502
 200   25.2628
 201   44.8213
 202   41.9428
 203    1.8093
 208   42.2185
 209   69.9243
 210   72.5397
 211   56.7084
 212   36.3719
 213    9.2446
 216  238.892
 217  311.529
 218  260.717
 219  216.005
 220  175.207
 221  141.193
 222   44.2839
 223   11.5627
 224  322.485
 225  221.486
 226  178.933
 227  245.194
 228  165.216
 229  144.978
 230   86.9696
 231   27.951
 232  230.678
 233  234.76
 234  139.095
 235  117.538
 236  102.654
 237   30.5389
 238   32.4932
 239   14.2432
 240   27.2569
 241   20.5789
 242   12.1785
 243   24.7332
 244    2.1455
 245    0.244
 246    0.7634
 253    0.4297
 255    0.7187
 256    1.2604
 258    0.7321
 264   49.6052
 265   44.0781
 266   61.7026
 267   60.8105
 268    9.5872
 269   19.8168
 271    0.7292
 272  222.756
 273  187.238
 274  138.459
 275  116.112
 276   60.7853
 277  108.909
 278   29.7598
 279   11.7007
 280  376.941
 281  287.009
 282  223.771
 283  312.097
 284  285.298
 285  198.152
 286   51.7883
 287   36.5917
 288  295.921
 289  257.654
 290  204.151
 291  208.65
 292  133.185
 293  109.935
 294   35.1704
 295   11.8384
 296   74.6887
 297  104.07
 298   25.5417
 299   11.8768
 301    8.7648
 302    6.7318
 303    0.2046
 304    9.9134
 305   13.6608
 307    1.6084
 308    0.3416
 310   18.0454
 323    0.5572
 328   45.8839
 329   53.8908
 330   38.7302
 331   28.4012
 332   40.1948
 333   26.5092
 334   11.0505
 335    4.0262
 336  163.285
 337  181.338
 338  182.701
 339  205.958
 340  201.873
 341  139.405
 342   80.3465
 343   36.5069
 344  305.956
 345  295.366
 346  226.33
 347  226.328
 348  142.696
 349  105.556
 350   62.3641
 351   52.2328
 352  225.624
 353  192.724
 354  120.792
 355   81.9488
 356   70.8356
 357   55.1732
 358   27.4841
 359    7.7982
 360   14.2939
 361   35.2844
 362   21.8967
 363   20.7642
 364    5.8136
 365    9.1936
 368    2.8947
 369   11.3616
 370    0.873
 379    0.9174
 384    5.0505
 388    0.3528
 392   68.0169
 393   29.5454
 394    1.2834
 396   15.3031
 397   14.4627
 400   52.9626
 401   84.311
 402   54.2847
 403   44.938
 404   75.1521
 405   59.3597
 406   16.6952
 407    0.3703
 408  157.759
 409   96.3019
 410  119.493
 411   97.6677
 412   45.4515
 413   57.024
 414   15.435
 415   12.1226
 416   37.8601
 417   62.8501
 418   56.1786
 419    3.3974
 420   23.5235
 421   17.9675
 422    6.203
 423    5.5827
 425    0.1014
 448    3.6075
 449    9.8504
 450    0.5247
 457   22.2735
 458   20.202
 463    1.9481
 465   14.7345
 470    0.6337
 472   38.8792
 473    0.54
 474    0.0694
 476    8.206
 477   10.8822
 480    1.2628
 481   12.1624
 482    1.6519
 484    0.7215
 485    0.473
 494    0.7755
 507    0.2337
