This file was gnenerated on 2021-06-21 17:00:05.755634 by Grant Finneman. This contains the extracted data from the Gate simulations
The edep for each bar was summed up and printed to this file. The only math operation done has been addition.

  id           edep
   0    0
   1    0.7394
   2    0
   3    0
   4    0
   5    0
   6    0
   7    0
   8    0
   9    0
  10    0
  11    0
  12    0
  13    0.8663
  14    0
  15    0
  16    0
  17    0
  18    1.2452
  19    0.3369
  20    0
  21    0
  22    0
  23    0
  24   14.5609
  25   18.158
  26    0.6118
  27    0.4361
  28   20.655
  29    0
  30    0.1884
  31    0
  32   20.2958
  33   48.8474
  34   10.1574
  35    8.9672
  36   18.2358
  37    0
  38    0
  39    0
  40   10.2427
  41    4.732
  42    0
  43    0
  44    8.2685
  45    0
  46    0
  47    0
  48    0
  49    0.6963
  50    0
  51    0
  52    0
  53    0
  54    0
  55    0
  56    0
  57    0
  58    0.0146
  59    0
  60    0
  61    0
  62    0
  63    0
  64    0
  65    0
  66    0
  67    0
  68    0.7187
  69    0
  70    0
  71    0
  72    0
  73    0
  74    0
  75    0
  76   10.7287
  77    0
  78    0
  79    0
  80    0.8686
  81   23.3021
  82   52.4789
  83   14.1595
  84   35.5817
  85    0
  86    3.902
  87    0
  88  116.943
  89  123.664
  90  109.105
  91   81.3759
  92   90.9051
  93   53.7804
  94   31.1087
  95   14.6134
  96  103.957
  97   94.9935
  98  103.333
  99   67.4175
 100  148.152
 101   63.6533
 102   31.0485
 103    6.5149
 104   43.1065
 105   26.0532
 106   29.0712
 107   12.6016
 108    6.8082
 109    6.9981
 110    3.4044
 111    0
 112    0
 113   12.9771
 114    1.0635
 115    4.254
 116    0
 117    0.4862
 118    0
 119    0
 120    0
 121    0
 122    0
 123    1.0635
 124    5.6716
 125    0
 126    0
 127    0
 128    0.9459
 129    0
 130    0
 131    0
 132    0
 133    0
 134    0
 135    0
 136    0
 137    0
 138    0
 139   18.096
 140   20.8104
 141    0
 142    0.6229
 143    0
 144   45.7195
 145   14.0705
 146   50.7595
 147   52.0617
 148   60.9623
 149   26.5613
 150    6.3336
 151    0.6103
 152  495.011
 153  336.906
 154  416.035
 155  316.568
 156  252.207
 157  177.747
 158  106.849
 159   67.8062
 160  331.683
 161  282.567
 162  362.899
 163  266.928
 164  226.142
 165  129.895
 166   84.1767
 167   59.2976
 168   79.7327
 169   55.5478
 170   63.587
 171   61.2922
 172   39.2544
 173    5.2426
 174    0.9534
 175    0
 176    0.8986
 177    0
 178    0
 179    0
 180    0.0862
 181    0
 182    0
 183    0.2954
 184    0
 185    0
 186    0
 187    0
 188    0
 189    0
 190    0.653
 191    0.653
 192    0
 193    0
 194    0
 195    0
 196    0
 197    0
 198    0
 199    0
 200   28.1731
 201   11.3796
 202    1.6845
 203    0.9595
 204    0
 205    0
 206    0
 207    0
 208   37.0513
 209    4.3759
 210   23.3191
 211   30.2661
 212   66.405
 213   19.8731
 214    6.3336
 215    6.3336
 216  218.06
 217  320.687
 218  269.789
 219  235.252
 220  308.422
 221  215.828
 222   61.1678
 223   35.8568
 224  342.892
 225  270.078
 226  317.119
 227  208.625
 228  212.248
 229  194.274
 230  130.236
 231   54.4854
 232   40.2334
 233   31.4083
 234   64.5307
 235   29.2536
 236   15.6826
 237    4.328
 238   46.1456
 239    9.44
 240    0.6263
 241    0.6757
 242    0.2838
 243    0
 244    3.3903
 245    7.2834
 246   23.8695
 247    3.172
 248    0.3688
 249    0
 250    0
 251    0
 252    0
 253    0
 254    0
 255    0
 256    0
 257    0
 258    0
 259    0
 260    0
 261    0
 262    0
 263    0
 264    0
 265    0
 266    2.3583
 267    0
 268    0
 269    0
 270    0.446
 271    0
 272   57.5009
 273   37.3416
 274   56.2106
 275   73.7326
 276   25.3076
 277    8.3662
 278   26.2788
 279    3.468
 280  260.446
 281  267.048
 282  308.805
 283  245.783
 284  250.296
 285  135.883
 286  150.264
 287   53.7454
 288  363.683
 289  421.287
 290  311.945
 291  275.152
 292  247.1
 293  206.093
 294  123.303
 295   38.4905
 296   30.8334
 297   51.2793
 298    7.4062
 299   41.8628
 300   56.4786
 301   41.9983
 302   12.0045
 303    0
 304    0
 305    0
 306    0
 307    1.2246
 308   13.3796
 309    0
 310    0
 311    0
 312    0
 313    0
 314    0
 315    0.5059
 316    0
 317    0
 318    1.1585
 319    6.1189
 320    0
 321    0
 322    0
 323    0
 324    0.4253
 325    0
 326    0
 327    0
 328    0
 329    0
 330    0
 331    0
 332    0
 333    0
 334    0
 335    0
 336   67.3891
 337   61.704
 338   82.5751
 339   39.2792
 340   36.2399
 341    0
 342    4.382
 343    0.9813
 344  394.479
 345  374.882
 346  437.034
 347  357.511
 348  261.146
 349  126.316
 350  118.849
 351   38.0031
 352  314.111
 353  325.16
 354  279.756
 355  209.918
 356  159.118
 357  138.895
 358  101.951
 359   43.2548
 360   33.4142
 361   60.3514
 362   11.1042
 363   19.0982
 364   11.6986
 365   11.7758
 366   30.0267
 367    0
 368    3.6379
 369    7.3094
 370    0
 371    0
 372    5.146
 373    0
 374    0
 375    4.066
 376    0.5943
 377    0.8747
 378    0
 379    0
 380    0
 381    0
 382    0
 383    3.4561
 384    0
 385    0
 386    0
 387    0.3513
 388    0
 389    0
 390    0
 391    0
 392    3.2006
 393   12.8576
 394    0
 395    0.9269
 396    0.9346
 397    0
 398    0
 399    0
 400   12.7764
 401   18.2276
 402   32.8432
 403   32.3614
 404    4.9584
 405    0
 406    3.9564
 407   10.642
 408  183.899
 409  153.021
 410  139.987
 411  161.662
 412  136.356
 413   73.8952
 414   15.6532
 415   14.2845
 416  114
 417   82.6769
 418   83.2479
 419   67.9172
 420   91.2767
 421   36.9622
 422   33.2063
 423   14.3973
 424    2.5395
 425    1.71
 426   10.6433
 427    2.3632
 428    0
 429    0
 430    0
 431    0.0403
 432    0
 433    0
 434    0
 435    1.2078
 436    0.5685
 437    0
 438    0.000500001
 439    0
 440    0
 441    0
 442    0.7044
 443    0
 444    0
 445    0
 446    0
 447    0
 448    0.0146
 449    0
 450    0
 451    0.7181
 452    0
 453    0
 454    0
 455    0
 456    0
 457    0
 458    0
 459    0
 460    0
 461    0
 462    0.4253
 463    0
 464    0
 465    0.4141
 466   14.0488
 467   41.4649
 468    0
 469    0.9346
 470    1.8692
 471    0
 472   24.1832
 473   10.212
 474    5.073
 475   17.6224
 476    0.7966
 477    0
 478    0
 479    1.8276
 480   22.8606
 481   30.4615
 482    5.741
 483    4.755
 484   15.5546
 485   32.398
 486    1.8276
 487    1.8276
 488    0
 489    0
 490    0.4143
 491    0.4143
 492    0
 493    3.26
 494    0
 495    0
 496    0
 497    0
 498    0
 499    0
 500    0
 501    0.897
 502    0
 503    0
 504    0
 505    0
 506    0
 507    0
 508    0.4143
 509    0
 510    0
 511    0
