This file was gnenerated on 2021-06-17 21:30:06.708852 by Grant Finneman. This contains the extracted data from the Gate simulations
The edep for each bar was summed up and printed to this file. The only math operation done has been addition.

  id      edep
  11    0.8016
  16    0.1464
  25    0.1464
  30    0.63
  33    1.0725
  35    1.4752
  46    0.7539
  49    0.5475
  54    0.453
  75    0.2046
  80    6.3804
  81    6.8267
  82   16.5527
  84    0.2767
  88   32.942
  89    6.9366
  90   10.2465
  91    7.109
  94    0.2046
  95    0.8016
  96    8.8182
  97   31.4859
  98   31.1046
  99   21.4406
 100    0.7628
 102    0.4092
 105    0.4206
 107    0.9804
 115    0.4428
 127    0.0628
 129    5.9244
 130    0.8803
 136   13.5639
 137   14.6838
 138    1.2264
 139    0.8176
 140   46.054
 141   15.305
 142    6.9175
 144   72.0616
 145   71.0032
 146   57.736
 147   57.6509
 148   24.2471
 149   19.0706
 151    6.5845
 152  114.825
 153   81.0656
 154  123.037
 155   50.6288
 156   29.4882
 157   14.9875
 160   52.4322
 161   34.1502
 162   38.773
 163   18.1848
 164   66.5306
 165   21
 168    8.9813
 169    3.4236
 170   15.2239
 171    7.0634
 172    0.5664
 174    0.9376
 176    4.7164
 177    5
 178   14.76
 179    2.6244
 180    0.6624
 182    0.2797
 193   10.776
 195    2.6325
 196    2.0216
 200   54.144
 201   36.148
 202   28.0817
 203    0.7191
 204   59.8245
 205    0.0509
 206    2.8285
 208  290.799
 209  231.923
 210  258.686
 211  176.525
 212  263.039
 213  282.943
 214  173.093
 215   25.7195
 216  610.643
 217  523.164
 218  600.216
 219  558.163
 220  472.996
 221  340.235
 222  263.042
 223   99.139
 224  368.219
 225  380.65
 226  302.972
 227  324.855
 228  216.615
 229  150.813
 230  141.929
 231  101.588
 232  212.256
 233  176.804
 234  126.013
 235  147.438
 236  179.96
 237  107.99
 238   70.9749
 239   22.2502
 240   27.0068
 241   23.0952
 242    1.5639
 243    9.9467
 244   17.777
 245   19.7625
 248    0.0322
 249    0.268
 250    0.268
 261    3.5812
 262    5.8834
 264   25.9324
 265   24.3367
 266   23.3616
 268    3.1398
 269   16.4787
 270    1.2116
 272  148.186
 273  153.879
 274  113.623
 275  129.614
 276  118.388
 277   65.9258
 278   32.002
 279   22.3614
 280  363.342
 281  463.212
 282  352.596
 283  364.899
 284  343.174
 285  259.85
 286  141.746
 287   39.0223
 288  617.133
 289  650.702
 290  619.913
 291  551.652
 292  428.369
 293  338.587
 294  243.393
 295  131.752
 296  250.459
 297  241.988
 298  320.218
 299  327.44
 300  290.326
 301  181.473
 302  140.147
 303   64.3723
 304   23.1579
 305   35.1764
 306   88.4602
 307  106.247
 308    2.7121
 309    6.425
 312   11.2239
 313    0.5222
 314   18.3162
 325    0.486
 329    0.6887
 330    1.3971
 332    0.6747
 333    0.6206
 336    2.8028
 337   66.1795
 338   15.3853
 339    0.2613
 340   13.0467
 341   14.364
 343    0.6196
 344   85.7407
 345   71.9888
 346   10.0684
 347   12.7482
 348   39.3308
 349   66.3969
 350   27.0276
 352  141.37
 353  109.617
 354   62.195
 355  113.953
 356   54.6014
 357   26.184
 358   12.3628
 360   34.2195
 361   31.224
 362   87.1928
 363  101.269
 364   21.7185
 365    1.1876
 366   14.7084
 368   35.2218
 369   27.6771
 370   37.2367
 371   26.798
 372    9.812
 373    2.0352
 374    0.5038
 376   13.1682
 377   25.9593
 378    1.8378
 385    0.2918
 391    0.1249
 396    0.7566
 402    1.581
 403    0.1608
 406    0.6196
 408    0.0466
 416    0.9674
 418   15.9483
 419   28.262
 421   20.01
 422    0.9598
 425    0.0466
 427    6.2349
 428    7.1256
 429    0.9582
 432   17.2482
 438    0.8107
 452    0.3983
 461    0.9598
 464    0.6564
 465    0.6613
 468    0.2439
 481    3.234
 482   10.7707
 483    4.0976
 484    1.444
 485    2.4223
 486    1.0108
 487    1.1552
 492    0.8696
 503    0.7004
