This file was gnenerated on 2021-06-21 16:58:10.854616 by Grant Finneman. This contains the extracted data from the Gate simulations
The edep for each bar was summed up and printed to this file. The only math operation done has been addition.

  id      edep
   0    0
   1    0
   2    0
   3    0
   4    0
   5    0
   6    0
   7    0
   8    0
   9    0
  10    0
  11    0
  12    0
  13    0
  14    0
  15    0
  16    0
  17    0
  18    0
  19    0
  20    0
  21    0
  22    0
  23    0
  24    0
  25    0
  26    0
  27    0.7622
  28    0.4582
  29    0
  30    0
  31    0
  32    0
  33    0
  34    0
  35    0
  36    0
  37    0
  38    0.6727
  39    0
  40    0
  41    4.746
  42    4.407
  43    2.034
  44    0
  45    0
  46    0
  47    0
  48    0
  49    0.3164
  50    0
  51    2.373
  52    0
  53    0
  54    0
  55    0
  56    0
  57    0
  58    0.7467
  59    0
  60    0
  61    0
  62    0
  63    0
  64    0.9564
  65    0
  66    0
  67    0
  68    0.9078
  69    0
  70    0
  71    0
  72    0
  73    0
  74    0
  75    0
  76    0
  77    0
  78    0.9504
  79    0
  80    0.3836
  81    4.3365
  82   25.0898
  83    0
  84    0.3859
  85    0.3859
  86    0.3072
  87    0
  88    0
  89    0
  90   20.2762
  91    0
  92    0
  93    0
  94    0
  95    0
  96   24.919
  97   24.815
  98   50.8157
  99   44.8797
 100    0.632
 101    0
 102    0
 103    0.5327
 104   50.8936
 105   80.6778
 106   29.5404
 107   44.8773
 108   14.5785
 109    0
 110    0
 111    0
 112   20.0218
 113    3.9804
 114    0
 115   17.03
 116    0
 117    0
 118    0
 119    0
 120    0
 121    0
 122    0
 123    0
 124    0
 125    0
 126    0
 127    0
 128    0.6055
 129    0
 130    0.2851
 131    0.1548
 132   20.6116
 133   12.8908
 134    0
 135    0
 136    0.2204
 137    1.6099
 138    0.7267
 139   12.031
 140   43.9834
 141    1.6235
 142    0
 143    0
 144   19.4097
 145  102.667
 146   52.3466
 147   79.6409
 148   37.7981
 149   12.8517
 150   21.4944
 151    0
 152   90.1947
 153   56.5281
 154   69.1465
 155   62.4185
 156    8.4034
 157    1.3634
 158    0
 159    0.6682
 160  162.239
 161  144.371
 162   93.2988
 163  100.174
 164  104.869
 165   80.3087
 166   35.4638
 167    5.5753
 168  241.618
 169  160.867
 170  197.059
 171  173.689
 172  137.635
 173  128.646
 174   60.6385
 175   16.3996
 176   91.4133
 177   37.4827
 178   57.6494
 179   50.4052
 180   24.1615
 181   38.4189
 182   53.4458
 183   18.0454
 184   24.1956
 185   15.1566
 186    8.9888
 187    2.7996
 188    1.373
 189    3.7071
 190    0
 191    0
 192    8.0543
 193    0.3442
 194    0
 195    0.1677
 196   16.5195
 197    6.366
 198    3.8196
 199    0.8488
 200  129.521
 201  114.593
 202   58.9683
 203   99.3789
 204  107.404
 205   68.8138
 206   64.7402
 207   15.6646
 208  266.819
 209  223.88
 210  211.985
 211  156.117
 212  150.456
 213  148.104
 214   78.6355
 215   31.5135
 216  349.458
 217  328.795
 218  290.93
 219  275.299
 220  148.898
 221  132.056
 222   81.8667
 223   44.0395
 224  291.511
 225  331.543
 226  337.024
 227  365.461
 228  235.273
 229  167.951
 230   98.7701
 231   35.5016
 232  260.1
 233  212.869
 234  350.269
 235  312.241
 236  267.577
 237  182.987
 238   81.4638
 239   29.2263
 240  123.393
 241  105.626
 242  104.212
 243  133.584
 244  104.967
 245   82.7169
 246   64.4424
 247   51.1372
 248    8.762
 249    0
 250    0.5446
 251    2.3415
 252   28.6025
 253   23.6905
 254    0.9628
 255    0.7928
 256   18.3628
 257    0
 258    0.8064
 259    0.7822
 260    0
 261    4.929
 262    0.8091
 263    0
 264  178.28
 265  142.957
 266  203.838
 267  213.861
 268  100.239
 269   63.4619
 270   52.8369
 271    3.8101
 272  319.534
 273  233.233
 274  194.046
 275  252.978
 276  228.307
 277  144.782
 278   75.1316
 279   26.4813
 280  292.524
 281  298.267
 282  239.101
 283  282.169
 284  157.481
 285  125.62
 286   66.786
 287   40.9908
 288  265.459
 289  269.388
 290  274.386
 291  333.842
 292  182.86
 293  195.396
 294  115.668
 295   47.7604
 296  272.78
 297  373.622
 298  371.775
 299  230.62
 300  194.933
 301  143.4
 302  101.103
 303   30.3953
 304  132.642
 305  174.332
 306  126.543
 307  113.881
 308   98.1461
 309   68.8756
 310   59.5755
 311   22.786
 312    0.4988
 313   17.302
 314   21.6982
 315    3.122
 316   15.9572
 317    9.9666
 318    0
 319    0
 320    7.5754
 321   15.5821
 322   23.6442
 323   20.7078
 324    6.8238
 325    0
 326    0.7559
 327    0
 328   74.035
 329   99.5617
 330  106.923
 331   83.711
 332   96.4879
 333   80.4444
 334   16.4646
 335   11.0202
 336  183.078
 337  187.155
 338  222.664
 339  210.202
 340  156
 341  164.611
 342   56.4001
 343   25.3508
 344  126.202
 345   94.4975
 346   98.8871
 347   95.3358
 348  118.117
 349   86.3192
 350   50.7562
 351   32.1554
 352  106.843
 353   60.9524
 354   34.0806
 355   61.5203
 356   41.6453
 357    4.4523
 358    0.1978
 359    0
 360   86.5974
 361   72.1785
 362   50.5794
 363   10.5623
 364   14.855
 365    8.9064
 366    4.4532
 367   20.2616
 368   29.3632
 369    5.2418
 370    7.7913
 371   22.3146
 372   26.7736
 373    3.97
 374    3.9216
 375    9.1504
 376    0
 377   15.5807
 378    0
 379    0
 380   13.762
 381   12.5924
 382    5.558
 383    5.558
 384    0.1152
 385   19.2935
 386    0
 387    0
 388    0
 389    0
 390    0
 391    0
 392   32.0611
 393   15.7761
 394   17.3877
 395   10.7088
 396   27.8091
 397    0
 398    0
 399    0
 400   54.193
 401   53.1019
 402   16.0836
 403    0
 404   11.9742
 405    9.1232
 406    0
 407    0
 408   64.1316
 409   10.5771
 410    7.3729
 411    0
 412   23.8468
 413    0
 414    0
 415    0
 416   29.7
 417    0
 418    2.7504
 419   22.0571
 420    2.8638
 421    0
 422    0
 423    0.6536
 424    0.7381
 425    0
 426   25.0949
 427   11.9325
 428    0.4004
 429    0
 430    0
 431    0
 432    0
 433    0
 434    0
 435    0.4773
 436    0
 437    0
 438    0
 439    0
 440    0
 441    0
 442    0
 443    0
 444    3.3516
 445    0
 446    0
 447    0
 448    0
 449    0
 450    0.8947
 451    0
 452    0
 453    0
 454    0
 455    0
 456    0
 457    0.5671
 458    0
 459    0
 460    1.5142
 461    0
 462    0
 463    0
 464    7.3422
 465    2.0395
 466    0
 467    0
 468    0
 469    0
 470    0.1978
 471    0
 472    8.5659
 473    2.507
 474    0
 475    0
 476    0
 477    0
 478    0.1978
 479    0
 480    0
 481    0
 482    0.4211
 483    0.4636
 484    0
 485    0
 486    0
 487    0
 488    0
 489    0
 490    0
 491    0.8796
 492    0.8796
 493    0
 494    0
 495    0
 496    0
 497    0
 498    0
 499    0
 500    0
 501    0
 502    0
 503    0.1491
 504    0
 505    0
 506    0.6109
 507    0
 508    0.7571
 509    0
 510    0
 511    0
