This file was gnenerated on 2021-06-22 23:08:41.616856 by Grant Finneman. This contains the extracted data from the Gate simulations
The edep for each bar was summed up and printed to this file. The only math operation done has been addition.

  id        edep
   0     0.47073
   1     0.52456
   2     0
   3     0.29437
   4     1.08016
   5     0.23418
   6     0
   7     0
   8    27.2612
   9     0.80979
  10     8.36364
  11     0.18529
  12     0
  13     0.34781
  14     0.69459
  15     0
  16    30.4054
  17    23.2549
  18    32.2076
  19     4.36756
  20    24.0974
  21     8.20441
  22     2.67092
  23     0.92786
  24   102.207
  25    56.0208
  26    29.876
  27    19.6208
  28     5.05922
  29    28.4312
  30     0.07443
  31     0.00599
  32    28.8601
  33   103.307
  34    63.5583
  35    19.0921
  36    27.2977
  37     0.70388
  38     0.68099
  39     0
  40    26.8782
  41    64.8025
  42    13.9709
  43     3.43392
  44    19.084
  45     1.06599
  46     0.91146
  47     1.01864
  48     0
  49    12.3919
  50     0.91146
  51     0.20371
  52     1.20474
  53     0.94056
  54     0
  55     0
  56     0.40441
  57     0.64498
  58     0
  59     0.91146
  60     0.73669
  61     0.76483
  62     0
  63     0
  64     0.83218
  65     2.3516
  66     2.84346
  67     1.55751
  68     0.74309
  69     5.09107
  70     0.20101
  71     0
  72     9.24509
  73     4.5224
  74    14.5439
  75     0.99125
  76     2.30474
  77     0.47051
  78     4.22914
  79     5.66442
  80   173.716
  81   113.178
  82   119.343
  83    94.451
  84    34.6486
  85    14.8331
  86    14.0627
  87     4.11187
  88   398.598
  89   518.261
  90   337.995
  91   314.89
  92   168.381
  93   149.862
  94    26.9953
  95     2.7905
  96   521.347
  97   633.834
  98   584.123
  99   390.069
 100   238.507
 101    87.2554
 102    48.6824
 103    39.0136
 104   108.506
 105   100.009
 106    52.4866
 107    39.2185
 108    34.9557
 109     9.03012
 110    11.0287
 111    24.4788
 112     3.97478
 113    21.598
 114     2.26322
 115     2.01222
 116     3.60463
 117     6.55769
 118    12.86
 119     0.08575
 120     1.46086
 121     0.54268
 122     0
 123     0
 124     0.46693
 125     0.8466
 126    10.3406
 127     0.22547
 128     0.19659
 129     2.016
 130     0
 131     0
 132     0.20504
 133     0.28788
 134     0
 135     1.15589
 136    39.647
 137    66.0667
 138    19.4653
 139    36.3816
 140     1.27271
 141     4.23041
 142     1.03534
 143     6.70994
 144   487.607
 145   598.302
 146   278.162
 147   255.52
 148   126.348
 149    16.3526
 150    12.1616
 151     5.38648
 152  3225.82
 153  3629.38
 154  3133.04
 155  2977.23
 156  2327.69
 157  1833.25
 158  1179.13
 159   359.344
 160  3226.22
 161  3678.82
 162  3356.08
 163  2978.38
 164  2385.7
 165  1654.81
 166   994.93
 167   372.91
 168   402.419
 169   379.536
 170   295.146
 171   254.489
 172   144.055
 173    77.2119
 174    31.1906
 175     3.6499
 176    22.2662
 177    37.089
 178    26.2288
 179    20.2391
 180    23.8256
 181     6.8095
 182     2.62264
 183     0.89616
 184     0.05215
 185     0.20405
 186     1.25526
 187     0.38252
 188     0
 189     1.6932
 190     0.94488
 191     0.7506
 192     0.39993
 193     2.12003
 194     0.47479
 195     0.17457
 196     0.83656
 197     0.9965
 198     0.47304
 199     1.0824
 200    26.9552
 201    34.9183
 202    78.3713
 203    36.4343
 204    19.7873
 205     8.34075
 206     0.3683
 207     0.13128
 208   585.938
 209   547.785
 210   513.878
 211   317.213
 212   196.857
 213   108.977
 214    75.5393
 215     9.13008
 216  4793.96
 217  4774.48
 218  4747.2
 219  3972.86
 220  3324.31
 221  2493.41
 222  1552.49
 223   515.266
 224  4576.8
 225  4796.92
 226  4931.5
 227  4318.71
 228  3398.3
 229  2333.61
 230  1444.41
 231   553.49
 232   523.183
 233   639.55
 234   534.095
 235   418.694
 236   192.283
 237   110.584
 238    66.3723
 239    22.3326
 240    38.7369
 241    51.9202
 242    26.7653
 243     5.69237
 244     3.12542
 245     7.67406
 246     7.6509
 247     1.40707
 248    12.6571
 249     1.70596
 250     2.7285
 251     0.74185
 252     0.30792
 253     0
 254     0
 255     0.14123
 256     0.68563
 257     1.79934
 258     1.16277
 259     0.57065
 260     0.45234
 261     1.37151
 262     0.29997
 263     4.7398
 264    62.71
 265   111.452
 266   111.82
 267    22.0763
 268     1.47847
 269    16.8443
 270     3.3313
 271    13.3816
 272   455.303
 273   579.835
 274   521.44
 275   299.907
 276   107.38
 277   137.997
 278    28.1607
 279    22.391
 280  4161.03
 281  4505.08
 282  4390.29
 283  3692.83
 284  3038.49
 285  2691.46
 286  1583.53
 287   560.59
 288  4572.33
 289  4955.75
 290  4274.74
 291  4116.04
 292  3253.93
 293  2478.72
 294  1459.24
 295   610.909
 296   579.198
 297   769.57
 298   560.403
 299   291.264
 300   198.275
 301   124.112
 302    21.2806
 303     2.87831
 304    22.6164
 305    48.5006
 306    63.9991
 307     2.85556
 308    22.3464
 309     0.30984
 310     0.5995
 311     0.68379
 312     2.0907
 313     1.69931
 314     4.49054
 315     1.24666
 316     1.29831
 317     0.16786
 318     1.69351
 319     0.83872
 320     3.22778
 321     0.3273
 322     0.63575
 323     0.92672
 324     0
 325     0.81542
 326     0.81675
 327     0.76915
 328    14.8702
 329    46.8869
 330    21.7344
 331     3.76537
 332     2.72379
 333     4.20028
 334     7.83156
 335     0
 336   352.115
 337   302.075
 338   309.045
 339   243.209
 340    88.842
 341    48.8438
 342    31.0277
 343     2.59027
 344  3608.56
 345  3312.87
 346  3006.18
 347  2594.97
 348  2074.33
 349  1593.77
 350  1177.91
 351   418.224
 352  3667.7
 353  3533.96
 354  3056.52
 355  2747.25
 356  2539.31
 357  1866.3
 358  1078.68
 359   367.729
 360   342.377
 361   417.2
 362   346.639
 363   246.1
 364   148.489
 365   118.586
 366    12.941
 367     2.79624
 368    51.8985
 369    58.7092
 370    63.2509
 371    12.1456
 372     9.69423
 373     1.10751
 374     0.78742
 375     1.80344
 376     4.75843
 377     1.79883
 378     0.48235
 379     0.90146
 380     0.20668
 381     0.53349
 382     0
 383     0
 384     1.49936
 385     0
 386     0
 387     0.77484
 388     0
 389     0.69248
 390     0.79567
 391     0
 392    28.8398
 393     2.87566
 394    44.5536
 395     1.03748
 396     2.75561
 397     0.51985
 398     1.4721
 399     0.23772
 400   164.691
 401    93.0945
 402   108.878
 403   144.193
 404    35.1785
 405     0.37163
 406    14.0328
 407     0.79368
 408   401.962
 409   501.342
 410   547.028
 411   412.633
 412   219.703
 413    55.6096
 414    52.7053
 415    28.5716
 416   613.832
 417   574.078
 418   443.813
 419   348.501
 420   262.137
 421   182.285
 422   106.358
 423    23.4929
 424   221.325
 425   102.746
 426    80.3198
 427    56.186
 428    42.5279
 429    37.9904
 430     3.37778
 431    17.4712
 432    55.4486
 433    46.273
 434    10.6431
 435     1.00698
 436     0
 437     0.27075
 438     0.5372
 439     0.73625
 440     0.93806
 441     1.28205
 442     1.0303
 443     0.29547
 444     0.85879
 445     0
 446     0
 447     0
 448    16.2594
 449     0.25265
 450     0.12129
 451     0.13752
 452     1.89946
 453     5.32459
 454     4.83402
 455     0.82344
 456     0.48631
 457     1.04033
 458     1.75529
 459     2.46671
 460     0
 461     0.14037
 462     0.54111
 463    14.52
 464    23.721
 465    39.7867
 466    17.0615
 467     4.14467
 468     7.78045
 469     0.32716
 470     0
 471     0.7601
 472    63.7353
 473    41.8097
 474    64.2038
 475     2.45534
 476     1.74415
 477     2.09182
 478     0
 479     1.09744
 480    90.9703
 481    44.3742
 482    31.614
 483    18.5257
 484     4.7193
 485     0.45487
 486     0.06348
 487     0.55052
 488    16.8034
 489     3.12532
 490     8.87677
 491     0.4175
 492     0
 493     3.35704
 494     0.6603
 495     0
 496    19.2037
 497     0
 498     0.52923
 499     0
 500     0.01212
 501     0.61315
 502     1.50887
 503     0
 504     0.71291
 505     0.75483
 506     0.72666
 507     1.14932
 508     0
 509     0
 510     0
 511     0
