This file was gnenerated on 2021-06-21 16:59:14.761731 by Grant Finneman. This contains the extracted data from the Gate simulations
The edep for each bar was summed up and printed to this file. The only math operation done has been addition.

  id      edep
   0    0
   1    0
   2    0
   3    0
   4    0
   5    0
   6    0
   7    0
   8    0
   9    0.427
  10    0
  11    0
  12    0
  13    0
  14    0
  15    0
  16    0
  17    0.427
  18    0
  19    0
  20    0
  21    0
  22   29.3318
  23    0
  24    0
  25    0.6759
  26    0
  27    0
  28    0
  29    0
  30    7.7643
  31    0
  32    0
  33   27.609
  34    0
  35    0
  36    0
  37    0
  38   13.6051
  39    9.6036
  40   19.214
  41    7.956
  42   13.26
  43   10.9577
  44    0.0409
  45    0
  46    0
  47    0
  48    0
  49    0.0796
  50    0
  51    0
  52    0
  53    0
  54    0
  55    0
  56    0
  57    0
  58    0
  59    0.1936
  60    0
  61    0
  62    0.4413
  63    0
  64    0
  65    0
  66    0
  67    0
  68    0
  69    0
  70    0
  71    0
  72    2.9064
  73    2.96
  74    0.4625
  75   18.1398
  76   22.4588
  77    0
  78    0
  79    1.9422
  80   18.4494
  81   17.645
  82    4.1131
  83   34.3039
  84   54.136
  85    2.8242
  86   25.3312
  87    1.2888
  88   41.4632
  89   52.343
  90   66.991
  91   44.0853
  92   46.2727
  93   22.7174
  94   17.269
  95    4.6015
  96   43.2918
  97   77.7633
  98   83.165
  99   31.8002
 100   17.3504
 101    6.4128
 102   18.4069
 103    0
 104   28.2546
 105   24.456
 106   15.789
 107    9.1932
 108   20.1801
 109    0.3383
 110    0.199
 111    0
 112    1.5516
 113    0
 114    0
 115   16.1614
 116    8.7137
 117    2.6499
 118    0
 119    0
 120    9.2136
 121    0
 122    0.9035
 123   11.9186
 124    0.1824
 125    0
 126    0
 127    0
 128    0
 129    0
 130    0
 131    0
 132    0
 133    0
 134    0
 135    0
 136   49.6906
 137    3.8452
 138    4.4445
 139   17.276
 140   17.45
 141   23.034
 142    0.6261
 143    0
 144  108.083
 145  161.623
 146  116.492
 147   64.2516
 148   27.7662
 149   37.6271
 150   51.0693
 151    4.3212
 152  197.8
 153  185.089
 154  205.386
 155  159.497
 156  103.847
 157   86.6778
 158   40.8148
 159   30.7589
 160  167.534
 161  257.663
 162  266.629
 163  167.832
 164  130.54
 165  103.668
 166   63.5815
 167   36.3491
 168   48.8477
 169   91.8717
 170  142.214
 171   98.0832
 172   76.9058
 173   47.9613
 174   52.6112
 175   10.1474
 176   39.8303
 177   27.6269
 178   27.324
 179    9.3521
 180    3.15
 181    4.6226
 182    0
 183    0.8199
 184   11.3076
 185    3.895
 186    0.9886
 187    0
 188    0
 189    0
 190    0
 191    0
 192    0
 193    0
 194    0
 195    0.9432
 196    0
 197    0
 198    0
 199    0
 200   35.5483
 201   46.5723
 202   43.9592
 203   62.726
 204   16.6418
 205    0
 206    5.9352
 207    0
 208  205.933
 209  242.163
 210  156.887
 211  140.671
 212   62.8356
 213   71.8876
 214   59.2043
 215   40.4266
 216  363.94
 217  377.455
 218  375.566
 219  301.561
 220   98.8922
 221   60.8694
 222   33.0762
 223   32.2009
 224  277.285
 225  221.662
 226  207.538
 227  262.595
 228  233.979
 229  191.975
 230  132.122
 231   50.8572
 232  168.199
 233  182.794
 234  142.663
 235  154.958
 236  134.544
 237  117.499
 238   65.8071
 239   28.1214
 240   40.9455
 241   47.4132
 242    0
 243   16.8591
 244   21.2692
 245   19.8004
 246    0
 247    0
 248    0
 249    0
 250    0.1327
 251    0
 252    0.8035
 253    0
 254    1.1021
 255    0
 256   18.1221
 257    0.164
 258    0
 259    0
 260    0
 261    0.6402
 262    0
 263    0
 264   12.8768
 265   30.5552
 266   65.3897
 267   63.2098
 268    7.1922
 269    3.4885
 270    0.5211
 271    0.6853
 272  146.435
 273  133.894
 274  115.722
 275  180.234
 276  180.69
 277   96.0122
 278   55.6311
 279   25.5702
 280  203.351
 281  236.913
 282  178.741
 283  218.301
 284  151.787
 285  109.241
 286   91.731
 287   36.7356
 288  222.289
 289  276.851
 290  208.645
 291  304.188
 292  183.208
 293  116.858
 294  140.523
 295   52.7272
 296  154.661
 297  174.885
 298  167.023
 299  150.705
 300   95.7099
 301   60.9946
 302   35.9906
 303   24.3526
 304   13.0608
 305   14.682
 306   32.1924
 307   13.0477
 308    6.4832
 309    9.8261
 310    0
 311    0.7112
 312    0
 313    0
 314   11.2584
 315    7.5056
 316    0
 317    0
 318    0
 319    0.5532
 320    0.5404
 321   18.2489
 322   28.4697
 323   21.6936
 324    0
 325    0.1527
 326    0
 327    0
 328    7.7027
 329   18.8262
 330   33.3322
 331   50.5927
 332   35.732
 333   12.5223
 334    3.4627
 335    1.904
 336  120.556
 337  118.183
 338   75.7032
 339  118.775
 340   91.2734
 341   62.4831
 342   46.1313
 343   12.6142
 344  271.823
 345  289.411
 346  209.424
 347  154.138
 348  147.124
 349  117.102
 350   95.5317
 351   16.0397
 352  245.485
 353  246.77
 354  205.635
 355  140.014
 356   79.8308
 357   53.5238
 358   66.8038
 359   17.9317
 360   78.1116
 361   95.7632
 362  103.492
 363  109.672
 364   80.6958
 365   26.5891
 366   16.1114
 367    9.0337
 368    5.1414
 369   10.4493
 370   28.7399
 371    3.4541
 372    4.2512
 373    0.4294
 374    0
 375    0
 376    0.6949
 377    0.5405
 378    7.7292
 379   10.3056
 380    0
 381    0
 382    0
 383    0
 384    0
 385    0
 386    0.3364
 387    0
 388    0
 389    0
 390    0
 391    0
 392   28.5918
 393   24.3604
 394    0
 395    5.172
 396    0.0567
 397    0
 398    0
 399    5.46
 400   22.1634
 401   11.634
 402    0
 403    5.0566
 404    5.0566
 405   14.8206
 406    0
 407    0.91
 408   72.0979
 409   69.0815
 410   46.0492
 411   22.4501
 412   17.6922
 413   37.7075
 414    0.8718
 415    0
 416   37.148
 417   16.6994
 418   43.1134
 419   35.608
 420   34.6099
 421    2.2705
 422   12.4965
 423   23.3268
 424   48.2498
 425   17.6741
 426   13.0395
 427   30.0027
 428   17.4603
 429    7.6666
 430    7.4749
 431    7.9402
 432    1.1833
 433    7.9872
 434    3.6864
 435    0
 436    0.0226
 437    0
 438    0
 439    0
 440    0
 441    0
 442    0
 443    0
 444    0
 445    1.0682
 446    0
 447    0
 448    0
 449    0
 450    0
 451    0
 452    0
 453    0
 454    0
 455    0
 456    0
 457    0
 458    0.6976
 459    0.4666
 460    0
 461    0
 462    0
 463    0
 464    0.028
 465    0
 466    0
 467    0
 468    0
 469    0
 470    0.698
 471    0
 472    0
 473    0
 474    0.9022
 475    5.1279
 476    0
 477    0.271
 478    0
 479    0
 480    0
 481    0
 482    0
 483    1.837
 484    0
 485    0
 486    0
 487    0
 488    0
 489    0
 490    0.4453
 491    0
 492    0
 493    0
 494    0
 495    0
 496    0
 497    0
 498    0
 499    0.9295
 500    0
 501    0
 502    0
 503    0
 504    0
 505    0
 506    0
 507    0
 508    0
 509    0
 510    0
 511    0.963
