This file was gnenerated on 2021-06-22 23:11:12.069212 by Grant Finneman. This contains the extracted data from the Gate simulations
The edep for each bar was summed up and printed to this file. The only math operation done has been addition.

  id        edep
   0     0
   1     0
   2     0
   3     2.98449
   4     2.2469
   5     0.88425
   6     0.97294
   7     1.34331
   8     0.53584
   9     0
  10     0.69412
  11     0.44475
  12     2.31831
  13     0.20664
  14     0.29752
  15     0
  16     1.10985
  17     8.26645
  18     2.60653
  19     0.38743
  20     1.32937
  21     0
  22     0
  23     0.90403
  24     0.38857
  25     2.50649
  26    10.1056
  27     1.84163
  28     2.44415
  29    18.6252
  30     0
  31     0.73004
  32     0.34291
  33     5.01443
  34    10.2344
  35     1.55735
  36     0
  37     0.82105
  38     0
  39     0.80954
  40     1.95078
  41     0
  42     0.38188
  43     0
  44     1.55239
  45     0.66314
  46     0.10936
  47     1.6588
  48     0.06959
  49     0.304
  50     0
  51     0.79573
  52     0.14154
  53     0.03676
  54     0.80512
  55     0
  56     0
  57     0
  58     0.10928
  59     0.61335
  60     0.5772
  61     0.94885
  62     0.15416
  63     0.29216
  64     0.59816
  65     0.50385
  66     0.88709
  67     0
  68    11.6037
  69     0
  70     0.24354
  71     0
  72     0.12105
  73    14.4686
  74     1.94611
  75     0.44475
  76     8.31168
  77     5.99126
  78     0.99307
  79     1.72282
  80    39.0518
  81    21.9762
  82    15.6131
  83    12.4502
  84     7.77957
  85     3.81334
  86     1.86845
  87     0.64191
  88   165.051
  89    63.75
  90    73.1352
  91    25.6993
  92    19.2775
  93     7.65082
  94     7.78111
  95     8.64946
  96    99.9674
  97   110.87
  98    74.213
  99    27.2331
 100    13.5493
 101     0
 102     0.77441
 103     0.31797
 104    46.2973
 105    84.0035
 106    92.3428
 107    58.4118
 108    15.0755
 109     4.19119
 110     2.56546
 111     3.34374
 112     9.69267
 113     2.73371
 114     6.52829
 115     0.85085
 116     0.15392
 117     0.70387
 118     4.46134
 119     0
 120     1.94913
 121     0.49536
 122     1.21249
 123     1.51243
 124     0.71084
 125     1.13033
 126     0
 127     0.9794
 128     0.95574
 129     0
 130     3.09299
 131     2.7404
 132     1.56674
 133     0.01909
 134     0.31722
 135     0.67118
 136    11.1517
 137    31.7415
 138    10.4846
 139    20.2616
 140    17.4013
 141     2.36519
 142     0.92706
 143     0.16467
 144   224.173
 145   223.138
 146   186.218
 147   145.478
 148   142.673
 149    27.1066
 150    18.9041
 151    16.4697
 152   733.686
 153  1071.92
 154   826.63
 155   678.502
 156   398.164
 157   273.416
 158   142.232
 159    14.6055
 160   963.627
 161  1095.11
 162   989.361
 163   684.888
 164   381.299
 165   241.068
 166    82.3114
 167    40.2622
 168   249.672
 169   293.163
 170   265.403
 171   199.473
 172    46.9224
 173    63.1578
 174    17.597
 175    22.4682
 176    22.8531
 177    27.2514
 178    42.0907
 179    33.515
 180     9.70916
 181    37.2095
 182     1.72269
 183     1.4329
 184     0.63171
 185     1.44673
 186     1.57043
 187     0
 188     1.72001
 189     0.71821
 190     0
 191     0.5714
 192     0.33415
 193     0.8828
 194     0.04809
 195     1.67938
 196     0.92003
 197     1.18138
 198     1.32741
 199    18.5147
 200    46.8922
 201    86.7362
 202    58.3581
 203    69.2945
 204    34.026
 205     3.31543
 206     8.80608
 207     7.95544
 208   627.65
 209   797.501
 210   675.981
 211   594.659
 212   366.877
 213   235.555
 214   109.675
 215    35.0722
 216  6049.32
 217  6597.33
 218  6089.41
 219  5605.31
 220  4354.46
 221  3487.51
 222  2032.6
 223   659.432
 224  7981.88
 225  7839.73
 226  7741.39
 227  7193.82
 228  6008.6
 229  4950.81
 230  3266.31
 231  1466.9
 232   903.466
 233   865.118
 234   754.384
 235   609.697
 236   216.406
 237   219.519
 238   115.542
 239    37.4521
 240    92.7775
 241    75.895
 242   110.797
 243    24.1353
 244    57.7609
 245     0.90266
 246     2.58845
 247     1.62531
 248     0
 249     0.51292
 250     0.68603
 251     1.41732
 252     0.26716
 253     1.06137
 254     1.01118
 255     4.53967
 256     0.37595
 257     0.50853
 258     0.90646
 259     0
 260     2.65681
 261     0.90342
 262     0.93652
 263     1.42201
 264    78.9774
 265    65.4414
 266    45.5178
 267    28.0672
 268    63.1857
 269    12.9836
 270    26.0748
 271    18.2746
 272   891.182
 273  1186.18
 274   931.314
 275   580.652
 276   296.499
 277   253.995
 278    89.2998
 279   111.51
 280  8531.4
 281  8178.75
 282  7919.36
 283  7397.41
 284  6531.18
 285  5096.37
 286  3197.2
 287  1357.02
 288  6460.53
 289  6416.08
 290  5971.92
 291  5591.67
 292  4431.57
 293  3036.66
 294  1848.09
 295   616.301
 296   801.387
 297   845.971
 298   800.508
 299   507.358
 300   372.534
 301   184.556
 302    97.6018
 303    26.2489
 304   121.89
 305   103.493
 306    43.3652
 307    34.0448
 308    50.6788
 309    23.7787
 310    23.3231
 311     0.37835
 312     1.23741
 313     2.50281
 314     0
 315     0
 316     0.64342
 317     1.2982
 318     0
 319     0.47643
 320    17.811
 321     0
 322     6.16978
 323     0
 324     0
 325     0.09012
 326     2.12499
 327     0
 328    52.3113
 329    25.2578
 330    48.6547
 331    30.5991
 332     3.03831
 333     2.59811
 334    14.6486
 335     1.53712
 336   254.056
 337   306.827
 338   221.365
 339   127.151
 340    82.6289
 341    50.7389
 342    16.4046
 343     1.61056
 344  1056.66
 345  1029.3
 346  1000.8
 347   646.473
 348   368.727
 349   318.699
 350   116.189
 351    14.7909
 352   707.67
 353  1139.93
 354   800.305
 355   615.07
 356   305.293
 357   267.218
 358   102.217
 359    30.4293
 360   288.839
 361   235.861
 362   218.899
 363   153.044
 364   121.775
 365    26.7334
 366    20.1632
 367     2.57699
 368    10.0588
 369    29.5933
 370     0
 371     1.87818
 372     1.10102
 373    28.3168
 374    13.3551
 375    13.4951
 376    13.0831
 377     0.83798
 378     1.64884
 379     2.0471
 380     0.87716
 381     2.162
 382     0
 383     0
 384     0
 385     1.213
 386    19.691
 387     2.09355
 388     0.34581
 389     0.82188
 390     1.10706
 391     0.2411
 392     0.39906
 393     0
 394     0.52872
 395    27.8978
 396    10.7616
 397     0.9236
 398     1.40703
 399     2.67666
 400    11.4227
 401    39.2416
 402    58.9695
 403    33.4226
 404    11.2719
 405     1.17364
 406     1.6484
 407     0.75001
 408    79.5213
 409   122.148
 410   142.254
 411    68.1185
 412    14.6733
 413    14.6257
 414    27.0709
 415    14.9409
 416   125.8
 417   167.444
 418    28.8938
 419    34.9684
 420    90.046
 421    60.2387
 422    19.2256
 423     7.88014
 424    35.0732
 425    70.838
 426     1.50231
 427     2.03459
 428    28.0478
 429    10.1852
 430     8.45313
 431     1.44151
 432     1.57714
 433     7.20784
 434     9.95262
 435     0
 436     0.1961
 437     0
 438     0
 439     2.09729
 440     0
 441     0.29142
 442     0.58466
 443     0.66943
 444     0.1961
 445     6.54345
 446     3.30254
 447     1.48276
 448     0
 449     0
 450     1.75656
 451     0
 452     0
 453     0
 454     0
 455     0
 456     0.55131
 457     0
 458     0
 459     0.86099
 460     0.37818
 461     0.37914
 462     0
 463     0
 464     1.00039
 465     0.74346
 466     2.44032
 467     0.46613
 468     0
 469     0.59533
 470     0
 471     0
 472    10.1549
 473    12.5521
 474     2.42606
 475    24.2313
 476     0
 477     1.67396
 478     0
 479     0
 480    16.5456
 481     0.90121
 482     0.98469
 483    23.4803
 484     0.97265
 485     0
 486     2.16388
 487     2.41721
 488     1.46637
 489     1.20679
 490     0.42572
 491    25.7407
 492    16.2965
 493    23.5001
 494    10.1879
 495     8.77145
 496     1.60532
 497     0.36375
 498     0.41308
 499     0
 500     0.33762
 501     4.24877
 502     0
 503     0.14189
 504     0.30457
 505     1.24671
 506     0
 507     3.02498
 508     0.43533
 509     0.65232
 510     0
 511     0.28948
