This file was gnenerated on 2021-06-21 16:57:13.335433 by Grant Finneman. This contains the extracted data from the Gate simulations
The edep for each bar was summed up and printed to this file. The only math operation done has been addition.

  id      edep
   0    0
   1    0
   2    0
   3    0.8388
   4    0
   5    0
   6    0
   7    0
   8    0
   9    0
  10    0
  11    0
  12    0
  13    0.8488
  14    0
  15    0
  16    0
  17    0
  18    0
  19    0
  20    0
  21    0
  22    0
  23    0
  24    0
  25    0
  26    0
  27    0
  28    0
  29    0
  30    0
  31    0
  32    0
  33    0
  34    0
  35    0
  36    0
  37    0
  38    0
  39    0.8211
  40    0
  41    0
  42    0
  43    0.178
  44    0.5126
  45    0
  46    0
  47    0
  48    0
  49    0
  50    0
  51    0
  52    0
  53    0
  54    0
  55    0
  56    0
  57    0
  58    0
  59    0
  60    0
  61    0
  62    0.3194
  63    0
  64    0
  65    0
  66    0
  67    0
  68    0
  69    0
  70    0
  71    0
  72    0
  73    0
  74    0
  75    0
  76    0
  77    0.416
  78    0
  79    0.8341
  80    0
  81   15.9372
  82   35.6907
  83    0
  84    0.0083
  85    0.5543
  86    0
  87    0.7289
  88    0.227
  89   21.6719
  90   60.9443
  91   33.4256
  92    5.6276
  93    9.8274
  94    0
  95    0
  96    4.7399
  97   16.78
  98   15.8368
  99    8.0149
 100    0
 101    0
 102    0
 103    0
 104    0
 105    9.8482
 106    2.6243
 107    0.7987
 108    0.6736
 109    0
 110    0.3885
 111    0.6513
 112    0
 113    0
 114    0
 115    0.771
 116    0
 117    0
 118    0
 119    0
 120    0
 121    0
 122    0
 123    0.252
 124    0
 125    0
 126    0
 127    0
 128    0
 129    0.3976
 130    0
 131    0
 132    0
 133    0.4218
 134    0
 135    0
 136   20.5751
 137    3.8748
 138    0.7147
 139    0
 140    0
 141    0
 142    0
 143    0
 144   43.5758
 145   75.9677
 146   12.0091
 147    0.2921
 148   20.2913
 149   14.0424
 150    0.9346
 151    0
 152  137.846
 153  113.005
 154  121.927
 155  113.263
 156  111.341
 157   84.7458
 158   29.3329
 159    1.3651
 160  127.745
 161  142.623
 162  139.939
 163  128.002
 164  101.433
 165   60.6973
 166   30.4629
 167   10.6997
 168  117.913
 169   68.7483
 170   35.4865
 171   39.5366
 172   24.8961
 173   11.1079
 174    8.5881
 175   19.3425
 176    0
 177    5.0708
 178    0
 179    0
 180    0
 181    0.5389
 182    0.0981
 183    0.5891
 184    0.252
 185    0
 186    0
 187    0
 188    0
 189    0
 190    0
 191    0
 192    0
 193    0
 194    0.2575
 195    7.0742
 196    0
 197    0.9982
 198    0
 199    0
 200   21.7364
 201   11.4576
 202   11.2938
 203    0
 204    0
 205    0
 206    0.0155
 207    0
 208  114.801
 209  116.808
 210  128.1
 211   57.9134
 212   31.6181
 213   57.848
 214   45.2855
 215   26.2577
 216  563.837
 217  586.873
 218  599.086
 219  558.07
 220  497.424
 221  383.145
 222  342.52
 223  103.839
 224  747.404
 225  608.521
 226  736.924
 227  852.64
 228  740.117
 229  510.681
 230  270.948
 231  126.046
 232  177.977
 233  229.948
 234  148.057
 235  118.05
 236   94.9851
 237   47.4439
 238   17.7097
 239    3.1805
 240   27.4036
 241   28.9598
 242   10.673
 243    7.3106
 244    0
 245    1.4838
 246    0
 247    0.6721
 248   23.4888
 249    0
 250    0
 251    0
 252    0
 253    0
 254    0
 255    0
 256    0
 257    0
 258    0
 259    7.735
 260    0
 261    0
 262    0
 263    0
 264    1.9483
 265    0.0909
 266    0
 267    5.3408
 268   22.1717
 269    0
 270    0
 271    0
 272  149.822
 273  116.435
 274   99.3313
 275   76.033
 276  150.161
 277   72.4622
 278   38.0888
 279    6.5112
 280  706.712
 281  929.095
 282  660.478
 283  560.164
 284  510.12
 285  425.284
 286  312.833
 287   77.8512
 288  511.156
 289  617.281
 290  543.886
 291  546.376
 292  584.184
 293  453.322
 294  200.389
 295  100.39
 296  137.268
 297  159.219
 298  178.008
 299  125.088
 300  115.988
 301   62.766
 302   51.13
 303   31.6975
 304   13.0236
 305   22.2487
 306    3.405
 307    1.5515
 308    0
 309    0
 310    0
 311    0
 312    0.568
 313    0.2635
 314    0.9838
 315    0
 316    0
 317    0
 318    0
 319    0
 320    0
 321    0
 322    0
 323    0
 324    0
 325    0.5773
 326    0
 327    0
 328   13.164
 329    0
 330    0
 331    0
 332    0
 333    0
 334    0.7033
 335    0.7033
 336   45.2972
 337   83.5699
 338   51.3371
 339   20.3674
 340    3.453
 341    0
 342    0
 343    0
 344  155.25
 345  151.953
 346   99.2647
 347  105.994
 348   65.6274
 349   33.7032
 350   45.3289
 351    8.7484
 352  116.347
 353  156.669
 354  122.577
 355   27.5381
 356   24.7664
 357   27.445
 358    9.6666
 359    0
 360   60.3633
 361   52.6951
 362   79.0942
 363    4.8317
 364    4.8476
 365    0.3125
 366    1.326
 367    0
 368    2.262
 369   22.6595
 370    0.4674
 371    0.2153
 372    0
 373    0
 374    0
 375    0
 376    0
 377    0
 378    0.369
 379    0
 380    0
 381    0
 382    0
 383    0
 384    0
 385    0
 386    0
 387    0
 388    0
 389    0.6404
 390    0
 391    0
 392    0
 393    0
 394    0.2944
 395    0
 396    0.5773
 397    0.8875
 398    0
 399    0
 400    6.7116
 401    4.9829
 402    7.9112
 403    7.4584
 404    0
 405    0.5773
 406    0
 407    0
 408    1.1844
 409    3.0482
 410   11.0626
 411    9.4714
 412    0
 413    0.5564
 414    0
 415    0
 416   10.9134
 417    9.9522
 418   11.8813
 419    1.8684
 420    0.8016
 421    0
 422    0
 423    0.6881
 424    4.1078
 425   12.4244
 426    7.8125
 427    0.847
 428   13.8279
 429    0
 430    0
 431    0
 432    0
 433    0.0246
 434    0
 435    0
 436    0
 437    0
 438    0.9139
 439    0.9139
 440    0
 441    0
 442    0.5904
 443    0
 444    0
 445    0
 446    0
 447    0
 448    0
 449    0
 450    0
 451    0
 452    0
 453    0
 454    0
 455    0
 456    0
 457    0
 458    0
 459    0
 460    0
 461    0.1844
 462    0
 463    0
 464    0
 465    0.3802
 466    0.9838
 467    0
 468    0
 469    0
 470    0.6404
 471    0
 472    0
 473    0
 474    0
 475    0
 476    0
 477    0
 478    0
 479    0
 480    0
 481    0
 482    0.6417
 483    0
 484    0.1084
 485    0
 486    0
 487    0
 488    0
 489    0
 490    0
 491    0
 492    0
 493    0
 494    0
 495    0
 496    0
 497    0
 498    0
 499    0.8812
 500    0
 501    0
 502    0
 503    0
 504    0
 505    0
 506    0
 507    0
 508    0
 509    0
 510    0
 511    0
