This file was gnenerated on 2021-06-22 23:51:47.002249 by Grant Finneman. This contains the extracted data from the Gate simulations
The edep for each bar was summed up and printed to this file. The only math operation done has been addition.

  id        edep
   0    25.8931
   1     0.86636
   2     0.29202
   3     0.19316
   4     0.24134
   5     0.10336
   6     0
   7     0.75546
   8     0
   9     1.00355
  10     3.53221
  11    18.0939
  12     1.18772
  13     5.73285
  14    14.5795
  15    10.1263
  16    41.4997
  17    77.9454
  18    46.1836
  19    13.2858
  20     0.4263
  21     0.31966
  22     1.03975
  23     2.22503
  24   102.606
  25   137.309
  26    14.9802
  27    52.913
  28    18.3658
  29    23.5544
  30     2.87844
  31     0.59642
  32    86.4521
  33    51.4413
  34    45.7666
  35    16.5196
  36    28.5507
  37    19.0332
  38     3.27351
  39     0.75382
  40   133.862
  41    95.6039
  42    69.5421
  43    24.1789
  44    62.9725
  45    35.4182
  46     5.41254
  47     4.21295
  48    33.5619
  49    34.1973
  50     2.17493
  51    25.1213
  52    11.3524
  53     0.82582
  54     1.29718
  55     0.70088
  56     6.89556
  57     1.07232
  58     0.19869
  59     0.91771
  60     0.50208
  61     0
  62     0
  63     0.14336
  64    15.7754
  65     0
  66     0.76391
  67    29.9766
  68    18.9789
  69     1.67651
  70     0
  71     0.93513
  72   105.011
  73    70.5628
  74    49.7625
  75    86.5256
  76    37.5454
  77    12.5996
  78     9.99482
  79     0
  80   297.928
  81   170
  82   144.641
  83   180.447
  84   127.767
  85   154.683
  86    42.1452
  87    28.8472
  88   440.893
  89   519.754
  90   386.041
  91   307.885
  92   140.422
  93   109.091
  94    59.0274
  95    14.795
  96   660.146
  97   708.12
  98   584.542
  99   599.047
 100   484.907
 101   323.301
 102   133.597
 103    36.2576
 104   422.123
 105   623.072
 106   482.683
 107   345.194
 108   250.386
 109   225.362
 110   152.657
 111    66.478
 112    81.0632
 113    61.473
 114    62.524
 115    57.4
 116    40.8856
 117    16.464
 118    36.1278
 119     0.91678
 120     3.73738
 121     6.79309
 122    11.858
 123    16.5148
 124     0
 125     0.53641
 126     0
 127     1.21231
 128    97.8088
 129    38.6546
 130    57.308
 131    47.0902
 132     6.67045
 133     9.3614
 134     0
 135     4.13757
 136   504.814
 137   641.04
 138   469.904
 139   311.279
 140   331.075
 141   187.518
 142   167.256
 143   128.516
 144  1420.32
 145  1300.97
 146  1083.94
 147   922.71
 148   919.16
 149   687.151
 150   447.704
 151   189.602
 152  2011.14
 153  2397.94
 154  2103.44
 155  1688.44
 156  1180.75
 157   868.103
 158   468.949
 159   151.06
 160  1791.84
 161  1913.13
 162  1641.96
 163  1560.32
 164  1381.35
 165  1043.18
 166   655.752
 167   253.775
 168  1486.54
 169  1385.61
 170  1199.55
 171  1280.66
 172  1032.31
 173   739.111
 174   631.198
 175   234.029
 176   220.545
 177   292.239
 178   215.703
 179   194.279
 180    54.7953
 181    25.934
 182    40.636
 183    13.4989
 184    14.8141
 185    50.9153
 186     9.15854
 187    22.1803
 188    28.149
 189    25.3237
 190     1.12641
 191     7.38835
 192    72.2143
 193    23.8521
 194    46.6341
 195    55.415
 196    19.3912
 197     6.61358
 198    17.4342
 199    22.1034
 200   651.073
 201   711.776
 202   735.28
 203   556.659
 204   386.098
 205   251.477
 206   150.848
 207    56.5329
 208  1792.77
 209  2165.87
 210  2044.1
 211  1969.26
 212  1406.99
 213  1085.9
 214   728.242
 215   260.236
 216  2231.29
 217  2396.58
 218  2153.97
 219  1926.62
 220  1379.73
 221  1154.22
 222   537.085
 223   258.837
 224  2314.46
 225  2546.11
 226  2208.56
 227  1844.4
 228  1693.94
 229  1246.69
 230   795.658
 231   232.933
 232  1792.38
 233  1840.96
 234  1612.28
 235  1503.02
 236  1065.39
 237   876.377
 238   629.24
 239   231.872
 240   407.238
 241   455.134
 242   404.797
 243   308.821
 244   241.744
 245    95.9692
 246    45.433
 247     4.00913
 248    49.8717
 249    71.8043
 250    48.964
 251    26.3353
 252    48.5993
 253     7.66808
 254     0.64953
 255     9.95963
 256    59.96
 257    38.9418
 258    57.0737
 259    15.568
 260     1.19962
 261     0.01812
 262     0.72639
 263     0.41031
 264   479.725
 265   552.457
 266   433.244
 267   315.486
 268   121.254
 269    64.0997
 270    33.7004
 271     5.82149
 272  1778.48
 273  1837.42
 274  1627.18
 275  1456.49
 276  1117.49
 277   837.208
 278   541.962
 279   208.322
 280  2303.51
 281  2364.46
 282  1986.83
 283  1917.09
 284  1503.22
 285  1338.96
 286   681.087
 287   259.28
 288  2443.17
 289  2533.15
 290  2326.71
 291  1774.31
 292  1447.94
 293  1102.81
 294   615.876
 295   245.519
 296  2142.59
 297  2052.7
 298  1678.38
 299  1548.2
 300  1386.36
 301  1069.55
 302   587.103
 303   226.23
 304   613.972
 305   620.101
 306   682.374
 307   507.609
 308   311.751
 309   305.371
 310   132.653
 311    36.9589
 312    74.3514
 313    90.2032
 314    96.862
 315    28.0286
 316    10.5145
 317    27.2718
 318     1.51291
 319     0.51422
 320    58.4704
 321    71.0709
 322    28.2856
 323    18.8073
 324    10.4276
 325     1.07702
 326     0.90511
 327     0
 328   258.079
 329   233.252
 330   350.704
 331   263.068
 332   114.167
 333    52.7962
 334    22.4924
 335     5.4174
 336  1245.63
 337  1327.55
 338  1420.2
 339  1238.29
 340   876.762
 341   644.014
 342   397.491
 343   160.879
 344  1925.14
 345  1798.59
 346  1939.63
 347  1704.77
 348  1338.37
 349  1053.97
 350   605.977
 351   250.479
 352  1863.46
 353  1876.27
 354  1705.6
 355  1487.05
 356  1226.11
 357   951.658
 358   453.832
 359   215.104
 360  1368.9
 361  1454.45
 362  1396.02
 363  1252.53
 364  1053.3
 365   678.74
 366   310.143
 367    81.1717
 368   391.102
 369   474.393
 370   399.162
 371   430.088
 372   323.963
 373   166.894
 374   118.144
 375    57.1595
 376    10.7405
 377    15.5921
 378    42.6782
 379    22.2524
 380    29.8377
 381    17.4672
 382     0.91119
 383     0
 384    22.3402
 385    17.0803
 386     9.77189
 387     3.42178
 388     1.47297
 389     0
 390     0
 391     0
 392    71.3793
 393    87.317
 394   156.556
 395    72.6473
 396    20.8798
 397     6.84357
 398     0
 399     0
 400   525.895
 401   475.689
 402   428.623
 403   377.743
 404   260.33
 405   184.794
 406   118.881
 407    55.4644
 408   656.392
 409   721.747
 410   612.275
 411   431
 412   460.178
 413   259.922
 414    98.9788
 415    36.2599
 416   502.022
 417   422.261
 418   382.538
 419   318.955
 420   251.25
 421    47.0514
 422    28.4621
 423     1.16049
 424   141.555
 425   329.65
 426   276.127
 427   193.788
 428    77.225
 429    34.5914
 430    29.4312
 431     6.8242
 432    56.1415
 433    93.6788
 434    25.2886
 435    55.759
 436    46.461
 437    37.0429
 438     8.35013
 439     3.89995
 440    23.1844
 441    33.6889
 442    21.0733
 443    40.3511
 444    42.705
 445     7.40799
 446     3.27016
 447     0
 448    17.3749
 449     4.72598
 450     0.08997
 451    16.9437
 452    12.8259
 453    10.3565
 454     7.03698
 455     5.5917
 456    38.1227
 457    29.5394
 458    32.4832
 459    33.5499
 460    15.9356
 461     3.7278
 462     6.08005
 463     7.25472
 464    97.4328
 465    36.2794
 466    25.0092
 467    26.3509
 468    14.4163
 469    17.6948
 470     0.5689
 471     2.21182
 472    74.4909
 473    61.8115
 474    45.0134
 475    34.055
 476    45.3127
 477    35.5738
 478     0.0609
 479     0.0609
 480    24.0604
 481    56.9322
 482    30.1654
 483     6.56114
 484     5.4868
 485    23.1507
 486     0.44097
 487     0
 488     8.24202
 489    54.7956
 490    21.9435
 491    26.0284
 492    18.8179
 493     4.45913
 494     1.13485
 495     0.2502
 496     2.36179
 497     0.78096
 498     2.74179
 499    21.7558
 500    12.6391
 501     0.31966
 502     0.0609
 503     0.0609
 504    20.9704
 505     4.31508
 506     0.92582
 507    11.2169
 508     1.05072
 509     1.97564
 510     0
 511     0.98276
