This file was gnenerated on 2021-06-22 23:54:48.936082 by Grant Finneman. This contains the extracted data from the Gate simulations
The edep for each bar was summed up and printed to this file. The only math operation done has been addition.

  id        edep
   0     0.29729
   1     1.53513
   2     0.96608
   3     0.55064
   4     0
   5     0
   6     0.15891
   7     1.80964
   8     0.23431
   9     0.63539
  10     0.90992
  11     0
  12     0.88064
  13     0.29467
  14     0.5199
  15     1.10302
  16     0
  17     0
  18     1.18899
  19     0
  20     0
  21     0.82015
  22     0.23743
  23     1.67988
  24     0.56348
  25     0.88591
  26     1.60464
  27     0.72788
  28     1.3053
  29    11.7555
  30    13.1328
  31     0.77637
  32     1.63484
  33     9.00934
  34    36.7722
  35    10.299
  36     0.71037
  37     1.64734
  38     0.25753
  39     2.15499
  40     4.22305
  41    19.9706
  42     1.62574
  43     1.02694
  44     0.70282
  45     0.66814
  46     0.44597
  47     1.20612
  48    13.6375
  49    12.0516
  50    17.8482
  51     0.80141
  52     0
  53    12.2478
  54     2.30681
  55     0
  56     2.09323
  57     0.38458
  58     0.56091
  59     0
  60     8.7571
  61    12.3074
  62     0
  63     0.34244
  64     0
  65     0.42149
  66     0.98404
  67     0.92767
  68     0.76061
  69     0.16
  70     0
  71     0.45402
  72     3.17875
  73    30.8579
  74    34.074
  75    24.8549
  76    12.6122
  77     2.66519
  78     6.94539
  79    24.017
  80    37.6279
  81    54.5534
  82    12.3647
  83     3.39083
  84    13.6655
  85    20.7046
  86     0.53325
  87    27.9348
  88    47.0277
  89    85.3909
  90    36.0853
  91     8.20949
  92    27.0225
  93    14.3525
  94     0.7289
  95     0.98726
  96    71.535
  97   181.714
  98   129.845
  99    24.8306
 100    57.0699
 101    44.9255
 102     1.16227
 103     1.31172
 104   130.584
 105   200.327
 106    97.5675
 107    55.1225
 108    70.7004
 109    27.438
 110     4.03685
 111     7.44431
 112    43.8204
 113    85.5887
 114    49.3378
 115    14.7699
 116    25.446
 117    40.1553
 118    20.7596
 119     5.89392
 120    30.5503
 121     1.35724
 122     4.59823
 123     9.46179
 124    17.5877
 125     6.0616
 126     7.83464
 127     0.1765
 128    13.8996
 129    15.3396
 130     9.80744
 131     4.88351
 132     0.88064
 133     0.46386
 134     0
 135     1.33153
 136   140.448
 137    86.8014
 138    93.9217
 139    81.7503
 140    59.5537
 141    59.9435
 142    16.7261
 143     7.96936
 144   283.652
 145   259.076
 146   179.07
 147   222.349
 148   117.583
 149   102.192
 150    15.0203
 151    10.2848
 152   486.992
 153   549.152
 154   585.872
 155   346.731
 156   368.961
 157   176.192
 158    33.3221
 159    13.9081
 160   686.605
 161   910.64
 162   861.286
 163   520.701
 164   495.479
 165   316.246
 166    85.86
 167    21.3939
 168  1194.43
 169  1256.23
 170  1088.68
 171   874.927
 172   715.132
 173   544.176
 174   308.447
 175   104.122
 176   380.455
 177   407.96
 178   305.28
 179   293.813
 180   197.718
 181   144.405
 182    85.5857
 183    13.8885
 184    76.2125
 185   101.707
 186    45.7692
 187    96.8536
 188    40.1031
 189    22.4169
 190    26.894
 191    12.5729
 192    89.0772
 193   109.98
 194    47.7614
 195    34.5574
 196    26.194
 197    30.5753
 198     5.75135
 199     0
 200   675.322
 201   697.497
 202   656.925
 203   487.69
 204   310.848
 205   224.286
 206   142.554
 207    75.8253
 208  2483.06
 209  2368.01
 210  1806.78
 211  1738.75
 212  1524.16
 213  1033.3
 214   669.419
 215   239.76
 216  3189.21
 217  3206.37
 218  3046.31
 219  2681.71
 220  2286.64
 221  1862.21
 222  1152.58
 223   450.09
 224  3950.71
 225  3998.24
 226  3848.01
 227  3543.51
 228  3141.45
 229  2345.92
 230  1537.75
 231   564.379
 232  3779.03
 233  3478.86
 234  3613.16
 235  3266.46
 236  2984.07
 237  2330.6
 238  1529.55
 239   597.407
 240  1213.24
 241  1327.5
 242  1234.26
 243  1054.99
 244   872.09
 245   618.774
 246   377.419
 247   158.467
 248   125.593
 249   103.698
 250   101.889
 251    64.7528
 252    47.8095
 253    32.0632
 254    13.1522
 255     0.03972
 256   110.825
 257   171.651
 258   107.122
 259   118.307
 260    28.0168
 261    26.0744
 262    20.696
 263     4.06898
 264  1143.54
 265  1151.92
 266  1038.37
 267  1039.04
 268   704.287
 269   545.443
 270   344.701
 271   146.739
 272  3976.06
 273  4041.23
 274  3869.72
 275  3165.59
 276  2696.85
 277  1961.76
 278  1437.19
 279   554.894
 280  3615.62
 281  3777.98
 282  3477.07
 283  3154.21
 284  2785.49
 285  2104.22
 286  1351.71
 287   534.006
 288  3007.44
 289  3339
 290  2970.21
 291  2701.73
 292  2076.1
 293  1681.74
 294  1070.6
 295   327.966
 296  2425.28
 297  1971.08
 298  1980.01
 299  1668.76
 300  1497.03
 301   926.154
 302   666.218
 303   251.117
 304   673.424
 305   804.552
 306   649.059
 307   565.363
 308   410.824
 309   279.085
 310   141.994
 311    49.4983
 312    25.3632
 313    34.805
 314    90.5418
 315    83.1435
 316    51.948
 317    56.8999
 318     0.99326
 319     0
 320    40.8229
 321    91.2762
 322    79.6818
 323    29.7039
 324    47.378
 325     7.67044
 326     0.11688
 327     0.80737
 328   450.698
 329   394.046
 330   347.359
 331   313.588
 332   289.811
 333   285.46
 334    83.7262
 335    10.5206
 336  1386.84
 337  1334.73
 338  1105.95
 339  1133.57
 340   899.038
 341   526.103
 342   283.061
 343   110.795
 344   943.922
 345   819.26
 346   854.643
 347   670.412
 348   342.353
 349   220.634
 350    65.3515
 351    20.2068
 352   483.703
 353   530.462
 354   391.385
 355   517.469
 356   329.137
 357   172.918
 358    41.8857
 359     9.98759
 360   334.077
 361   282.835
 362   347.475
 363   262.486
 364   254.939
 365    86.0037
 366     5.24202
 367    12.1254
 368   165.263
 369    95.3517
 370    47.8203
 371    38.2928
 372    28.5417
 373    41.3526
 374     4.85244
 375     2.93265
 376    32.7657
 377    86.9644
 378    24.4509
 379     4.87702
 380    22.6325
 381     4.50748
 382     1.58861
 383     1.49389
 384    15.4878
 385    21.4867
 386     5.41485
 387     9.02347
 388     1.30845
 389    14.046
 390     3.8612
 391     1.89378
 392   101.467
 393    74.1069
 394    30.0599
 395    44.3147
 396    18.6675
 397     1.77762
 398     0.71958
 399     2.59773
 400   214.722
 401   152.495
 402   196.721
 403   136.292
 404    69.7615
 405    19.68
 406    22.3215
 407    10.6365
 408   135.621
 409    96.8043
 410    95.879
 411    70.9325
 412    78.9194
 413     1.19872
 414     1.40828
 415     0
 416    59.9187
 417    88.7234
 418    35.5861
 419    45.6776
 420    30.037
 421     3.64082
 422     9.20934
 423     2.74405
 424     7.01269
 425    26.1131
 426    28.8217
 427    23.1654
 428     1.83276
 429    24.8074
 430     7.73514
 431     3.47256
 432     0
 433     6.2312
 434     3.58195
 435    16.538
 436     1.24358
 437     0.12622
 438     1.51821
 439     0.47321
 440     0.39715
 441     1.26089
 442     0.80891
 443     0.98282
 444     0
 445    10.648
 446     9.75502
 447     7.07482
 448     1.64958
 449     0
 450     0
 451     0.48196
 452     0.61372
 453     0.95819
 454     0
 455     0
 456     0
 457     1.27476
 458     1.37308
 459    21.4836
 460     1.92021
 461     0
 462     0.22084
 463     3.84592
 464    11.7856
 465    13.3809
 466    25.9657
 467    13.1952
 468     0.7067
 469     3.36341
 470     1.57533
 471     0.81052
 472     4.70873
 473    11.8415
 474     3.00496
 475    15.0262
 476    11.8986
 477     9.25975
 478     0.187
 479     0
 480     1.34151
 481     2.40303
 482     0.68242
 483     1.4917
 484    11.0019
 485    21.6938
 486     0.96619
 487     1.69641
 488     0.75503
 489     0.7633
 490     0.63623
 491     0.98287
 492     0.17541
 493     0
 494     2.46967
 495     0
 496     0
 497     5.45142
 498     0.99715
 499     0
 500     0
 501     2.03149
 502     0
 503     0
 504     0.80912
 505     0
 506     1.90832
 507     1.11798
 508     1.25834
 509     0.28571
 510     0.39478
 511     1.32148
