This file was gnenerated on 2021-06-22 23:38:51.539893 by Grant Finneman. This contains the extracted data from the Gate simulations
The edep for each bar was summed up and printed to this file. The only math operation done has been addition.

  id        edep
   0     0.51324
   1     0.25056
   2     8.208
   3     0.73622
   4     0
   5     0.41495
   6     0.18939
   7     0.14871
   8     1.21135
   9     3.10233
  10     1.02542
  11     0
  12     0
  13     0.85333
  14     0.85291
  15     0
  16    37.6714
  17    16.8471
  18    28.1567
  19    23.9547
  20    22.2785
  21     0.89217
  22     0.35992
  23     0.7094
  24    47.4646
  25    98.3051
  26    16.9687
  27    21.3411
  28     3.98807
  29     3.05172
  30     1.20729
  31     0.61703
  32    39.7816
  33    35.6744
  34    57.3605
  35    23.3311
  36    19.3252
  37     9.80542
  38    23.0604
  39     7.09958
  40    51.6129
  41    21.254
  42     0.89287
  43     0.63366
  44    18.9836
  45     5.27775
  46     0.97212
  47     0
  48     0
  49     0.06003
  50     7.89497
  51     3.16102
  52     0.9968
  53     0.7045
  54     0.78385
  55     0
  56     0.29062
  57     0.36149
  58     1.17468
  59     0.36689
  60     0
  61     0.82275
  62     1.23375
  63     0.36017
  64     5.49774
  65    31.225
  66    11.4364
  67     0
  68     1.7158
  69     0
  70     0.96223
  71     0.21162
  72    18.9043
  73    88.3406
  74    56.183
  75    15.7769
  76    12.8108
  77    22.9505
  78     6.28559
  79    10.634
  80   174.42
  81   220.325
  82   189.418
  83    98.3187
  84    68.9063
  85   110.99
  86    69.3075
  87     8.61016
  88   451.065
  89   338.645
  90   290.086
  91   214.83
  92   126.087
  93    55.2891
  94    32.3039
  95    20.5319
  96   533.038
  97   666.302
  98   433.527
  99   353.439
 100   312.894
 101   155.957
 102    59.268
 103    13.2657
 104   191.456
 105   118.917
 106   126.376
 107    71.3968
 108    78.468
 109    67.5509
 110    25.7286
 111    19.2337
 112    80.3038
 113    59.8116
 114     3.01487
 115    15.9766
 116    22.9773
 117     4.05177
 118     0.54064
 119     0.44417
 120     4.47494
 121     2.20665
 122     0.22051
 123     0.56793
 124     1.08115
 125     0.32292
 126     1.1507
 127     0.43811
 128    16.1132
 129    28.9707
 130     0
 131     1.32884
 132    16.4811
 133    20.5421
 134     0.74421
 135     0.8622
 136   226.042
 137   217.936
 138   152.725
 139   182.695
 140   136.331
 141    76.8995
 142    35.8832
 143     9.77754
 144  1413.82
 145  1309.96
 146  1191.98
 147  1062.7
 148   848.809
 149   591.4
 150   399.227
 151   218.243
 152  2000.94
 153  2352.83
 154  1961.77
 155  1786.92
 156  1432.81
 157  1089.04
 158   689.402
 159   233.229
 160  2468.76
 161  2812.7
 162  2445.93
 163  1912.98
 164  1801.93
 165  1183.47
 166   844.204
 167   366.964
 168   762.113
 169   841.192
 170   732.011
 171   633.852
 172   496.611
 173   407.109
 174   199.782
 175    82.7671
 176   114.622
 177   136.607
 178    72.4663
 179    31.8474
 180    32.5955
 181    18.3422
 182     0.42305
 183     1.16467
 184    11.7532
 185     2.89378
 186     1.47602
 187     0
 188     0.89672
 189    12.555
 190     0.49823
 191     0
 192    51.3183
 193     0.63653
 194    19.5369
 195    48.5938
 196    56.4323
 197    31.8851
 198     3.93875
 199     0
 200   376.061
 201   267.866
 202   268.184
 203   230.009
 204   155.798
 205    94.1569
 206    22.1502
 207     2.62063
 208  2002.89
 209  2261.78
 210  2042.25
 211  1644.61
 212  1282.22
 213  1022.84
 214   744.24
 215   253.241
 216  3154.57
 217  3395.66
 218  3082.03
 219  2559.42
 220  2094.74
 221  1642.87
 222   963.332
 223   324.611
 224  3261.21
 225  3300.58
 226  2993.76
 227  2663.83
 228  2181.38
 229  1464.73
 230   868.602
 231   329.626
 232  1363.34
 233  1476.34
 234  1531.76
 235  1356.81
 236   973.652
 237   837.091
 238   467.896
 239   213.851
 240   173.162
 241   262.892
 242   232.444
 243   137.023
 244    88.3648
 245    28.7679
 246    37.5398
 247     9.71609
 248    21.6067
 249    18.0231
 250    36.6091
 251    17.3823
 252    22.3974
 253    17.8295
 254     4.66051
 255     0.0233
 256    27.2312
 257     1.10346
 258    17.748
 259    27.2017
 260    16.0402
 261     0.31183
 262     0.26306
 263     0.83775
 264   271.47
 265   181.034
 266   170.794
 267   138.595
 268   138.063
 269    68.2579
 270    36.661
 271     1.6206
 272  1520.83
 273  1669.21
 274  1531.73
 275  1276.84
 276   944.538
 277   644.012
 278   438.832
 279   171.587
 280  3105.58
 281  3247.13
 282  3160.29
 283  2556.32
 284  2255.77
 285  1589.2
 286   902.746
 287   388.302
 288  3321.17
 289  3184.46
 290  3021.54
 291  2671.13
 292  2198.98
 293  1568.18
 294  1002.5
 295   343.487
 296  1993.22
 297  1928.35
 298  1899.05
 299  1498.58
 300  1302.06
 301  1009.7
 302   703.023
 303   240.234
 304   266.837
 305   232.349
 306   261.512
 307   225.413
 308   213.691
 309    57.9641
 310    47.9112
 311    18.3123
 312    37.6269
 313    15.5995
 314    50.0962
 315    23.6995
 316    17.0222
 317    10.0395
 318     0.90258
 319     0.83423
 320    26.4046
 321     1.47514
 322     1.33972
 323     0.52609
 324     2.47215
 325     0.96811
 326     0
 327     0.38061
 328   184.928
 329    99.3751
 330   134.906
 331    73.4662
 332    34.9938
 333    23.7896
 334    11.191
 335     0.38466
 336   892.8
 337   962.868
 338   809.617
 339   738.683
 340   508.091
 341   379.379
 342   233.607
 343    83.2631
 344  2419.92
 345  2655.51
 346  2688.27
 347  2298.87
 348  1867.32
 349  1269.13
 350   927.98
 351   429.572
 352  2228.63
 353  2213.88
 354  1980.13
 355  1818.78
 356  1494.65
 357  1191.02
 358   682.997
 359   159.937
 360  1262.84
 361  1287.54
 362  1217.32
 363  1093.75
 364  1159.68
 365   564.87
 366   321.186
 367   130.784
 368   243.169
 369   153.63
 370   163.493
 371    89.8332
 372   121.264
 373    35.1047
 374    32.3332
 375    15.2616
 376     2.83931
 377    14.8477
 378     9.05413
 379    10.8342
 380     9.65822
 381     8.96862
 382     5.60483
 383     5.95774
 384     1.58314
 385     2.42009
 386     2.68512
 387     0.4614
 388     1.22046
 389     0
 390     0.85073
 391     0.97062
 392    13.3951
 393    30.4686
 394    13.7841
 395    43.7074
 396    15.1729
 397     1.56203
 398     0
 399     0.59443
 400   263.281
 401   319.81
 402   167.17
 403   359
 404   148.162
 405    26.7118
 406     2.67316
 407     5.19057
 408   566.143
 409   469.496
 410   496.57
 411   480.513
 412   200.619
 413    77.6179
 414    63.9926
 415    10.7789
 416   371.595
 417   336.07
 418   299.826
 419   271.215
 420   169.981
 421    45.9066
 422     0.49615
 423     7.17159
 424   144.474
 425   141.942
 426    66.7009
 427   112.263
 428    79.1951
 429    27.8493
 430     4.89184
 431     9.25422
 432    86.6414
 433    66.1894
 434    32.8153
 435    56.8375
 436    31.1468
 437     0.85648
 438    28.2909
 439     0.85676
 440     0.84573
 441     0.00456
 442     9.41415
 443     7.6922
 444    19.9874
 445     0
 446     0
 447     0.87905
 448     0
 449     0
 450     0.05918
 451     0.65434
 452     0
 453     0.54242
 454     0
 455     2.34381
 456     1.47994
 457    16.8822
 458     2.04288
 459     0.05868
 460     0.45065
 461     2.56535
 462     0.74809
 463     0
 464     2.21209
 465    15.871
 466    31.7274
 467    43.5083
 468    24.1516
 469     7.75326
 470     2.69359
 471     0.61734
 472    31.3526
 473    63.4597
 474    79.7981
 475    41.0373
 476    27.4658
 477     5.28417
 478     6.21423
 479     5.28417
 480    15.2677
 481    50.0338
 482    35.2373
 483    29.3798
 484     2.34648
 485     0.69587
 486     0
 487     0
 488     2.79602
 489    22.9856
 490    25.9412
 491    27.5272
 492     1.46752
 493     0
 494     2.36655
 495     2.14451
 496    15.7131
 497     7.91248
 498     0.24468
 499     0
 500     1.64678
 501     0.43774
 502     1.52306
 503     1.52019
 504     0
 505     1.22353
 506     0.04911
 507     1.38893
 508     0.13596
 509     0
 510     1.08776
 511     0
