This file was gnenerated on 2021-06-22 23:19:01.385179 by Grant Finneman. This contains the extracted data from the Gate simulations
The edep for each bar was summed up and printed to this file. The only math operation done has been addition.

  id        edep
   0     0
   1     0
   2     0
   3     1.50084
   4     0
   5     0
   6     1.42796
   7     0
   8     0.41401
   9     1.0519
  10     0.6049
  11     1.38501
  12     1.25212
  13     0.98974
  14     0
  15     0
  16     2.30482
  17     1.81833
  18     0
  19     0.41877
  20     2.42364
  21     0
  22     0.75955
  23     0.99243
  24    25.9797
  25     0.68656
  26    10.8465
  27     0.89793
  28     1.39265
  29     0.23354
  30     0.76756
  31     0
  32     1.76242
  33     0.61145
  34     5.09448
  35    11.3468
  36    16.7156
  37     0
  38    19.8893
  39    12.7291
  40     7.82304
  41    10.2054
  42     0.75955
  43     3.03474
  44     0.6016
  45     0.20613
  46     0.16348
  47     0
  48     0.6349
  49     0
  50     0
  51     0
  52     0
  53     0.62591
  54     1.56052
  55     0.5802
  56     0
  57     0
  58     0.23503
  59     0.4496
  60     0.34498
  61     1.07482
  62     0.89953
  63     0
  64     0.26841
  65     1.76726
  66     0.90248
  67     1.84245
  68     0.5955
  69     0.24041
  70     0.23557
  71     5.59748
  72     0.80222
  73     2.48932
  74     5.62576
  75     7.4244
  76     1.44251
  77     0
  78     0
  79     0.94652
  80     2.75419
  81    15.2286
  82    96.3258
  83    36.1838
  84     9.57313
  85     1.0401
  86     0.45964
  87     1.9659
  88   181.172
  89    54.4853
  90   155.594
  91    97.042
  92    45.2506
  93    15.083
  94     8.2545
  95    17.7539
  96   222.564
  97   176.539
  98   115.748
  99    76.1749
 100    68.3075
 101    40.5146
 102    18.2128
 103     4.96266
 104    59.3812
 105    26.5737
 106    91.0485
 107    60.7646
 108     8.84185
 109    24.2854
 110     5.29692
 111     4.18602
 112     0.1548
 113    18.395
 114    27.9192
 115     0.47756
 116     1.47544
 117    15.4754
 118    17.678
 119    12.7128
 120     0.46126
 121     0
 122     0.73911
 123     0.41822
 124     0.96319
 125     0.13621
 126     0.28672
 127     0.28132
 128     1.16122
 129     1.73265
 130     1.51049
 131     0
 132     1.30763
 133     0
 134     0
 135     4.74239
 136     7.74124
 137    33.4126
 138    97.7413
 139    31.6342
 140     0.49223
 141    13.8501
 142     0.69511
 143     0.61282
 144   288.425
 145   515.572
 146   431.591
 147   319.998
 148   154.119
 149    44.8361
 150    36.7122
 151    45.7649
 152  1084.67
 153  1194.14
 154  1087.42
 155   883.741
 156   624.122
 157   406.822
 158   171.021
 159    34.6209
 160  1043.64
 161  1165.38
 162   937.463
 163   774.466
 164   597.987
 165   255.567
 166   130.102
 167    12.8389
 168   400.44
 169   275.427
 170   226.492
 171   180.815
 172   120.538
 173    56.448
 174    38.7404
 175    33.1
 176    37.804
 177   115.397
 178    34.9414
 179    40.9596
 180     2.79461
 181     0
 182     7.3081
 183     0.71042
 184     1.12886
 185    34.1296
 186     8.1658
 187     0
 188     0.02703
 189     0.43639
 190     1.66623
 191     0.39443
 192    28.613
 193     2.4324
 194     6.7913
 195     2.24896
 196     2.94238
 197     0
 198     2.06092
 199     0
 200   114.496
 201   135.482
 202   127.234
 203    89.0442
 204    28.9851
 205     1.61915
 206     2.92736
 207     1.30169
 208  1103.19
 209  1185.26
 210   948.554
 211   837.708
 212   698.715
 213   389.786
 214   116.043
 215    58.5459
 216  7208.26
 217  7234.6
 218  6481.88
 219  6335.82
 220  5736.54
 221  4282.65
 222  2856.19
 223  1018.87
 224  6913.75
 225  6727.42
 226  6175.7
 227  6008.26
 228  4921.73
 229  3938.44
 230  2428.7
 231   962.988
 232  1257.08
 233  1217.67
 234   946.809
 235   779.348
 236   449.899
 237   323.263
 238   155.011
 239    12.2913
 240   110.809
 241    76.1613
 242    76.1652
 243    35.9987
 244    42.0161
 245    33.4789
 246    12.0163
 247     0.56263
 248     3.2278
 249     5.06778
 250     1.43237
 251     0.58002
 252     2.37542
 253     0.63254
 254     3.36377
 255     0.80063
 256    45.3373
 257    10.3007
 258    14.9424
 259     0.81285
 260     0.78981
 261     0.52602
 262     0.97873
 263     1.87542
 264   115.644
 265   121.97
 266    81.176
 267   116.185
 268    10.4577
 269    31.8704
 270    10.6051
 271    24.6666
 272  1119.16
 273  1114.28
 274   969.037
 275   894.086
 276   611.929
 277   422.4
 278   220.207
 279    40.7825
 280  6893.83
 281  6773.18
 282  5956.7
 283  5616.03
 284  4892.69
 285  3834.04
 286  2480.19
 287   859.424
 288  7260.48
 289  7501.22
 290  6700.86
 291  5900.21
 292  4976.96
 293  3918.36
 294  2300.44
 295  1058.87
 296  1100.31
 297  1329.28
 298   879.593
 299   586.879
 300   387.934
 301   199.53
 302    45.46
 303    13.1797
 304   162.897
 305   192.75
 306   149.949
 307    54.9908
 308    59.9704
 309    37.9257
 310    25.5487
 311     0.56081
 312    14.5168
 313     2.81551
 314     0.51713
 315     1.02207
 316     0.44892
 317    16.4807
 318     0
 319     0.21626
 320     0.09097
 321     7.71327
 322    20.7381
 323     2.856
 324     1.22514
 325     0.42504
 326     0.92788
 327    15.9899
 328    72.3531
 329    72.2389
 330    60.5997
 331    13.7865
 332     8.89956
 333     0.61537
 334    19.0787
 335    12.9688
 336   388.704
 337   294.745
 338   288.937
 339   299.155
 340   140.571
 341    49.0758
 342    47.2356
 343     6.86886
 344  1062.43
 345  1176.65
 346   934.638
 347   678.131
 348   368.582
 349   236.063
 350   118.099
 351    49.1232
 352  1621.29
 353  1072.3
 354  1050.62
 355   710.955
 356   626.816
 357   340.03
 358    97.4667
 359    17.1012
 360   401.48
 361   482.621
 362   299.683
 363   215.619
 364    87.1329
 365    43.9746
 366    31.1952
 367    18.6501
 368    49.3948
 369    61.2661
 370    22.5056
 371     1.74772
 372     5.63277
 373    20.0407
 374     1.11295
 375     4.75395
 376     0
 377     0
 378     0
 379     1.56713
 380     9.97088
 381    11.9658
 382     5.78929
 383     3.14163
 384     8.28828
 385     0.40244
 386     0.1518
 387     0
 388    13.2653
 389    12.9654
 390     6.89793
 391     1.18792
 392     0
 393     1.44041
 394    52.2315
 395     3.09983
 396     0
 397     1.62887
 398     4.53513
 399     5.34628
 400    32.5871
 401    79.1542
 402    10.9316
 403    24.9897
 404    10.7354
 405     1.51016
 406     2.49151
 407     0
 408   107.02
 409   185.578
 410    63.0873
 411    40.1749
 412    19.2312
 413     1.41658
 414     0.49776
 415     0.78718
 416   132.301
 417    98.8563
 418    68.06
 419    43.0525
 420    35.5316
 421    41.6305
 422     1.58064
 423    27.5713
 424   106.837
 425   122.569
 426    58.0553
 427    38.2125
 428     8.73049
 429    27.781
 430     2.23325
 431     2.14817
 432     2.16284
 433     0.18762
 434     1.3536
 435     1.63793
 436     0.44511
 437     7.39857
 438     5.76911
 439     4.96081
 440     0
 441     1.33018
 442     0.95884
 443     0
 444     0.8868
 445     0.41812
 446     0
 447     1.98584
 448     0.45204
 449     0.58622
 450     2.14521
 451     0
 452     0.89752
 453     0
 454     0.93145
 455     0
 456     0.86258
 457     0
 458     0
 459     0.44523
 460     0.99888
 461     0.21451
 462     1.56031
 463     0
 464     1.0207
 465     0
 466     9.36144
 467     4.12955
 468     0.91258
 469     1.02091
 470     0
 471     1.05084
 472     0.88133
 473    10.2018
 474     9.96945
 475     0
 476     0.65626
 477     0.12369
 478     1.06006
 479     0.06827
 480     1.81331
 481     0
 482     1.52922
 483     1.61561
 484     2.64137
 485     0.82004
 486     1.91216
 487     0
 488     0.13845
 489     0.29063
 490     2.29592
 491     9.34722
 492    22.6461
 493    10.4612
 494     0.2778
 495     1.35449
 496     1.55531
 497     0.01804
 498     0.49849
 499     0.56905
 500     4.38464
 501    10.5126
 502     0
 503     0.96169
 504     0.52005
 505     0
 506     0
 507     0
 508     0
 509     0.30918
 510     0
 511     0.08247
