This file was gnenerated on 2021-06-17 21:33:54.442244 by Grant Finneman. This contains the extracted data from the Gate simulations
The edep for each bar was summed up and printed to this file. The only math operation done has been addition.

  id      edep
   0    0.632
   8    0.107
  20   20.7696
  21    6.9232
  24    1.7332
  28    5.1924
  29    5.2474
  30    1.0624
  32   42.3881
  33   28.3712
  34    4.4276
  35    8.9451
  36    5.2056
  37    1.5132
  38    1.8592
  39    1.328
  40   14.5687
  41    7.3312
  42    5.444
  50   23.2377
  54    0.2674
  57    0.5504
  59    0.7895
  64    0.1988
  65    0.1988
  67    0.0888
  72    0.9863
  75    0.3401
  78    0.6431
  83    0.5408
  88    0.537
  89    0.537
  90   19.0892
  91   21.0605
  92   11.6646
  94   14.4399
  95   13.3518
  96  109.136
  97   94.0558
  98   92.9205
  99   62.8135
 100   84.6905
 101    5.703
 102    0.3685
 104   47.4025
 105   45.5057
 106   64.3127
 107  101.791
 108   60.1838
 109    2.3562
 110    3.1416
 111    4.403
 112    0.1852
 113    5.9904
 114   59.8314
 115    8.013
 116   10.2102
 120    7.0037
 121   22.2845
 122   10.6372
 126    0.2267
 127    0.2267
 132    0.8584
 140    0.9721
 141    0.3401
 143    1.874
 144   11.276
 145    8.8629
 146    0.8936
 147    0.1014
 148    6.5254
 149    4.4455
 152  104.896
 153  142.811
 154   79.4651
 155   57.8059
 156   44.1849
 157   44.6664
 158   11.1334
 159    0.5566
 160  496.107
 161  381.648
 162  394.497
 163  306.166
 164  350.658
 165  222.562
 166  166.715
 167   59.0501
 168  262.175
 169  200.567
 170  268.874
 171  267.577
 172  250.579
 173  146.99
 174   54.1275
 175   36.0994
 176   48.7058
 177   34.4752
 178    7.3007
 179   10.0227
 180    9.7107
 181    2.5468
 184   18.6527
 194    0.1988
 203    0.3161
 204   15.782
 207    0.1052
 208   40.2766
 209   37.513
 210   27.7747
 211   11.0612
 212   15.468
 213   13.1373
 214    4.8366
 216  397.669
 217  491.69
 218  336.295
 219  297.558
 220  197.182
 221  117.489
 222   81.9231
 223   43.8563
 224  476.007
 225  537.863
 226  488.821
 227  410.453
 228  321.307
 229  264.631
 230  165.049
 231   49.774
 232  145.817
 233   69.369
 234   83.1966
 235  134.167
 236  126.92
 237   72.1871
 238   17.2088
 239    6.1468
 240   53.5291
 241   59.3417
 242   21.1344
 243    0.1098
 244    9.6171
 248    5.6037
 249    5.8663
 250    0.87
 251   13.3302
 252    4.6143
 260    1.2188
 261    0.6094
 264   27.561
 265   43.6233
 266    0.9026
 267   19.0384
 268    0.7309
 269    0.5508
 272  128.122
 273  164.989
 274  109.727
 275   82.0752
 276   63.5355
 277   68.5576
 278   33.2265
 279   10.5741
 280  425.575
 281  573.917
 282  493.537
 283  418.994
 284  237.093
 285  232.222
 286  107.624
 287   80.2846
 288  223.032
 289  369.786
 290  299.673
 291  292
 292  247.552
 293  186.099
 294  121.074
 295   44.1991
 296   96.233
 297   63.9291
 298   40.5829
 299   44.2083
 300   16.4613
 301   41.9638
 302   19.5177
 304   12.369
 312   12.2659
 314    0.0795
 315    0.0795
 316    0.5771
 321    0.8168
 324    1.3384
 325    2.7724
 328   35.4708
 329   25.9906
 330    7.4136
 332    1.8375
 333    0.3824
 336  317.541
 337  242.104
 338  300.828
 339  119.881
 340  106.05
 341   93.3679
 342   53.3005
 343   16.0318
 344  414.988
 345  337.169
 346  326.37
 347  266.948
 348  297.884
 349  172.225
 350   81.5204
 351   25.9635
 352  120.336
 353   86.9637
 354  125.242
 355  105.885
 356   49.3369
 357   25.7932
 358   13.1667
 359    1.5765
 360   16.9435
 361    7.4304
 362   76.2402
 363   37.9882
 364    0.8077
 365    3.7879
 366   12.3206
 371    0.4972
 372    1.0882
 374    0.6017
 378    0.3401
 384    0.2492
 392   21.6081
 393    1.9642
 395   18.4701
 396    7.7095
 400  100.946
 401  109.534
 402   70.6888
 403    9.5604
 404    4.7622
 408  213.124
 409  130.432
 410   85.782
 411   36.2944
 412   14.9955
 413   12.1026
 414    8.3381
 415    1.6224
 416  118.3
 417   95.1004
 418    6.6823
 419    1.6842
 420    2.4538
 421    1.659
 423    0.6724
 425   20.8259
 426   25.191
 427    0.4474
 428    1.659
 430    0.6917
 431    1.176
 437    0.8036
 438    0.8036
 439    0.2754
 445    0.8343
 460    0.0795
 464   19.8959
 465   12.7775
 466    2.5464
 469    0.6358
 472   12.4416
 473    3.7856
 474    0.6239
 476    0.4973
 477    0.9492
 481   30.4062
 483    2.8802
 484    1.7644
 486    0.311
 490    0.0092
 491    3.1684
 492    3.2522
 498    6.162
 499    1.659
 501    0.5757
