This file was gnenerated on 2021-06-17 21:31:29.448037 by Grant Finneman. This contains the extracted data from the Gate simulations
The edep for each bar was summed up and printed to this file. The only math operation done has been addition.

  id      edep
   3   26.7272
   5    0.0908
   8   16.8735
  18   34.4215
  19    2.6719
  33    0.8424
  40    0.9379
  41    0.3232
  46    0.5326
  48    0.0307
  64    0.5858
  65    0.5534
  66    4.66
  67   19.572
  72   22.0246
  73   11.3553
  75    0.6821
  76    0.6821
  78   27.1991
  80   20.1092
  81   34.8939
  82   60.4986
  83   40.711
  84   22.8834
  85   21.0888
  87    0.9379
  88    8.8281
  89   30.5353
  90   50.8725
  91   10.1046
  92    0.7349
  93   21.6783
  94    0.021
  95    1.4826
  96   20.2899
  97    5.0255
  98   24.3817
  99    0.8622
 102    2.4012
 103    7.413
 105    0.386
 108    0.792
 112    2.4125
 113    1.0615
 115    0.4268
 130    1.752
 131   12.4294
 132   16.722
 136   46.4776
 137   28.2499
 138   22.9314
 139   43.8966
 140   53.7037
 141    8.9788
 142   43.403
 143    0.4862
 144  209.676
 145  172.166
 146  194.882
 147  200.392
 148  185.717
 149  148.532
 150  124.689
 151   55.4557
 152  130.786
 153  261.118
 154  205.903
 155  168.581
 156  138.649
 157   74.9509
 158   57.8963
 159    7.9262
 160  140.848
 161   85.8178
 162   47.9164
 163   56.7547
 164   18.1188
 165    2.3298
 166    1.059
 167    0.9535
 168   52.4034
 169   15.9153
 170    6.3342
 171   24.9489
 172   24.6302
 173    1.656
 174    0.7231
 176   19.0336
 177   33.0074
 181    0.4554
 183    0.4933
 184    0.5387
 186    0.4123
 192    4.8
 195    0.4268
 196   15.4232
 197    4.341
 199    0.3285
 200  169.737
 201  121.42
 202   90.6678
 203   83.5481
 204   73.06
 205   56.9491
 206   14.4147
 207    3.5996
 208  202.217
 209  207.556
 210  145.614
 211  160.821
 212  224.61
 213  108.513
 214   35.701
 215   15.1942
 216  350.626
 217  330.538
 218  282.119
 219  375.168
 220  250.111
 221  243.19
 222  118.671
 223   41.8641
 224  240.781
 225  300.497
 226  246.4
 227  310.136
 228  273.895
 229  223.638
 230  157.007
 231   64.3646
 232  151.544
 233   90.7175
 234  142.132
 235  135.97
 236  146.941
 237  120.783
 238   41.4068
 239   37.3742
 240    1.1781
 241    6.4192
 242   31.8818
 243   23.7263
 244   50.6844
 245   38.011
 249    0.6099
 250   10.4742
 251   22.2203
 256    1.5856
 257    0.1779
 261    0.1112
 264    9.5723
 265    9.4597
 266   37.6115
 267   13.402
 268   15.7982
 270    0.1112
 271    0.898
 272  133.926
 273  145.758
 274   89.99
 275   75.1163
 276  107.227
 277   54.9093
 278   10.3388
 279    1.953
 280  349.408
 281  318.712
 282  257.315
 283  217.461
 284  156.325
 285  146.521
 286  113.306
 287   48.6788
 288  387.412
 289  424.551
 290  382.353
 291  378.433
 292  279.145
 293  193.568
 294  111.33
 295   42.2082
 296  352.558
 297  300.843
 298  363.374
 299  205.557
 300  173.55
 301  192.641
 302   90.6406
 303   16.5377
 304  198.722
 305  178.667
 306  229.387
 307  149.083
 308   96.0334
 309   63.8818
 310   24.7795
 311   10.6012
 312   16.3646
 313    1.6264
 314    4.2997
 315    8.379
 316   15.58
 317    5.2649
 327    1.3336
 328    3.5971
 333    2.8588
 336   31.7456
 337    0.6879
 338   15.4875
 339   18.7534
 344   97.4313
 345   84.5766
 346   72.8572
 347   36.2138
 348   40.3241
 349   19.848
 350    4.6022
 351    3.29
 352  146.388
 353  212.458
 354  165.592
 355  120.46
 356  114.692
 357   67.186
 358   46.0098
 359   30.5527
 360  335.97
 361  270.319
 362  226.351
 363  109.616
 364  160.136
 365  103.578
 366   77.2215
 367   41.6683
 368   41.3687
 369   89.695
 370   86.1687
 371   36.2173
 372   37.2614
 373   15.8045
 374    2.8941
 375    8.9362
 376   23.5281
 377   26.5157
 378   18.6447
 380    3.5877
 381    2.771
 392    0.5558
 401    0.9656
 405    0.8848
 408   10.2142
 409   17.0162
 412    0.9506
 414    0.8289
 416   27.1181
 417   27.7409
 418   36.8883
 419   27.6207
 420    1.8412
 422    0.676
 423   14.0359
 424   48.7052
 425   59.399
 426   45.3879
 427   27.702
 428   16.8789
 429   48.0122
 430   24.6307
 431   11.7062
 432    5.0116
 433   17.3563
 434   35.63
 435   15.3869
 437    0.8665
 439    0.5573
 440   25.2448
 441   10.6507
 442    3.1498
 447    0.3752
 450    0.4245
 474    0.5934
 476    0.3605
 480    0.7612
 483    0.1219
 499   12.528
 500    0.787
 501    0.0145
 505    8.841
 509    0.9435
