This file was gnenerated on 2021-06-22 23:17:59.889855 by Grant Finneman. This contains the extracted data from the Gate simulations
The edep for each bar was summed up and printed to this file. The only math operation done has been addition.

  id        edep
   0     0.91836
   1     0.88773
   2     0.87024
   3     0
   4     0.51087
   5     0.38229
   6     0
   7     0
   8     0
   9     0
  10     0
  11     0.35543
  12     0.10077
  13     1.25792
  14     0.32541
  15     1.20129
  16     0.41376
  17     0
  18     0.6355
  19     0.35282
  20     1.10079
  21     1.34002
  22     0
  23     0.68621
  24     4.23516
  25     3.1344
  26     0.62024
  27     5.09246
  28     0.51354
  29     4.40048
  30     1.91441
  31     0.35708
  32    17.0511
  33    42.2775
  34     0.31363
  35     1.61861
  36     0
  37     0.4922
  38     0.83853
  39     1.36956
  40     0.51404
  41    24.7381
  42     0.87228
  43     2.86424
  44     1.24098
  45     0.82958
  46     0
  47     0.77143
  48     0.55719
  49     2.02759
  50     0.65017
  51     1.75345
  52     0
  53     0
  54     0.58048
  55     2.11681
  56     0
  57     0
  58     0.46584
  59     0.44411
  60     0
  61     0.56636
  62     0
  63    17.0643
  64     0.8613
  65     0.54118
  66     2.22409
  67     1.67136
  68     0.40269
  69     0
  70     0.59077
  71     0.77142
  72     0.86353
  73    19.5407
  74    13.249
  75    11.846
  76    10.0575
  77     1.60754
  78    20.4247
  79    14.7009
  80    34.7225
  81    28.3396
  82    29.0473
  83    32.6324
  84    18.701
  85     2.58664
  86     1.62543
  87    26.4089
  88   138.442
  89   141.005
  90   148.884
  91   106.977
  92    41.0245
  93    15.853
  94    19.8705
  95    35.9216
  96   151.315
  97   226.734
  98   213.558
  99    42.7396
 100    25.5435
 101    31.8143
 102    11.9415
 103     0.60926
 104    16.0419
 105    61.8953
 106    28.9736
 107     7.81387
 108     6.82244
 109     3.35551
 110     0.81497
 111    13.8547
 112     1.57282
 113    10.6907
 114    14.7311
 115     0.65017
 116     4.67042
 117     7.29058
 118     0
 119     1.64607
 120     0.60328
 121     1.52322
 122     0
 123     0.64865
 124     0.93519
 125     0.97993
 126     0
 127     0
 128     0
 129     1.93298
 130     0.99473
 131     0
 132     1.29856
 133     0
 134     0
 135     0.49029
 136     6.92895
 137    19.1761
 138    54.8628
 139     3.04634
 140    50.418
 141     5.51129
 142     1.46796
 143    22.9957
 144   286.7
 145   301.589
 146   224.365
 147   127.025
 148    87.8162
 149    37.5654
 150    38.0391
 151    27.2665
 152  1256.97
 153  1251.66
 154  1059.85
 155   829.877
 156   596.614
 157   442.758
 158   160.933
 159   101.64
 160  1318.4
 161  1526.23
 162  1022.46
 163   688.74
 164   607.57
 165   330.694
 166   115.711
 167    50.1825
 168   293.246
 169   396.737
 170   172.173
 171   168.286
 172   156.726
 173    40.5966
 174    13.6541
 175     2.7536
 176    76.9423
 177    23.1655
 178    53.8145
 179    46.0818
 180    16.6325
 181     0.8073
 182     0.69727
 183     2.26882
 184     0.93583
 185     0.71275
 186     1.19678
 187     1.17052
 188     1.24688
 189     0
 190     2.13994
 191     0.65886
 192    14.2213
 193     0.71155
 194     1.71759
 195     0.58176
 196     0.34063
 197     0
 198     0.18739
 199     1.82844
 200    85.8831
 201    25.8541
 202    59.9359
 203    39.8215
 204    22.0361
 205     0
 206     0.86464
 207     1.64616
 208   640.162
 209  1061.39
 210   794.357
 211   535.374
 212   403.917
 213   236.076
 214   119.78
 215     3.19116
 216  7236.63
 217  7511.78
 218  6756.6
 219  5704.1
 220  5149.57
 221  3799.69
 222  2405.92
 223   971.162
 224  7302.19
 225  7795.81
 226  7000.31
 227  6410
 228  5523.05
 229  4003.41
 230  2290.41
 231   828.789
 232  1156.17
 233  1052.82
 234   662.299
 235   502.214
 236   390.242
 237   157.476
 238    63.9897
 239    51.8933
 240    74.532
 241   136.512
 242    86.4469
 243    32.2753
 244     2.29116
 245     1.03555
 246     0.72822
 247    12.1483
 248     0.91214
 249     1.87423
 250     0.74337
 251     0
 252     0.1902
 253     2.78615
 254     0.4415
 255     0.51773
 256    24.2245
 257    20.2744
 258     1.39576
 259     0.67714
 260     0
 261     1.72039
 262     0.21339
 263     0.46432
 264    91.8535
 265    73.1749
 266    95.9448
 267    13.3748
 268    69.4689
 269     7.40313
 270     7.34897
 271     1.86171
 272  1017.68
 273  1115.38
 274   803.322
 275   496.462
 276   374.013
 277   286.864
 278    64.6326
 279     5.94285
 280  7336.78
 281  7133.51
 282  7243.19
 283  6190.48
 284  5508.49
 285  3903.28
 286  2468
 287   984.114
 288  7224.32
 289  7057.39
 290  6525.92
 291  6007.33
 292  5104.66
 293  3787.35
 294  2377.21
 295   965.673
 296   949.029
 297   850.997
 298   594.304
 299   584.285
 300   317.825
 301   121.881
 302    72.784
 303     4.57641
 304   103.719
 305    67.2669
 306    73.2985
 307    65.6344
 308    11.5033
 309    13.4579
 310     0.43877
 311     0.81197
 312    22.7054
 313     1.10747
 314     1.36456
 315     1.44628
 316     0.56394
 317     0.74385
 318     0.86749
 319     2.26595
 320     0.44302
 321     0.51773
 322     0
 323     9.44723
 324     1.65618
 325     0.14414
 326     0.20842
 327     0.56634
 328    30.0775
 329    11.9911
 330    21.4272
 331    22.7148
 332    25.9819
 333     0.64081
 334     2.96792
 335     0.96758
 336   191.14
 337   381.152
 338   225.539
 339   326.056
 340   111.424
 341    43.0368
 342    13.5859
 343     1.95046
 344  1234.62
 345  1512.11
 346   990.678
 347   623.55
 348   497.356
 349   403.663
 350   231.844
 351    47.6294
 352   838.043
 353   848.871
 354  1086.95
 355   842.064
 356   520.839
 357   260.191
 358   134.804
 359    39.6824
 360   379.395
 361   378.233
 362   323.041
 363   210.09
 364   112.317
 365    77.7011
 366    18.1967
 367     2.75952
 368    43.4545
 369    51.5127
 370    11.6861
 371     9.02644
 372     8.80829
 373    20.1582
 374     0.94473
 375     0.23102
 376     4.78805
 377     7.035
 378     2.73334
 379     0
 380     0.95155
 381     0.97993
 382     0.83141
 383     0
 384     0.41208
 385     1.18168
 386     0
 387     0.64355
 388     1.8057
 389     0
 390     0.97615
 391     0
 392     1.98917
 393    21.5127
 394    19.1779
 395    20.5142
 396     0.35804
 397     0
 398     1.84139
 399     1.68859
 400    64.374
 401    75.4563
 402    39.7664
 403    18.7263
 404    12.4497
 405     3.05994
 406     0.62717
 407     1.99274
 408   145.249
 409   176.915
 410   100.66
 411    47.2633
 412    17.672
 413    14.9504
 414     4.18662
 415    20.6678
 416    99.8069
 417   127.705
 418   126.011
 419   120.68
 420    43.2077
 421     0.7317
 422    11.6789
 423     1.12374
 424    59.305
 425    49.3481
 426    33.9013
 427    29.5129
 428    19.5171
 429    12.9127
 430    13.598
 431     2.87921
 432    15.8762
 433     2.50852
 434     1.69228
 435     1.78839
 436     0.25132
 437     4.58813
 438     0.15897
 439     1.21497
 440     0
 441     0
 442     0
 443     0.45666
 444     0
 445     0.39315
 446     0
 447     0
 448     1.35282
 449     0.37309
 450     0
 451     0.82973
 452     0.46233
 453     1.28029
 454     0.33931
 455     0
 456     0.49369
 457     0
 458     0.80174
 459     0.51773
 460     1.05728
 461     0
 462     1.92667
 463     0.65504
 464     0
 465     1.10446
 466    26.227
 467     0.99248
 468     0
 469     1.71637
 470     0.68806
 471     0
 472     3.67202
 473     3.16578
 474     1.37776
 475     0.94623
 476     1.43208
 477    18.1074
 478     0
 479    20.4354
 480     1.71446
 481     2.5603
 482    10.1326
 483     7.60694
 484    27.6752
 485    28.5741
 486     9.3348
 487     7.00432
 488     0
 489     0.93616
 490     0.79894
 491     1.30679
 492     0.275
 493     0.25872
 494     0
 495     1.03645
 496     0.13149
 497     0.11582
 498     0
 499     0
 500     0
 501     3.00456
 502     6.25107
 503     0
 504     0
 505     0.11582
 506     0.78665
 507     0.43183
 508     0.78978
 509     0
 510     0.26756
 511     0.05941
