This file was gnenerated on 2021-06-17 21:34:11.174494 by Grant Finneman. This contains the extracted data from the Gate simulations
The edep for each bar was summed up and printed to this file. The only math operation done has been addition.

  id      edep
  11    0.8898
  12    0.9323
  29    4.0549
  32    5.8394
  42    0.6712
  47    0.0688
  48   20.775
  51    0.6624
  52    1.1392
  64    0.3494
  67    1.5675
  69    0.2112
  76    0.2112
  80   19.1338
  81  133.416
  82   10.7587
  86    0.97
  88   26.7236
  89    1.7658
  90    9.0924
  91    6.778
  92   11.2549
  93    8.7249
  96  130.385
  97  132.265
  98   84.5015
  99   49.5679
 100   25.2487
 101   10.2747
 102    9.7223
 103    6.0175
 104   40.6899
 105   90.042
 106   50.8883
 107   92.6252
 108   55.0282
 109   28.3675
 110    9.5995
 112   49.1198
 113   37.372
 114    8.31
 115    5.2523
 116    6.4476
 117   10.2648
 118    0.6925
 129   13.6114
 131    1.1938
 132    0.2794
 133   13.1399
 136   16.591
 137   77.4883
 138   43.3962
 139   30.0108
 140    8.0864
 141   32.293
 142   16.6152
 143    5.5938
 144  130.057
 145  148.119
 146  151.073
 147  103.662
 148   95.2899
 149   76.0006
 150   19.8066
 151   10.6894
 152  169.839
 153  137.874
 154   91.9176
 155  179.589
 156  106.704
 157   53.4024
 158   27.6165
 159   41.6905
 160  181.471
 161  247.949
 162  205.231
 163  166.144
 164  106.419
 165   35.5581
 166   49.0851
 167   46.598
 168  196.871
 169  221.19
 170  223.048
 171  154.596
 172  146.066
 173  114.042
 174   83.0891
 175   29.5383
 176   48.7335
 177   41.0501
 178   28.3187
 179   44.1444
 180   74.0034
 181   38.8952
 185   16.1399
 186   12.8412
 187   16.4082
 188    2.8536
 192   24.5449
 193   26.5111
 194   28.4282
 195    7.4361
 196    0.127
 200  110.245
 201  152.728
 202  103.81
 203   94.7669
 204   49.3704
 205   42.9277
 206   25.7402
 207   11.0516
 208  278.906
 209  221.678
 210  199.928
 211  197.761
 212  147.853
 213   96.9656
 214   39.0487
 215   17.8227
 216  234.607
 217  152.243
 218  158.685
 219  136.922
 220  132.671
 221   35.3315
 222   13.0811
 223   12.0788
 224  253.141
 225  202.67
 226  197.094
 227  159.713
 228  118.366
 229  102.703
 230   87.7571
 231   50.4796
 232  245.196
 233  141.123
 234  192.042
 235  152.129
 236  109.522
 237   63.8829
 238   60.3754
 239   16.4843
 240   50.8931
 241   48.142
 242   54.3919
 243   40.8459
 244   35.962
 245   13.2042
 246    6.2768
 247    5.0646
 248    0.795
 249    0.636
 250    4.646
 251    0.8495
 252    9.9876
 258   24.4658
 259    6.9779
 260    9.2805
 264  111.958
 265   61.1587
 266   85.6767
 267   39.8138
 268   51.6871
 269   72.3231
 270   27.0086
 271   17.347
 272  158.004
 273  243.187
 274  213.381
 275  174.598
 276  120.358
 277  116.79
 278   45.3334
 279   38.0335
 280  190.939
 281  265.408
 282  273.016
 283  170.093
 284  140.601
 285  117.312
 286   32.3242
 287    9.1942
 288  248.899
 289  229.273
 290  255.622
 291  153.764
 292  142.555
 293  138.862
 294   75.0679
 295   21.5138
 296  144.531
 297  119.253
 298  221.768
 299  173.827
 300  131.077
 301  137.939
 302   51.1248
 303   21.9803
 304   67.2971
 305   41.4625
 306   40.1279
 307   96.7847
 308   86.3722
 309   44.5366
 310   42.342
 311    6.4861
 312   25.4183
 313   18.8558
 314   13.9738
 315    3.8518
 316   31.478
 318    0.7985
 325    0.9401
 328   39.9961
 329    7.7444
 330   27.7157
 331   10.1198
 332    6.1593
 333    0.8544
 335    3.3777
 336  208.531
 337  135.627
 338  109.658
 339   66.6522
 340  111.874
 341   55.9506
 342   42.8103
 343   10.4284
 344  234.014
 345  200.047
 346  209.832
 347  175.309
 348  136.936
 349   95.1622
 350   76.4612
 351   16.8362
 352  209.895
 353  178.268
 354  131.445
 355  133.544
 356   95.9394
 357  110.067
 358   84.2054
 359   13.8653
 360  138.454
 361  221.77
 362  112.768
 363  129.988
 364   84.1846
 365   83.3256
 366   25.0895
 367    9.6217
 368   29.9536
 369   21.5179
 370   67.193
 371   56.2523
 372   54.3062
 373   30.089
 374   34.3859
 375    5.05
 378   17.7232
 379   17.041
 384    0.536
 385    0.536
 392   23.2608
 393    5.3137
 394    6.2034
 395    5.9886
 396    0.2936
 400   72.3742
 401    9.4789
 402    3.9435
 403   35.8853
 404   32.781
 405   30.9965
 406   17.8841
 407    0.6426
 408   79.7069
 409   73.1499
 410   73.5129
 411   68.8978
 412   45.2883
 413   43.4307
 414   20.964
 415    8.8067
 416   96.0666
 417   53.76
 418   53.1679
 419   26.869
 420   18.321
 424   58.5925
 425   41.8847
 426   45.7292
 427    5.0696
 428   23.7347
 429   22.4919
 431   11.9175
 433    3.2886
 435   34.2206
 436   14.7679
 441    0.3718
 442    9.3588
 443    5.5384
 448    0.1398
 455    4.5387
 458   19.2363
 461    1.3448
 462    2.6896
 463    0.9275
 468    0.5926
 469    1.1767
 472    4.6844
 473    0.5542
 474    0.1468
 476    0.9844
 478    0.0453
 480   41.7246
 481    8.8782
 482    0.4162
 484   24.1557
 485    0.3669
 488   24.0178
