This file was gnenerated on 2021-06-21 16:58:02.244132 by Grant Finneman. This contains the extracted data from the Gate simulations
The edep for each bar was summed up and printed to this file. The only math operation done has been addition.

  id      edep
   0    0
   1    0
   2    0
   3    0
   4    0
   5    0
   6    0
   7    0
   8    0
   9    0
  10    0
  11    0
  12    0
  13    0
  14    0
  15    0
  16    0
  17    0
  18    0
  19    0
  20    0
  21    0
  22    0.4565
  23    0.6181
  24    0
  25    0
  26    0.4975
  27    0
  28    0
  29    0.5544
  30    0
  31    1.1596
  32    0
  33    0.9967
  34    0
  35    0
  36    0
  37    0
  38    0.5738
  39    0
  40    0
  41    0
  42    0
  43    0
  44    0
  45    0
  46    0
  47    0
  48    0
  49    0
  50    0
  51    0
  52    0.8202
  53    0
  54    0
  55    0
  56    0
  57    0
  58    0
  59    0
  60    0
  61    0
  62    0
  63    0
  64    0
  65    0
  66    0
  67    0
  68    0
  69    0
  70    0
  71    0
  72    0
  73    0.1776
  74    0.0274
  75    0
  76    0
  77    0
  78    0
  79    0
  80    0
  81    0
  82    3.4278
  83    0.8274
  84    0
  85    0
  86    0
  87    0
  88   41.2146
  89   33.1078
  90    0.9145
  91   31.9128
  92    0.4975
  93    0.9708
  94    0
  95    0.7798
  96   36.5473
  97  113.043
  98   17.7477
  99   11.0857
 100    0.0941
 101    0.5202
 102    0
 103    0
 104   20.1852
 105   17.8023
 106   49.6223
 107   19.6896
 108    0
 109    0
 110    0
 111    0
 112    0
 113    0
 114   17.6234
 115    0.8826
 116    2.1824
 117    0
 118    0.2308
 119    0
 120    0
 121    0
 122    0
 123    0.9732
 124    0
 125    0.4174
 126    0.8798
 127    0.8798
 128   10.389
 129   23.8362
 130    0
 131    0
 132    0
 133    0
 134    0
 135    0
 136    0.9708
 137   19.6705
 138   13.1601
 139    0
 140    0
 141    0.885
 142    0
 143    0
 144   70.9476
 145   27.1675
 146    5.5729
 147   19.8645
 148    0.3853
 149    4.4313
 150    0
 151    0.2485
 152   62.4058
 153  130.815
 154  141.639
 155   88.2524
 156   84.5074
 157   25.8191
 158   24.5794
 159    0.5562
 160  174.09
 161  224.267
 162  199.438
 163  209.03
 164  105.056
 165  126.306
 166   67.1226
 167   19.3348
 168   78.7315
 169  115.418
 170  203.719
 171  139.22
 172   51.0354
 173   44.9181
 174   19.8591
 175    5.7132
 176    0.9688
 177   24.1749
 178   39.7853
 179    9.0372
 180    1.8501
 181    0.7591
 182    5.048
 183    1.5775
 184    0
 185    0
 186    0.9732
 187    0
 188    0
 189    0
 190    8.834
 191    3.4705
 192   20.0854
 193   18.7002
 194    2.7704
 195    0
 196    0
 197    0
 198    0.7893
 199    0
 200   18.4699
 201    0
 202   48.0967
 203   34.4703
 204   24.9666
 205    1.2429
 206    2.6061
 207    6.9496
 208  144.985
 209  227.143
 210  149.984
 211  205.373
 212  152.974
 213   71.5157
 214   54.4489
 215   35.4107
 216  332.276
 217  339.728
 218  351.143
 219  317.491
 220  314.633
 221  153.455
 222  114.752
 223   40.9869
 224  384.295
 225  367.034
 226  289.606
 227  387.688
 228  274.74
 229  133.095
 230  117.041
 231   18.3393
 232  258.234
 233  285.748
 234  311.399
 235  296.77
 236  162.221
 237  107.305
 238   58.3883
 239   10.9501
 240   53.4127
 241   50.8014
 242   31.3583
 243   20.0498
 244   56.633
 245    0.4236
 246    0.7681
 247    0
 248    0.9241
 249    0
 250    0
 251    0
 252    0
 253    0
 254    0
 255    0
 256    0
 257    0
 258    0.8147
 259    0
 260    0
 261    0
 262    0
 263    0
 264   44.3944
 265   32.1798
 266   44.845
 267   47.092
 268   77.6425
 269   25.69
 270    0
 271    0
 272  289.376
 273  289.764
 274  326.031
 275  271.453
 276  134.375
 277  132.108
 278   69.4521
 279   54.3797
 280  277.676
 281  327.892
 282  330.1
 283  229.66
 284  234.297
 285  142.214
 286  113.517
 287   47.7082
 288  414.571
 289  334.059
 290  415.941
 291  332.51
 292  262.001
 293  160.11
 294   88.1768
 295   32.0631
 296  177.046
 297  232.472
 298  252.982
 299  231.086
 300  127.667
 301   88.7587
 302   53.8877
 303   18.5887
 304   41.6431
 305   32.0886
 306   26.6905
 307   61.1163
 308   39.851
 309    2.6558
 310    3.9074
 311    2.6326
 312    5.1895
 313    0
 314   10.1136
 315    9.03
 316    4.3344
 317    3.2508
 318    0
 319    0
 320    0
 321    0
 322    0
 323    0.6649
 324    0
 325    0
 326    0
 327    0
 328   10.7856
 329    0.1459
 330    0.4934
 331    0.6616
 332   14.1032
 333   19.8855
 334    0
 335    0
 336  118.339
 337  122.039
 338  109.36
 339   49.1131
 340   39.3055
 341   47.667
 342   23.5209
 343    6.5504
 344  202.885
 345  227.883
 346  205.621
 347  134.62
 348  132.206
 349  100.51
 350   64.6377
 351   29.8509
 352  127.514
 353  116.667
 354  181.37
 355   94.1355
 356   49.0473
 357   38.9641
 358    4.9587
 359    1.3876
 360   73.9607
 361   16.2264
 362    9.2343
 363   46.1191
 364   34.6961
 365    1.798
 366    1.5804
 367    0
 368    9.748
 369    0
 370    2.7152
 371    3.596
 372   19.682
 373    0
 374    0
 375    0
 376    4.187
 377    0
 378    0
 379    0
 380    0
 381    0
 382    0
 383    0
 384    0
 385    0
 386    0
 387    0
 388    0
 389    0
 390    0.0232
 391    0.0261
 392    0
 393    0
 394    0
 395    0
 396    0
 397    0
 398    0
 399    0
 400    6.7143
 401   37.3549
 402   10.7996
 403    3.3264
 404    0.2511
 405    0
 406    0.9074
 407    0
 408   30.1637
 409   24.4575
 410   22.5868
 411   45.3279
 412   24.105
 413    0.3686
 414    0
 415    0
 416   10.4303
 417    9.7371
 418   26.2223
 419    4.1572
 420   15.9097
 421    0
 422    0
 423    0
 424   26.574
 425    0.4885
 426    0
 427    0
 428    0.8686
 429    0.4677
 430    0
 431    0
 432    8.2552
 433    0
 434   11.687
 435    0
 436    0
 437    0
 438    0
 439    0
 440    0
 441    0
 442    0
 443    0
 444    1.7197
 445    0
 446    0.7629
 447    0
 448    0
 449    0
 450    0
 451    0
 452    0
 453    0
 454    0
 455    0
 456    0
 457    0
 458    0
 459    0.4894
 460    0
 461    0
 462    0
 463    0
 464   22.0008
 465    8.312
 466    2.4625
 467    0
 468    0.7522
 469    0.7522
 470    0
 471    0
 472    3.576
 473    0
 474    1.6745
 475    0
 476    0
 477    0
 478    0
 479    0
 480    8.1952
 481    0
 482    0
 483    0
 484    0
 485    0
 486    0
 487    0
 488    1.4402
 489    0
 490    0
 491    0
 492    0
 493    0
 494    0
 495    0
 496    0.5025
 497    0
 498    0
 499    0
 500    0
 501    0
 502    0
 503    0.7629
 504    0.9568
 505    0
 506    0
 507    0
 508    0
 509    0
 510    0
 511    0
