This file was gnenerated on 2021-06-22 23:07:34.615558 by Grant Finneman. This contains the extracted data from the Gate simulations
The edep for each bar was summed up and printed to this file. The only math operation done has been addition.

  id        edep
   0     0.66963
   1     0.31226
   2     0.98954
   3     0.98954
   4     2.12273
   5     0.35064
   6     1.71561
   7     0
   8     0
   9     1.03478
  10     0.97343
  11     0
  12     1.2126
  13     6.18977
  14     1.39769
  15     0
  16    11.7601
  17     7.80288
  18    23.3672
  19     0.99269
  20     0.87328
  21     0
  22     0
  23     0
  24     0.26374
  25    17.4142
  26     2.68032
  27    13.2023
  28     9.02669
  29     5.64256
  30     8.34189
  31     5.32119
  32    23.959
  33     7.72557
  34     2.84149
  35     0.92935
  36     0.27707
  37     1.27362
  38     0.66242
  39     0
  40     1.67181
  41    12.9337
  42     1.33172
  43     0
  44     0.95374
  45     1.69456
  46     0
  47     0
  48     0
  49     0
  50     2.23296
  51     2.3424
  52     0.11525
  53     1.23622
  54     0
  55     0.24772
  56     0
  57     0
  58     0.08884
  59     0
  60     0
  61     2.36088
  62     0
  63     0
  64     0.1878
  65     0.85552
  66     0
  67     1.92005
  68     2.59594
  69     0.41438
  70     0.69354
  71     1.36467
  72    24.8123
  73     1.16676
  74    43.985
  75     1.48387
  76     3.31584
  77     3.08687
  78     4.19307
  79     1.79703
  80    92.003
  81   140.983
  82   188.746
  83    46.2846
  84    52.9955
  85    30.6335
  86     1.43676
  87     2.09656
  88   174.552
  89   202.565
  90   107.574
  91    74.7003
  92    59.6202
  93    30.9108
  94    16.1839
  95     0
  96    59.2334
  97   112.381
  98   113.507
  99    53.6893
 100    59.4995
 101    24.9709
 102    50.4666
 103     3.32802
 104     9.60009
 105    52.1408
 106    32.3277
 107    34.1114
 108     4.45481
 109    19.5056
 110     2.16117
 111     0
 112     1.24261
 113     1.84634
 114     0.13212
 115     0.10506
 116     0.49745
 117     0
 118    26.7264
 119     0.17959
 120     0
 121     0.28248
 122     0.95366
 123     0.47919
 124     0.69018
 125     1.50952
 126     0
 127     1.58571
 128     1.40653
 129    38.3441
 130    23.0431
 131     1.96634
 132     0.44305
 133     1.86256
 134     1.00305
 135     0.92776
 136    98.324
 137   107.458
 138   101.266
 139     4.70564
 140     2.37531
 141     0.96426
 142     0.63093
 143     0.37549
 144   599.898
 145   815.982
 146   647.844
 147   428.351
 148   261.7
 149   236.609
 150   129.174
 151    16.8021
 152  1558.53
 153  1604.92
 154  1338.64
 155  1079.19
 156   896.605
 157   555.805
 158   224.118
 159    63.8773
 160   844.362
 161   862.643
 162   711.752
 163   597.127
 164   458.096
 165   232.894
 166   116.385
 167    37.3337
 168   146.136
 169   206.911
 170   186.54
 171   111.414
 172    58.72
 173    69.4038
 174    27.2529
 175     6.33847
 176    11.3414
 177    31.869
 178    20.0396
 179     1.70581
 180    23.4465
 181    19.8814
 182    30.5402
 183     0.69683
 184     0.90962
 185     0
 186     0.37307
 187     2.13992
 188     6.907
 189     9.82409
 190     8.58577
 191     9.04969
 192    28.3367
 193    14.1391
 194     5.36881
 195     0.92042
 196     0.12096
 197     2.19729
 198    12.5309
 199    13.1904
 200   186.646
 201   268.899
 202   161.85
 203    83.7434
 204    24.1635
 205    38.6141
 206    16.091
 207    41.8048
 208  1470.06
 209  1566.53
 210  1608.99
 211  1249.7
 212   722.108
 213   460.37
 214   226.873
 215    86.2205
 216  9040.65
 217  8951.86
 218  8795.37
 219  8179.11
 220  6936.45
 221  5503.43
 222  3463.8
 223  1600.62
 224  3982.67
 225  4042.33
 226  3813.16
 227  3144.32
 228  2447.88
 229  1839.19
 230   671.637
 231   221.503
 232   654.575
 233   941.148
 234   824.103
 235   407.31
 236   334.749
 237   188.67
 238    46.4519
 239     7.95275
 240   127.723
 241   156.292
 242   133.282
 243    83.2548
 244    82.7117
 245     0.41802
 246     4.52924
 247    11.3666
 248     1.51287
 249     0.94015
 250     0.13
 251     2.03686
 252     0.52831
 253     2.59157
 254     0.87447
 255     1.09631
 256     1.41184
 257     0.80078
 258     0
 259     0.9598
 260     1.23715
 261     0.21469
 262     0.55783
 263     0.25649
 264    84.1179
 265   133.477
 266    99.8379
 267    57.1135
 268    27.2405
 269     2.58232
 270     0.16471
 271     3.1569
 272   695.068
 273   850.529
 274   723.368
 275   564.063
 276   285.851
 277   117.504
 278    76.45
 279    14.0973
 280  3881.59
 281  4006.67
 282  3133.89
 283  3106.02
 284  2459.63
 285  1550.67
 286   925.498
 287   298.781
 288  8907.83
 289  8898.64
 290  8874.03
 291  7723.17
 292  6995.34
 293  5343.61
 294  3497.95
 295  1427.54
 296  1573.4
 297  1588.12
 298  1447.78
 299  1088.57
 300   714.429
 301   600.759
 302   245.254
 303    59.8371
 304   135.447
 305   105.077
 306    81.6318
 307    49.8707
 308    33.0774
 309    23.345
 310    22.3346
 311    14.5771
 312    10.2027
 313     2.06884
 314     2.72756
 315     0.69715
 316     2.9554
 317     1.81516
 318     1.34027
 319     1.19498
 320     0
 321     2.46512
 322     0.64087
 323     0.81153
 324     0.90024
 325     0.45015
 326     0.75044
 327     0.90603
 328    57.2016
 329    22.2817
 330    22.9896
 331    14.2839
 332     0.9411
 333     1.64553
 334     2.23664
 335     0
 336   111.873
 337   158.299
 338   179.803
 339   108.179
 340    48.132
 341     5.92294
 342     4.18941
 343     1.96002
 344   704.887
 345   797.173
 346   493.027
 347   464.352
 348   388.041
 349   184.551
 350    70.1743
 351    24.5346
 352  1560.59
 353  1798.69
 354  1945.81
 355  1410.74
 356   895.09
 357   559.272
 358   184.961
 359    68.7412
 360   627.997
 361   690.379
 362   576.668
 363   465.995
 364   270.574
 365   142.051
 366    33.0387
 367     5.71604
 368   121.384
 369    66.8605
 370    27.4332
 371     6.17206
 372    84.7141
 373    42.3637
 374     4.46077
 375     0
 376     0.51352
 377     1.35091
 378     0.10462
 379     0.79772
 380     0
 381     0.02791
 382     1.20886
 383     1.10014
 384     1.37357
 385     1.67376
 386     1.67156
 387     0.58085
 388     0.90915
 389     0
 390     0.46099
 391     0
 392     0.16581
 393     9.7597
 394    10.6337
 395     0.50799
 396     0.64776
 397     1.00002
 398     1.18472
 399     1.80751
 400    12.1623
 401    20.7503
 402    24.8592
 403    28.3826
 404    14.4436
 405     0.61817
 406     0.17718
 407     1.2493
 408    68.3581
 409    88.187
 410    61.7594
 411    25.2999
 412    18.0714
 413    25.747
 414     3.6653
 415     2.14285
 416   170.357
 417   200.221
 418   154.711
 419   114.707
 420    25.1894
 421    28.1366
 422    12.6193
 423    21.7648
 424    88.4565
 425   118.74
 426    62.58
 427    15.2483
 428     9.27613
 429     1.18631
 430     4.52575
 431     3.48335
 432     6.95549
 433     4.41152
 434    31.3746
 435     0.666
 436     6.59045
 437     3.65029
 438    10.7716
 439     8.38704
 440    10.318
 441     2.03881
 442     0.95714
 443     0.7359
 444     0.91317
 445     0.0864
 446     0.3561
 447     2.11477
 448    19.8911
 449     0.21001
 450     0.52653
 451     0.63826
 452     0
 453     0
 454     0
 455     0
 456     0
 457     0.07978
 458     1.97918
 459     0.17722
 460     0.53685
 461     1.82714
 462     0
 463     0.27034
 464     3.01228
 465     2.38574
 466    21.8149
 467     1.7801
 468     0.35887
 469     0
 470     0.27019
 471     0
 472     0
 473     0.49214
 474    24.9795
 475    22.8018
 476     1.22862
 477     0.29898
 478     0.11445
 479     0.10178
 480     7.95241
 481     3.47178
 482    26.4237
 483     0
 484     0.17495
 485     1.03286
 486     0.92568
 487     1.30815
 488     5.28675
 489     0.41232
 490     2.9246
 491     2.41167
 492     0.92623
 493     2.11705
 494     0
 495     6.4921
 496     0.80936
 497     0.56798
 498    24.0449
 499     0
 500     0
 501     1.55458
 502     0.83459
 503     0
 504     0.15657
 505     1.49033
 506     0.59918
 507     1.62484
 508     0.19325
 509     0.46099
 510     0.86364
 511     0.49758
