This file was gnenerated on 2021-06-22 23:34:02.964769 by Grant Finneman. This contains the extracted data from the Gate simulations
The edep for each bar was summed up and printed to this file. The only math operation done has been addition.

  id        edep
   0     1.61267
   1     1.08759
   2     0.49532
   3     0
   4     0.6871
   5     0.58796
   6     0
   7     0.63011
   8    16.6415
   9    50.2496
  10    17.1977
  11    25.4317
  12     7.87468
  13    22.3264
  14     0
  15     0.06095
  16   101.107
  17    89.9411
  18    66.5803
  19    16.4134
  20    29.9687
  21    26.2936
  22     0.57377
  23     6.5063
  24   134.985
  25   152.861
  26   142.551
  27   105.159
  28   108.65
  29    15.6396
  30     0
  31     1.30166
  32    82.7363
  33   121.743
  34    84.9284
  35    42.5505
  36     8.49792
  37     6.13261
  38     4.24824
  39     1.84614
  40    11.8155
  41    13.6647
  42    17.9333
  43    22.3749
  44    27.6034
  45    22.4639
  46    34.8117
  47     4.98527
  48     0.48439
  49    10.9067
  50     0.84376
  51     0
  52     6.00791
  53     0.78367
  54     0.54814
  55     0.92776
  56     0.26791
  57     1.0676
  58     0.07525
  59     0.80285
  60     0
  61     0.60167
  62     0.12588
  63     1.74883
  64    28.4039
  65    36.8186
  66    29.5678
  67     0.31758
  68     0.27943
  69     0
  70     0
  71     0
  72   100.159
  73   218.607
  74   124.182
  75    56.4393
  76    24.8951
  77    25.5314
  78     1.51573
  79    12.2316
  80   479.101
  81   329.635
  82   471.469
  83   317.002
  84   174.96
  85    94.3091
  86    28.9876
  87     6.01148
  88   883.199
  89   973.63
  90   945.865
  91   754.808
  92   560.027
  93   433.241
  94   212.83
  95    85.4599
  96   617.433
  97   665.264
  98   601.703
  99   377.564
 100   305.596
 101   217.497
 102    93.8714
 103    29.2396
 104   151.847
 105   192.68
 106   137.33
 107    83.3011
 108    31.346
 109    60.6553
 110    21.4675
 111     0.83425
 112    17.5798
 113    12.3002
 114    34.17
 115    38.7859
 116     4.35039
 117     0.47733
 118     8.02434
 119     1.4793
 120     0.18094
 121     2.12085
 122     0.09768
 123     0.28227
 124     0
 125     0.33382
 126     0
 127     0.88541
 128    52.2502
 129    41.1154
 130    21.4561
 131    24.0296
 132     9.84987
 133     1.05818
 134     3.08645
 135     0.71284
 136   489.966
 137   562.015
 138   409.309
 139   242.639
 140   287.756
 141   149.969
 142   113.459
 143    88.9392
 144  1816.04
 145  1938.96
 146  1944.75
 147  1658.35
 148  1289.18
 149   867.135
 150   512.15
 151   236.125
 152  2645.75
 153  2540.07
 154  2469.43
 155  2133.21
 156  1733.53
 157  1338.31
 158   800.708
 159   402.072
 160  1973.95
 161  1894.06
 162  1699.77
 163  1560.95
 164  1292.3
 165   901.349
 166   562.716
 167   178.28
 168   322.968
 169   318.497
 170   289.811
 171   188.61
 172   188.939
 173    87.7471
 174    21.9348
 175    22.6921
 176    42.4349
 177    83.0491
 178    18.4713
 179     1.13176
 180    47.2371
 181     8.76997
 182     2.4339
 183     1.25289
 184     0
 185     0.56922
 186     0.91215
 187     0.35503
 188     0.9816
 189     1.33776
 190     0
 191     0.43025
 192    80.4604
 193    27.1456
 194     5.36624
 195    46.4704
 196     5.28703
 197    19.3416
 198     0.97531
 199     0.97531
 200   440.008
 201   351.076
 202   262.35
 203   205.778
 204   211.078
 205   161.641
 206    55.995
 207    11.7064
 208  2291.27
 209  2138.37
 210  1853.42
 211  1602.37
 212  1474.04
 213  1237.01
 214   710.684
 215   287.979
 216  3207.7
 217  3143.66
 218  3061.03
 219  2483.56
 220  1961.94
 221  1293.11
 222   886.593
 223   249.471
 224  3149.01
 225  3219.69
 226  2811.4
 227  2365.1
 228  1858.67
 229  1455.83
 230  1115.49
 231   398.369
 232   953.071
 233   970.532
 234   821.832
 235   682.482
 236   509.41
 237   329.839
 238   218.382
 239    60.0149
 240   119.769
 241   235.459
 242   182.05
 243   118.31
 244     9.11778
 245    22.5521
 246    13.2182
 247     3.91446
 248    18.1951
 249     2.4558
 250     1.85442
 251     0
 252     3.63518
 253     1.35452
 254     0.59603
 255     0.08329
 256    12.6734
 257    42.3806
 258    11.4944
 259    10.3059
 260    22.7704
 261     0.01783
 262     0.18229
 263     0.59421
 264    99.3994
 265   188.673
 266   234.408
 267   126.591
 268    48.768
 269    54.3295
 270     8.22779
 271     4.02644
 272  1062.84
 273   999.149
 274   915.917
 275   935.696
 276   579.053
 277   395.02
 278   192.18
 279    70.7521
 280  2958.97
 281  3004.86
 282  2928.11
 283  2503.56
 284  1905.34
 285  1334.36
 286   820.952
 287   245.179
 288  3375.95
 289  3534.92
 290  3241.33
 291  2598.63
 292  2021.02
 293  1316.13
 294   964.813
 295   296.917
 296  1952.47
 297  2074.66
 298  1898.89
 299  1803.12
 300  1382.58
 301   934.073
 302   636.93
 303   262.043
 304   301.371
 305   504.058
 306   305.842
 307   316
 308   207.873
 309   123.455
 310    80.6935
 311    24.7359
 312    77.3788
 313    54.9953
 314    47.3336
 315    36.6842
 316     5.01739
 317    27.55
 318    36.9435
 319     0.05906
 320     1.70722
 321    32.1958
 322     3.26238
 323     1.31761
 324     0.51082
 325     0.39052
 326     0
 327     0.35402
 328    64.1808
 329    72.181
 330    42.758
 331     9.42278
 332    24.8287
 333    13.8332
 334     1.58841
 335     0.21015
 336   325.705
 337   413.293
 338   284.135
 339   216.461
 340   173.217
 341    36.8434
 342    19.8674
 343    11.2239
 344  1954.17
 345  1954.59
 346  1741.35
 347  1259.1
 348   994.7
 349   758.591
 350   398.866
 351   161.135
 352  2639.97
 353  2833.6
 354  2473.06
 355  2207.49
 356  1868.17
 357  1310.19
 358   851.331
 359   361.652
 360  1886.05
 361  1861.46
 362  1738.08
 363  1610.77
 364  1387.98
 365   882.23
 366   644.245
 367   318.251
 368   419.528
 369   217.245
 370   355.309
 371   484.641
 372   308.126
 373   167.605
 374   136.738
 375    35.6566
 376    99.611
 377    35.4269
 378    35.5588
 379    30.1503
 380     6.99143
 381    12.087
 382     0
 383     0
 384     0
 385     0.45468
 386     0.92869
 387     0
 388     0.34796
 389     0.49187
 390     0.49187
 391     0
 392    12.0711
 393     7.65104
 394     2.06842
 395     1.26404
 396     0.93202
 397     0
 398     0.53059
 399     0.99581
 400   107.349
 401   161.245
 402    77.0278
 403    79.3051
 404    32.1434
 405    19.4508
 406     2.60871
 407     0
 408   670.715
 409   569.728
 410   484.619
 411   393.61
 412   248.28
 413   174.653
 414    89.103
 415    16.6515
 416   929.001
 417  1077.57
 418   912.283
 419   865.584
 420   765.03
 421   485.031
 422   332.281
 423   111.386
 424   339.768
 425   373.178
 426   407.706
 427   464.484
 428   190.568
 429   118.3
 430   113.836
 431     9.20099
 432   123.609
 433   128.562
 434    69.2969
 435   131.518
 436    94.6791
 437    49.3468
 438    36.127
 439    10.9903
 440     3.12424
 441     1.13883
 442     1.13128
 443    16.0021
 444     0.84883
 445    23.1338
 446     0.24811
 447     0.67436
 448     0
 449     0
 450     0.68274
 451     0
 452     0.53059
 453     9.07197
 454     0.66337
 455     0.85657
 456     0
 457     0
 458     1.66768
 459    14.6326
 460     7.8073
 461     0.54438
 462     0.61902
 463     0
 464     0
 465     9.49882
 466    28.5446
 467    21.8543
 468    11.1122
 469     0.54438
 470     0
 471     0.51924
 472    70.3007
 473    55.6305
 474    75.0354
 475    27.1897
 476     0.89619
 477     0
 478    27.3366
 479    20.1817
 480   142.678
 481   171.737
 482    51.2591
 483    35.0071
 484    80.5255
 485    52.3567
 486     6.87122
 487     4.6376
 488    87.8113
 489   109.741
 490    81.1557
 491     8.84242
 492    18.0932
 493    36.7774
 494    29.0853
 495     1.83681
 496     9.85497
 497    37.5001
 498    21.1904
 499     1.90304
 500     1.6787
 501     0
 502     2.18748
 503     0.82987
 504     0.76935
 505     1.49192
 506     3.63608
 507     6.493
 508     0.78051
 509     0.63239
 510     0
 511     0.09818
