This file was gnenerated on 2021-06-21 16:56:42.326221 by Grant Finneman. This contains the extracted data from the Gate simulations
The edep for each bar was summed up and printed to this file. The only math operation done has been addition.

  id      edep
   0    0
   1    0
   2    0
   3    0
   4    0
   5    0
   6    0
   7    0
   8    0
   9    0
  10    0
  11    0
  12    0
  13    0
  14    0
  15    0
  16    0.4721
  17    0
  18    9.3276
  19   12.3907
  20    0
  21    0
  22    0
  23    0
  24   11.4096
  25    0
  26    0
  27    0
  28    0
  29    0
  30    0
  31    0
  32    0
  33    0
  34    0
  35    0
  36    0
  37    0
  38    0
  39    0.879
  40    0
  41    0.7725
  42    0
  43    0
  44    0
  45    0
  46    0
  47    0
  48    0
  49    0
  50    0
  51    0
  52    0
  53    0
  54    0
  55    0
  56    0
  57    0
  58    0
  59    0
  60    0
  61    0
  62    0
  63    0
  64    0
  65    0
  66    0
  67    0.2813
  68    0
  69    0
  70    0
  71    0
  72    0
  73    0
  74    0
  75    0
  76    0
  77    0
  78    0
  79    0
  80    0
  81    7.5331
  82   17.4692
  83    0
  84    0
  85    0.0993
  86    0
  87    0
  88   21.8389
  89   32.4358
  90   14.9671
  91    0
  92    0.1129
  93    0
  94    0
  95    0
  96   18.9648
  97    0
  98    0
  99   21.5441
 100    0.4004
 101    0
 102    0.0764
 103    0
 104    0
 105    0
 106    2.5063
 107    0
 108    0
 109    0
 110    0.7744
 111    0.2037
 112   23.2098
 113    0
 114    0
 115    0
 116    0
 117    0
 118    0.2793
 119    0
 120    0.6684
 121    0
 122    0
 123    0
 124    0
 125    0
 126    0
 127    0
 128    0
 129    0
 130    0
 131    0
 132    0
 133    0
 134    0
 135    0.7877
 136    0
 137    0
 138    0
 139    0.879
 140    0
 141    0.6905
 142    0.2496
 143    0
 144   25.6883
 145   51.2295
 146   71.4644
 147    9.2547
 148    0
 149    0.6905
 150    0
 151    0
 152  257.866
 153  253.795
 154  184.147
 155  171.136
 156   93.9295
 157   86.3941
 158   46.5784
 159   14.7478
 160  162.947
 161  191.743
 162  142.436
 163   63.4534
 164   55.9278
 165   69.5172
 166   14.5854
 167   37.7452
 168   32.967
 169   67.6654
 170   46.7228
 171   27.0835
 172    0
 173    0
 174    0.7813
 175    0.6898
 176   19.0426
 177   19.1902
 178    4.2826
 179    7.922
 180    1.0478
 181    0
 182    0
 183    0
 184    0.7493
 185    0
 186    0
 187   11.65
 188   10.5913
 189    0
 190    0
 191    0
 192    0
 193    0.4792
 194    0
 195    0
 196    0
 197    0
 198    0.0188
 199    0.5861
 200    0
 201    6.6722
 202    3.4684
 203    0.879
 204    0
 205    0
 206    0
 207    0
 208  128.248
 209   98.9899
 210  161.267
 211  132.682
 212   71.9579
 213   28.8291
 214   12.3113
 215    3.081
 216  696.22
 217  796.422
 218  706.012
 219  652.833
 220  586.409
 221  481.203
 222  302.364
 223  112.624
 224  677.062
 225  656.516
 226  673.917
 227  584.062
 228  490.03
 229  388.157
 230  232.355
 231   66.2783
 232  166.416
 233   77.7566
 234   82.347
 235  123.873
 236   51.4169
 237   14.3359
 238    7.9944
 239    1.2504
 240   33.981
 241   19.3284
 242    1.8024
 243    2.796
 244   15.717
 245    3.3489
 246    0.8616
 247    0
 248    0
 249    0
 250    0
 251    0
 252    0
 253    0
 254    0.5345
 255    0
 256    0
 257    0
 258    0
 259    0.5245
 260    0
 261    0
 262    0
 263    0
 264   21.5874
 265   33.7431
 266   10.443
 267    3.3435
 268    0.2349
 269    0.153
 270    0
 271    0.8594
 272  156.523
 273  150.841
 274  158.705
 275  125.953
 276   37.268
 277   11.4001
 278   23.385
 279    0.7206
 280  519.736
 281  746.595
 282  727.772
 283  501.358
 284  447.599
 285  399.04
 286  206.485
 287   36.3947
 288  639.706
 289  741.856
 290  634.522
 291  575.213
 292  562.406
 293  497.173
 294  321.044
 295  101.631
 296  155.092
 297  202.456
 298  152.038
 299  172.476
 300  115.644
 301   59.6583
 302   15.7499
 303    0.606
 304   27.5311
 305    6.6506
 306   24.1341
 307   34.2761
 308    0
 309   10.9302
 310   19.8109
 311    0
 312    0
 313    4.5675
 314    0
 315    0
 316    0
 317    0
 318   22.4645
 319    0.5521
 320    0.6022
 321    0.8412
 322    0.0874
 323    0
 324    0
 325    0
 326    0
 327    0
 328    0.4074
 329   10.0523
 330    0
 331   14.944
 332    0.3393
 333    1.194
 334    0
 335    0
 336   46.5845
 337   47.4718
 338   15.6895
 339   45.3716
 340    7.2239
 341    0
 342   15.0696
 343    0.183
 344   84.5131
 345  128.343
 346   89.9105
 347  105.172
 348   94.0184
 349   71.8632
 350   22.5176
 351   17.3743
 352  127.967
 353  156.337
 354  138.888
 355  199.611
 356   63.0374
 357   15.8922
 358   18.0344
 359   12.2987
 360   63.8779
 361   75.9285
 362   35.2049
 363   39.1184
 364   16.4256
 365    0
 366    0
 367    0
 368    5.7352
 369    0
 370    0
 371    0
 372    0
 373    0
 374    0.3393
 375    0
 376    0.2295
 377   14.21
 378    0
 379    0
 380    0
 381    0
 382    0
 383    0
 384    0
 385    0
 386    0
 387    0
 388    0.7214
 389    0
 390    0
 391    0
 392    0
 393    0.5799
 394    0
 395    0.1183
 396    0
 397    0.7467
 398    0
 399    0
 400    0
 401   14.9778
 402   19.4891
 403    1.1284
 404    0
 405    0
 406    0
 407    0
 408   23.3736
 409   28.3585
 410   37.2606
 411   12.1706
 412    5.6562
 413    0
 414    0
 415    1.1794
 416   35.1602
 417   14.8415
 418    0
 419   21.2474
 420    0
 421    0
 422    0
 423    0
 424   26.7405
 425    0
 426    0
 427    0
 428    0
 429    0
 430    0
 431    0
 432    9.3197
 433    1.6001
 434    0.5773
 435    0
 436    0
 437    0
 438    0
 439    0
 440    0
 441    0
 442    0
 443    0
 444    0
 445    0
 446    0
 447    0
 448    0
 449    0
 450    0
 451    0
 452    0
 453    0.356
 454    0
 455    0
 456    0
 457    0
 458    0
 459    0.1183
 460    0
 461    0
 462    0
 463    0
 464    0
 465    0.3362
 466    0.7512
 467    0.8011
 468    0.8594
 469    0
 470    0
 471    0
 472    0
 473    0.4114
 474   29.6102
 475   20.9438
 476    0
 477    0
 478    0
 479    0
 480    0
 481    0.8277
 482   42.6098
 483    0
 484    0
 485    0
 486    0
 487    0
 488    0
 489    0
 490    0
 491    0
 492    0
 493    0
 494    0
 495    0
 496    0
 497    0
 498    0
 499    0.9505
 500    0.9761
 501    0
 502    0
 503    0.4869
 504    0
 505    0
 506    0
 507    0
 508    0
 509    0.6872
 510    0
 511    0
