This file was gnenerated on 2021-06-17 21:33:31.671840 by Grant Finneman. This contains the extracted data from the Gate simulations
The edep for each bar was summed up and printed to this file. The only math operation done has been addition.

  id      edep
   2    0.2555
   9    1.3718
  10    1.9992
  18    0.4704
  19    9.7254
  27    9.482
  28   27.584
  33   61.0249
  34   31.9068
  39    0.1514
  40    0.5737
  43    0.5227
  67    0.8891
  76    0.9318
  80   27.9474
  81   46.3279
  82   27.1703
  83   57.0827
  84   19.2269
  85    8.0878
  86    3.8424
  88   15.284
  89   49.0389
  90   24.8373
  91   55.3823
  92   68.9319
  93   12.9712
  94   13.661
  96   17.0896
  97    9.353
  98   31.7877
  99   22.1178
 101   21.5082
 102    4.082
 103    3.9118
 104   11.2056
 105   23.4711
 108    0.8519
 109   14.6118
 113    3.6244
 115    0.6038
 130   17.0079
 136   11.0908
 137   35.1866
 138   36.6465
 139   23.862
 140   20.833
 141    7.0414
 142   10.1216
 144  236.104
 145  215.45
 146  109.004
 147  106.593
 148  101.74
 149   90.508
 150   34.654
 151   11.1996
 152  302.542
 153  193.672
 154  272.37
 155  177.559
 156  177.738
 157  140.846
 158   89.0907
 159   28.5594
 160  147.377
 161  210.982
 162  178.881
 163  119.229
 164  111.614
 165   61.7109
 166   52.4677
 167   34.0879
 168  106.944
 169   56.5815
 170   18.1048
 171   15.2566
 172   27.1662
 173   40.8068
 174    3.8418
 175    6.8843
 177    5.3433
 178    7.629
 179   41.2202
 180   37.0163
 183    9.7296
 185   21.7155
 186   10.5075
 188    0.862
 189    1.724
 193    9.7416
 194    4.8708
 195    0.836
 200   40.3111
 201   58.0428
 202   50.5054
 203   80.1131
 204   53.6467
 205   52.2523
 206    6.6092
 207    0.5784
 208  286.979
 209  379.925
 210  283.511
 211  255.279
 212  169.626
 213  147.519
 214   70.1567
 215   26.0878
 216  316.709
 217  293.333
 218  346.428
 219  178.319
 220  163.729
 221  138.075
 222   50.7332
 223   11.9398
 224  253.954
 225  294.353
 226  289.497
 227  265.416
 228  209.576
 229  152.156
 230   71.0072
 231   17.9257
 232  218.97
 233  244.83
 234  292.107
 235  217.763
 236  139.739
 237  168.659
 238   60.8361
 239   13.6763
 240   38.5031
 241  102.843
 242   44.1781
 243   59.812
 244   31.0667
 245   15.8646
 246    4.9976
 247    1.2355
 249   33.1774
 250   23.3505
 253    1.5172
 258    7.7121
 260    0.858
 264   35.2711
 265   17.5292
 266   24.27
 267   21.5736
 268   84.4175
 269   24.444
 270   13.1278
 271    2.9004
 272  206.194
 273  164.752
 274  155.164
 275  104.545
 276  111.841
 277   51.9272
 278   29.3483
 279    4.0109
 280  316.651
 281  327.104
 282  323.899
 283  227.383
 284  171.587
 285  148.292
 286   61.1675
 287   14.3622
 288  332.424
 289  356.314
 290  310.292
 291  315.269
 292  178.296
 293  130.417
 294   53.3765
 295   21.9625
 296  381.326
 297  228.479
 298  212.024
 299  202.579
 300  235.17
 301   89.9155
 302   97.8192
 303   57.0691
 304   48.2525
 305   45.3775
 306   75.7224
 307   34.0856
 308   18.2754
 309    7.9205
 310    8.8591
 311    0.1827
 314   30.8294
 315    0.4098
 316    0.5756
 317    0.6874
 318    0.6471
 320   11.7364
 328   11.7147
 330   14.7465
 331    0.2472
 332   16.1415
 335    0.799
 336   27.6054
 337   35.249
 338   33.8889
 339    1.3096
 340   10.0946
 341    5.681
 342   26.0479
 344  176.277
 345   95.501
 346  140.126
 347   89.8736
 348   45.1157
 349   72.6264
 350   43.8055
 351    7.7849
 352  252.114
 353  253.22
 354  273.306
 355  141.225
 356  117.529
 357  134.286
 358   77.5985
 359   14.8373
 360  125.09
 361  159.922
 362   54.4235
 363   90.6713
 364   73.4538
 365   27.3832
 366   62.5442
 367   47.9818
 368   25.5742
 369   14.5977
 370    4.8118
 371   21.8344
 372    3.899
 373    0.2543
 376    0.827
 378   14.6801
 384    0.4705
 386    0.1637
 398    0.3944
 400   22.1346
 408   35.063
 409   31.8116
 410    7.6125
 411   11.537
 414    0.8487
 415    0.5052
 416   33.4441
 417   64.0239
 418   47.3626
 419   13.2071
 420   12.549
 421   15.1048
 422   20.7224
 423    0.3798
 424   22.5521
 425   55.6544
 426   18.0793
 427   30.2498
 428   25.6778
 430    6.9304
 432   15.482
 433   13.5605
 441    0.0258
 442    0.0258
 445    0.3844
 448    0.9286
 454    0.5628
 457    0.7624
 460    0.0889
 475    0.4823
 484    0.9117
 494    1.6567
 504    0.2474
