This file was gnenerated on 2021-06-22 23:14:18.094961 by Grant Finneman. This contains the extracted data from the Gate simulations
The edep for each bar was summed up and printed to this file. The only math operation done has been addition.

  id        edep
   0     0.09471
   1     0
   2     0
   3     0
   4     0
   5     0.03676
   6     0
   7     0.56074
   8     0.56571
   9     0.9975
  10     0.97054
  11     0.08872
  12     0
  13     0.36875
  14     0
  15     0
  16     0
  17     7.92336
  18     2.17394
  19     1.25868
  20     5.17776
  21     0.2402
  22     0.30768
  23     1.02328
  24     9.78748
  25    13.4426
  26     2.19813
  27     6.08311
  28    10.4099
  29     2.04234
  30     1.23539
  31     0.05772
  32     2.86271
  33     1.74706
  34     5.36996
  35     4.23793
  36     6
  37     5.23942
  38     1.88628
  39     2.09398
  40     0
  41     0.19177
  42     0.63585
  43     3.31593
  44     0.45674
  45     0
  46     0.11933
  47     0.88271
  48     0.61248
  49     0
  50     0.45278
  51     0.595
  52     1.38036
  53     1.91749
  54     1.17485
  55     0
  56     0.53434
  57     0.54568
  58     0.01697
  59     0.49818
  60     2.55158
  61     0.79569
  62     0
  63     0.28751
  64     0
  65     0
  66     0
  67     0
  68     0.6234
  69     0.92553
  70     0.55187
  71     0.71932
  72    20.9725
  73     9.97813
  74    15.2893
  75     4.83678
  76     5.58178
  77     1.01141
  78     3.03288
  79     8.43415
  80    87.8187
  81    52.3135
  82    69.174
  83    27.2853
  84    10.4461
  85     6.63906
  86    19.5399
  87     1.80889
  88    76.7027
  89    53.3433
  90    39.4439
  91    35.993
  92    21.9293
  93    39.0939
  94     5.99104
  95     1.81965
  96   108.323
  97    81.1593
  98    56.7736
  99    67.6656
 100    32.7238
 101     6.50592
 102     7.31633
 103     2.97155
 104    25.9455
 105     2.24947
 106    46.0204
 107    50.7357
 108    13.4279
 109     2.10988
 110     2.09882
 111     0.79988
 112     9.64551
 113    39.8667
 114     2.50457
 115     0.92064
 116     1.29086
 117     1.4572
 118     0
 119     0.04226
 120     2.42821
 121     0
 122     0
 123     0.82948
 124     0.48778
 125     0.3581
 126     0.76908
 127     0.84173
 128     1.00262
 129     1.4301
 130     0.65529
 131     0.2732
 132    20.849
 133    20.671
 134    16.9517
 135     1.28191
 136    93.6493
 137   104.138
 138   107.986
 139    29.4287
 140    52.0616
 141    15.3592
 142    49.642
 143    22.8008
 144   449.56
 145   360.142
 146   393.265
 147   362.832
 148   150.598
 149   113.226
 150    65.9227
 151     5.2167
 152   502.448
 153   734.202
 154   698.219
 155   486.335
 156   260.008
 157   136.207
 158    21.8711
 159     4.47267
 160   842.647
 161   673.847
 162   627.526
 163   529.282
 164   319.52
 165    99.4228
 166    33.0246
 167     6.42756
 168   507.257
 169   442.029
 170   266.363
 171   200.545
 172   167.776
 173    16.8164
 174    17.4421
 175    29.2729
 176   150.668
 177   156.28
 178   107.343
 179    81.2698
 180    70.5012
 181    26.6238
 182    13.8911
 183     0.81565
 184    12.4765
 185    21.0048
 186     2.09944
 187    20.1014
 188     1.23524
 189    16.5324
 190     1.35111
 191     0
 192     5.05239
 193    41.3549
 194    10.6456
 195    37.1828
 196    32.7381
 197     0
 198     0.49381
 199     0
 200   441.865
 201   428.706
 202   265.382
 203   204.247
 204   123.435
 205    85.3667
 206    64.4025
 207    10.8002
 208  2691.63
 209  2858.48
 210  2570.18
 211  2097.9
 212  1875.48
 213  1389.23
 214   853.339
 215   350.514
 216  5418.14
 217  5616.44
 218  4873.67
 219  4249.87
 220  3527.25
 221  2531.66
 222  1689.32
 223   662.369
 224  5424.91
 225  5193.6
 226  5079.29
 227  4425.47
 228  4066.79
 229  2698.51
 230  1645.43
 231   624.17
 232  2950.75
 233  3297.23
 234  3019.22
 235  2258.18
 236  1961.3
 237  1276.45
 238   798.111
 239   323.276
 240   423.471
 241   326.679
 242   374.98
 243   247.44
 244   123.424
 245   128.255
 246    43.7781
 247    25.8685
 248    28.7699
 249     2.82755
 250    22.7732
 251     3.74439
 252     0.52251
 253     1.24385
 254     0.9637
 255     0.96292
 256    33.3002
 257    37.3108
 258     4.44977
 259     9.55332
 260    17.7273
 261     1.70018
 262     0.8721
 263     0.62931
 264   407.883
 265   395.422
 266   233.673
 267   260.262
 268   166.086
 269   130.438
 270    40.6642
 271     1.22571
 272  2851.46
 273  2670.75
 274  2797.54
 275  2402.67
 276  2082.43
 277  1658.43
 278  1012.11
 279   461.351
 280  5205.1
 281  5347.31
 282  5350.53
 283  4256.06
 284  3355.85
 285  2456.65
 286  1587.5
 287   638.214
 288  5536.73
 289  5447.56
 290  4988.45
 291  4548.29
 292  3623.73
 293  2424.77
 294  1548.1
 295   555.638
 296  2860.85
 297  2673.24
 298  2902.99
 299  2433.62
 300  1780.55
 301  1306.42
 302   804.936
 303   324.252
 304   367.846
 305   425.719
 306   483.049
 307   281.282
 308   106.217
 309    64.4751
 310    24.8714
 311     1.52091
 312    31.8505
 313    37.7668
 314    37.6896
 315    10.8907
 316     1.92569
 317     0.95397
 318     1.97095
 319     0
 320    19.7501
 321    20.2927
 322     1.15639
 323    20.8174
 324     8.7926
 325     0.6945
 326     1.02696
 327     0.57526
 328   198.347
 329   204.148
 330   131.974
 331    90.2523
 332    28.2101
 333     4.27318
 334     2.24257
 335     1.06004
 336   408.206
 337   397.577
 338   577.728
 339   367.004
 340   280.067
 341    77.4071
 342    23.9302
 343    24.7592
 344   651.779
 345  1044
 346   579.021
 347   380.169
 348   164.626
 349   102.251
 350    55.6658
 351    57.739
 352   542.523
 353   836.719
 354   722.056
 355   569.742
 356   259.974
 357   171.509
 358    58.5608
 359     5.55233
 360   325.465
 361   368.775
 362   462.172
 363   263.975
 364   134.846
 365    82.8441
 366    47.9162
 367     3.49621
 368    76.3216
 369   117.248
 370    72.9048
 371    17.1355
 372     4.75638
 373     0.96269
 374     0.2284
 375     1.39543
 376     1.69424
 377     0.79355
 378    11.417
 379     2.76366
 380     1.77191
 381     0.83405
 382     0
 383     0
 384     0
 385     0
 386     0.53752
 387     0.4993
 388     1.04614
 389     0.55184
 390     0.85962
 391     1.13685
 392     1.86164
 393     9.17503
 394    39.5088
 395     2.40162
 396     2.18141
 397     0.32724
 398     0.94389
 399     0.97008
 400    39.7746
 401    66.2883
 402   116.024
 403    21.0968
 404     0.37492
 405     0.05325
 406    15.1751
 407     1.95135
 408    63.9279
 409    95.9727
 410   157.841
 411    77.4003
 412    12.2859
 413    24.6222
 414    29.6248
 415     5.67931
 416     3.91145
 417    96.0391
 418    83.6194
 419    65.0597
 420    24.4975
 421    19.3127
 422     5.32026
 423     7.18075
 424    27.9031
 425     3.53665
 426    28.6351
 427    26.651
 428    17.162
 429     1.32868
 430     0.56842
 431     0.73805
 432     9.33815
 433     2.17756
 434     0.61197
 435    17.3677
 436     0.41821
 437     0.05814
 438     0.73058
 439     0
 440     0.60996
 441     0.93612
 442     0
 443     0.81478
 444     0
 445     1.68842
 446     0
 447     0
 448     1.28804
 449     1.00543
 450     0
 451     0
 452     0
 453     0
 454     0
 455     0.88447
 456     2.56906
 457     3.8361
 458     0
 459     1.03701
 460     0.12393
 461     0.01933
 462     0
 463     1.86465
 464     1.23801
 465    17.0554
 466     1.66271
 467     0.95284
 468     0
 469     0.01933
 470     0
 471     0
 472     2.15492
 473     0.26994
 474     6.0108
 475    18.8096
 476    12.17
 477     9.11529
 478     2.17121
 479     0.72511
 480     5.45386
 481     4.09626
 482     0.42796
 483     0
 484     0.73666
 485     0
 486     0
 487     0.21999
 488     0.83002
 489     0.86149
 490     0.56342
 491     2.0112
 492     0.98715
 493     0.32146
 494     0.71964
 495     0
 496     1.01089
 497     1.13213
 498     0.95844
 499    20.3121
 500     9.95728
 501     0.03196
 502     0.42897
 503     0.78311
 504     0.92577
 505     1.00086
 506     0.61197
 507     0.96278
 508     0.5282
 509     0.61752
 510     0.0217
 511     0.91674
