This file was gnenerated on 2021-06-22 23:49:37.799681 by Grant Finneman. This contains the extracted data from the Gate simulations
The edep for each bar was summed up and printed to this file. The only math operation done has been addition.

  id        edep
   0     0
   1     0
   2     1.22746
   3     2.53358
   4     0.07332
   5     0.08928
   6     1.39424
   7     5.89318
   8     0.18925
   9     0
  10     0
  11     0.65596
  12     4.53592
  13    16.0016
  14     3.61305
  15     1.28205
  16     3.44338
  17     6.15138
  18    41.0932
  19    18.9345
  20     0
  21     0
  22     0.80027
  23     1.07408
  24    21.3246
  25    19.7769
  26    34.9922
  27     2.61821
  28     0.84466
  29     2.66743
  30     1.73402
  31     2.37316
  32    36.9165
  33    13.404
  34     9.73875
  35    20.4984
  36    22.477
  37     5.02383
  38     0.97024
  39     1.2044
  40     0.22932
  41     1.99989
  42     0.81521
  43     0
  44     0
  45     0.45132
  46     0
  47     0
  48     1.36999
  49     0
  50    20.3322
  51     5.20619
  52     0.33418
  53     0.68787
  54     0.09244
  55     0.91818
  56     1.17516
  57     0.58345
  58     0.5153
  59     0.38849
  60     0
  61     0.88574
  62     0.58277
  63     0.35145
  64     0.42193
  65    12.6763
  66     0.29471
  67     0.25488
  68     1.0603
  69     1.61728
  70     2.30739
  71     1.9093
  72    48.8469
  73   106.256
  74   181.841
  75    33.5739
  76     1.79068
  77    15.0449
  78     6.03286
  79    10.5783
  80   117.407
  81   134.047
  82   160.207
  83   126.496
  84    50.9941
  85    24.8927
  86    25.2645
  87    33.8874
  88   136.916
  89   245.413
  90   182.248
  91    86.8185
  92    18.5973
  93    25.184
  94    30.2321
  95    32.2082
  96   121.825
  97   107.507
  98    66.7921
  99    37.1507
 100     8.89101
 101    18.6395
 102     1.50191
 103     0.86241
 104    32.3545
 105    51.5261
 106    73.5728
 107    22.7201
 108     0.01448
 109    17.2783
 110     0.91617
 111     0.72563
 112    36.8894
 113    30.2804
 114    24.3265
 115     7.46177
 116     5.39661
 117     4.58596
 118     8.106
 119     2.59784
 120     1.35727
 121     3.6128
 122     0
 123     0
 124     0
 125     0
 126     1.15228
 127     0.47123
 128    45.927
 129    41.7206
 130    70.6302
 131    22.3092
 132    26.1734
 133    12.2085
 134     0
 135     0.86964
 136   327.018
 137   310.036
 138   369.423
 139   184.828
 140    90.1937
 141   105.271
 142    30.0901
 143    14.5945
 144  1304.65
 145  1378.38
 146  1218.99
 147  1118.12
 148   890.144
 149   710.188
 150   571.73
 151   241.448
 152  1487.49
 153  1537.78
 154  1362.49
 155  1066.69
 156   791.344
 157   440.487
 158   309.574
 159   139.279
 160   630.492
 161   738.298
 162   621.321
 163   468.293
 164   277.09
 165   208.007
 166    38.1583
 167     6.52191
 168   366.398
 169   435.896
 170   455.837
 171   393.921
 172   278.673
 173   156.751
 174    31.019
 175     3.52014
 176    75.7725
 177   237.688
 178   163.868
 179   177.234
 180    45.9308
 181    52.7106
 182    46.3704
 183     5.51571
 184     8.33726
 185    44.4325
 186    10.3666
 187     9.739
 188    18.1345
 189     7.16495
 190     0
 191     1.50308
 192    67.6795
 193    76.749
 194    44.9081
 195    56.4309
 196    97.293
 197    17.6811
 198     2.14305
 199     1.37619
 200   798.487
 201   993.516
 202   753.394
 203   537.073
 204   342.644
 205   191.667
 206   162.532
 207    14.3067
 208  3428.59
 209  3252.99
 210  2972.61
 211  2985.42
 212  2599.13
 213  1752.47
 214  1246.2
 215   402.687
 216  3823.28
 217  4249.46
 218  3903.41
 219  3238.16
 220  2600.48
 221  2043.01
 222  1148
 223   390.243
 224  3494.14
 225  3501.5
 226  3149.55
 227  3016.95
 228  2574.91
 229  1735.82
 230  1147.88
 231   461.561
 232  2386.84
 233  2743.73
 234  2329.1
 235  2135.59
 236  1690.05
 237  1420.32
 238   805.123
 239   405.042
 240   755.655
 241   692.304
 242   511.903
 243   411.351
 244   421.081
 245   305.629
 246   115.688
 247    28.5644
 248   137.228
 249    77.5337
 250    44.0007
 251    42.6249
 252    24.4282
 253    14.2758
 254     2.87974
 255     0.34544
 256    30.1683
 257    62.646
 258    77.4865
 259    22.4506
 260    27.8351
 261     6.01413
 262     7.06378
 263     1.8477
 264   579.679
 265   580.978
 266   475.154
 267   436.453
 268   470.199
 269   206.652
 270    69.8563
 271    49.8171
 272  2727.13
 273  2648.26
 274  2444.86
 275  2143.72
 276  1755.71
 277  1230.4
 278   720.284
 279   215.718
 280  3671.12
 281  3413.75
 282  3167.96
 283  2853.52
 284  2277.98
 285  1501.99
 286   867.526
 287   357.289
 288  3953.23
 289  3965.38
 290  3369.16
 291  3038.4
 292  2807.17
 293  1845.89
 294  1250.72
 295   522.223
 296  3298.35
 297  3307.62
 298  2795.31
 299  2682.3
 300  2461.3
 301  1693.09
 302  1264.54
 303   440.318
 304   567.129
 305   718.317
 306   571.285
 307   351.937
 308   263.993
 309   273.918
 310    93.4213
 311    71.3304
 312    70.2874
 313   117.75
 314    75.5095
 315    49.3215
 316    27.1992
 317    29.1879
 318     0.87333
 319     0.54188
 320     6.09723
 321     2.31201
 322     8.03062
 323    11.8573
 324     0.57129
 325     3.72915
 326     0
 327     0.22922
 328    52.2495
 329   101.255
 330   131.027
 331    78.9049
 332   122.85
 333    58.817
 334     4.91304
 335     1.79865
 336   402.749
 337   381.41
 338   284.278
 339   225.119
 340   200.269
 341    65.498
 342    63.1967
 343    42.9919
 344   744.713
 345   780.521
 346   638.719
 347   440.258
 348   373.066
 349   154.127
 350    63.2862
 351    55.4472
 352  1282.48
 353  1302.3
 354  1165.22
 355  1019.99
 356   794.602
 357   577.128
 358   367.6
 359   183.654
 360  1279.01
 361  1290.91
 362  1253.71
 363  1002.14
 364   690.805
 365   693.204
 366   365.866
 367   154.421
 368   270.599
 369   309.19
 370   271.848
 371   236.661
 372    97.5144
 373   152.197
 374    20.2354
 375    10.2503
 376    18.0319
 377    28.0118
 378    13.9301
 379    35.0111
 380    22.7727
 381     5.77813
 382    77.0528
 383    16.6204
 384     2.08459
 385     0
 386     0.61171
 387     1.59497
 388     0
 389     0.2367
 390     0.33048
 391     0
 392     0.73794
 393     0
 394    43.2792
 395    10.8575
 396     0
 397     1.99522
 398     0.71093
 399     0
 400    31.5464
 401     7.96025
 402    76.5757
 403    19.0205
 404     4.85258
 405     3.26186
 406     2.82527
 407     5.66732
 408    62.4066
 409    39.2676
 410    85.5474
 411    89.6965
 412    51.8229
 413    56.4483
 414    30.6314
 415     6.44172
 416    94.9726
 417   184.332
 418   187.12
 419   144.663
 420    82.2716
 421    48.6354
 422    38.7626
 423     6.19169
 424   168.065
 425   190.221
 426   109.071
 427    87.9023
 428    13.8807
 429    27.9317
 430    12.485
 431     1.09227
 432    56.3985
 433    76.9101
 434    26.5618
 435    13.3418
 436    10.8447
 437     0.59025
 438     1.49341
 439     0.30259
 440     1.89551
 441    27.127
 442    19.1178
 443     0.52685
 444     0.66857
 445     0.40955
 446     0
 447     0.84589
 448     0
 449     0
 450     2.02983
 451     0
 452     0.588
 453     0
 454     0.7393
 455     0
 456     1.12737
 457     0
 458     0.64537
 459     0.79938
 460     0.35322
 461     0.71983
 462     0.56867
 463     0.95393
 464     1.32518
 465     0.71757
 466     0.23259
 467     0.52259
 468     0.84182
 469     0.33221
 470     1.96043
 471     6.33369
 472    13.925
 473    37.2724
 474    56.7217
 475     3.52716
 476    27.8512
 477     8.25263
 478     1.14682
 479     0.03047
 480    18.8568
 481     0.55115
 482    53.6224
 483     5.17606
 484     7.098
 485     1.73105
 486     0
 487     0
 488     6.50585
 489     0
 490    10.5225
 491     0.95159
 492     7.98525
 493     0.3886
 494     1.2876
 495     0.48732
 496     1.36986
 497     6.56268
 498     0.80454
 499     0
 500     0
 501     0
 502     0.60964
 503     0.73158
 504     0.23233
 505     6.79924
 506     0
 507     0.06021
 508     4.22541
 509     0.94553
 510     1.13403
 511     0
