This file was gnenerated on 2021-06-21 16:57:16.183434 by Grant Finneman. This contains the extracted data from the Gate simulations
The edep for each bar was summed up and printed to this file. The only math operation done has been addition.

  id      edep
   0    0
   1    0.2755
   2    0
   3    0
   4    0
   5    0
   6    0
   7    0
   8    0
   9    0
  10    0
  11    0
  12    0
  13    0
  14    0
  15    0
  16    0
  17    0.3637
  18    0
  19    0
  20    0
  21    0
  22    0
  23    0
  24    0
  25    0.9191
  26    0
  27    0.6617
  28    0
  29    0.8471
  30    0
  31    0
  32    0
  33    1.6252
  34    3.2384
  35    4.6458
  36    0
  37    0.6471
  38    0.4457
  39    0.8985
  40    0
  41    0
  42    0
  43    0
  44    0
  45    0
  46    0
  47    0
  48    0
  49    0
  50    0
  51    0
  52    0
  53    0
  54    0
  55    0
  56    0
  57    0
  58    0
  59    0
  60    0
  61    0.6126
  62    0
  63    0
  64    1.0386
  65    0
  66    0
  67    0
  68    0
  69    0
  70    0
  71    0
  72    2.4262
  73    0
  74    0
  75    0.6617
  76    0.6617
  77    0
  78    0
  79    0
  80    9.5306
  81    0
  82    0
  83    0.0205
  84    0
  85    0
  86    0.4304
  87    0
  88   24.6025
  89   23.6082
  90   10.034
  91   13.5891
  92    6.8655
  93    0
  94    0
  95    0
  96   15.5949
  97    7.3506
  98    6.0607
  99   21.8928
 100    7.0742
 101    0
 102    0
 103    0
 104    3.7158
 105    8.2499
 106   11.3952
 107   12.2967
 108    1.938
 109    2.2287
 110    0
 111    0
 112    0
 113    0.3112
 114    9.2586
 115    0
 116    0
 117    0.6304
 118    0.7676
 119    0
 120    0
 121    0
 122    0
 123    0
 124    0
 125    0.7676
 126    0
 127    0
 128    0
 129    0
 130    0
 131    0
 132    0
 133    0
 134    0
 135    0
 136    0
 137    0
 138    0
 139    0
 140    0.6617
 141    1.3475
 142    0
 143    0
 144   73.2364
 145   49.6016
 146   17.81
 147   29.567
 148   29.7729
 149    7.5375
 150    0.4994
 151    0
 152  212.731
 153  213.966
 154  158.997
 155  151.791
 156  119.43
 157   77.0178
 158   64.2001
 159   37.152
 160  130.85
 161  192.668
 162  123.691
 163  160.877
 164  120.122
 165   96.882
 166   27.9698
 167    6.1307
 168   61.4348
 169   95.607
 170   71.5991
 171   52.8392
 172   27.3316
 173   10.7556
 174    0
 175    0
 176    0
 177    0.3112
 178   21.4588
 179    7.0119
 180    0
 181    0
 182    0
 183    0
 184    0
 185    0.3112
 186    0
 187    0
 188    0
 189    0
 190    0
 191    0
 192    0
 193    0
 194    0
 195    0
 196    0
 197    0
 198    0
 199    0
 200    0
 201    1.7072
 202   17.5494
 203   39.6144
 204    0
 205    7.259
 206   18.8734
 207    0
 208  120.425
 209  193.809
 210  158.554
 211  121.96
 212   49.9933
 213   23.3292
 214   12.8566
 215    0
 216  629.261
 217  651.882
 218  582.144
 219  358.945
 220  388.232
 221  322.155
 222  161.547
 223   74.9698
 224  524.683
 225  593.63
 226  585.109
 227  594.201
 228  488.058
 229  372.567
 230  280.514
 231   94.1914
 232  189.851
 233  166.931
 234  230.541
 235  180.787
 236  144.508
 237  101.526
 238   30.9244
 239    5.8101
 240    0
 241   16.3441
 242   11.5254
 243    0.5693
 244    0
 245    0
 246    0.7288
 247    0
 248    0
 249    0.2656
 250    0
 251    0
 252    0.9061
 253    0
 254    0
 255    0
 256    0.9759
 257    3.88
 258    0
 259    0
 260    0
 261    0
 262    0
 263    0
 264   14.3817
 265   17.4459
 266   12.0493
 267    0.0013
 268    0.3036
 269    0
 270    0.06
 271    0
 272  187.735
 273  238.825
 274  208.56
 275  217.681
 276  119.802
 277  110.463
 278   31.1191
 279    6.315
 280  673.011
 281  710.894
 282  459.146
 283  500.538
 284  375.989
 285  202.179
 286   99.344
 287   41.7271
 288  679.243
 289  671.945
 290  573.971
 291  385.336
 292  480.542
 293  386.909
 294  245.765
 295  101.602
 296   81.3464
 297   53.5737
 298  124.874
 299   87.1959
 300   88.7402
 301   30.0501
 302   68.5659
 303   13.2644
 304   10.2936
 305   21.6952
 306   13.3054
 307   37.7846
 308    6.7807
 309    0
 310    0
 311    0
 312   32.1546
 313   31.1406
 314    0
 315    0
 316    0.9673
 317    0
 318    0
 319    0
 320    0
 321    0
 322    0
 323    0
 324    0
 325    0
 326    0
 327    0
 328    0
 329    0
 330    0
 331    0.1559
 332    0
 333    0
 334    0.7673
 335    0
 336   68.3649
 337   69.9314
 338   49.5334
 339   17.7846
 340   15.2874
 341   15.833
 342    0.3403
 343    0
 344  229.241
 345  130.846
 346   73.9825
 347   62.4381
 348   87.2894
 349   23.4136
 350   14.9773
 351    0.9416
 352  164.46
 353  125.333
 354  147.907
 355  108.833
 356  113.204
 357   61.1973
 358   29.0518
 359    7.4317
 360   35.3414
 361   56.1517
 362   17.3877
 363   26.2401
 364    5.1617
 365    0
 366    0
 367    0
 368    8.476
 369    8.9502
 370    0
 371   13.652
 372    1.6046
 373    0
 374    0
 375    0
 376   14.133
 377    1.2114
 378    0
 379    0.8022
 380    0
 381    0
 382    0
 383    0
 384    0
 385    0
 386    0
 387    0
 388    0
 389    0
 390    0
 391    0
 392    0
 393    0
 394    0.6476
 395    0
 396    0
 397    0
 398    0
 399    0
 400    0
 401   15.6715
 402   51.1584
 403    0
 404    0.5126
 405    0
 406    0
 407    0
 408   10.1321
 409   11.8421
 410   12.1809
 411   13.3368
 412    0
 413    0.6258
 414    0
 415    0
 416   29.3324
 417    7.0622
 418    6.1947
 419   10.6315
 420   19.6308
 421    0.2281
 422    0
 423    0.9267
 424    0
 425    0.2914
 426    3.8604
 427    0
 428    0.8218
 429    0
 430    0
 431    0
 432   21.771
 433   11.6112
 434    0
 435    0
 436    0
 437    0
 438    0
 439    0
 440    0
 441    0.8838
 442    0
 443    0
 444    0
 445    0
 446    0
 447    0
 448    0
 449    0
 450    0
 451    0
 452    0
 453    0
 454    0
 455    0
 456    0
 457    0
 458    0
 459    0
 460    0.6147
 461    0
 462    0
 463    0
 464    0
 465    0.553
 466    1.0184
 467    0.388
 468    0
 469    1.5018
 470    0
 471    0
 472    0.0655
 473    0
 474    0
 475    0.6323
 476    0
 477    0.9398
 478    0
 479    0
 480    0.7927
 481    0
 482    0
 483    0
 484    0.119
 485    0
 486    0
 487    0
 488    0.9104
 489    0
 490    0
 491    0
 492    0
 493    0
 494    0
 495    0
 496    0
 497    0
 498    0
 499    0
 500    0
 501    0
 502    0
 503    0
 504    0
 505    0
 506    0
 507    0
 508    0
 509    0
 510    0
 511    0
