This file was gnenerated on 2021-06-17 21:32:54.740409 by Grant Finneman. This contains the extracted data from the Gate simulations
The edep for each bar was summed up and printed to this file. The only math operation done has been addition.

  id      edep
   8    0.6322
  12    0.6177
  22    0.6549
  27   10.0527
  28   13.985
  33    0.4685
  34    0.0428
  38    0.2159
  48    0.1139
  51    0.2363
  54    0.9691
  66    0.5925
  73   21.3888
  74    0.3928
  75    0.2298
  80    5.1087
  81   37.1232
  82   37.159
  84    3.237
  85    2.3935
  87    0.4167
  88   16.9268
  89   32.988
  90   14.9592
  91   30.7748
  92   39.2651
  96    5.8152
  97    5.2044
  98   11.1694
  99    3.0462
 105   13.2883
 107    2.8946
 108    1.4337
 109    1.8742
 113   10.5588
 114    5.421
 115    2.224
 130    0.9798
 131    0.1936
 132    0.9162
 136   22.2245
 137   12.0828
 138    2.0216
 139    7.4664
 140    2.0801
 141    0.3449
 142    0.5925
 144   74.2485
 145   80.5139
 146   98.6188
 147   47.9081
 148   58.6235
 149   18.6275
 150    7.0143
 151    3.9633
 152   71.4168
 153  181.205
 154  133.554
 155  122.136
 156   99.6257
 157   56.6791
 158   74.4184
 159   41.2705
 160  183.151
 161  132.628
 162   72.9294
 163  122.504
 164   70.8639
 165   39.3726
 166   64.156
 167    0.2159
 168   65.2842
 169   67.393
 170   31.2294
 171   62.6493
 172    9.0392
 173    6.5197
 176   10.946
 177   43.3635
 178   19.9772
 179   17.8926
 184    0.5244
 185    0.9783
 186    0.7157
 192   20.6108
 193   15.4388
 194    1.9978
 195    0.4519
 196    0.9546
 200   36.8828
 201   24.0782
 202   26.0555
 203   19.442
 204    8.3648
 205    0.1936
 208  239.049
 209  253.765
 210  197.845
 211  163.964
 212  234.834
 213  133.289
 214  110.295
 215   19.7785
 216  393.189
 217  361.223
 218  347.465
 219  363.722
 220  283.528
 221  221.061
 222  115.043
 223   33.9487
 224  308.061
 225  499.129
 226  463.906
 227  238.12
 228  196.41
 229  137.085
 230   81.8751
 231   24.6196
 232  387.53
 233  292.678
 234  283.034
 235  194.371
 236  132.246
 237  113.156
 238  137.772
 239   66.325
 240   79.1031
 241   89.6157
 242   91.622
 243   38.7603
 244   17.7829
 245    6.0644
 246    2.7037
 247    1.385
 248   22.0071
 249   17.5213
 250   25.168
 251    0.7809
 252    1.5235
 253    2.6074
 254    1.108
 256    3.0505
 257    0.4493
 258    0.7444
 260    0.3829
 262    0.939
 264   67.5424
 265   29.0258
 266   14.5029
 267   10.5026
 268   22.3146
 269   30.6224
 270   16.5149
 272  232.133
 273  307.739
 274  253.877
 275  268.254
 276  178.424
 277  129.918
 278   87.3101
 279   41.1283
 280  364.348
 281  394.451
 282  349.576
 283  344.554
 284  252.689
 285  214.922
 286   85.6613
 287   62.4471
 288  475.628
 289  407.543
 290  323.038
 291  259.025
 292  302.497
 293  262.045
 294   84.1754
 295   11.2769
 296  372.131
 297  377.096
 298  235.181
 299  236.204
 300  231.762
 301  140.878
 302   87.5278
 303   26.4409
 304   20.1187
 305   58.5397
 306   49.0425
 307   12.7625
 308   22.8745
 309    2.5059
 310    4.4968
 311    0.942
 313   10.4914
 318    1.0908
 319    0.5758
 320    2.2056
 327    0.6764
 328   16.086
 329   16.8687
 330    7.5386
 331    3.6918
 332    1.399
 336   26.3518
 337   47.727
 338   56.8054
 339   38.9794
 340   39.6719
 341   46.9968
 342    8.5503
 343    4.8758
 344   90.0194
 345  141.16
 346  144.913
 347   59.8946
 348   47.9805
 349   32.2824
 350   18.2135
 351    0.9116
 352  261.698
 353  247.009
 354  178.627
 355  180.298
 356   86.339
 357   78.5446
 358   56.9631
 359   11.8071
 360   93.984
 361  131.191
 362  123.277
 363  128.688
 364  119.876
 365   73.1264
 366   60.8161
 367   38.1708
 368    7.9915
 369   17.1031
 370    3.5511
 371   10.2846
 372    0.3988
 373    0.9798
 375    1.0806
 376    0.1555
 378   17.4753
 379   13.222
 380    0.4519
 390    0.7809
 394    0.6172
 398    7.4144
 400   15.1094
 401   19.0086
 402    0.7115
 403    0.7115
 406    3.7072
 407    4.5432
 408    8.5982
 409   28.2516
 411    0.1622
 414    0.504
 415    0.8022
 416   15.788
 417   31.9492
 418   52.8432
 419    9.9095
 421    1.4281
 422    0.8104
 424    3.2175
 425   23.2983
 426   27.5511
 427   45.5855
 428   13.8776
 429    0.1558
 430    9.4063
 432    2.9512
 433   13.2804
 434   27.017
 435    6.6402
 437    0.6033
 446    0.2897
 462    3.1776
 466    0.1506
 470   13.1749
 471   16.4176
 474    0.5765
 475    0.0491
 482    7.2966
 483    0.3028
 484    1.1939
 486    0.4485
 488   19.1828
 496   16.0171
 497    0.6081
 505    0.6081
 511    0.8425
