This file was gnenerated on 2021-06-22 23:48:09.480365 by Grant Finneman. This contains the extracted data from the Gate simulations
The edep for each bar was summed up and printed to this file. The only math operation done has been addition.

  id        edep
   0     2.16852
   1     0.49345
   2     2.95529
   3     0.24603
   4    12.1974
   5     7.50519
   6     0
   7     0.65738
   8     0.81581
   9     0.82732
  10     0.79832
  11     0.30339
  12     0
  13     6.14061
  14     2.72916
  15     0.17922
  16     3.76275
  17     2.81555
  18     1.80516
  19     1.88054
  20     0.30425
  21     0.21258
  22     0.61131
  23     0.82664
  24    12.6741
  25     1.13346
  26     2.89086
  27     1.47329
  28     0
  29     0
  30     2.77544
  31     1.1376
  32    17.2585
  33    19.159
  34     1.14933
  35     5.68305
  36    11.8676
  37     1.95165
  38     0.96128
  39     0
  40     0.05755
  41     7.57918
  42    10.7988
  43     0
  44     0.48376
  45     0
  46     1.16888
  47     0.27758
  48     1.74687
  49     0
  50    26.3939
  51     0
  52     0
  53     0.91675
  54     0
  55     0
  56     0.2991
  57     0.46952
  58     0
  59     0.87782
  60     0.93935
  61     1.2583
  62     1.10669
  63     0
  64     6.82873
  65     0
  66    10.1911
  67     8.40514
  68     0.50739
  69     0.21151
  70     1.11346
  71     0
  72    20.6974
  73    19.3133
  74    23.6953
  75     6.51358
  76     0.09955
  77     1.30576
  78     4.35712
  79     3.41145
  80    43.4053
  81   121.115
  82    66.6155
  83    21.2468
  84     3.59539
  85    13.9579
  86     4.79229
  87     5.44979
  88    73.2148
  89    86.372
  90    81.3971
  91    71.1746
  92     2.32307
  93    19.0526
  94     2.98519
  95     1.1755
  96    45.0899
  97    25.8353
  98    92.3002
  99    97.8781
 100     9.30656
 101     0
 102     1.03719
 103     1.31969
 104    28.722
 105   111.274
 106    34.7912
 107     8.76581
 108    21.3843
 109    15.8067
 110    26.0408
 111     1.0934
 112    24.7987
 113    26.6948
 114     2.30286
 115     0.01863
 116     0.22203
 117     2.14457
 118     0
 119     0.65003
 120     5.43541
 121     0
 122    13.4093
 123     0.90875
 124     0.16565
 125     0.83839
 126     1.21882
 127     0.25627
 128    28.7925
 129    26.7637
 130    33.0885
 131    11.6712
 132     1.41023
 133     6.03738
 134     0
 135     0.9866
 136   217.715
 137    98.3501
 138   149.784
 139    70.5554
 140    74.8309
 141    25.7112
 142    25.6181
 143     2.6824
 144   391.232
 145   463.683
 146   341.082
 147   316.141
 148   200.946
 149   150.331
 150    54.8604
 151     2.69342
 152   532.142
 153   613.34
 154   456.637
 155   307.38
 156   271.73
 157   180.466
 158    37.8384
 159     5.49032
 160   564.706
 161   546.489
 162   545.933
 163   359.814
 164   260.345
 165    72.345
 166    81.631
 167    10.426
 168   508.816
 169   605.135
 170   407.576
 171   208.158
 172   137.658
 173    44.8351
 174    43.8048
 175     7.95068
 176   239.019
 177   246.943
 178   104.309
 179    51.9695
 180    34.8761
 181     2.85408
 182     2.5259
 183     6.00502
 184     4.3856
 185    30.8968
 186    49.7495
 187    20.8373
 188    15.1474
 189     0
 190     0
 191     0
 192    47.1461
 193   110.37
 194    10.4124
 195    22.4443
 196     7.73328
 197    16.8776
 198     2.9942
 199     3.32485
 200   778.154
 201   712.515
 202   756.111
 203   691.408
 204   347.961
 205   216.768
 206   120.394
 207    66.9428
 208  3429.03
 209  3533.76
 210  3428.55
 211  2994.49
 212  2514.68
 213  1953.12
 214  1082.44
 215   433.912
 216  4109.27
 217  4046.59
 218  3598.6
 219  3157.86
 220  2971.11
 221  2442.47
 222  1484.73
 223   601.555
 224  4162.25
 225  4277.73
 226  4176.26
 227  3771.23
 228  2741.55
 229  2279.99
 230  1424.56
 231   532.732
 232  3408.18
 233  3468.47
 234  3385.78
 235  2898.51
 236  2539.43
 237  2059.17
 238  1262.95
 239   512.03
 240   832.099
 241   836.904
 242   704.725
 243   598.113
 244   434.479
 245   319.716
 246   110.473
 247    49.2793
 248   129.5
 249   125.297
 250    60.3407
 251    66.3772
 252    18.7596
 253    11.6603
 254    10.0122
 255    11.4005
 256    49.8114
 257   106.152
 258    64.2439
 259    70.2305
 260    49.3907
 261    26.3519
 262     3.07696
 263    12.9583
 264   701.302
 265   825.621
 266   619.586
 267   487.321
 268   321.338
 269   245.47
 270   189.709
 271    51.1458
 272  3313.99
 273  3544.62
 274  3275.69
 275  3041.11
 276  2557.41
 277  2095.5
 278  1301.89
 279   495.496
 280  4267.28
 281  3904.49
 282  3703.51
 283  3628.59
 284  2745.39
 285  2243.74
 286  1345.4
 287   545.926
 288  4258.26
 289  3940.02
 290  3863.15
 291  3208.5
 292  2802.99
 293  2187.9
 294  1320.85
 295   510.612
 296  3439.17
 297  3843.29
 298  3663.74
 299  2824.56
 300  2434.56
 301  1941.21
 302  1362.09
 303   492.554
 304   743.144
 305   814.578
 306   849.257
 307   543.214
 308   449.576
 309   245.191
 310   143.454
 311    89.0064
 312   122.166
 313   135.351
 314    81.2762
 315    63.6524
 316    47.6885
 317    13.4961
 318    19.7335
 319    18.0693
 320    11.2887
 321    21.2431
 322     0.77517
 323     0.0883
 324     0.19788
 325     0.54325
 326    29.0303
 327     0.87684
 328   181.17
 329   177.311
 330   131.253
 331    81.4807
 332    55.3916
 333    44.138
 334    47.1296
 335    19.279
 336   406.581
 337   427.636
 338   443.942
 339   364.394
 340   272.226
 341   187.027
 342    81.8859
 343     6.9792
 344   632.505
 345   671.975
 346   499.093
 347   278.782
 348   241.909
 349   165.385
 350    31.6699
 351     3.2419
 352   624.901
 353   728.686
 354   450.572
 355   351.867
 356   362.813
 357   228.069
 358    65.9536
 359    29.3402
 360   403.112
 361   430.333
 362   478.472
 363   231.685
 364   178.785
 365   129.276
 366    23.1654
 367     1.99152
 368   303.503
 369   235.42
 370   149.753
 371    75.812
 372    42.8684
 373    38.43
 374    21.2745
 375    11.9822
 376    25.5796
 377    49.7754
 378    21.934
 379    18.7595
 380     3.13732
 381     0.94059
 382     4.32173
 383     0.98563
 384    13.4695
 385     7.29406
 386     0.35567
 387     0
 388     0.93084
 389     0
 390     0.25387
 391     1.40677
 392     8.9965
 393    23.3254
 394     1.68183
 395     1.95773
 396     1.33878
 397     0
 398     1.17946
 399     0.92105
 400   103.359
 401    81.1121
 402    37.3206
 403    40.779
 404    48.4441
 405    24.7216
 406     0
 407    11.207
 408    52.1473
 409    56.2353
 410    16.9012
 411    21.3871
 412     5.87866
 413    14.6859
 414     0.63586
 415     1.20781
 416    94.6131
 417    84.9119
 418    46.6609
 419    24.3154
 420    23.7504
 421    10.3965
 422     0.34621
 423     0.54459
 424    17.1782
 425    15.8175
 426    24.5617
 427     8.90183
 428     9.3924
 429     0.42337
 430     0.72148
 431     1.40794
 432     4.7888
 433    14.3614
 434    15.8989
 435    29.1533
 436    10.7192
 437     0.92847
 438     0.74152
 439     0.69002
 440     0
 441     0.92847
 442     0.56848
 443     1.2165
 444     0.72207
 445     0.51605
 446     0
 447     0.92847
 448     0
 449     0.17453
 450     0.23244
 451     0.87705
 452     1.34619
 453     0
 454     0.68469
 455     1.72565
 456    15.076
 457     0
 458     0
 459     1.07959
 460     2.8587
 461     0.98868
 462     0.43849
 463     0.72729
 464     1.1656
 465     0.64072
 466     1.60648
 467     0
 468     0
 469     1.32748
 470     1.2186
 471     1.97741
 472     0.0652
 473     0.95458
 474     1.02986
 475     0
 476     0.86021
 477     1.88203
 478     0.09899
 479     0
 480     0.89936
 481    17.5338
 482     0.888
 483     0.44343
 484     0
 485     1.39709
 486     0.99589
 487     0
 488     1.4801
 489     1.20383
 490     1.22967
 491     1.69273
 492     0.79403
 493     1.42795
 494     0
 495     1.25195
 496     0
 497     0.90576
 498     0
 499     1.69645
 500     0.74906
 501     0.54372
 502     0.20598
 503     0.47043
 504     0.0067
 505     0
 506     0.1811
 507     0.6926
 508     2.46855
 509     2.351
 510     1.85347
 511     1.72411
