This file was gnenerated on 2021-06-22 23:40:39.926944 by Grant Finneman. This contains the extracted data from the Gate simulations
The edep for each bar was summed up and printed to this file. The only math operation done has been addition.

  id        edep
   0     1.26094
   1     1.01964
   2     0.76124
   3     0
   4     1.12471
   5     0
   6     0.48009
   7     0.63771
   8     6.64032
   9    34.0534
  10    32.2547
  11    30.0611
  12     1.01796
  13     3.72204
  14     1.22388
  15     0.20339
  16    72.4971
  17   118.634
  18    66.5558
  19    33.0386
  20    11.5418
  21    16.7351
  22    17.5417
  23     2.21153
  24   143
  25   122.158
  26   200.724
  27    28.045
  28    33.8878
  29    30.9964
  30     2.23874
  31     0.93311
  32   130.612
  33   170.562
  34   135.035
  35   133.37
  36    79.1917
  37    49.4832
  38     3.08142
  39     0.15419
  40     9.3985
  41   103.911
  42    47.3063
  43    41.9026
  44    38.3194
  45     5.66292
  46     0.27956
  47     0.97056
  48     0
  49    12.4842
  50    14.1627
  51     7.78361
  52    33.0979
  53     3.81479
  54     7.04632
  55     4.35976
  56     0
  57     0
  58     5.71356
  59     1.03807
  60     2.96136
  61     1.33414
  62     0.22981
  63     0.11676
  64    16.7439
  65    38.5907
  66    20.0457
  67    11.0148
  68     4.98245
  69     0
  70     1.04609
  71     0.82421
  72   122.529
  73   163.409
  74   145.812
  75   149.813
  76    96.8395
  77    63.0534
  78    20.9903
  79     5.61037
  80   751.635
  81   581.341
  82   623.53
  83   524.92
  84   482.33
  85   321.731
  86   181.28
  87    55.9478
  88  1242.76
  89  1161.01
  90  1180.8
  91   789.635
  92   582.686
  93   355.449
  94   212.917
  95   137.991
  96  1379.31
  97  1195.12
  98  1266.45
  99   957.938
 100   875.74
 101   523.759
 102   376.673
 103   190.093
 104   278.902
 105   288.351
 106   313.763
 107   184.726
 108   106.387
 109   110.069
 110    50.2449
 111     4.48305
 112    59.2891
 113    66.1647
 114    28.8378
 115     4.73919
 116    20.9029
 117    12.9336
 118     1.08366
 119     2.07067
 120     0.18695
 121     0
 122    11.8308
 123     0.89431
 124     0.94432
 125     0.424
 126     0.36881
 127     0.0973
 128    74.9161
 129    94.9596
 130    26.1237
 131     0.99888
 132     1.27947
 133     0.70228
 134     0
 135     0.70291
 136   363.551
 137   415.93
 138   409.355
 139   276.05
 140   138.259
 141    39.294
 142     6.47369
 143     9.72046
 144  1839.89
 145  1746.58
 146  1786.01
 147  1477.96
 148  1367.13
 149   843.684
 150   506.171
 151   200.79
 152  2349.65
 153  2254.3
 154  1947.84
 155  1569.5
 156  1466.09
 157  1033.7
 158   641.299
 159   273.861
 160  2294.08
 161  2255.6
 162  1921.44
 163  1628.13
 164  1373.05
 165  1123.17
 166   691.153
 167   264.959
 168   649.017
 169   663.032
 170   689.881
 171   550.087
 172   331.94
 173   273.764
 174   114.211
 175    28.0097
 176    62.1711
 177    66.2281
 178    38.6119
 179    32.8673
 180    67.1554
 181    73.0785
 182     3.8015
 183     0
 184     7.7764
 185     0.23238
 186     0.85292
 187     0.37323
 188    29.1202
 189    40.2293
 190    14.8797
 191     4.75057
 192    23.1685
 193   101.594
 194    50.6807
 195    30.7499
 196    20.8225
 197     0.98099
 198     1.46088
 199     0.43129
 200   359.601
 201   256.675
 202   349.977
 203   185.443
 204   107.062
 205    53.5799
 206    47.8759
 207    26.4808
 208  1610.3
 209  1494.53
 210  1529.97
 211  1270.04
 212   939.558
 213   860.042
 214   470.618
 215   143.711
 216  2349.89
 217  2359.32
 218  2223.05
 219  2104.03
 220  1506.32
 221  1248.18
 222   743.538
 223   292.785
 224  2387.68
 225  2327.41
 226  2152.58
 227  2040.95
 228  1598.54
 229  1303.84
 230   726.972
 231   250.912
 232  1063.43
 233  1147.06
 234   933.374
 235   743.589
 236   744.872
 237   515.223
 238   291.705
 239    74.0231
 240   124.399
 241   124.046
 242    58.1359
 243    88.589
 244   145.869
 245    48.3548
 246    24.804
 247     1.71972
 248     4.24485
 249    26.2425
 250     0
 251     1.20515
 252     5.17086
 253    18.9413
 254     1.53895
 255     0
 256    17.2171
 257    22.5504
 258    22.8007
 259    30.8498
 260     1.55726
 261    12.8977
 262     2.0105
 263     3.61362
 264   248.39
 265   174.509
 266   137.72
 267   134.096
 268    40.7367
 269    47.1779
 270     3.72239
 271     0.26255
 272  1331.04
 273  1353.64
 274  1014.23
 275   863.614
 276   784.817
 277   533.385
 278   530.786
 279   181.43
 280  2398.57
 281  2446.67
 282  2217.28
 283  1888.19
 284  1581.43
 285   910.379
 286   644.576
 287   240.579
 288  2768.99
 289  2267.1
 290  2328.77
 291  1911.82
 292  1594.58
 293  1206.98
 294   747.895
 295   211.098
 296  1553.06
 297  1566.27
 298  1469.79
 299  1256.4
 300  1130.96
 301   847.068
 302   441.599
 303   224.706
 304   266.05
 305   253.502
 306   187.324
 307   176.857
 308   133.635
 309    68.1786
 310    17.5411
 311     3.82452
 312    10.8466
 313    42.1992
 314    35.0457
 315    14.3399
 316     4.90085
 317     0
 318     0
 319     1.84667
 320    16.404
 321    28.925
 322    12.4143
 323     4.69871
 324     0
 325     0.76452
 326     0
 327     0.11126
 328   107.215
 329   115.969
 330   149.117
 331    68.2295
 332    18.7857
 333    36.9446
 334     0.52167
 335     0.50842
 336   668.581
 337   739.343
 338   721.712
 339   633.187
 340   401.135
 341   347.975
 342   142.342
 343    51.1715
 344  2263.65
 345  2355.13
 346  2225.93
 347  2116.25
 348  1682.52
 349  1144.38
 350   697.108
 351   257.586
 352  2275.49
 353  2380.9
 354  2402.23
 355  2007.21
 356  1853.49
 357  1183.34
 358   608.069
 359   222.726
 360  1813.7
 361  1778.28
 362  1487.65
 363  1435.33
 364  1186.83
 365   877.567
 366   505.718
 367   150.283
 368   328.925
 369   418.967
 370   322.842
 371   310.894
 372   186.224
 373   104.353
 374    64.9513
 375     5.81846
 376    54.4531
 377    46.4135
 378    24.0981
 379    59.6634
 380     2.36487
 381     9.48524
 382     1.18773
 383     0.94616
 384     5.6411
 385     0
 386    15.4065
 387     4.0622
 388     1.40885
 389     0
 390     1.03187
 391     0.98606
 392    25.856
 393    29.2651
 394    60.7664
 395    10.252
 396     6.00828
 397     3.50813
 398     0.11576
 399     0.1336
 400   221.011
 401   294.569
 402   314.442
 403   193.117
 404    80.0508
 405    80.7882
 406     8.98713
 407    35.2107
 408  1274.83
 409  1379.65
 410  1329.12
 411  1150.17
 412   879.989
 413   609.706
 414   359.585
 415   163.185
 416  1270.57
 417  1522.5
 418  1321.71
 419  1154.76
 420   712.694
 421   401.374
 422   256.961
 423    81.2767
 424   679.611
 425   740.33
 426   669.392
 427   633.84
 428   441.154
 429   262.126
 430    94.4544
 431    36.902
 432   182.307
 433   137.394
 434    93.6322
 435    79.9528
 436    51.2731
 437    50.3605
 438    75.993
 439     3.69138
 440     5.96788
 441    15.4655
 442     8.7049
 443     0.80618
 444     7.26311
 445     1.19712
 446     2.04131
 447     1.32327
 448     0.22893
 449     0
 450     0.23832
 451     0
 452     0.28074
 453     0.90401
 454     1.19982
 455     0.44017
 456     0.96101
 457     0.08886
 458     0.85436
 459     0.25951
 460     1.4515
 461     0.30039
 462     0.094
 463     0.60698
 464    72.4926
 465   104.196
 466    69.8453
 467    14.857
 468    32.1184
 469     5.35668
 470     0.02723
 471     0.51709
 472   171.562
 473   194.816
 474   109.484
 475    67.9842
 476    78.3396
 477    33.2277
 478    27.0468
 479    13.7852
 480   126.907
 481   195.13
 482   116.2
 483    70.7012
 484    14.701
 485    48.4659
 486    34.4932
 487     4.88432
 488   141.772
 489    53.9654
 490    80.8461
 491   101.715
 492    60.44
 493    39.524
 494     0.62962
 495     1.6448
 496    31.689
 497    39.9549
 498    48.2863
 499     7.39827
 500     3.20458
 501     9.40205
 502     6.51651
 503     2.76458
 504     0
 505     0.2063
 506     0
 507     0.93742
 508     0.45546
 509     3.32643
 510     0.11624
 511     1.32208
