This file was gnenerated on 2021-06-21 16:56:40.540064 by Grant Finneman. This contains the extracted data from the Gate simulations
The edep for each bar was summed up and printed to this file. The only math operation done has been addition.

  id           edep
   0    0
   1    0
   2    0
   3    0
   4    0
   5    0
   6    0
   7   28.992
   8    0
   9    0
  10    0
  11    0
  12    0
  13    0
  14    0
  15    0
  16    0
  17    0.7999
  18    0
  19    0
  20    0
  21    0
  22    0
  23    0.000600001
  24    0
  25    0
  26    0
  27    0
  28    0
  29    0
  30    0.1216
  31    0
  32    0
  33    0.5576
  34    0.5576
  35    0.814
  36    0
  37    0
  38    0.8915
  39    0.0692
  40    0
  41    0
  42    0
  43    0
  44    0
  45    0
  46    0
  47    0
  48    0
  49    0
  50    0
  51    0
  52    0
  53    0
  54    0
  55    0
  56    0.9538
  57    0.1961
  58    0
  59    0.4256
  60    0
  61    0
  62    0
  63    0
  64    0
  65    0
  66    0
  67    0
  68    0
  69    0
  70    0
  71    0.0225
  72    0
  73    0
  74    0
  75    0
  76    0
  77    0
  78    0
  79    0.38
  80    0
  81    5.0754
  82    1.6149
  83    0
  84    0.0326
  85    0
  86    0.4237
  87    0
  88   17.5516
  89   21.281
  90   13.81
  91    4.934
  92    0
  93    0
  94    0
  95    0
  96    0
  97   30.0268
  98   20.7192
  99    0
 100    0
 101    0
 102    0
 103    0
 104    0.5982
 105    0
 106    0.9832
 107    0
 108    0
 109    0.8238
 110    0
 111    0
 112    0.2436
 113    0
 114    0
 115    0.7302
 116    0
 117    0
 118    0
 119    0.1602
 120    0
 121    0
 122    0
 123    0
 124    0
 125    0
 126    0
 127    0
 128    0.3397
 129    0
 130   14.3858
 131   16.3475
 132    0
 133    0
 134    0
 135    0
 136   32.5085
 137   24.1607
 138    7.8468
 139   13.078
 140    0
 141   19.9694
 142    0
 143    0.3929
 144   37.4031
 145   90.8532
 146   70.2724
 147   35.8575
 148   36.9268
 149    3.5825
 150    0.0806
 151    0
 152  153.91
 153  156.454
 154  156.639
 155   73.8036
 156   60.9407
 157   61.6242
 158   23.1492
 159    0
 160   73.3916
 161   63.2988
 162   68.3422
 163   85.5933
 164   59.4547
 165   17.5738
 166    1.3941
 167    0
 168   45.0976
 169   43.5589
 170   39.1474
 171   31.695
 172    0
 173    0
 174    4.301
 175    0
 176    0
 177    0
 178    0.5982
 179    3.039
 180   14.5872
 181    0
 182    0
 183    0
 184    0
 185    0.7328
 186    0
 187    0.6892
 188    0
 189    0
 190    0
 191    0
 192    0
 193    0
 194    0
 195    0.5742
 196    0.1556
 197    0
 198    0
 199    0.8529
 200    4.9086
 201   10.3636
 202   12.5684
 203    0
 204    0
 205    9.9847
 206    0
 207    0
 208  111.073
 209  123.786
 210  130.47
 211   69.3338
 212   60.2794
 213   44.7524
 214   16.6812
 215    7.154
 216  808.518
 217  793.034
 218  658.369
 219  636.415
 220  416.493
 221  350.036
 222  233.994
 223   61.8287
 224  614.664
 225  572.337
 226  442.872
 227  566.648
 228  390.847
 229  219.228
 230  137.224
 231   33.7486
 232  161.684
 233  163.644
 234   87.7912
 235   97.6399
 236   96.2347
 237   78.3322
 238   51.3222
 239   15.5441
 240   15.122
 241   17.6175
 242    2.0573
 243    0
 244    0
 245    0.0919
 246    0
 247    0
 248    0
 249    0
 250    0.7206
 251    0
 252    0
 253    0
 254    0
 255    0
 256    0
 257    0
 258    0
 259    0
 260    0
 261    0
 262    0
 263    0
 264   15.1113
 265   35.2342
 266    5.7501
 267    0.3599
 268    0.0039
 269    0
 270    0
 271    0
 272  153.858
 273  162.781
 274  119.182
 275   62.0232
 276   45.9586
 277   35.2864
 278   24.29
 279    9.9234
 280  603.572
 281  623.354
 282  557.105
 283  372.749
 284  305.57
 285  285.096
 286  139.136
 287   39.6745
 288  620.396
 289  646.388
 290  655.633
 291  735.674
 292  473.789
 293  357.644
 294  217.865
 295   87.1925
 296   54.1043
 297   33.625
 298  155.722
 299   55.9189
 300   20.8328
 301    8.3493
 302   10.6815
 303   23.6456
 304    9.5448
 305    3.8916
 306   39.1294
 307    8.7945
 308    8.1158
 309    0
 310    0
 311    0
 312    0.95
 313    0
 314    1.0233
 315    0
 316    1.6311
 317    0
 318    0
 319    0
 320    0.1413
 321    0.9447
 322    0
 323    0
 324    0.0125
 325    0
 326    0
 327    0
 328   24.7575
 329    0.855
 330    0.9244
 331    0
 332    0.7533
 333    0
 334    0
 335    0
 336   44.0473
 337   26.5863
 338    0.2581
 339   10.3923
 340    8.5169
 341    0.8974
 342    0
 343    0
 344  124.783
 345   76.8078
 346   40.7163
 347   53.6074
 348   19.1234
 349   16.2542
 350    0
 351    0
 352  162.112
 353  175.64
 354   71.126
 355  121.542
 356   27.7394
 357   34.7323
 358    0.2076
 359    0.0117
 360   58.9187
 361   52.2599
 362   45.8899
 363   18.4956
 364    7.8315
 365   17.7498
 366    0.0242
 367    0
 368    0
 369    0.593
 370    1.8377
 371    1.0387
 372   43.6904
 373    0.4432
 374    0
 375    0
 376    0
 377    0
 378    0
 379    0
 380    0.5764
 381    0
 382    0
 383    0
 384    0
 385    0
 386    0
 387    0
 388    0
 389    0
 390    0
 391    0
 392    0
 393    0
 394    0
 395    0.0125
 396    0
 397    0
 398    0
 399    0
 400    1.0683
 401    0
 402    7.8413
 403    0
 404    0
 405    0
 406    0
 407    0.1144
 408    0.2662
 409    0
 410    6.8502
 411    0.7902
 412    0
 413    0
 414    0.5429
 415    0
 416    0.6704
 417    0.3641
 418    9.4536
 419    0.4432
 420    0
 421    0
 422    0
 423    0
 424    1.4878
 425    0.9637
 426    0.5114
 427    0
 428    0.9353
 429    0
 430    0
 431    0.0797
 432    0
 433    0
 434    0
 435    0
 436    0
 437    0
 438    0.5621
 439    0
 440    0.3822
 441    0
 442    0
 443    0
 444    0
 445    0
 446    0
 447    0
 448    0
 449    0
 450    0
 451    0
 452    0
 453    0
 454    0
 455    0
 456    0
 457    0
 458    0
 459    0
 460    0
 461    0
 462    0
 463    0
 464    0
 465   26.4222
 466   17.6148
 467    0.0739
 468    0
 469    0
 470    0.2315
 471    0
 472    0
 473    0
 474    0
 475    0
 476    0.8844
 477    0
 478    0
 479    0.5429
 480    0
 481    0
 482    0
 483    0
 484    0
 485    0
 486    0
 487    0
 488    0
 489    0
 490    0
 491    0
 492    0
 493    0
 494    0
 495    0
 496    0
 497    0
 498    0
 499    0.6062
 500    0
 501    0
 502    0
 503    0.0206
 504    0
 505    0
 506    0
 507    0
 508    0
 509    0
 510    0
 511    0
