This file was gnenerated on 2021-06-21 17:00:40.709522 by Grant Finneman. This contains the extracted data from the Gate simulations
The edep for each bar was summed up and printed to this file. The only math operation done has been addition.

  id      edep
   0    0
   1    0.3346
   2    0
   3    0
   4    0
   5    0.3971
   6    0
   7    0
   8    0
   9    0.8756
  10    0
  11    0
  12    0
  13    0
  14    0
  15    0
  16    7.419
  17   21.0867
  18   11.5848
  19    0
  20    0
  21    0
  22    8.6868
  23    0
  24   13.0877
  25    0.0845
  26    3.8543
  27    3.7205
  28    3.108
  29    2.5344
  30    6.336
  31    0
  32    0.6031
  33    0
  34    0
  35    0
  36    0
  37    0
  38    0.0932
  39    0.2112
  40    0
  41    0.0265
  42    0
  43    0.425
  44    3.4034
  45    2.4752
  46    1.8564
  47    2.1658
  48    0
  49    0
  50    0
  51    0
  52    0
  53    0
  54    0
  55    0
  56    0
  57    0
  58    0
  59    0
  60    0
  61    0
  62    0
  63    0
  64    0
  65    0.6679
  66    1.056
  67    1.0502
  68    0
  69    0
  70    0
  71    0
  72   12.263
  73    6.1477
  74   27.3148
  75   14.1948
  76    0.4903
  77    0
  78    0
  79    0.8504
  80   79.7317
  81   55.881
  82   81.5713
  83   81.1197
  84   55.3146
  85   55.3481
  86   47.3164
  87    4.8447
  88  179.348
  89  136.928
  90  108.922
  91  115.342
  92  139.029
  93  242.915
  94   59.7673
  95   13.2851
  96    3.9881
  97   13.738
  98   43.4016
  99   13.7412
 100   10.2968
 101   21.6685
 102    0
 103    0
 104    5.6875
 105   13.3102
 106    4.0625
 107    0
 108    2.0134
 109    1.712
 110    0
 111    0
 112    0
 113    0
 114    0
 115    0.425
 116    0.7661
 117    0
 118    0.6493
 119    0
 120    0
 121    0
 122    0
 123    0.6852
 124    0
 125    0
 126    0
 127    0
 128    3.8944
 129    0
 130    1.4667
 131    1.9712
 132    0
 133    0.1517
 134    0
 135    0
 136  113.369
 137   35.4908
 138   46.1778
 139   26.826
 140   30.9505
 141    3.6312
 142    3.372
 143    0
 144  275.306
 145  287.569
 146  225.198
 147  176.76
 148  178.877
 149  129.211
 150   63.6384
 151   17.6597
 152  271.705
 153  395.595
 154  275.546
 155  230.615
 156  235.268
 157  221.611
 158  110.074
 159   32.2932
 160   82.5282
 161  110.995
 162   94.1254
 163   82.4985
 164   36.224
 165   21.6624
 166   81.4039
 167    6.7555
 168   40.4302
 169   33.5207
 170    3.25
 171   11.0397
 172   17.3127
 173    7.8118
 174    6.7536
 175    0
 176    9.5357
 177   11.4608
 178    0
 179    0
 180    0
 181    0
 182    0.8119
 183    0
 184    0
 185    0.6587
 186    0
 187    0.2281
 188    0
 189    7.7
 190    0.897
 191    0.308
 192    0
 193    1.4302
 194    0
 195    0.3538
 196    0
 197    1.6598
 198    0
 199    0
 200   27.9099
 201    0
 202    4.2323
 203   19.234
 204   22.1191
 205    0.7025
 206    0.7025
 207    0
 208  103.293
 209  117.302
 210  139.425
 211  122.64
 212  108.438
 213   68.3962
 214   10.939
 215    2.4198
 216  384.517
 217  394.519
 218  423.024
 219  345.459
 220  285.858
 221  258.961
 222  134.526
 223   42.4183
 224  243.083
 225  364.435
 226  219.074
 227  244.179
 228  149.872
 229  157.282
 230   80.9561
 231   48.8233
 232   48.841
 233   28.8912
 234   44.3272
 235   36.8203
 236   60.2755
 237    9.015
 238   10.13
 239    2.3491
 240    0.261
 241    6.7272
 242    0.048
 243    0
 244    0
 245    6.16
 246    0.1845
 247    0
 248    0
 249    0
 250    0
 251    0
 252    0
 253    0.9573
 254    0
 255    0
 256    0.4123
 257    0
 258    0.3887
 259    0
 260    0.9538
 261    0
 262    0
 263    0.1405
 264    5.606
 265    0.5441
 266    4.1515
 267    0
 268    0
 269    0.3045
 270    0.2742
 271    0
 272   30.0885
 273   31.5565
 274   21.9751
 275   23.8991
 276   46.5442
 277    2.3387
 278    0
 279    0
 280  269.914
 281  291.081
 282  242.291
 283  205.37
 284  118.68
 285  135.12
 286   76.2692
 287   44.2853
 288  420.844
 289  419.728
 290  362.793
 291  246.275
 292  262.66
 293  223.953
 294  122.899
 295   81.2904
 296  111.158
 297  133.476
 298   50.5984
 299   32.6627
 300   93.6812
 301   27.6935
 302    7.8876
 303    2.8637
 304   28.1238
 305   26.1043
 306    8.936
 307    0
 308    0.5137
 309    0
 310    0
 311    0
 312    0.3517
 313    0
 314    0
 315    0
 316    0
 317    0
 318    0
 319    0
 320    0
 321    0
 322    0
 323    0.5325
 324    0
 325    0
 326    0
 327    6.8068
 328    0
 329    0
 330    0.2354
 331    0.6731
 332    0
 333   19.0298
 334   12.4678
 335    0.4128
 336    9.4126
 337    2.9724
 338   27.9872
 339   16.7997
 340   17.6926
 341    8.5306
 342    0.0048
 343    0.2281
 344   50.1962
 345   59.7757
 346   45.5407
 347   79.6633
 348   74.4646
 349   31.8655
 350   18.2728
 351   12.3215
 352  254.996
 353  382.822
 354  299.834
 355  292.836
 356  229.287
 357  144.77
 358  107.42
 359   45.8375
 360  258.8
 361  191.381
 362  194.296
 363  234.908
 364  201.324
 365  136.639
 366   76.0435
 367   42.4294
 368    9.376
 369   33.1932
 370   24.1689
 371    0.3346
 372    0
 373    0
 374    0
 375    0
 376    7.6849
 377   11.7521
 378    0
 379    0
 380    0
 381    0
 382    0
 383    0
 384    0
 385    0
 386    0.6508
 387    0
 388    0
 389    0
 390    0.0233
 391    2.4752
 392    0
 393    0
 394    1.3016
 395    0
 396    0.5137
 397    0
 398    0
 399    0.6149
 400    0
 401    0
 402   12.8216
 403    0
 404    0
 405    0
 406    0
 407    0
 408   46.4464
 409   49.5133
 410   20.719
 411    3.422
 412    1.2469
 413    0
 414    0.2893
 415    0
 416  132.942
 417  122.774
 418   89.5064
 419   81.1437
 420   71.1083
 421   66.9837
 422   32.2797
 423   13.065
 424   50.3939
 425   45.617
 426   75.9677
 427   46.5678
 428   26.0835
 429   48.6223
 430    2.0744
 431    0
 432    9.5444
 433   50.5595
 434   25.9178
 435    4.8615
 436    0.2281
 437    0
 438    0
 439    0
 440    0
 441    0.6508
 442    0
 443    0
 444    0.8748
 445    0
 446    0.3122
 447    0
 448    0
 449    0
 450    0
 451    0
 452    0
 453    0
 454    0
 455    0
 456    0
 457    0
 458    0
 459    0
 460    0
 461    0
 462    0
 463    0
 464    0.4475
 465    0
 466    0
 467    0
 468    0
 469    0
 470    0
 471    0
 472    0
 473    3.2724
 474    5.9994
 475    0.3235
 476    0
 477    0
 478    0
 479    0
 480    7.7592
 481    0.5968
 482    0
 483    0
 484    0
 485    0.6217
 486    0
 487    0
 488   11.4366
 489   18.7122
 490    4.6462
 491    5.1708
 492    0
 493    0
 494    0
 495    0
 496   11.292
 497   29.8498
 498    0
 499    0.7392
 500    0
 501    0
 502    0
 503    0
 504    0
 505    0
 506    0
 507    0
 508    0
 509    0
 510    0
 511    0
