This file was gnenerated on 2021-06-22 23:43:45.294975 by Grant Finneman. This contains the extracted data from the Gate simulations
The edep for each bar was summed up and printed to this file. The only math operation done has been addition.

  id        edep
   0     2.87876
   1     2.76024
   2     1.2243
   3     0
   4     0.99547
   5     0
   6     0.2092
   7     0.81899
   8     0.30058
   9     0.2044
  10     1.20506
  11     1.03911
  12     0.57723
  13     1.68781
  14     0
  15     6.70352
  16    15.8994
  17     5.0966
  18     9.39804
  19    20.8577
  20     0
  21     1.49386
  22     1.20747
  23     0.91857
  24    26.3907
  25    42.6041
  26    24.799
  27    18.7373
  28     1.38322
  29     4.81201
  30     2.8822
  31     1.40649
  32    30.2043
  33    27.2246
  34     6.1496
  35    26.4761
  36    18.67
  37     1.6302
  38     0.78556
  39     0
  40    26.6696
  41     0.24971
  42    14.5432
  43    34.4048
  44     2.2205
  45     0
  46     0.3948
  47     0.92016
  48     0.07773
  49     0.16476
  50     1.3779
  51    22.608
  52     2.26858
  53     0.89606
  54     0.65885
  55     0.73318
  56     0.33923
  57     1.70136
  58     1.92154
  59     0.37459
  60     0
  61     0.31374
  62    19.319
  63    10.4543
  64     0
  65     0.7464
  66     1.30394
  67     1.71361
  68     0
  69     0.85367
  70     0.86166
  71     1.43761
  72    57.8767
  73    31.466
  74     5.19826
  75     8.04624
  76    15.8004
  77     0
  78     0
  79     0.97784
  80    76.6482
  81    65.2903
  82    93.2978
  83    58.1984
  84    14.0762
  85    17.0573
  86     1.47806
  87     5.99415
  88   474.477
  89   352.97
  90   250.327
  91   351.769
  92   255.651
  93   183.055
  94   107.243
  95    85.5975
  96   432.506
  97   403.418
  98   319.03
  99   286.34
 100   251.279
 101   269.821
 102    74.6152
 103    27.1008
 104   200.807
 105   217.111
 106   206.375
 107   241.965
 108    70.8451
 109    46.6171
 110     7.62361
 111    15.3076
 112    15.6856
 113    30.8849
 114    41.129
 115    13.203
 116    24.3415
 117    52.8426
 118     1.13143
 119     2.05151
 120     0.25509
 121     0.9584
 122     7.37548
 123     0.45775
 124     1.12542
 125     0.2544
 126     0
 127     0.47294
 128    14.4696
 129    38.2433
 130    21.019
 131     1.21627
 132     3.31127
 133     0
 134     0
 135     0.27448
 136   101.53
 137    70.8997
 138    49.0777
 139    45.2425
 140    49.4689
 141    15.7186
 142     1.03089
 143     2.16509
 144   460.852
 145   314.471
 146   412.371
 147   315.569
 148   219.36
 149   114.469
 150    39.6963
 151    24.3263
 152  2120.09
 153  2242.35
 154  2019.46
 155  1733.19
 156  1477.98
 157  1099.56
 158   692.145
 159   306.746
 160  2618.67
 161  2733.64
 162  2504.92
 163  2050.24
 164  1753.55
 165  1408.27
 166   908.512
 167   391.177
 168  1108.74
 169  1011.63
 170   894.854
 171   652.825
 172   617.961
 173   522.608
 174   300.587
 175   119.518
 176   160.391
 177   130.545
 178   132.144
 179    82.2967
 180   101.442
 181    33.399
 182     4.25613
 183     0.17964
 184    19.0768
 185     9.31436
 186     4.23599
 187    18.168
 188    10.0166
 189     1.38246
 190    24.9738
 191    15.9832
 192    44.4051
 193    37.1656
 194     5.40816
 195     4.53848
 196    15.9449
 197     0.35871
 198     0.57347
 199     0
 200   149.185
 201   122.812
 202   132.387
 203   110.883
 204    67.7393
 205    25.2373
 206     2.65646
 207     0.0476
 208  1187.39
 209  1235.19
 210  1365.2
 211  1126.42
 212   679.951
 213   505.23
 214   232.664
 215    73.8305
 216  3578.13
 217  3612.03
 218  3447.1
 219  3019.7
 220  2530.09
 221  1758.4
 222  1020.71
 223   408.975
 224  3836.3
 225  3690.17
 226  3678.45
 227  3249.4
 228  2625.79
 229  2066.75
 230  1295.98
 231   495.425
 232  2275.17
 233  2149.78
 234  2350.06
 235  2104.67
 236  1852.45
 237  1329.78
 238   836.281
 239   351.928
 240   283.105
 241   265.663
 242   298.278
 243   219.894
 244   130.804
 245    46.6145
 246    26.6405
 247    17.0457
 248    12.2612
 249    33.9936
 250    66.2836
 251    33.5921
 252    26.7174
 253     4.50254
 254     3.00011
 255     0.98595
 256    32.9614
 257    11.486
 258    29.9086
 259     6.86407
 260     1.89572
 261     0.64496
 262     1.78088
 263     0.7656
 264   410.589
 265   298.6
 266   327.266
 267   217.013
 268   155.371
 269    82.0345
 270    22.6047
 271     0.36992
 272  2421.5
 273  2426.19
 274  2196.1
 275  1931.19
 276  1745.38
 277  1505.17
 278   908.938
 279   406.072
 280  3888.94
 281  4164.13
 282  3773.22
 283  3480.28
 284  2888.95
 285  2010.64
 286  1154.33
 287   420.385
 288  3346.64
 289  3312.6
 290  3302.39
 291  3313.31
 292  2679.18
 293  2136.57
 294  1094.22
 295   401.507
 296  1193.37
 297  1251.34
 298  1433.54
 299  1042.55
 300   725.526
 301   448.156
 302   302.576
 303   111.448
 304   142.554
 305   202.63
 306   174.901
 307   153.713
 308    34.598
 309    16.5983
 310    35.6735
 311     0.37498
 312    12.1994
 313    14.0722
 314     7.15069
 315    31.5513
 316     5.01923
 317    19.1804
 318     0
 319     0.91399
 320    23.9538
 321    49.008
 322     0.24548
 323     2.41988
 324     5.45662
 325    10.442
 326    19.3883
 327     0.1219
 328   170.573
 329   228.632
 330   330.257
 331   249.885
 332    94.74
 333    59.7607
 334     1.8673
 335     1.54716
 336  1173.28
 337  1096.8
 338  1065.84
 339  1141.84
 340   795.96
 341   448.534
 342   355.546
 343   124.804
 344  2623.3
 345  2618.95
 346  2423.78
 347  2299.99
 348  1985.8
 349  1390.67
 350   859.031
 351   333.146
 352  2071.73
 353  2028.58
 354  1917.55
 355  1632.94
 356  1261.49
 357  1009.3
 358   734.766
 359   227.016
 360   379.548
 361   414.601
 362   294.181
 363   292.854
 364   212.5
 365   134.051
 366    34.5232
 367    37.3802
 368   115.047
 369    75.4379
 370    96.0646
 371    26.7749
 372    38.6386
 373     9.09323
 374     0.93783
 375     0.68762
 376     0
 377     0.75374
 378    11.7267
 379     0
 380    12.8807
 381     0.88664
 382     1.30456
 383     0.1419
 384    10.7506
 385    41.4274
 386     9.2327
 387     5.64374
 388     2.38073
 389     1.3981
 390     2.58192
 391     0.03658
 392    23.2218
 393    31.7847
 394    81.9879
 395    25.8525
 396    23.9227
 397    14.4276
 398     0.843
 399     1.85903
 400   103.519
 401   125.201
 402   167.157
 403   172.359
 404   137.806
 405    34.6751
 406    21.8474
 407     2.39444
 408   416.593
 409   446.912
 410   334.915
 411   152.685
 412   134.16
 413   115.526
 414    67.9219
 415    21.3266
 416   399.746
 417   459.828
 418   405.001
 419   308.226
 420   153.568
 421   149.843
 422    89.3084
 423    19.9977
 424   172.122
 425    68.4891
 426    79.8876
 427   100.47
 428    72.583
 429     4.12162
 430    13.7609
 431    16.2652
 432     5.69573
 433     2.07349
 434    37.6247
 435     0.83821
 436     8.53121
 437     0
 438    20.9354
 439     0.63412
 440     0.37437
 441     0
 442     0.74609
 443     1.03869
 444     0.33358
 445     0.93842
 446     1.86274
 447     0.17767
 448     0.8294
 449     0
 450     0.16746
 451     1.20657
 452     0.77692
 453     0.27613
 454     2.11802
 455     0.8932
 456     0.86849
 457     1.16507
 458    48.9324
 459    33.2683
 460    20.839
 461     0.90531
 462     0.18293
 463     0
 464     3.67615
 465    20.121
 466     7.0034
 467     1.30675
 468     1.52008
 469     0
 470     1.75015
 471     0.27929
 472    39.6122
 473    86.1497
 474    97.158
 475    40.6016
 476    11.4536
 477     3.27912
 478     5.59413
 479     7.636
 480    33.5307
 481    38.88
 482    80.0043
 483    76.2855
 484    60.3205
 485    19.2342
 486     1.07547
 487     0.22062
 488    24.7951
 489     0.18906
 490     8.56222
 491    20.2823
 492    43.4162
 493     0
 494     1.81047
 495     0.06617
 496     2.45834
 497     0.80422
 498     0.17919
 499     1.39708
 500     0.0472
 501     2.21159
 502     0.08172
 503     0
 504     0
 505     0.68288
 506     1.19727
 507     0.46582
 508     0.87441
 509     0
 510     0
 511     0
