This file was gnenerated on 2021-06-23 00:02:22.384517 by Grant Finneman. This contains the extracted data from the Gate simulations
The edep for each bar was summed up and printed to this file. The only math operation done has been addition.

  id        edep
   0     1.28936
   1     1.83957
   2     0.68444
   3     0.77498
   4     1.2969
   5     0
   6     0
   7     1.18343
   8     1.04307
   9     1.61231
  10     0.18967
  11     1.23423
  12     1.94377
  13     0
  14     1.43065
  15     0.82737
  16    10.3647
  17     1.5475
  18     1.30104
  19     1.18919
  20     1.5498
  21     1.6605
  22     0.6917
  23     0
  24    40.4844
  25    28.8426
  26    49.56
  27    10.3139
  28    10.7163
  29     2.23295
  30    16.111
  31    19.9614
  32    59.496
  33    68.4475
  34    71.0323
  35    14.3927
  36    15.0728
  37    25.5603
  38    12.2157
  39    21.9977
  40    47.4152
  41    64.7676
  42    66.1415
  43    60.1642
  44     5.74872
  45     8.42836
  46     3.28141
  47     2.81191
  48    50.9581
  49    27.0197
  50    21.3821
  51    44.2659
  52     2.11191
  53     9.32764
  54     8.2619
  55     0
  56    15.2894
  57    16.0534
  58     0.83826
  59     0.86909
  60     1.12106
  61     1.1214
  62    14.8875
  63     0
  64     0.07368
  65    25.0682
  66     0.27732
  67     0.75379
  68     0
  69     0.22968
  70     0.63258
  71     0.8105
  72    20.2947
  73    58.7628
  74    31.8745
  75    11.6275
  76    39.4996
  77     2.54077
  78     1.66001
  79     2.20013
  80    53.2297
  81    42.1003
  82    66.0651
  83    57.9451
  84    26.6328
  85    32.3941
  86     6.67919
  87    13.416
  88   243.968
  89   213.475
  90   118.604
  91   143.329
  92   102.925
  93    44.4798
  94    11.6407
  95     7.19529
  96   465.041
  97   602.141
  98   523.67
  99   488.598
 100   240.315
 101   184.244
 102    65.707
 103    43.902
 104   523.409
 105   533.726
 106   628.035
 107   642.637
 108   414.879
 109   221.257
 110   105.606
 111    30.5859
 112   179.045
 113   191.278
 114   163.512
 115    89.7889
 116    35.5462
 117    27.173
 118     3.02652
 119     2.96203
 120    30.7316
 121     7.86237
 122    47.2058
 123    72.5024
 124    15.3597
 125     0.91903
 126     6.91776
 127     0.75097
 128     3.51356
 129    47.8147
 130    56.7377
 131     2.50156
 132     0.43688
 133    10.128
 134     0
 135     1.50472
 136   215.472
 137   277.892
 138   167.999
 139   107.182
 140    43.7702
 141    13.7144
 142     2.76315
 143     0.93493
 144   407.512
 145   443.263
 146   414.403
 147   395.677
 148   216.424
 149    95.7844
 150    16.3241
 151    17.432
 152  1425.6
 153  1252.43
 154  1048.2
 155   909.893
 156   693.001
 157   640.088
 158   447.597
 159   132.334
 160  2111.53
 161  2143.33
 162  1864.97
 163  1661.42
 164  1264.72
 165  1161.48
 166   748.295
 167   284.572
 168  1952.96
 169  1941.47
 170  1670.62
 171  1396.26
 172  1186.74
 173   925.993
 174   555.369
 175   247.08
 176   470.951
 177   550.703
 178   648.842
 179   443.245
 180   304.976
 181   187.461
 182    85.9058
 183    43.9037
 184    49.2759
 185    33.2431
 186    67.1206
 187    97.3797
 188    24.8984
 189     0
 190     0.36409
 191     0.70547
 192   146.583
 193   104.76
 194    70.5402
 195   149.267
 196    52.9363
 197    98.0419
 198    43.5146
 199     8.32769
 200   858.337
 201   895.64
 202   707.426
 203   715.048
 204   493.025
 205   391.664
 206   202.245
 207    55.0853
 208  1796.85
 209  1891.54
 210  1696.54
 211  1709.05
 212  1109.95
 213   949.806
 214   536.521
 215   237.028
 216  2391.4
 217  2684.32
 218  2440.36
 219  1944.39
 220  1666.01
 221  1288.98
 222   677.265
 223   263.194
 224  2621.93
 225  2760.75
 226  2396.15
 227  2240.55
 228  1543.15
 229  1439.57
 230   785.729
 231   240.617
 232  2303.58
 233  2027.39
 234  1918.49
 235  2054.57
 236  1576.18
 237  1237.85
 238   605.657
 239   315.669
 240  1194.92
 241  1288.8
 242  1429.69
 243   997.456
 244   949.415
 245   755.861
 246   391.5
 247   171.54
 248   114.044
 249   245.744
 250   218.337
 251    75.4017
 252    43.3782
 253    53.6685
 254     8.41268
 255     7.23265
 256   177.53
 257   168.511
 258    97.0072
 259    94.3814
 260    88.2614
 261     7.73991
 262    32.9796
 263     0
 264  1251.41
 265  1466.14
 266  1227.28
 267  1105.19
 268   931.316
 269   711.181
 270   417.004
 271   184.411
 272  2113.91
 273  2441.99
 274  2383.88
 275  2137.48
 276  1736.45
 277  1197.92
 278   713.777
 279   287.026
 280  2586.81
 281  2611.28
 282  2200.58
 283  1836.51
 284  1536.07
 285  1175.34
 286   831.457
 287   339.209
 288  2438.03
 289  2589.15
 290  2055.42
 291  1893.23
 292  1437.72
 293  1066.63
 294   636.982
 295   292.836
 296  1791.04
 297  1829.93
 298  1628.27
 299  1612.47
 300  1288.94
 301   930.488
 302   628.429
 303   214.247
 304   752.93
 305   774.557
 306   787.516
 307   637.114
 308   477.41
 309   313.953
 310   292.226
 311    57.0933
 312   114.846
 313    71.0114
 314   165.997
 315   100.578
 316    27.9211
 317    42.3016
 318    21.6463
 319    19.7572
 320    96.0783
 321    78.5583
 322    87.2195
 323    94.4032
 324    32.1772
 325     0.99523
 326    29.864
 327    13.955
 328   490.609
 329   461.089
 330   525.507
 331   354.385
 332   225.057
 333   198.11
 334   163.012
 335    33.6067
 336  1693.87
 337  1603.27
 338  1613.53
 339  1371.01
 340  1158.45
 341  1088.41
 342   632.532
 343   169.042
 344  2007.76
 345  2008.39
 346  1696.06
 347  1442.5
 348  1104.86
 349   966.974
 350   464.541
 351   162.825
 352  1291.21
 353  1266.03
 354  1181.79
 355  1013.75
 356   653.721
 357   492.125
 358   262.555
 359    88.1701
 360   349.012
 361   318.192
 362   371.685
 363   211.019
 364   129.326
 365   147.494
 366    38.166
 367    30.515
 368   101.644
 369   135.105
 370   152.933
 371    84.9647
 372    83.6754
 373    68.5958
 374    16.0371
 375     1.90756
 376    56.792
 377    23.9032
 378     5.18558
 379     0.87353
 380    30.9278
 381     4.49499
 382     2.05712
 383     3.49924
 384    34.1149
 385    25.5918
 386    68.8188
 387    40.2205
 388    60.2249
 389     0
 390     3.34621
 391     0
 392    69.6597
 393    97.8243
 394   182.074
 395    57.2444
 396    52.7568
 397    23.1396
 398     5.91419
 399    16.2567
 400   758.447
 401   702.644
 402   633.369
 403   542.786
 404   402.488
 405   247.827
 406   185.823
 407    89.7252
 408   436.185
 409   528.552
 410   516.083
 411   370.487
 412   255.512
 413   164.05
 414    73.9789
 415    36.8166
 416   204.01
 417   208.271
 418   206.764
 419   147.004
 420   118.351
 421    38.4848
 422     2.18638
 423     0.62451
 424   107.94
 425    98.2107
 426    32.2302
 427    15.9265
 428     8.23928
 429    25.9356
 430     1.87517
 431     0
 432     0
 433     3.0233
 434    17.9916
 435    38.51
 436    12.5435
 437     9.03471
 438     0
 439     0.5315
 440    24.9178
 441     0
 442     0
 443     5.81988
 444     1.75109
 445     0.29768
 446     0
 447     0
 448     4.92729
 449     7.7181
 450     0.7859
 451     1.91662
 452     0.86368
 453     0.96834
 454     0
 455     0
 456    11.4489
 457    17.8967
 458     8.51369
 459     0.10482
 460     2.37732
 461     0.57891
 462     0.37569
 463     0.7404
 464    72.1051
 465    73.7319
 466    46.0668
 467    78.9275
 468    58.0729
 469     1.0065
 470     0.56092
 471     0.72084
 472    99.5613
 473    62.4951
 474    29.6568
 475    22.8709
 476    33.7782
 477    29.4037
 478    38.7135
 479     9.79549
 480    10.662
 481    51.6366
 482    47.0076
 483    53.7219
 484    33.7964
 485     5.46248
 486     1.90536
 487     0.92962
 488     1.60007
 489     0.0624
 490     0
 491     0
 492    11.4177
 493     4.40099
 494     3.54507
 495     0.06484
 496     0.60463
 497     0.09499
 498     1.63605
 499     0
 500     0
 501     0.72707
 502     0.83877
 503    24.7596
 504     0
 505     0.66257
 506     0.76745
 507     0.49731
 508     0
 509     0.92481
 510     0
 511     0
