This file was gnenerated on 2021-06-17 21:32:55.516404 by Grant Finneman. This contains the extracted data from the Gate simulations
The edep for each bar was summed up and printed to this file. The only math operation done has been addition.

  id      edep
   0    0.6466
   4    0.6652
  19    0.3539
  33    6.3441
  34   36.9178
  35   32.5903
  37    0.1273
  40    8.5975
  41   25.5788
  42   23.3647
  43   13.6462
  50    0.738
  51    1.2546
  61    0.373
  66    0.4841
  72    8.0268
  73   36.4683
  74   11.6896
  81   30.4841
  82    0.9426
  83    0.3539
  84    0.8854
  87    0.4434
  88   34.2782
  89   37.5019
  90   25.0637
  91   12.8784
  92   10.237
  93   14.1744
  94    2.3
  95    2.07
  96   32.036
  97   35.6154
  98   75.7719
  99   62.7616
 100   26.0135
 101   17.0799
 104   27.6234
 105   17.1547
 106    4.2033
 107    3.9222
 108    0.5086
 110    0.0078
 114   27.9331
 117    0.3198
 125    0.7062
 129   13.0288
 130   20.3575
 131    0.8899
 136    8.437
 137    4.1341
 138   10.2284
 139    0.5132
 142    1.3156
 144   78.6795
 145   64.5803
 146   49.9358
 147   39.7045
 148   24.0126
 149    4.836
 151    0.0569
 152  180.194
 153  353.217
 154  284.02
 155  200.348
 156  271.416
 157  182.726
 158   66.1244
 159   57.3477
 160  218.412
 161  278.427
 162  272.732
 163  263.34
 164  234.9
 165  168.194
 166   90.8689
 167   37.103
 168  144.201
 169   76.5523
 170  138.506
 171  110.92
 172  116.343
 173   25.2811
 174    7.2798
 175    4.856
 176    4.8095
 177   11.8156
 178   13.9772
 179   13.9516
 181    1.3462
 184    0.5714
 186    0.4434
 189    0.0429
 194    9.7716
 195    7.3287
 196    5.7001
 197    5.7001
 200    4.0135
 205    4.8708
 206    6.5373
 207    4.0715
 208  113.895
 209   61.0042
 210   75.7894
 211   73.6227
 212  127.654
 213   35.2023
 214   33.2877
 215    5.4768
 216  258.158
 217  322.017
 218  290.371
 219  306.721
 220  236.145
 221  192.877
 222  131.876
 223   59.5919
 224  352.742
 225  397.016
 226  347.092
 227  346.746
 228  236.032
 229  106.495
 230  104.301
 231   18.4129
 232  187.459
 233  158.219
 234  130.178
 235  155.639
 236  136.179
 237   88.6819
 238   35.8508
 239   10.4076
 240   15.9614
 241   19.5648
 242   11.0936
 243   25.0167
 244    2.546
 245    0.5707
 249    0.9496
 250    3.3123
 251   17.134
 253    0.0647
 259    0.215
 265    1.5566
 266   10.7962
 267    2.58
 268    2.1716
 269    0.209
 270   12.2052
 271    0.1859
 272  147.718
 273  126.539
 274   61.2081
 275   91.7768
 276   45.1607
 277   37.2223
 278   61.3814
 279   69.4197
 280  251.838
 281  438.156
 282  310.806
 283  280.03
 284  225.088
 285  132.356
 286   85.5756
 287   22.9371
 288  304.625
 289  359.653
 290  245.061
 291  271.082
 292  215.806
 293  164.969
 294   75.3463
 295   10.9817
 296   67.1134
 297   94.6676
 298   52.5626
 299   60.2094
 300   50.3239
 301   33.3699
 302   18.6903
 303   13.0457
 304   11.332
 305    0.612
 307   20.4876
 308   11.7072
 309    7.0994
 319    0.1966
 320   17.6202
 326    0.799
 328   23.0337
 329    3.3413
 330   42.8652
 331   16.2864
 332    6.3336
 333    0.2232
 334    0.9351
 336  141.332
 337  142.883
 338  110.119
 339  100.84
 340   52.1365
 341   57.7715
 342   21.9299
 343   21.7108
 344  249.082
 345  306.76
 346  167.24
 347  133.017
 348  134.076
 349  196.818
 350   95.5294
 351   31.8229
 352  262.285
 353  288.158
 354  191.664
 355  191.703
 356  162.155
 357  108.615
 358   45.6196
 359   15.085
 360   35.8003
 361   73.7341
 362   46.6888
 363   46.7122
 364   13.7438
 365   17.8782
 368   21.175
 369   10.266
 371    0.1665
 376    0.6203
 380    0.9422
 382    0.4136
 384   17.6202
 385    9.6422
 392    5.4216
 393   17.6904
 394   16.1511
 395    0.6182
 396    0.6777
 401   24.2306
 402   15.6788
 403    2.4647
 404    0.6777
 408   28.3253
 409   13.4378
 410   31.7325
 411    6.6026
 412    1.6544
 413   20.0013
 416   56.0063
 417   35.447
 418   50.1869
 419   19.3132
 420    1.2913
 421    1.3156
 423    0.7086
 424   10.3653
 425   14.398
 426   56.7818
 427   51.6766
 430    0.3161
 434    0.3106
 449    5.2815
 450    5.2815
 460    0.439
 464    0.439
 471    0.1322
 472   26.4792
 473    1.2804
 475    0.8589
 480    6.0754
 483    0.8645
 490    0.025
 491    0.7317
 493    0.1225
 503    0.2392
