This file was gnenerated on 2021-06-21 16:58:39.180860 by Grant Finneman. This contains the extracted data from the Gate simulations
The edep for each bar was summed up and printed to this file. The only math operation done has been addition.

  id      edep
   0    0
   1    0
   2    0
   3    0
   4    0
   5    0
   6    0
   7    0
   8    0
   9    0
  10    0.1676
  11    0
  12    0
  13    0
  14    0
  15    0
  16    0
  17    0
  18    0.1772
  19    0.6584
  20    0
  21    0
  22    0
  23    0
  24    0.8645
  25    0
  26    0
  27    0.4473
  28    0.707
  29    0
  30    0.3555
  31    0
  32    0.933
  33   13.1343
  34    4.475
  35    0
  36    0
  37    0
  38    0
  39    0
  40    0.8332
  41    0.4007
  42    0
  43    0
  44    0
  45    0
  46    0
  47    0.3464
  48    0.6844
  49    0
  50    2.2608
  51    0.1916
  52    0.9037
  53    0
  54    0
  55    0.9037
  56    0
  57    0
  58    0
  59    0
  60    0
  61    0
  62    0
  63    0
  64    0
  65    0
  66    0
  67    0
  68    0
  69    0
  70    0
  71    0
  72    0
  73    0.8402
  74    0
  75    0
  76    0
  77    0
  78   12.2866
  79    0.5342
  80    7.253
  81   18.8578
  82    0
  83    7.8358
  84    0
  85    6.6031
  86   28.361
  87    0
  88   86.1566
  89   75.7738
  90   89.997
  91   52.0534
  92   31.2883
  93   12.0455
  94    4.8388
  95    5.3714
  96   36.3532
  97   67.4878
  98  119.531
  99   39.5562
 100   47.9355
 101   17.5276
 102    4.8026
 103    4.1333
 104    7.5057
 105    2.5344
 106    2.4706
 107   15.9898
 108   15.8372
 109    0
 110    0
 111    0
 112    0
 113    0
 114    0
 115    6.3913
 116    0
 117    0
 118    0
 119    1.4374
 120    0
 121    0
 122    0
 123    0.6912
 124    0.4227
 125    0
 126    0
 127    0
 128    0
 129    0
 130    0
 131    0
 132    0
 133    0.4675
 134    0
 135    1.5635
 136   40.3412
 137   30.7813
 138   56.3603
 139   27.1836
 140   16.9362
 141    6.842
 142    0.0652
 143    0
 144  109.815
 145  107.969
 146   76.9946
 147   59.8289
 148   88.7455
 149   95.6074
 150   37.2177
 151    7.554
 152  257.23
 153  241.769
 154  241.208
 155  206.782
 156  131.496
 157   96.1582
 158   58.7715
 159   21.0068
 160  334.463
 161  302.927
 162  223.495
 163  287.863
 164  268.74
 165  133.546
 166   51.3217
 167   14.6411
 168  110.315
 169   50.2971
 170   50.1699
 171  119.885
 172   67.0473
 173    0
 174    0.344
 175    1.1762
 176    0.7472
 177    3.5028
 178   32.7773
 179    6.6332
 180    0.2448
 181    0
 182    0
 183    0
 184    0
 185    0
 186    0
 187    0
 188    0
 189    0
 190    0
 191    0
 192    0
 193    0
 194    0.5665
 195   10.2154
 196    0
 197   11.6466
 198    0
 199    0
 200   34.2492
 201   19.9727
 202   41.5821
 203   57.4606
 204    6.8603
 205    8.3094
 206    4.0632
 207    6.2168
 208  231.233
 209  247.989
 210  228.925
 211  226.021
 212  170.769
 213  133.837
 214  107.886
 215   27.0635
 216  283.981
 217  349.575
 218  307.968
 219  218.671
 220  213.087
 221  157.313
 222   73.9602
 223   22.5649
 224  278.479
 225  244.189
 226  260.892
 227  225.291
 228  140.22
 229  146.331
 230   59.2934
 231   21.5174
 232   96.1398
 233   97.0795
 234  108.835
 235  125.651
 236   93.9335
 237   70.5296
 238   42.4894
 239    5.3061
 240    4.9704
 241   44.7312
 242   85.6823
 243   37.6555
 244   10.1081
 245    0.2526
 246    0
 247    0
 248    5.1732
 249    3.0656
 250    2.6824
 251    0
 252    0
 253    0
 254    0.8352
 255    0
 256    0
 257    0
 258    0
 259   12.7062
 260    0
 261    4.4368
 262    0
 263    0
 264   46.6164
 265   18.671
 266   17.4528
 267   21.0148
 268    9.0342
 269   15.0441
 270    4.5171
 271    0
 272  143.322
 273  173.973
 274  135.902
 275  120.058
 276   42.8243
 277   56.4327
 278   35.5558
 279   30.2174
 280  313.737
 281  351.127
 282  326.249
 283  263.884
 284  255.471
 285  146.051
 286  105.537
 287   57.1183
 288  296.534
 289  250.197
 290  245.568
 291  178.415
 292  153.513
 293  130.544
 294   62.9574
 295   27.1559
 296  237.56
 297  287.733
 298  289.85
 299  227.262
 300  131.904
 301   67.4599
 302   38.9246
 303   32.6606
 304   76.4989
 305   66.5035
 306   96.901
 307   28.6634
 308   25.5609
 309   38.7471
 310    8.4995
 311   16.764
 312   35.367
 313    6.3676
 314    0.3166
 315    0
 316    0
 317    0
 318    0.4218
 319    0
 320    0
 321    0.611
 322    0
 323   15.4872
 324    0.4707
 325    0
 326    0
 327    0
 328    0
 329    0
 330    0.7235
 331    6.9237
 332    0
 333    0
 334    0
 335    0
 336   90.8616
 337  118.312
 338  125.151
 339   51.8193
 340   44.2783
 341   45.8218
 342   24.5709
 343   10.7822
 344  270.075
 345  281.22
 346  209.154
 347  127.983
 348  151.164
 349  119.154
 350   50.6997
 351   21.0594
 352  218.275
 353  224.25
 354  199.963
 355  208.871
 356  210.826
 357  134.24
 358   69.0056
 359    6.7113
 360   94.0182
 361   89.4826
 362   84.4193
 363   78.0477
 364  117.438
 365   67.8297
 366   57.3448
 367    5.7858
 368   77.622
 369   79.664
 370   54.5293
 371   48.6615
 372   45.278
 373    8.6939
 374    9.782
 375    0.9516
 376   28.9349
 377   19.8079
 378    1.5656
 379    4.4408
 380    0.6279
 381    0
 382    0
 383    0
 384    0.611
 385    0
 386    1.2949
 387    0
 388    0
 389    0
 390    0
 391    0
 392   31.23
 393   40.9093
 394    0
 395    0
 396    0.4707
 397   10.1376
 398   14.6432
 399    0
 400   12.422
 401   27.6207
 402    5.7401
 403    0.9649
 404   24.4627
 405   36.1864
 406    2.882
 407   12.2485
 408   78.0327
 409  135.146
 410   63.9147
 411   37.8655
 412   41.5834
 413   26.6386
 414   18.3487
 415   20.4576
 416   41.6792
 417   46.9962
 418   83.4151
 419   43.5216
 420   33.2462
 421   54.2863
 422   80.6541
 423   15.2601
 424    2.9785
 425   18.0469
 426   31.7103
 427    6.4992
 428    9.578
 429    2.182
 430    0
 431    0
 432   12.0233
 433    0.3692
 434    6.9696
 435   17.8481
 436    0.9021
 437    0
 438    0
 439    0
 440    0
 441    0
 442    4.6397
 443    8.2087
 444    0
 445    0
 446    0
 447    0
 448    0
 449    0
 450    0.9544
 451    0
 452    0
 453    0
 454    0
 455    0
 456    0
 457    0
 458    0.9348
 459    0
 460    0
 461    3.9424
 462    0
 463    0
 464    0.7187
 465    0
 466   10.6025
 467   11.4507
 468    2.816
 469    5.632
 470    0.0571
 471    0
 472   26.3748
 473    0
 474    0
 475    0
 476   21.784
 477    0
 478    0
 479    0
 480    6.0648
 481    0.5919
 482    0
 483    0
 484   11.67
 485    0
 486    0.4446
 487    0
 488    0
 489   27.759
 490   26.4555
 491    0
 492    0
 493    0
 494    0
 495    0
 496    0
 497    0
 498    0.1775
 499    0.9348
 500    0
 501    0
 502    0
 503    0
 504    0
 505    0
 506    0
 507    0
 508    0
 509    0
 510    0
 511    0
