This file was gnenerated on 2021-06-22 23:31:14.976112 by Grant Finneman. This contains the extracted data from the Gate simulations
The edep for each bar was summed up and printed to this file. The only math operation done has been addition.

  id        edep
   0     0.13149
   1     0.75607
   2     1.71224
   3    10.0299
   4    13.1702
   5     0.78104
   6     0.78104
   7     0
   8     1.59514
   9     0
  10     0.06696
  11     0.62223
  12     0
  13     0
  14     0.55105
  15     0.27229
  16     6.20302
  17     0.40134
  18     0
  19     0.6375
  20     0.42191
  21     0.87839
  22     1.94079
  23     0.38932
  24    15.6001
  25     1.7171
  26    28.5213
  27    18.1064
  28     0.4358
  29     0
  30    12.6154
  31     0.40267
  32    10.4135
  33    10.9212
  34    16.8183
  35     0.66351
  36     1.89541
  37     0.98841
  38     0.16833
  39     0
  40     2.10382
  41    12.1286
  42    22.6957
  43    24.712
  44     3.71131
  45     1.71643
  46     4.88087
  47     1.34664
  48     0
  49     0.80289
  50     0
  51     1.71775
  52     1.83427
  53     0.72796
  54     0.76847
  55     1.98088
  56     0.95475
  57     0.81941
  58     2.26111
  59     1.20558
  60     1.2755
  61     0.94012
  62     0.18517
  63     0
  64     7.8545
  65     1.18055
  66     0.06696
  67     4.14238
  68     0.62223
  69     0
  70     0.74389
  71     0.70086
  72    13.0022
  73    16.608
  74    46.7584
  75    30.1158
  76    36.2594
  77    20.9956
  78     0.62696
  79     1.93718
  80    71.5277
  81    88.7086
  82    70.2288
  83    61.8945
  84     4.15939
  85    14.0052
  86     1.17878
  87     0.2147
  88   236.035
  89   239.589
  90   123.65
  91   118.218
  92    84.4317
  93   100.626
  94    15.9707
  95     0.97834
  96   167.767
  97   168.456
  98   111.062
  99   110.863
 100    47.3756
 101    30.5415
 102    10.729
 103     0.46696
 104    89.5485
 105    52.2509
 106     6.82042
 107    49.9285
 108    48.6729
 109     5.95467
 110     1.11228
 111     0
 112     1.2908
 113     1.0754
 114    16.9473
 115    23.8044
 116    18.4474
 117    12.5691
 118     7.67873
 119     6.49001
 120     0.19183
 121     0.25548
 122     0.8119
 123     0.86852
 124     1.73488
 125     0.187
 126     0
 127     0.10285
 128     3.70079
 129    15.6014
 130    13.5661
 131     0.43537
 132     0
 133     0
 134     6.34671
 135     0
 136   109.705
 137    60.2336
 138   104.703
 139    59.4759
 140    64.6573
 141     4.94997
 142     8.15107
 143     1.0618
 144   393.599
 145   532.621
 146   557.304
 147   478.224
 148   324.489
 149   155.468
 150    65.4064
 151    58.4471
 152  2216.68
 153  2245.72
 154  1959.89
 155  1496.14
 156  1350.89
 157  1027.91
 158   553.853
 159   217.178
 160  1286.54
 161  1488.04
 162  1430.28
 163  1016.89
 164  1020.18
 165   615.975
 166   332.708
 167    93.9043
 168   419.911
 169   352.983
 170   319.205
 171   224.651
 172   162.966
 173    17.3391
 174    12.3447
 175     0
 176    69.0684
 177   137.63
 178    69.3673
 179    43.0143
 180    25.6231
 181    10.4071
 182     5.67367
 183     5.5744
 184    23.5034
 185    12.1053
 186     0
 187     4.56269
 188     0.36018
 189     0.18156
 190     0
 191     0.89075
 192    29.3497
 193    38.854
 194    31.2784
 195    13.3634
 196     3.03772
 197     0.78715
 198    10.6287
 199     1.57864
 200   229.482
 201   228.134
 202   141.914
 203   102.407
 204    93.9622
 205    54.3461
 206     9.13918
 207     2.95457
 208  1962.26
 209  2158.88
 210  1994.88
 211  1666.19
 212  1337.02
 213   979.491
 214   625.556
 215   233.274
 216  5373.03
 217  5631.44
 218  5066.66
 219  4810.51
 220  4066.36
 221  2976.37
 222  1879.08
 223   752.013
 224  4907.34
 225  4856.26
 226  4849.44
 227  4094.86
 228  3399.43
 229  2505.19
 230  1365.69
 231   509.079
 232  1399.72
 233  1522.66
 234  1383.84
 235  1058.19
 236   871.738
 237   508.044
 238   235.717
 239   120.644
 240    88.2646
 241   229.043
 242   165.138
 243   124.732
 244    67.7561
 245    25.0663
 246     6.87195
 247    10.3563
 248     0.29021
 249     6.52647
 250    43.0776
 251     2.87439
 252     3.07796
 253     0
 254     0.06959
 255     0.31643
 256    21.6544
 257    33.0707
 258    12.5981
 259     2.8431
 260    17.6207
 261     0.94334
 262    15.0279
 263    22.7534
 264   149.412
 265   162.13
 266   130.106
 267   110.188
 268    26.1173
 269    28.2261
 270    32.5071
 271     0.43529
 272  1534.59
 273  1402.58
 274  1308.39
 275  1043.75
 276   863.714
 277   493.367
 278   361.545
 279   168.224
 280  4972.66
 281  5235.36
 282  4839.42
 283  4186.87
 284  3493.4
 285  2805.6
 286  1842.86
 287   722.475
 288  5723.06
 289  5849.48
 290  5549.97
 291  4801.93
 292  4214.65
 293  3018.65
 294  1940.36
 295   794.298
 296  2017.24
 297  2139.28
 298  2157.88
 299  1657.92
 300  1160.1
 301   887.102
 302   609.606
 303   215.265
 304    86.1301
 305   243.934
 306   149.254
 307    88.4226
 308   113.727
 309    52.5581
 310     4.13978
 311     0
 312    14.5379
 313    12.3663
 314    15.9469
 315    25.1602
 316     1.51447
 317     0.96827
 318     0.87763
 319     2.49646
 320     0.6383
 321    10.089
 322     1.46529
 323    13.9402
 324    48.6115
 325     0.24983
 326     1.1926
 327     0.90065
 328    46.2652
 329    83.6693
 330   107.892
 331    68.8943
 332    54.3001
 333     9.83061
 334    23.3025
 335     8.52343
 336   309.746
 337   363.09
 338   274.589
 339   286.25
 340   151.911
 341    37.4296
 342    90.5575
 343    19.0373
 344  1260.83
 345  1434.58
 346  1069.37
 347   966.84
 348   746.204
 349   530.261
 350   287.259
 351   112.716
 352  2124.72
 353  2111.59
 354  1910.82
 355  1678.79
 356  1337.94
 357   936.886
 358   590.972
 359   310.078
 360   544.87
 361   608.388
 362   721.422
 363   483.382
 364   236.771
 365    63.9569
 366    20.1321
 367     2.11969
 368    68.7232
 369    78.7903
 370   113.619
 371    67.4981
 372    63.8992
 373    25.7464
 374     0
 375     0.44221
 376     0.97909
 377     1.36561
 378     1.50803
 379     0.72025
 380     7.08672
 381     2.75055
 382     0
 383     7.82054
 384     1.6264
 385     0
 386     0
 387     0.40267
 388     0
 389    12.368
 390    17.9279
 391     7.36637
 392    10.5976
 393     1.51734
 394     3.94065
 395     2.91505
 396     4.14476
 397     0.99298
 398    11.9339
 399     7.63047
 400    40.6639
 401    29.657
 402    76.5938
 403    64.6403
 404     1.09851
 405     3.22103
 406    27.697
 407    22.1766
 408   112.232
 409   169.674
 410   115.19
 411    90.873
 412    59.5884
 413    46.3348
 414    41.02
 415    11.2606
 416   252.366
 417   319.775
 418   261.708
 419   173.88
 420    56.2839
 421    17.3131
 422    39.8109
 423    30.5266
 424    40.9833
 425   180.513
 426   106.394
 427    50.048
 428    17.5196
 429     0.84788
 430     6.2491
 431     3.41352
 432    37.5057
 433    42.4513
 434    14.2099
 435    16.7729
 436    36.4481
 437    28.5811
 438    20.6419
 439     0
 440     0.36029
 441     1.80174
 442     1.51822
 443     1.88491
 444     0.8979
 445     1.53974
 446     0
 447     0
 448     0.83032
 449     0.35944
 450     1.17243
 451     0.96692
 452     0.13899
 453     0.54075
 454     0.51161
 455     0.19287
 456     0.14342
 457     0
 458     0.6721
 459     0.19827
 460     0
 461     1.653
 462     0.55464
 463     0.51312
 464     0
 465     2.12045
 466     2.2421
 467     0.74642
 468     0.23175
 469     0
 470     0.00898
 471     0.0737
 472    41.0437
 473    24.346
 474     7.32211
 475     0.11152
 476     1.16455
 477     0.8837
 478     1.16441
 479     0.00236
 480    12.8758
 481     1.35988
 482    26.1901
 483     3.09312
 484    13.6851
 485     0.64854
 486     0.71413
 487     0
 488     4.64961
 489    18.7806
 490     2.01371
 491     0.70037
 492     0.62794
 493     0.85392
 494     3.22422
 495     0
 496     2.71187
 497     0.50131
 498     2.35414
 499     0.40265
 500     0.69427
 501    12.481
 502     7.95747
 503     0
 504     0.5475
 505     0.84539
 506     0
 507     0
 508     0
 509     0
 510     0.10564
 511     0
