This file was gnenerated on 2021-06-21 16:59:52.563052 by Grant Finneman. This contains the extracted data from the Gate simulations
The edep for each bar was summed up and printed to this file. The only math operation done has been addition.

  id      edep
   0    0
   1    0
   2    0
   3    0
   4    0
   5    0
   6    0
   7    0
   8    0.4781
   9    0
  10    0
  11    0
  12    0
  13    0
  14    0
  15    0
  16    7.8185
  17    0
  18   10.6359
  19    9.669
  20    0
  21    0
  22    0
  23    0
  24    0
  25   30.1066
  26    4.9126
  27    4.5037
  28    5.492
  29    0
  30    0
  31    0
  32   10.5169
  33   16.8534
  34   18.2791
  35    6.7794
  36    9.1227
  37    0.572
  38    0.286
  39    0
  40   13.367
  41   14.2616
  42    2.2165
  43    2.5831
  44    0
  45    0.8876
  46    0
  47    0
  48    1.7197
  49    0
  50    0
  51    0
  52    0
  53    0
  54    0
  55    0
  56    0.6069
  57    0.8931
  58    0
  59    0
  60    0
  61    0
  62    0
  63    0
  64    0
  65    0
  66    0
  67    0.2927
  68    0
  69    0
  70    0
  71    0.2378
  72    2.766
  73    0
  74    0
  75    0
  76    0
  77    0
  78    0
  79    0
  80   11.7481
  81   39.2251
  82   62.5872
  83   48.7236
  84    7.7352
  85    0
  86    0
  87    0
  88   43.8808
  89  106.134
  90   80.8285
  91   98.9432
  92   85.774
  93   35.7476
  94    5.231
  95    1.4108
  96   96.164
  97   93.1824
  98  138.94
  99   69.1781
 100   49.746
 101   25.749
 102   35.5819
 103   14.8837
 104   56.9343
 105   49.3152
 106   51.4587
 107    9.1341
 108    6.6078
 109    6.8856
 110    6.1971
 111    0
 112   28.8937
 113    4.3912
 114    0.6447
 115    0
 116    0.8883
 117    0
 118    0
 119    0
 120    0
 121    0.2282
 122    0
 123    0
 124    0
 125    0
 126    0
 127    0
 128    0
 129   13.5999
 130   16.0276
 131   13.1448
 132    5.6568
 133    0.2378
 134    0
 135    0
 136   31.1909
 137   27.5445
 138   51.447
 139   14.7735
 140   39.1464
 141   13.3902
 142    0
 143    0
 144   91.5922
 145   44.5525
 146   95.0252
 147   71.4499
 148   48.0177
 149   32.9403
 150   19.2544
 151    0.1182
 152  157.584
 153  154.01
 154  129.882
 155   87.8926
 156  140.824
 157   98.4048
 158   73.9163
 159  102.557
 160  120.018
 161  148.404
 162  208.994
 163  156.766
 164  111.28
 165   75.0748
 166   60.6578
 167   58.249
 168  155.021
 169  172.535
 170  154.721
 171   96.4639
 172  137.007
 173   75.5752
 174   51.8096
 175    6.2512
 176   63.0883
 177   35.1176
 178   34.8332
 179   20.2343
 180   11.2059
 181   24.3742
 182    6.4416
 183   28.6172
 184    9.7812
 185    8.7474
 186    8.3564
 187    0.6337
 188    0.184
 189    0.8198
 190    0
 191    0
 192    0.5351
 193    0
 194   36.756
 195    3.0166
 196   13.5248
 197    4.714
 198    0
 199    0
 200   39.8499
 201   53.7507
 202   96.7272
 203   65.9052
 204   61.3797
 205   36.7718
 206   49.0247
 207   30.8798
 208  159.752
 209  129.932
 210  132.162
 211   88.7254
 212   84.8186
 213   48.1695
 214   43.3079
 215   10.8607
 216  148.483
 217  169.135
 218  172.967
 219  183.836
 220  115.603
 221  114.728
 222   40.5163
 223   63.7993
 224  193.211
 225  225.258
 226  194.988
 227  129.083
 228   87.2246
 229  111.097
 230   33.7264
 231   38.2472
 232  222.216
 233  173.254
 234  210.855
 235  150.112
 236  119.587
 237  100.601
 238   58.0801
 239   20.4518
 240   24.0371
 241   60.0248
 242   79.6123
 243   65.3072
 244   44.1581
 245   46.6483
 246   52.9746
 247   15.1985
 248   49.8069
 249   13.8557
 250    3.8568
 251    4.4996
 252    0.9067
 253    0
 254    0
 255    0
 256    0
 257   50.4307
 258   60.2831
 259    4.3401
 260    0
 261    0
 262    0
 263    0
 264   57.0609
 265   69.7304
 266  118.928
 267  113.393
 268  103.954
 269  101.114
 270   50.1362
 271   13.8736
 272  241.792
 273  216.954
 274  225.072
 275  126.884
 276  143.793
 277   87.3514
 278   59.0908
 279    7.4629
 280  363.589
 281  282.611
 282  182.733
 283  190.426
 284  153.902
 285   87.2505
 286   25.1125
 287    9.8529
 288  204.191
 289  215.337
 290  200.919
 291  212.038
 292  205.858
 293  138.545
 294   80.6997
 295   29.3387
 296  203.307
 297  152.413
 298  181.447
 299  224.635
 300  168.682
 301  152.957
 302  115.428
 303   44.5189
 304   39.7308
 305   44.008
 306   22.9686
 307   92.4577
 308  102.683
 309  101.377
 310   45.5335
 311    5.9708
 312    6.6709
 313    0
 314    0
 315    6.5834
 316    5.2302
 317   20.424
 318    0
 319    0
 320    1.1653
 321    0
 322   15.5178
 323   21.9012
 324    0
 325    0
 326    0.1617
 327    0
 328   32.3406
 329   75.8995
 330   45.0175
 331   20.6965
 332   54.8448
 333   36.529
 334    0
 335    0.1099
 336  143.77
 337  104.046
 338   74.4839
 339   72.888
 340  100.976
 341   64.4147
 342   51.3244
 343   13.1685
 344  180.995
 345  212.532
 346  168.476
 347  159.212
 348  139.097
 349   74.722
 350   33.9438
 351   14.082
 352  276.745
 353  267.876
 354  147.032
 355  128.322
 356  115.348
 357   80.9546
 358   57.4166
 359   14.406
 360   74.521
 361  100.451
 362   89.105
 363   64.75
 364   46.5527
 365   64.8356
 366   21.9412
 367    3.1487
 368   16.0407
 369   25.4257
 370   60.1008
 371   44.6912
 372   16.4816
 373   10.6204
 374    0
 375   11.4308
 376   28.3051
 377   27.2525
 378   18.4042
 379   10.1352
 380    0
 381    0
 382    0
 383    0
 384    0
 385    9.7925
 386    6.3726
 387    0
 388    0
 389    0
 390    0
 391    0
 392    4.0475
 393    0.6084
 394    0.0552
 395    0.6578
 396    0
 397    0
 398    1.4301
 399    0
 400   19.2905
 401   47.9337
 402    0
 403    0.0644
 404   18.5337
 405    5.4002
 406    4.0915
 407    4.7838
 408  133.016
 409  118.289
 410   99.5586
 411  123.338
 412  138.923
 413   81.638
 414   29.6459
 415   13.2636
 416   64.1726
 417   78.3565
 418   57.6323
 419   59.5998
 420   43.1704
 421   52.9229
 422   54.6041
 423    6.5427
 424    1.9249
 425    1.6931
 426    0.3619
 427   21.2819
 428    0.7586
 429    0.3387
 430    0
 431    0
 432    0
 433    0.5063
 434    5.8452
 435    0
 436    0
 437    0
 438    0.3007
 439    2.0172
 440    0
 441    0
 442    0
 443    0
 444    0
 445    0
 446    0
 447    0
 448    0
 449    0
 450    0
 451    0
 452    0
 453    0
 454    0
 455    0
 456    0
 457    0
 458    0
 459    1.4734
 460    0
 461    0
 462    0
 463    0
 464    0
 465    0.8966
 466    0
 467    0.2576
 468    2.5564
 469   24.3305
 470   11.9595
 471    3.1892
 472   30.1457
 473   16.41
 474    2.9292
 475    0.4158
 476    1.4608
 477   19.9339
 478    0
 479    0
 480    1.0792
 481    0
 482    5.2992
 483    0.7347
 484   15.0943
 485    9.1048
 486    0
 487    0
 488    0.4091
 489    0.7567
 490    0
 491   20.1899
 492    6.4771
 493    0
 494    0.2061
 495    0
 496    0
 497    0
 498    0
 499    0
 500    0
 501    0
 502    0
 503    0
 504    8.6715
 505    0
 506    0
 507    0
 508    0
 509    0
 510    0
 511    0
