This file was gnenerated on 2021-06-23 10:54:22.144677 by Grant Finneman. This contains the extracted data from the Gate simulations
The edep for each bar was summed up and printed to this file. The only math operation done has been addition.

  id        edep
   0     0
   1     0
   2     0.83286
   3     7.02048
   4     0.78207
   5     0
   6     0
   7     0.72983
   8    26.0012
   9    44.7406
  10    31.7345
  11    12.9508
  12     4.46945
  13    12.1766
  14    25.0785
  15     0.30883
  16    88.4051
  17   105.869
  18   114.43
  19    58.6238
  20    10.577
  21     6.69005
  22     0.11222
  23     0
  24   280.009
  25   237.541
  26   164.897
  27   165.961
  28   106.626
  29    36.5962
  30     3.12686
  31     1.4097
  32   157.015
  33   195.29
  34   206.284
  35    28.1414
  36    26.5393
  37    24.1262
  38     0
  39     0.83582
  40    49.9093
  41    46.0654
  42     6.38681
  43     4.44903
  44    38.2064
  45     2.66184
  46     0.96437
  47     0.78177
  48    10.9264
  49     0.61087
  50    14.5778
  51    21.0971
  52     0.07558
  53     2.08413
  54     0.97147
  55     0
  56     0.1333
  57     1.16899
  58     0.5195
  59     0.60629
  60     0
  61     0
  62     0.88001
  63     0
  64     0.62854
  65     1.67583
  66     0.4082
  67     1.98587
  68     1.51532
  69     1.60808
  70     0.32741
  71     0
  72    97.4626
  73   103.916
  74   128.081
  75    71.0426
  76    60.1765
  77     5.22113
  78     6.48985
  79     5.4495
  80   869.222
  81   948.541
  82   630.411
  83   527.088
  84   467.563
  85   258.816
  86   142.377
  87    82.558
  88  2180.03
  89  1889.22
  90  1659.49
  91  1458.54
  92  1257.11
  93   954.246
  94   478.591
  95   234.026
  96   892.945
  97   763.993
  98   715.459
  99   650.693
 100   590.861
 101   352.596
 102   157.416
 103    49.1698
 104   146.322
 105   142.615
 106   167.531
 107    93.7356
 108    99.0715
 109    18.7855
 110     1.68101
 111     0.86108
 112     5.84258
 113     6.27325
 114    11.8341
 115    12.951
 116     9.63021
 117    18.6656
 118     5.18971
 119     0.68372
 120     0
 121     0
 122     0.399
 123     0.60489
 124     0
 125     0
 126     0.70533
 127     0.24448
 128    24.7998
 129    17.6132
 130    17.6395
 131    31.2639
 132    36.2197
 133    24.4667
 134     0
 135     2.21328
 136    82.7073
 137   101.266
 138   134.306
 139   144.771
 140    61.7639
 141     2.56819
 142     0.88322
 143     2.5976
 144  1100.6
 145  1092.04
 146  1123.13
 147  1094.61
 148   731.304
 149   445.572
 150   258.535
 151    91.836
 152  3888
 153  3534.27
 154  3470.8
 155  2767.53
 156  2337.99
 157  1748.27
 158   960.979
 159   392.807
 160  2228.85
 161  2165.37
 162  2011.72
 163  1559.38
 164  1459.59
 165  1097
 166   568.159
 167   189.156
 168   380.372
 169   291.822
 170   325.118
 171   151.954
 172   156.843
 173    33.1058
 174    28.1179
 175     5.90496
 176    30.9116
 177    72.3026
 178    74.854
 179    21.3209
 180     2.16324
 181    25.1531
 182    20.9238
 183     3.88699
 184     0.36806
 185    19.7352
 186     0.79045
 187     2.71683
 188     0.96416
 189     0
 190     1.61636
 191     0.92193
 192     0
 193     2.25189
 194    11.706
 195    26.4672
 196    20.0484
 197    16.289
 198     4.28295
 199     5.90255
 200   104.588
 201   132.996
 202   100.257
 203    46.3214
 204    10.9985
 205    34.3681
 206     1.2964
 207     0.08053
 208   765.865
 209   845.901
 210   646.312
 211   401.283
 212   308.888
 213   270.898
 214    57.0513
 215    30.7405
 216  3503.53
 217  3504.27
 218  3247.54
 219  3090.42
 220  2322.86
 221  1732.03
 222   829.18
 223   323.154
 224  2870.18
 225  2934.36
 226  2572.7
 227  2185.98
 228  1889.44
 229  1519.88
 230   965.953
 231   443.528
 232   609.065
 233   384.97
 234   315.272
 235   232.856
 236   215.234
 237    62.8624
 238    42.8723
 239    58.7462
 240   104.206
 241    38.8193
 242    57.7345
 243    37.119
 244     0.53667
 245     0
 246     0.97648
 247     0.04738
 248     2.43561
 249     0
 250     1.66109
 251     1.1349
 252     1.00407
 253     1.94225
 254     0
 255     2.50247
 256     5.7402
 257    30.1273
 258    42.3124
 259     0.65075
 260     0
 261     0.46227
 262     0.34909
 263     1.33485
 264    64.1068
 265    96.5731
 266    51.8893
 267    45.0949
 268    14.3714
 269     4.31555
 270     0
 271     0.47493
 272   716.896
 273   545.863
 274   380.438
 275   284.785
 276   178.884
 277   115.99
 278    32.9819
 279    19.8635
 280  2531.16
 281  2835.85
 282  2548.14
 283  2105.14
 284  1598.15
 285  1229.44
 286   673.384
 287   308.191
 288  3166.14
 289  3526.09
 290  3173.91
 291  2783.54
 292  2224.57
 293  1823.97
 294  1194.01
 295   584.985
 296   913.872
 297   851.853
 298   590.287
 299   403.022
 300   342.044
 301   150.669
 302    69.8965
 303    43.3682
 304   125.066
 305    92.3518
 306    59.1349
 307   100.6
 308    28.0512
 309    25.8714
 310     6.10571
 311     5.48556
 312     0.74984
 313    30.6755
 314     0.75364
 315     0.96573
 316     0.37866
 317     0.69745
 318     0.93021
 319     1.826
 320     2.46169
 321     1.24663
 322     0.32022
 323     1.57917
 324     1.76929
 325     1.57266
 326     0.25925
 327     1.0605
 328    29.2614
 329    23.1976
 330    40.9435
 331     2.54319
 332     0.18164
 333     1.02787
 334     1.14842
 335     1.49866
 336   302.948
 337   299.268
 338   261.408
 339   239.814
 340   186.435
 341   126.448
 342    39.4227
 343     8.08828
 344  1880.05
 345  2009.91
 346  1913.95
 347  1584.46
 348  1312.04
 349   990.482
 350   503.737
 351   152.577
 352  3500.71
 353  3535.07
 354  3261.7
 355  2999.04
 356  2482.95
 357  1758.44
 358  1080.33
 359   444.815
 360  1299.7
 361  1338.19
 362  1141.49
 363   923.755
 364   538.358
 365   464.126
 366   324.699
 367   128.433
 368   102.301
 369    81.065
 370    59.1053
 371    50.7285
 372    18.5118
 373     0.47676
 374     6.40653
 375     0
 376     8.7297
 377    25.8318
 378    17.6002
 379     2.21751
 380     0.48904
 381     3.35241
 382     1.41493
 383     0.92934
 384     1.30511
 385     0
 386     0.75414
 387     0.81209
 388     0.93979
 389     1.4598
 390     0
 391     0
 392    11.1998
 393    14.2957
 394    16.4084
 395     1.18673
 396     0.98597
 397    21.3549
 398     0.86857
 399     0
 400   102.055
 401    90.5691
 402    79.949
 403     9.70351
 404   128.809
 405    34.282
 406    30.2489
 407     0.23329
 408   860.257
 409   722.963
 410   811.187
 411   711.511
 412   534.338
 413   247.408
 414   199.387
 415    64.4462
 416  1998.16
 417  1924.7
 418  1906.23
 419  1492.75
 420  1234.22
 421   938.054
 422   606.575
 423   237.798
 424   704.484
 425   733.639
 426   662.645
 427   486.131
 428   307.603
 429   206.466
 430   140.206
 431    35.5942
 432   149.796
 433   155.425
 434   139.53
 435    80.9939
 436    51.681
 437    24.3688
 438    17.9685
 439    20.4718
 440    18.554
 441    29.8635
 442     1.36393
 443    14.1531
 444     0.58663
 445     2.4876
 446     1.70832
 447     0
 448     1.17368
 449     0
 450     1.4095
 451     3.13585
 452     0.55528
 453     0.87572
 454     0
 455     0
 456     0.66296
 457    27.61
 458     3.86528
 459     0
 460     0.27471
 461     0.25854
 462     0
 463     0.79744
 464    10.3882
 465    29.1366
 466    58.2177
 467     5.50028
 468     7.03843
 469     3.35925
 470     4.05951
 471     4.71974
 472   147.647
 473   143.991
 474   133.081
 475   101.326
 476    29.817
 477     2.30198
 478    12.6422
 479     2.27693
 480   219.626
 481   253.666
 482   267.28
 483   231.046
 484    54.8698
 485    52.2909
 486   101.268
 487    26.4317
 488    78.9897
 489    96.9513
 490   179.745
 491    77.749
 492     3.32673
 493     0.51145
 494     4.22434
 495     0.12651
 496    25.4748
 497    73.6712
 498    42.8442
 499    24.1815
 500     1.57432
 501     0
 502     0.40109
 503     0
 504    27.2244
 505     2.14134
 506     0.79128
 507    27.3627
 508     1.04164
 509     1.89518
 510     0.61115
 511     0.44868
