This file was gnenerated on 2021-06-23 11:01:04.615284 by Grant Finneman. This contains the extracted data from the Gate simulations
The edep for each bar was summed up and printed to this file. The only math operation done has been addition.

  id            edep
   0     1.17925
   1     0
   2     0
   3    20.3549
   4     1.158
   5     1.39802
   6     0.31464
   7     3.69298
   8     0
   9     0.78548
  10     0.8327
  11    14.8747
  12     0.32633
  13     0
  14     1.43528
  15     0.55988
  16     5.50968
  17    17.4426
  18     1.5767
  19     8.36633
  20     0.2784
  21     2.21385
  22     0.53459
  23     0
  24    11.7166
  25    31.4285
  26    20.9674
  27    10.2694
  28    11.3816
  29     0.25342
  30     0.75239
  31     1.79392
  32     8.80096
  33    43.5852
  34    48.6163
  35     4.75193
  36     0.87515
  37     0.8883
  38     0
  39     0.44689
  40    11.5376
  41    14.0544
  42    18.5846
  43     0.48984
  44     6.18795
  45     5.34444
  46     0
  47     0.17908
  48     0.27495
  49     0.93728
  50     0.86517
  51     0.000710001
  52     0.57918
  53    13.0282
  54    16.2852
  55     1.05379
  56     1.54285
  57     0
  58     1.32281
  59     0.38593
  60     0
  61    22.9596
  62     0
  63     0
  64     0.44645
  65     0.39607
  66     0
  67     0.50691
  68     0
  69     0
  70     0.14071
  71     4.58489
  72     0.05447
  73     8.7626
  74    20.8667
  75     0.09178
  76     0.46556
  77     1.60432
  78     1.10144
  79     0.1457
  80   131.831
  81   198.626
  82    59.0769
  83    63.6538
  84    21.7263
  85    15.4626
  86    20.9599
  87    22.5341
  88   264.446
  89   215.428
  90   140.806
  91   105.618
  92   123.454
  93    29.4149
  94    17.7965
  95    34.5031
  96   246.2
  97   288.941
  98   148.438
  99   153.885
 100    83.1713
 101    61.004
 102    19.7543
 103     8.93776
 104    66.3364
 105   106.574
 106    80.5035
 107    49.8074
 108    22.2397
 109    28.1941
 110     0.79015
 111     2.28745
 112     6.51391
 113    13.2418
 114    13.6341
 115    32.7022
 116     9.32987
 117    12.6158
 118    14.7178
 119     5.60832
 120     0.24269
 121     0.72573
 122     0.23068
 123     0.24086
 124     0
 125    21.1852
 126     7.71144
 127     0
 128     1.69557
 129     1.64342
 130     1.77441
 131     1.7906
 132     1.79789
 133     1.44642
 134     1.71327
 135     0
 136    15.2688
 137    68.4906
 138    85.3879
 139    24.1027
 140    14.4719
 141    27.1666
 142    11.9105
 143    10.9652
 144   380.884
 145   353.172
 146   180.4
 147   238.135
 148   167.94
 149    26.2924
 150    46.7677
 151    13.9546
 152  1855.69
 153  1953.81
 154  1603.94
 155  1588.25
 156  1221.75
 157   696.123
 158   490.159
 159   139.839
 160  2143.39
 161  1979.21
 162  1923.79
 163  1705.16
 164  1387.49
 165   900.082
 166   536.147
 167   203.619
 168   447.386
 169   575.08
 170   623.886
 171   408.738
 172   144.786
 173   137.711
 174    80.7654
 175     8.43675
 176   134.018
 177   126.461
 178    91.2098
 179    25.9341
 180     0
 181     1.33071
 182     1.01528
 183     0.34202
 184    54.56
 185    15.7207
 186     0.88437
 187     0.65192
 188     0.45546
 189     0.49
 190     0.74189
 191     0
 192     3.69337
 193     5.35062
 194    19.802
 195    16.7729
 196     1.55866
 197     1.2553
 198     0.09361
 199     0
 200   152.917
 201   132.707
 202   108.989
 203   107.768
 204    48.4458
 205    24.2955
 206     4.70603
 207     1.05233
 208   929.485
 209   915.105
 210   717.042
 211   740.792
 212   394.613
 213   157.98
 214   100.665
 215     8.602
 216  5328.06
 217  5297.31
 218  4722.74
 219  4068.88
 220  3557.61
 221  2672.62
 222  1606.02
 223   533.14
 224  6131.37
 225  5894.78
 226  5835.4
 227  5304.31
 228  4525.59
 229  3709.92
 230  2217.65
 231   915.88
 232  1064.13
 233  1088.32
 234   967.335
 235   750.624
 236   417.72
 237   374.781
 238    92.4026
 239    20.9016
 240   174.714
 241   147.917
 242   109.641
 243   109.029
 244    24.5414
 245    21.6309
 246    12.0152
 247     1.34927
 248     0.97581
 249    11.0657
 250     0
 251     0
 252     0
 253     0
 254     0
 255     0.30011
 256    21.6635
 257    31.2514
 258    24.3812
 259     7.64446
 260     5.76593
 261     2.72691
 262     0
 263     0
 264   164.556
 265   159.402
 266    87.783
 267   103.193
 268    44.1
 269    20.0436
 270     2.44617
 271     2.99131
 272  1189.89
 273  1092.04
 274  1174.44
 275   861.923
 276   651.725
 277   285.715
 278   103.457
 279    27.4151
 280  5828.55
 281  6037.3
 282  5393.35
 283  4918.08
 284  4000.76
 285  2968.13
 286  1975.06
 287   777.553
 288  5223.18
 289  5238.73
 290  4700.26
 291  3987.26
 292  3205.91
 293  2516.7
 294  1537.41
 295   517.464
 296   782.642
 297   721.805
 298   594.907
 299   577.826
 300   399.057
 301   184.639
 302    86.7137
 303    19
 304    92.8026
 305   101.402
 306   152.303
 307    89.2504
 308    37.0436
 309     2.28545
 310    12.0858
 311     0
 312    21.555
 313    29.8463
 314     5.78543
 315     1.59705
 316     1.10202
 317     1.16647
 318     0.67982
 319     1.21743
 320    32.1129
 321     0.20492
 322     0
 323    11.7042
 324     0.95618
 325     0
 326     0.97826
 327     1.0358
 328    57.464
 329    61.9198
 330    44.2811
 331    45.1625
 332    15.5924
 333     2.16905
 334     1.0405
 335     0.64455
 336   588.904
 337   570.03
 338   506.221
 339   349.441
 340   149.105
 341    93.536
 342    46.7071
 343    10.7271
 344  2184.69
 345  1850.67
 346  1521.47
 347  1559.75
 348  1141.47
 349   778.728
 350   455.917
 351   125.805
 352  2091.82
 353  2017.86
 354  1571.04
 355  1328.26
 356   953.522
 357   794.776
 358   427.492
 359   148.469
 360   451.923
 361   364.462
 362   266.446
 363   237.945
 364   128.317
 365    85.3952
 366    45.8088
 367     6.60646
 368    83.9162
 369    17.4781
 370    30.2722
 371    24.023
 372    11.3727
 373    19.8846
 374     1.66087
 375     1.1948
 376    15.3362
 377     4.77763
 378     7.19889
 379     0.9191
 380     1.49951
 381     0.9324
 382     1.32248
 383     0
 384     0
 385    18.8025
 386     1.84886
 387     0
 388     1.93254
 389     1.65995
 390     0
 391     2.27949
 392     4.0343
 393    36.2171
 394    19.0018
 395     6.84441
 396     1.84827
 397     2.04723
 398     2.2972
 399     0.49368
 400    67.7205
 401    62.0644
 402   104.029
 403    97.3496
 404    19.5761
 405     2.62997
 406    21.1987
 407     7.84366
 408   165.932
 409   225.911
 410   223.358
 411    81.8504
 412    95.0605
 413    14.1007
 414    13.4507
 415     8.46619
 416   187.663
 417   134.158
 418   176.831
 419    98.4036
 420    78.6524
 421    23.7061
 422    18.4557
 423    33.8536
 424    96.6896
 425   125.662
 426    87.0685
 427    45.6022
 428    45.9706
 429    21.1528
 430     4.70932
 431     0
 432    66.4346
 433    27.283
 434     0.79295
 435     1.20862
 436     1.69668
 437     0.83918
 438     0
 439     0.76617
 440     1.81557
 441     0
 442     0.1704
 443     1.54142
 444     0.26008
 445     0
 446     0.45725
 447     0
 448     0
 449     2.00676
 450     0.09423
 451     2.19828
 452     0.31432
 453     0.66683
 454     0.70393
 455     0
 456     0
 457     1.30377
 458     1.78654
 459     0.61482
 460     0.82395
 461    24.0677
 462     0
 463     0.89386
 464     2.03011
 465     4.96766
 466     7.80404
 467     1.82189
 468    17.4219
 469     8.49924
 470     2.13714
 471     1.09479
 472    16.1325
 473    39.694
 474    15.5896
 475     1.61981
 476     0.324
 477     0.63079
 478     1.9688
 479     0
 480     3.87486
 481     2.48457
 482     4.42006
 483     7.79451
 484    15.2037
 485    27.715
 486     0.30929
 487     1.61501
 488    48.2475
 489    27.8654
 490     0.74926
 491     2.21846
 492     3.92448
 493     5.64144
 494     1.03794
 495     0.98858
 496    15.3146
 497     0.27433
 498     0
 499     1.25672
 500     0
 501     0
 502     0
 503     0.09541
 504     1.06876
 505     0.77038
 506     0
 507     0
 508     0
 509     0.26474
 510     0.26439
 511     0.26474
