This file was gnenerated on 2021-06-23 10:55:15.053899 by Grant Finneman. This contains the extracted data from the Gate simulations
The edep for each bar was summed up and printed to this file. The only math operation done has been addition.

  id        edep
   0     0
   1     0.19173
   2     0.08833
   3     0
   4     0
   5     0
   6     0
   7     0.75257
   8     0
   9     0.72716
  10     1.62977
  11     3.51045
  12     1.3973
  13     0
  14     6.05876
  15     5.23615
  16     9.0967
  17     3.49756
  18     0.52785
  19     1.94104
  20     0
  21     1.15237
  22     0.50457
  23     1.4294
  24     1.37938
  25     1.47489
  26     0.378
  27     0.99601
  28    10.6819
  29     0
  30     1.50685
  31     0
  32    24.3042
  33    12.7981
  34     1.4803
  35    25.0936
  36     3.69959
  37     0
  38     7.98232
  39     7.36832
  40     2.58173
  41     0.80597
  42     0.3136
  43     2.0631
  44     0.27948
  45     1.2712
  46     1.63931
  47     0
  48     0.69145
  49     0
  50     0
  51     0.83211
  52     1.03303
  53     0.58104
  54     1.19641
  55     0
  56     0
  57     1.31854
  58     0
  59     0.03014
  60     0.94091
  61     0
  62     0.07227
  63     0.66573
  64    23.9302
  65     0.41651
  66     8.71283
  67     4.09617
  68    23.799
  69    20.4035
  70     0.59407
  71     2.26209
  72     0
  73     5.40288
  74     0.52716
  75     7.2203
  76    10.8431
  77     1.94407
  78     2.30454
  79     0.67806
  80    69.0478
  81    38.0946
  82    35.3947
  83    55.7313
  84    77.3235
  85    49.0136
  86     1.90424
  87     0.96596
  88   163.486
  89   184.291
  90   136.867
  91   247.133
  92   140.019
  93    49.808
  94     1.02082
  95     0
  96   192.443
  97   224.482
  98   172.489
  99   110.734
 100    84.3899
 101    47.8244
 102     0.96562
 103     1.41496
 104    34.5388
 105    50.4749
 106    51.5261
 107    20.0141
 108    17.7006
 109    54.9037
 110    12.6576
 111     0.95524
 112    23.0339
 113    30.1391
 114     0.86108
 115     1.86854
 116     0
 117     1.20001
 118     0
 119     0.6151
 120     1.29428
 121    22.951
 122     0
 123     1.50242
 124     0
 125     0.75243
 126     0.35522
 127     0
 128     4.14458
 129     1.2148
 130     0.33957
 131     9.2694
 132    11.7707
 133     3.21386
 134     1.57545
 135     1.08688
 136    49.6526
 137    44.0528
 138    43.3298
 139    39.5347
 140     8.68067
 141     3.57934
 142     0.35284
 143     0.83349
 144   449.351
 145   525.427
 146   232.714
 147   194.639
 148   162.243
 149    97.4045
 150    16.4198
 151    19.497
 152  2147.68
 153  2109.7
 154  1462.38
 155  1178.85
 156   881.099
 157   536.524
 158   333.514
 159    87.2979
 160  1209.08
 161  1193.87
 162   973.273
 163   814.258
 164   532.48
 165   176.11
 166   111.907
 167     3.68422
 168   308.06
 169   245.709
 170   176.874
 171    86.5651
 172    76.8527
 173    34.4518
 174    37.7848
 175     3.74875
 176    45.4317
 177    26.9554
 178    25.8407
 179    36.2042
 180    35.0882
 181     0
 182     0.3189
 183     1.5069
 184     0.94669
 185     1.67828
 186     1.3308
 187     1.55314
 188     2.11797
 189     1.94205
 190     0.9354
 191     1.12029
 192     3.95359
 193     0.73605
 194     0.14777
 195    23.803
 196     0.00388
 197     0
 198     2.99833
 199     1.94835
 200    84.0524
 201    92.7751
 202    54.6697
 203    59.9497
 204     5.5142
 205     3.67238
 206    12.8235
 207     1.39859
 208  1042.58
 209   851.787
 210   691.316
 211   497.244
 212   266.421
 213    91.3183
 214    45.3246
 215    27.0741
 216  7977.52
 217  8354.42
 218  8166
 219  7257.01
 220  5971.24
 221  4655.13
 222  2996.92
 223  1180.39
 224  5316.51
 225  5080.57
 226  4609.52
 227  4581.16
 228  3588.09
 229  2447.46
 230  1386.81
 231   501.229
 232   833.54
 233   763.149
 234   564.139
 235   341.027
 236   168.634
 237    93.0678
 238    84.7785
 239    13.0779
 240    72.3462
 241   110.461
 242   148.932
 243    39.6021
 244    22.7316
 245    22.4763
 246     0
 247     2.08603
 248     1.2242
 249    12.5211
 250    13.658
 251    33.6794
 252    11.0042
 253     3.98854
 254     1.22166
 255     0.47022
 256     0
 257     0
 258     0.21154
 259     0.99429
 260     0.14777
 261     8.67096
 262    11.4023
 263     7.03632
 264    81.4979
 265    95.0226
 266   108.143
 267    27.7516
 268     4.32749
 269    10.2045
 270    22.98
 271     5.95899
 272   854.321
 273   852.197
 274   448.209
 275   355.639
 276   245.177
 277    83.3367
 278    46.2884
 279    32.6975
 280  5351.89
 281  5387.35
 282  5382.07
 283  4387.98
 284  3490.18
 285  2652.47
 286  1625.83
 287   577.135
 288  8192.75
 289  8043.73
 290  7698.43
 291  7092.47
 292  5690.37
 293  4721.73
 294  3150.47
 295  1321.41
 296  1137.43
 297   970.405
 298   804.957
 299   404.537
 300   284.813
 301   200.365
 302    23.6364
 303    33.6294
 304   150.434
 305   136.143
 306    70.7086
 307    50.3315
 308    16.9354
 309    26.3075
 310     0.98009
 311     1.60263
 312     1.52284
 313    26.6798
 314     0.18918
 315    25.176
 316     1.61489
 317     0
 318     0.29281
 319     0.53405
 320     0
 321     0.75682
 322     1.1203
 323     3.70268
 324     0.88011
 325     0.98174
 326     0
 327     1.58021
 328    69.0754
 329    38.6745
 330    62.264
 331     8.16791
 332     4.15579
 333     1.84751
 334     9.16723
 335     4.57578
 336   311.212
 337   245.235
 338   309.048
 339   222.366
 340    48.1335
 341    16.6563
 342     7.42288
 343    38.399
 344  1244.07
 345  1298.42
 346  1120.46
 347   682.324
 348   400.33
 349   277.628
 350   101.522
 351    21.7217
 352  1728
 353  1653.56
 354  1648.29
 355  1314.13
 356   881.912
 357   630.794
 358   199.766
 359    72.8713
 360   459.808
 361   335.912
 362   288.795
 363   290.691
 364   136.147
 365    27.2198
 366     3.59551
 367     1.37814
 368    63.5011
 369    45.6735
 370    24.2986
 371    15.5588
 372    59.3566
 373    21.6895
 374     2.83722
 375     0.55984
 376     1.72138
 377     0
 378     0.20902
 379     0.02473
 380     0.83539
 381     0
 382     0
 383     0.88424
 384     0
 385     0.52207
 386     0.27996
 387     1.13295
 388     1.74753
 389     0.08653
 390     0
 391     0
 392     1.44523
 393     8.56175
 394    12.3526
 395     5.4252
 396     2.12092
 397     1.86726
 398     0.23096
 399     0.81651
 400    17.8175
 401    16.0637
 402    17.2455
 403    21.6328
 404    44.0195
 405    54.2575
 406     2.43512
 407     0.86378
 408   155.45
 409   145.315
 410   168.691
 411   149.144
 412    47.024
 413    15.214
 414    14.6033
 415     3.74246
 416   136.076
 417   195.743
 418   207.534
 419   155.78
 420    42.9939
 421     3.77914
 422    12.7692
 423     0.35838
 424    51.0843
 425    55.4121
 426    45.1002
 427    64.7736
 428     8.13352
 429     6.07085
 430     0.9309
 431     0.7616
 432    10.6824
 433     7.81949
 434    17.7543
 435     5.88292
 436    27.612
 437     0.88336
 438     0
 439     0.16385
 440     0.9312
 441     0
 442     6.19975
 443     0
 444     1.17511
 445     0.79245
 446     0.31289
 447     0
 448     0
 449     0
 450     1.49863
 451     0
 452     0.46657
 453     1.34105
 454     0
 455     1.41613
 456     1.05705
 457     0
 458     0
 459     0
 460     1.02778
 461     0.14777
 462     0.39721
 463     0.17353
 464    13.2499
 465     2.11354
 466     0.43199
 467     1.51715
 468     0.14468
 469     1.87584
 470     0.4622
 471     0.3808
 472    10.5691
 473    18.4072
 474    11.1489
 475    46.8475
 476     0.87615
 477     0
 478     1.60716
 479     0
 480     0.37795
 481     5.66946
 482    69.0802
 483     4.94424
 484     0
 485     0
 486     0.44654
 487     0
 488     2.28921
 489    15.8593
 490    13.5638
 491     3.82485
 492     0.21849
 493     0.89879
 494     0.21657
 495     0.84416
 496     1.60948
 497     0
 498     4.34313
 499     0.20996
 500    20.0716
 501     0.32942
 502     0.96609
 503     0
 504     0.39905
 505     0.44529
 506     0
 507     0.97173
 508     0
 509    32.4136
 510     0
 511     0
