This file was gnenerated on 2021-06-23 11:16:11.501614 by Grant Finneman. This contains the extracted data from the Gate simulations
The edep for each bar was summed up and printed to this file. The only math operation done has been addition.

  id        edep
   0     0
   1     0
   2     0
   3     0
   4     0.88123
   5     0
   6     0
   7     0
   8     0
   9     1.06952
  10     1.44672
  11     0
  12     0.38456
  13     0
  14     1.62184
  15     1.57211
  16     2.31446
  17     1.27976
  18     2.64807
  19     1.07966
  20     0
  21     0.60325
  22     0.98755
  23     0.7364
  24    15.0931
  25     1.72229
  26     1.55863
  27     0.74244
  28     1.06308
  29     0.08186
  30     0.7128
  31     0.0855
  32    25.6859
  33    14.1212
  34     1.27343
  35     8.42252
  36     2.49488
  37     2.12313
  38     0.49811
  39     1.34935
  40    46.2188
  41    32.1629
  42     0.45468
  43     2.65674
  44     0.70634
  45     7.17079
  46     2.27341
  47    18.4259
  48    23.3613
  49    29.0859
  50     8.5777
  51     0
  52    12.7552
  53    10.8396
  54     0.07593
  55     1.92346
  56     0
  57     0.94451
  58     0.84496
  59     0.25065
  60     0.99346
  61     1.14368
  62     0.50882
  63     0.96549
  64     0.86351
  65     1.55425
  66     0.13964
  67     0.73755
  68     0.51158
  69     0.06441
  70     0
  71     0.83916
  72    31.5287
  73    12.485
  74     4.61311
  75     0
  76     3.90433
  77     0.55328
  78     0.03309
  79     0.71511
  80    25.7243
  81     3.01458
  82    21.4931
  83    10.2107
  84    13.3939
  85    15.1287
  86     0.52943
  87     0
  88   125.297
  89    31.2938
  90    33.9838
  91    88.6539
  92    24.8731
  93    40.4874
  94    10.1274
  95     0.8727
  96   192.42
  97   272.914
  98   216.912
  99    38.5009
 100    29.8012
 101    21.8441
 102     6.19856
 103    32.6647
 104   239.632
 105   161.596
 106   219.372
 107    42.1938
 108    10.5912
 109    12.1862
 110     0
 111     3.18307
 112    53.554
 113    77.7715
 114    67.543
 115    46.1554
 116     3.144
 117    31.7925
 118    20.564
 119     1.545
 120    16.178
 121    25.5767
 122     0.14731
 123    15.0222
 124    10.1081
 125    11.4283
 126     0
 127     0.84601
 128    17.8044
 129    63.8309
 130     1.80898
 131     0.41633
 132     0.72146
 133     0.38024
 134     0.12146
 135     0
 136    74.2839
 137    89.3188
 138    63.4634
 139    22.0199
 140    27.1409
 141     0
 142     0.78335
 143     0.84949
 144   260.834
 145   196.337
 146   227.196
 147    80.6523
 148    73.3589
 149    43.2892
 150    24.0699
 151    16.1383
 152   542.535
 153   491.184
 154   455.154
 155   294.046
 156   188.733
 157   158.937
 158    35.1485
 159    16.7631
 160  1429.84
 161  1284.68
 162  1203.7
 163   789.047
 164   788.653
 165   385.003
 166   207.191
 167   106.956
 168  1877.15
 169  2081.02
 170  1894.73
 171  1528.66
 172  1244.4
 173   849.271
 174   463.828
 175   220.411
 176   405.655
 177   510.286
 178   350.023
 179   195.219
 180   206.847
 181    47.4096
 182    38.3821
 183     6.72056
 184    42.0467
 185    58.9982
 186    35.8734
 187    37.9405
 188    36.2572
 189    22.1583
 190     0.1163
 191     0
 192     9.09612
 193    34.6043
 194     5.17036
 195     1.6118
 196    32.9532
 197    25.3202
 198    10.0866
 199    11.115
 200   354.348
 201   351.36
 202   172.217
 203   119.738
 204    97.1843
 205    16.9252
 206     2.58365
 207     0.45633
 208  1059.76
 209  1064.2
 210   828.662
 211   603.883
 212   458.223
 213   258.533
 214   171.787
 215    35.8194
 216  3057.53
 217  2845.37
 218  2538.26
 219  2166.92
 220  1813.9
 221  1344.2
 222   873.4
 223   376.056
 224  5492.42
 225  5532.36
 226  5344.41
 227  4430.95
 228  3569.78
 229  2948.1
 230  1848.79
 231   733.93
 232  4042.74
 233  4108.54
 234  4148.49
 235  3511.77
 236  2934.39
 237  2194.98
 238  1294.52
 239   531.387
 240   514.761
 241   739.159
 242   535.657
 243   428.535
 244   235.415
 245   128.878
 246    74.8786
 247     8.28106
 248    35.1542
 249   156.294
 250    70.5447
 251    16.8316
 252     0.51994
 253    18.9256
 254    20.8953
 255     6.18421
 256    13.087
 257   106.065
 258    48.4553
 259     6.1346
 260     1.94276
 261    10.346
 262    14.3991
 263     9.01617
 264   719.081
 265   633.774
 266   553.994
 267   426.687
 268   268.994
 269   129.056
 270    68.325
 271    17.7817
 272  4248.26
 273  4217.2
 274  4305.6
 275  3698.29
 276  2791.24
 277  2311.53
 278  1557.05
 279   613.218
 280  5740.06
 281  6036.69
 282  5236.06
 283  4789.77
 284  4245.56
 285  3364.75
 286  2009.61
 287   753.346
 288  3581.52
 289  3547.74
 290  2831.37
 291  2281.85
 292  1847.17
 293  1394.8
 294   772.071
 295   294.274
 296  1003.83
 297  1165.19
 298   967.918
 299   615.861
 300   530.111
 301   266.936
 302    94.3166
 303    28.9214
 304   184.814
 305   250.016
 306   169.084
 307   192.022
 308    86.1527
 309    31.2328
 310    38.9604
 311    24.6842
 312    29.2478
 313    57.1248
 314    22.1347
 315    28.0691
 316     1.39039
 317     0
 318     0
 319     2.94303
 320    28.9311
 321    35.345
 322    74.6013
 323    10.6049
 324     4.18686
 325     3.32591
 326    13.4385
 327    13.3261
 328   360.537
 329   417.186
 330   301.15
 331   256.234
 332   151.867
 333   124.304
 334    31.4045
 335     5.65279
 336  1740.9
 337  1679.96
 338  1379.76
 339  1373.74
 340   968.651
 341   922.77
 342   514.088
 343   176.662
 344  1400.94
 345  1529.85
 346  1057.19
 347   758.083
 348   457.03
 349   271.748
 350   150.276
 351    28.0485
 352   359.646
 353   575.988
 354   424.433
 355   320.792
 356   182.713
 357   112.725
 358   104.582
 359    15.7565
 360   249.637
 361   212.467
 362    90.8589
 363   198.528
 364    92.11
 365    75.6673
 366    51.3298
 367     2.04017
 368   108.921
 369    71.4973
 370     5.30305
 371    17.0058
 372    13.1347
 373     4.80247
 374     2.32101
 375     1.92872
 376     1.21134
 377     0
 378     0.083
 379     0.85758
 380     1.13176
 381     1.84608
 382     2.82294
 383     2.48953
 384     8.78309
 385     2.02083
 386     0.01418
 387     0
 388     2.36435
 389     0.53956
 390     0.25032
 391     0.12733
 392    50.8949
 393    50.6696
 394    56.3277
 395    74.8245
 396    59.521
 397    18.2088
 398     2.19888
 399     0
 400   171.577
 401   213.537
 402   133.487
 403    69.9937
 404   103.002
 405    74.1208
 406    25.5142
 407     8.34468
 408   273.335
 409   297.842
 410   112.747
 411    87.0377
 412    10.6325
 413    16.2505
 414    12.6049
 415    28.4118
 416   128.585
 417    21.1022
 418    68.2661
 419    57.1594
 420    19.9968
 421     2.19633
 422     0.87938
 423     1.37249
 424    29.6327
 425    46.9703
 426    27.319
 427    35.2608
 428     0
 429     7.4259
 430    10.5667
 431     0.70465
 432     6.51256
 433     0.30435
 434    16.8373
 435     8.06699
 436    22.2504
 437     0
 438     0.62706
 439     1.58039
 440     0
 441     0
 442     0.43815
 443     0.31367
 444     0.5261
 445     0.93357
 446     0
 447     0
 448     0
 449     0.9447
 450     0.6448
 451     0.86802
 452     0.27748
 453     2.31658
 454     0.38195
 455     0.18368
 456    32.4045
 457    20.1651
 458    49.5653
 459     2.10256
 460     0
 461     1.13107
 462     0.876
 463     0
 464    53.5058
 465    21.2986
 466    14.9207
 467     1.39361
 468     0.07063
 469     0.67938
 470     0
 471     1.0885
 472    10.069
 473    33.4493
 474    19.0078
 475     0.70919
 476     0.91238
 477     0
 478     2.02834
 479     1.9234
 480     8.69508
 481     2.34607
 482    26.998
 483     0.83657
 484     0.57905
 485     1.25293
 486     0
 487     0.89095
 488     0.83679
 489     0.69055
 490     1.60788
 491     0.56003
 492     0
 493     0.30692
 494     1.21156
 495     0.50547
 496     0
 497     1.27768
 498     0.45984
 499     0.62148
 500     0
 501     0
 502     1.15841
 503     0
 504     0.36498
 505     0
 506     0
 507     0
 508     0
 509     0.1295
 510     1.68328
 511     0.28091
