This file was gnenerated on 2021-06-23 11:29:59.921965 by Grant Finneman. This contains the extracted data from the Gate simulations
The edep for each bar was summed up and printed to this file. The only math operation done has been addition.

  id        edep
   0     1.70232
   1    31.7081
   2    15.3205
   3     1.31526
   4    18.3125
   5     1.91342
   6     0
   7     0
   8    89.3563
   9    99.9627
  10    40.4014
  11    11.4489
  12    48.9132
  13     0.69002
  14     0
  15     0.23297
  16   169.985
  17   208.208
  18   145.093
  19    85.2189
  20    75.2012
  21    23.3147
  22    18.0948
  23     1.77767
  24   127.665
  25    46.992
  26     7.33645
  27    49.4951
  28    40.8341
  29    20.6451
  30    18.7163
  31     4.48664
  32   113.061
  33   108.487
  34    37.9581
  35    47.2373
  36    15.2215
  37     1.2065
  38     6.5032
  39     6.91856
  40    55.0303
  41    17.7451
  42    53.261
  43    57.2695
  44    49.816
  45    15.7976
  46     0.92068
  47     0
  48    10.2134
  49    12.6158
  50    24.2044
  51     0.87307
  52    14.6031
  53    19.8638
  54     0.55389
  55     2.76318
  56    15.8526
  57     5.57872
  58    16.7157
  59     0.82022
  60     0.43728
  61     0.82105
  62     0.686
  63     0
  64    10.8897
  65    39.6822
  66    19.3424
  67    18.5761
  68    15.4098
  69     4.02724
  70     0.97769
  71     0.74107
  72   221.818
  73   227.332
  74   155.601
  75   126.348
  76    64.638
  77    38.9655
  78     9.26207
  79     1.29471
  80  1055.29
  81   893.309
  82   845.357
  83   823.558
  84   637.773
  85   445.102
  86   246.822
  87    82.3414
  88   764.416
  89   784.552
  90   631.89
  91   554.83
  92   492.011
  93   395.237
  94   174.038
  95   104.063
  96   479.848
  97   490.86
  98   469.313
  99   386.119
 100   409.047
 101   235.664
 102   194.189
 103    76.5249
 104   414.501
 105   270.664
 106   333.696
 107   279.908
 108   207.141
 109   111.572
 110    71.5022
 111    19.8867
 112   192.582
 113   132.788
 114    93.0299
 115   122.349
 116    91.1463
 117    28.2565
 118    15.5527
 119     0
 120    35.4006
 121    47.8818
 122    45.4933
 123     0.89781
 124     0
 125     1.36649
 126     0
 127     0.8829
 128    98.1866
 129    53.4074
 130     7.58636
 131    24.3424
 132    13.3228
 133    10.2261
 134    17.5929
 135    10.2458
 136   479.622
 137   476.182
 138   315.996
 139   289.329
 140   283.391
 141   207.267
 142    31.4686
 143     8.30611
 144  1429.12
 145  1417.37
 146  1192.29
 147   878.579
 148   825.309
 149   606.672
 150   362.467
 151   160.62
 152  1309.35
 153  1286.31
 154  1351
 155  1157.92
 156   934.215
 157   964.771
 158   518.625
 159   194.455
 160  1425.87
 161  1421.87
 162  1238.22
 163  1196.68
 164  1224.43
 165   950.719
 166   578.385
 167   194.261
 168  1246.6
 169  1345.85
 170  1209.69
 171  1071.08
 172   876.166
 173   663.322
 174   436.461
 175   201.42
 176   731.214
 177   864.953
 178   739.177
 179   640.185
 180   825.465
 181   493.105
 182   236.749
 183   142.123
 184   129.602
 185   173.104
 186   151.121
 187    58.338
 188    45.2224
 189    36.8898
 190    27.2056
 191     7.73813
 192   118.203
 193   102.702
 194    85.1762
 195    58.4875
 196    42.2774
 197    17.6219
 198     6.39236
 199    10.1328
 200   799.001
 201   806.714
 202   667.802
 203   519.608
 204   375.321
 205   277.443
 206   178.99
 207    78.2931
 208  1531.99
 209  1513.77
 210  1395.24
 211  1226.21
 212   831.24
 213   628.174
 214   361.862
 215   117.765
 216  1509.53
 217  1344.09
 218  1372.6
 219  1154.39
 220   911.779
 221   736.759
 222   451.306
 223   221.234
 224  1632.45
 225  1683.98
 226  1360.65
 227  1238.99
 228   953.652
 229   797.576
 230   485.066
 231   246.442
 232  1600.67
 233  1412.92
 234  1332.37
 235  1032.2
 236   881.379
 237   802.236
 238   362.301
 239   157.797
 240  1039.54
 241  1106.28
 242  1063.59
 243   795.266
 244   548.875
 245   431.687
 246   281.622
 247   115.93
 248   113.27
 249   156.315
 250   221.419
 251   116.852
 252    88.0158
 253    33.6883
 254     4.07722
 255     0.01616
 256   197.701
 257   112.121
 258   151.411
 259    81.3129
 260    52.3152
 261    26.6121
 262     3.65732
 263    10.4253
 264  1053.45
 265  1108.17
 266  1074.68
 267   790.044
 268   600.503
 269   425.308
 270   344.478
 271   153.788
 272  1556.66
 273  1709.27
 274  1522.13
 275  1266.2
 276   984.915
 277   754.31
 278   505.541
 279   235.594
 280  1310.82
 281  1325.19
 282  1349.17
 283  1138.89
 284  1123.85
 285   661.818
 286   363.31
 287   128.55
 288  1662.85
 289  1564.24
 290  1519.57
 291  1201.56
 292  1113
 293   756.533
 294   391.873
 295   151.694
 296  1694.22
 297  1577.41
 298  1334.62
 299  1190.46
 300   941.391
 301   632.457
 302   366.537
 303   139.055
 304   772.733
 305   966.556
 306   768.377
 307   519.275
 308   470.258
 309   333.434
 310   196.987
 311    78.0972
 312   123.089
 313    80.2052
 314   153.485
 315    79.5653
 316    41.6511
 317    16.7869
 318     2.61462
 319     0
 320   133.195
 321   179.924
 322   127.307
 323   209.71
 324    59.3919
 325    53.728
 326    62.2238
 327    10.455
 328   857.76
 329   853.019
 330   798.757
 331   706.336
 332   599.451
 333   456.503
 334   295.965
 335   126.291
 336  1478.97
 337  1235.31
 338  1183.76
 339  1125.26
 340  1114.98
 341   725.838
 342   419.76
 343   140.906
 344  1612.42
 345  1424.29
 346  1338.43
 347  1201.06
 348  1036.5
 349   686.002
 350   402.706
 351   127.316
 352  1772.94
 353  1922.32
 354  1609.01
 355  1126.57
 356   818.442
 357   796.254
 358   483.151
 359   222.456
 360  1350.53
 361  1660.14
 362  1549.93
 363  1501.81
 364  1023.12
 365   702.642
 366   443.499
 367   128.597
 368   535.768
 369   535.099
 370   466.071
 371   414.108
 372   282.419
 373   235.289
 374    94.5449
 375    28.2745
 376    72.6542
 377    57.6057
 378    43.8393
 379    37.2827
 380    29.9762
 381    75.2189
 382     3.63917
 383     2.85564
 384    39.8149
 385    45.8512
 386    17.2413
 387    24.9824
 388    59.0164
 389    16.4848
 390     0.8634
 391     0.20148
 392   139.177
 393    98.3694
 394    95.3854
 395    47.5274
 396   119.848
 397    37.8846
 398    14.1463
 399     0.82892
 400   370.462
 401   335.688
 402   411.66
 403   145.244
 404   121.548
 405    64.913
 406     2.6645
 407    31.3747
 408   596.444
 409   476.656
 410   469.238
 411   363.573
 412   350.381
 413   209.239
 414    78.8053
 415    24.8858
 416   798.618
 417   858.444
 418   618.213
 419   629.973
 420   493.389
 421   363.259
 422   245.908
 423    74.2478
 424   854.488
 425   906.065
 426   827.556
 427   845.522
 428   612.895
 429   400.307
 430   231.297
 431    98.8067
 432   173.693
 433   167.941
 434   188
 435    53.8759
 436    79.7317
 437    39.1939
 438    10.0455
 439     4.10558
 440    41.7522
 441    68.4487
 442     4.97508
 443     5.6713
 444     7.67876
 445     3.19888
 446     1.11176
 447     1.94674
 448     0
 449     1.90959
 450     0.54907
 451     0.9164
 452     0.90297
 453     1.28743
 454     1.64401
 455     0.21581
 456    21.1536
 457     1.20466
 458     6.81091
 459     9.08442
 460    19.1204
 461     1.46019
 462     0
 463     0
 464    11.1765
 465    23.3773
 466    24.8689
 467     0.29527
 468     4.63207
 469     5.33442
 470     6.57369
 471     0.82998
 472    48.2897
 473    69.0394
 474   152.221
 475    82.2079
 476     6.42827
 477    17.4913
 478     2.80316
 479     0.41975
 480   123.306
 481   156.972
 482   135.546
 483    69.2642
 484    39.5628
 485    13.0096
 486     5.33514
 487     0.12711
 488   151.523
 489   232.574
 490   123.587
 491    51.8086
 492    80.9184
 493    21.088
 494    26.1925
 495    10.2285
 496    18.1748
 497    53.5223
 498    14.2758
 499     6.88946
 500    16.7219
 501     6.81697
 502     0
 503     0.83507
 504     0.79793
 505     0
 506     0.84693
 507     1.69859
 508     1.46037
 509     0
 510     2.14466
 511     0
