This file was gnenerated on 2021-06-23 11:08:31.919646 by Grant Finneman. This contains the extracted data from the Gate simulations
The edep for each bar was summed up and printed to this file. The only math operation done has been addition.

  id        edep
   0    14.6139
   1    24.8221
   2     0
   3     0
   4     0
   5     1.02447
   6     0.2897
   7     0
   8    14.3343
   9    21.0578
  10     0.65904
  11     7.87418
  12     5.56757
  13     0.82306
  14     0
  15     0.87009
  16    55.9609
  17    66.4139
  18     0
  19     4.17788
  20    11.796
  21     0.3317
  22     0.43819
  23     0
  24    45.8292
  25    41.5318
  26    13.0644
  27    10.2766
  28    29.2414
  29     7.80602
  30     1.2642
  31     0.77804
  32    24.6439
  33    42.3688
  34    20.2465
  35     1.75383
  36    28.2835
  37     4.09227
  38     3.81111
  39     4.12378
  40    49.7386
  41    37.5988
  42    13.087
  43    33.8524
  44     2.13318
  45     0.27928
  46     0.47266
  47     9.89562
  48     6.20651
  49     6.04864
  50     7.2039
  51     1.15322
  52     0.9987
  53     0.32139
  54     0.2576
  55     0
  56     0
  57     0.44059
  58     0
  59     0.62925
  60     0.53629
  61     1.28868
  62     0
  63     0.68174
  64     2.76154
  65     2.0721
  66     3.37462
  67     0.63947
  68     0.63408
  69     0
  70     0.19076
  71     0
  72    40.607
  73    89.313
  74    66.7171
  75    25.2302
  76     8.40592
  77    10.4486
  78    12.6168
  79     0.48805
  80    88.9723
  81   116.822
  82    92.8566
  83    83.4366
  84    18.1191
  85    45.263
  86    43.3833
  87    20.5946
  88   300.115
  89   244.534
  90   173.093
  91   150.046
  92    67.5956
  93    30.9244
  94    36.2231
  95    27.0916
  96   247.247
  97   338.708
  98   368.398
  99   187.074
 100   166.867
 101    61.9503
 102    44.231
 103    19.7101
 104    94.6941
 105   148.123
 106   147.89
 107   109.354
 108   115.048
 109    40.7234
 110    13.1576
 111     4.25999
 112    90.8369
 113    73.0754
 114    20.3356
 115     1.00655
 116     8.1623
 117     7.82339
 118     1.14501
 119     0.91829
 120    29.2673
 121     1.002
 122     5.6987
 123    24.3627
 124     2.5309
 125     1.00642
 126     0.54632
 127     2.06804
 128     1.23872
 129    37.714
 130    31.1066
 131    15.306
 132    12.0543
 133     1.1354
 134     5.37223
 135     0.63266
 136   317.48
 137   246.382
 138   154.88
 139   180.452
 140    42.4973
 141    52.6412
 142    15.9428
 143     3.4985
 144  1505.01
 145  1197.02
 146  1067.26
 147   922.255
 148   617.315
 149   656.486
 150   431.182
 151   144.28
 152  1950.61
 153  2024.36
 154  1638.43
 155  1472.22
 156  1078.07
 157   898.989
 158   586.295
 159   243.922
 160  2039.93
 161  1991.96
 162  1757.84
 163  1513.1
 164  1109.19
 165   760.515
 166   545.351
 167   149.508
 168  1013.5
 169  1281.99
 170  1223.79
 171  1160.24
 172   933.363
 173   625.185
 174   324.352
 175   119.623
 176   279.017
 177   268.818
 178   280.1
 179   208.534
 180    99.3111
 181    61.9469
 182    16.9672
 183     7.01542
 184    18.2188
 185    25.2427
 186     4.22042
 187    24.2269
 188    12.3814
 189     9.79049
 190     1.07482
 191     1.28414
 192    47.0114
 193    73.609
 194    16.3553
 195    12.843
 196     2.14655
 197     0.95953
 198     5.82941
 199     1.19032
 200   425.275
 201   413.471
 202   207.943
 203   208.477
 204   174.143
 205    84.3612
 206    35.0823
 207     4.84722
 208  2379.96
 209  2379.56
 210  2033.97
 211  1626.27
 212  1621.03
 213  1231.42
 214   678.994
 215   243.6
 216  3440.51
 217  3713.71
 218  3275.77
 219  2429.97
 220  2027.91
 221  1491.56
 222  1035.35
 223   378.949
 224  3440.04
 225  3345.04
 226  3113.24
 227  2751.53
 228  2151.52
 229  1587.79
 230   986.443
 231   360.282
 232  2279.66
 233  2385.98
 234  2166.96
 235  1888.15
 236  1507.53
 237  1153.58
 238   685.786
 239   277.803
 240   485.654
 241   340.514
 242   313.424
 243   219.804
 244   198.89
 245    84.1157
 246    23.16
 247    16.4031
 248    29.1036
 249    45.1705
 250    32.1524
 251    58.151
 252    11.5722
 253    25.7224
 254     5.85855
 255     5.84189
 256    69.4191
 257    53.7314
 258    26.1508
 259    19.2807
 260    16.496
 261     0.53454
 262     0.43823
 263     8.82891
 264   385.164
 265   312.069
 266   246.19
 267   214.382
 268   177.185
 269    95.4759
 270    20.7063
 271     9.08978
 272  2449.37
 273  2421.41
 274  1911.02
 275  1646.52
 276  1566.8
 277  1167.94
 278   759.491
 279   213.856
 280  3240.42
 281  3316.09
 282  2920.45
 283  2233.31
 284  1981.79
 285  1440.09
 286   843.27
 287   354.225
 288  2873.39
 289  3005.19
 290  2673.55
 291  2508.73
 292  2083.59
 293  1499.43
 294   907.932
 295   457.845
 296  2374.94
 297  2193.37
 298  1948.97
 299  1679.92
 300  1468.24
 301  1142.61
 302   632.663
 303   269.095
 304   386.686
 305   415.719
 306   244.225
 307   129.979
 308   159.94
 309    51.1399
 310    14.2976
 311    23.6126
 312     2.64714
 313     0.38682
 314    16.2259
 315    22.4287
 316    11.7476
 317     0
 318     0.44908
 319     0
 320    68.3161
 321    26.2722
 322    20.5571
 323     1.45958
 324    17.1768
 325    10.1918
 326     0.4274
 327     0.53425
 328   386.374
 329   229.16
 330   114.606
 331   154.221
 332    85.5017
 333    25.1711
 334    24.909
 335    21.6844
 336  1281.71
 337  1190.04
 338  1011.05
 339  1207.18
 340  1031.85
 341   557.52
 342   360.706
 343   145.401
 344  1710.04
 345  1878.03
 346  1730.53
 347  1469.74
 348  1292.56
 349   838.297
 350   461.868
 351   167.162
 352  1900.61
 353  1779.24
 354  1435.12
 355  1485.46
 356  1166.52
 357   611.329
 358   420.517
 359   257.833
 360  1273.62
 361  1237.99
 362  1156.27
 363   934.369
 364   717.065
 365   598.661
 366   408.617
 367   143.302
 368   212.032
 369   174.991
 370   188.925
 371   142.907
 372   145.555
 373    40.4454
 374    27.8217
 375    17.4223
 376     0.64754
 377     3.95329
 378    30.8338
 379    23.3227
 380     0.23849
 381     1.22196
 382     0.75071
 383     1.01379
 384     1.29683
 385     0
 386    24.5205
 387    31.3583
 388     0
 389     0.55379
 390     0.06511
 391     0
 392    53.0952
 393    54.8207
 394     6.64527
 395    28.9514
 396    31.7854
 397    19.604
 398    18.1023
 399     0.51277
 400   198.598
 401   143.465
 402    77.0029
 403   130.932
 404   100.225
 405    25.0247
 406     5.27376
 407     0.95389
 408   268.111
 409   278.753
 410   243.371
 411   252.164
 412   101.28
 413    16.1573
 414    15.3298
 415     0
 416   211.077
 417   281.709
 418   303.967
 419   113.825
 420   140.962
 421   106.403
 422    21.8412
 423     4.26361
 424    83.2756
 425    84.349
 426    89.5141
 427   136.251
 428    83.0362
 429    40.1911
 430    16.2289
 431    17.7357
 432    62.654
 433    76.4423
 434    43.0408
 435    13.2527
 436    10.9526
 437     1.15822
 438     1.25419
 439     0.3444
 440     9.91461
 441    27.5668
 442     3.88818
 443     0
 444     0.13601
 445     0.82754
 446     0.02938
 447     0
 448     0.01442
 449     1.12145
 450     0
 451     0
 452     0.36305
 453     0
 454     1.39976
 455     0.0044
 456     8.77341
 457     0
 458     1.88492
 459     0
 460     0.86393
 461     0
 462     0.96713
 463     0
 464   111.085
 465    32.7161
 466    42.5355
 467    41.8525
 468     0.75686
 469     0.65666
 470     0
 471     0.82159
 472    48.2085
 473    30.3446
 474    25.3999
 475     7.55221
 476    13.7839
 477     0.29245
 478     5.31225
 479     1.28274
 480     4.24276
 481     2.22928
 482    29.8212
 483    11.3042
 484     7.5802
 485    14.8442
 486     6.24298
 487     0
 488     1.75674
 489    46.6993
 490    46.457
 491     5.94264
 492     8.40924
 493     2.80308
 494     4.51515
 495    36.6821
 496     0.76748
 497    18.7329
 498    10.9319
 499     0.36621
 500     0.11283
 501     1.59248
 502     0
 503     0.58042
 504     1.67459
 505     0
 506     0.96214
 507     1.77906
 508     0
 509     0
 510     0
 511     0
