This file was gnenerated on 2021-06-23 10:48:57.019083 by Grant Finneman. This contains the extracted data from the Gate simulations
The edep for each bar was summed up and printed to this file. The only math operation done has been addition.

  id        edep
   0     0.43571
   1     0.62756
   2     0
   3    13.3286
   4     0.31795
   5     0.04147
   6     2.23621
   7     0.76646
   8     0.04657
   9     0.82154
  10     0.62966
  11     3.80825
  12     3.33255
  13     0.97839
  14     0.8018
  15     0
  16     1.25701
  17     2.09764
  18     0.62966
  19     0
  20     0.57536
  21     0
  22     0
  23     0.66559
  24     1.10434
  25     2.21735
  26     0.87832
  27     1.10044
  28     0.22471
  29     0.90484
  30     0
  31     0
  32     0.61868
  33     1.29002
  34     0.77936
  35    27.9955
  36     0.21642
  37     3.55399
  38     0.05393
  39     0.95622
  40     0.50634
  41     0.24127
  42     3.668
  43     1.03237
  44     2.19914
  45     1.20442
  46    10.4781
  47    16.0254
  48     0
  49     0
  50     0.14985
  51     1.54338
  52     2.37036
  53     0.05091
  54     0
  55     1.79841
  56     0.78473
  57     8.39405
  58     0.26823
  59     0.08408
  60     0.94831
  61     1.03857
  62     0.27906
  63     0.57933
  64     6.31952
  65     4.06049
  66     3.04016
  67     0.77479
  68    13.8
  69     0.17728
  70     0.44268
  71     0.64802
  72    30.8376
  73     8.66345
  74    25.6781
  75    38.5321
  76    15.8673
  77     5.7659
  78     6.26507
  79     5.69573
  80    36.1882
  81    88.5594
  82    54.2694
  83    34.3761
  84    29.4871
  85     9.48977
  86     0.81982
  87     4.07649
  88    57.0278
  89   120.133
  90    64.0404
  91    43.6723
  92    26.9537
  93     2.0178
  94     1.50666
  95     1.89354
  96   115.783
  97    87.8597
  98    15.9955
  99    20.204
 100     2.12879
 101    13.2384
 102    18.848
 103    26.0765
 104    62.0616
 105    94.7296
 106    52.6963
 107    37.7135
 108    31.019
 109    16.8012
 110    14.7281
 111     7.51165
 112    29.5573
 113    65.2422
 114    29.861
 115     1.92969
 116     2.15619
 117     7.01431
 118     0.79132
 119     0.15693
 120    45.8922
 121    25.2696
 122    15.7325
 123     0.10719
 124     0.98347
 125     0.53742
 126     0.78684
 127     0
 128    32.5063
 129    47.7454
 130    22.6683
 131    41.1613
 132    32.4277
 133     7.71782
 134     2.31309
 135     0
 136   193.187
 137   249.177
 138   168.516
 139   113.53
 140    61.9693
 141     6.03842
 142    18.0942
 143    22.36
 144   337.337
 145   453.267
 146   318.316
 147   321.401
 148   167.048
 149    93.806
 150    88.3848
 151     0.74388
 152   562.095
 153   608.567
 154   448.564
 155   422.177
 156   270.633
 157   140.212
 158    75.1569
 159    11.4546
 160   497.826
 161   571.746
 162   312.773
 163   317
 164   224.804
 165   122.035
 166    88.2828
 167    20.82
 168   573.347
 169   488.039
 170   428.934
 171   282.579
 172   248.717
 173    57.3943
 174    45.8427
 175    31.3744
 176   282.292
 177   274.798
 178   299.265
 179   165.139
 180    54.302
 181    58.6402
 182    29.0816
 183     0.28124
 184    41.6707
 185    73.7201
 186    82.598
 187    38.445
 188    17.5296
 189     0.41543
 190     2.21524
 191     1.77129
 192   133.87
 193   177.332
 194   106.99
 195   111.593
 196    79.1718
 197    58.1188
 198     5.16775
 199     0.75058
 200  1217.86
 201  1191.07
 202  1152.11
 203   774.585
 204   606.633
 205   529.835
 206   430.573
 207   205.068
 208  2980.64
 209  3360.89
 210  2825.06
 211  2542.36
 212  2082.34
 213  1627.59
 214  1077.51
 215   458.325
 216  3439.68
 217  3589.6
 218  3333.75
 219  2792.07
 220  2265.69
 221  1745.54
 222   971.52
 223   314.662
 224  3318.7
 225  3292.21
 226  3182.41
 227  2923.1
 228  2443.68
 229  1913.69
 230  1101.68
 231   460.517
 232  3067.56
 233  2923.49
 234  2776.95
 235  2621.8
 236  2029.58
 237  1660.31
 238  1102.51
 239   434.825
 240  1064.09
 241  1036.62
 242  1024.46
 243   895.107
 244   668.703
 245   538.757
 246   408.632
 247   261.422
 248   134.431
 249    66.5714
 250   127.128
 251   111.169
 252   133.293
 253    83.1002
 254    10.3546
 255     4.38186
 256   276.153
 257   262.502
 258   118.865
 259    68.2262
 260    43.4427
 261     3.62886
 262     0.80787
 263     4.66362
 264  1103.26
 265  1333.99
 266  1109.61
 267   997.913
 268   850.575
 269   555.591
 270   335.133
 271    72.2326
 272  3209.36
 273  3205.53
 274  2875.92
 275  2637.06
 276  2144.16
 277  1666.69
 278  1149.63
 279   528.773
 280  3589.07
 281  3678.44
 282  3212.99
 283  2980.86
 284  2288.23
 285  1695.01
 286  1008.23
 287   428.733
 288  3518
 289  3449.24
 290  2951.73
 291  3015.66
 292  2333.04
 293  1809.69
 294  1218.92
 295   506.103
 296  3394.64
 297  3162.02
 298  2909.81
 299  2994.98
 300  2184.16
 301  1806.58
 302  1034.53
 303   519.595
 304  1079.56
 305  1059.05
 306   982.65
 307   846.442
 308   678.877
 309   604.801
 310   353.208
 311   181.151
 312   112.981
 313   126.637
 314    93.8649
 315    67.2099
 316    37.0064
 317    30.779
 318     1.19614
 319     0
 320    81.4895
 321    15.9056
 322    39.8638
 323    18.8898
 324     1.77524
 325     0
 326     1.13226
 327     0.41765
 328   192.717
 329   204.089
 330   162.66
 331   109.229
 332    78.8124
 333    57.8362
 334     1.9229
 335     2.92499
 336   449.799
 337   282.013
 338   395.471
 339   249.04
 340   167.13
 341    75.926
 342    26.0632
 343     4.19179
 344   711.98
 345   656.404
 346   382.158
 347   261.851
 348   269.588
 349   158.472
 350    29.8441
 351    12.9145
 352   716.43
 353   568.971
 354   440.467
 355   294.332
 356   130.708
 357    94.249
 358    67.4625
 359    25.5112
 360   558.834
 361   517.864
 362   259.625
 363   341.955
 364   111.639
 365    76.144
 366    30.3533
 367    11.4389
 368   237.893
 369   218.552
 370   158.28
 371    68.6558
 372    49.1286
 373    44.7262
 374    17.4717
 375     0.39823
 376    64.5451
 377    15.4886
 378     7.76425
 379     4.63975
 380    11.1943
 381     1.70466
 382     0.05896
 383     0.46994
 384    32.8732
 385     7.85312
 386     8.0454
 387     1.16127
 388     0.75059
 389     0.3687
 390     0
 391     0
 392    49.2589
 393    35.4576
 394    28.8129
 395    19.1714
 396     0.99214
 397     1.17813
 398     5.40036
 399     4.57039
 400    54.0071
 401    71.2247
 402    63.7881
 403    57.859
 404    15.9648
 405     0.02813
 406     0.73227
 407     0.92772
 408    85.1042
 409    92.9388
 410    43.9997
 411     8.96833
 412    26.5365
 413     8.55952
 414    22.2849
 415     1.43196
 416    78.5603
 417    69.6676
 418    50.4533
 419    52.156
 420    66.9191
 421     1.92802
 422    13.393
 423     3.39763
 424    78.7832
 425    86.4156
 426    74.414
 427    52.3018
 428    22.2633
 429     2.70456
 430     0.16848
 431     9.25864
 432    47.2332
 433    47.4481
 434    30.2117
 435     0
 436     0.00694
 437     0.68895
 438     0.65326
 439     1.05262
 440     1.6218
 441     1.69748
 442     0
 443     0.63595
 444     1.55766
 445     0
 446     0.44413
 447     0.25919
 448     1.91707
 449     0
 450     0
 451     0.01992
 452     0
 453     0
 454     5.89476
 455     0.71126
 456     2.04306
 457     0.83357
 458     0.63022
 459    17.0037
 460     0.61355
 461     1.47427
 462    13.205
 463     0.58888
 464     0.25725
 465     0
 466     2.01197
 467     0.94922
 468     0.8672
 469     0
 470     4.23683
 471     5.92725
 472     7.72487
 473    43.4001
 474     7.94931
 475     0.76764
 476     2.20814
 477     0
 478     0
 479     1.1874
 480    28.9725
 481     0.62756
 482     1.04775
 483     0
 484     1.33749
 485    10.6935
 486     0.98128
 487     0
 488     1.01384
 489     0.95011
 490     9.91174
 491     0.59382
 492     3.33463
 493     1.35228
 494     0.4532
 495     0.3622
 496    41.0127
 497     3.86365
 498     5.60351
 499     0.988
 500     0.58972
 501     2.00866
 502     0.52021
 503     0
 504     0.69591
 505     0
 506     0.57
 507     0
 508     0.43571
 509     0
 510     0
 511     0.9378
