This file was gnenerated on 2021-06-23 10:46:09.098235 by Grant Finneman. This contains the extracted data from the Gate simulations
The edep for each bar was summed up and printed to this file. The only math operation done has been addition.

  id        edep
   0     0.37091
   1    15.4505
   2     1.76685
   3     1.48511
   4     0.39786
   5     1.14055
   6     0
   7     0
   8     0.57052
   9     0
  10     0
  11     1.44699
  12     0.07868
  13     0
  14     0.86717
  15     0
  16    20.1746
  17    18.9667
  18    20.0211
  19    15.9597
  20     0.62612
  21     7.9512
  22     5.2322
  23     4.70898
  24    13.4799
  25     1.18369
  26    14.9859
  27     4.39671
  28     3.12135
  29     0.54686
  30     0
  31     0
  32     0.38383
  33     0.75009
  34     4.89449
  35     1.20171
  36     2.289
  37     8.53615
  38     5.3195
  39     4.22179
  40     1.6541
  41     0.66453
  42     0
  43     0.70987
  44    28.3988
  45     5.121
  46    10.7722
  47     0.09181
  48     2.98315
  49     0
  50     2.21598
  51     0
  52     0.33261
  53     0
  54     1.84283
  55     0.87723
  56     1.53596
  57     0.50726
  58     0
  59     1.98574
  60     0
  61     0
  62     0.34252
  63     0
  64     1.40415
  65    45.3526
  66    17.6759
  67     0
  68    10.1372
  69     2.98013
  70     0.14242
  71     1.11734
  72    14.0148
  73     0.20941
  74     8.13461
  75     1.63816
  76     5.84838
  77     4.82543
  78     5.36622
  79     2.90886
  80    26.77
  81    43.4015
  82    39.1601
  83    14.8082
  84     6.40184
  85     1.90986
  86    20.2093
  87     1.62034
  88    60.9739
  89    95.5261
  90    94.7624
  91    81.105
  92    37.9092
  93    27.551
  94     3.26151
  95     0.23886
  96    77.9488
  97    76.9215
  98    98.6327
  99    13.7678
 100     3.61491
 101    16.6549
 102    15.2547
 103     8.28149
 104    24.297
 105    36.7847
 106    85.4279
 107    55.1149
 108    25.4868
 109    14.9046
 110    13.7745
 111    21.6427
 112    33.6772
 113    38.0576
 114     1.38843
 115    18.7806
 116    17.1016
 117     8.49254
 118     0
 119     0
 120     0
 121     0.46693
 122     0
 123     0
 124     0
 125     0.81875
 126     0
 127     0.85395
 128     7.87696
 129     1.21184
 130     8.92359
 131     2.07993
 132     8.19305
 133     3.48764
 134     1.90056
 135     0.51507
 136    76.6543
 137    16.4149
 138    61.324
 139    22.1082
 140     3.49931
 141     0.58435
 142     3.34436
 143     8.08738
 144   368.062
 145   313.419
 146   208.6
 147   117.888
 148    72.2732
 149    45.0688
 150    24.6291
 151     0.894
 152   961.349
 153   964.541
 154   667.713
 155   508.471
 156   360.291
 157   177.009
 158    34.7092
 159    35.964
 160   946.134
 161   863.141
 162   715.57
 163   520.759
 164   496.16
 165   236.553
 166    69.4424
 167    10.2515
 168   388.115
 169   386.171
 170   269.447
 171   244.831
 172   210.981
 173    38.1044
 174    39.2685
 175     2.52636
 176    25.9463
 177    61.3358
 178    45.9642
 179    31.3615
 180    33.2844
 181    19.6412
 182     1.73845
 183     0.10406
 184    24.0409
 185     1.26711
 186     8.12339
 187     0.08913
 188     6.18525
 189     0.87057
 190     2.43163
 191     0.97138
 192     6.95225
 193     5.15053
 194     5.91776
 195    30.2342
 196     1.80074
 197     0.86727
 198     7.4546
 199    36.1406
 200    79.5334
 201   139.255
 202    97.8856
 203    86.0903
 204    80.2182
 205    19.7855
 206    18.9561
 207    14.5092
 208  1223.19
 209  1257.14
 210   957.291
 211   593.421
 212   594.579
 213   398.25
 214    77.9206
 215    41.5389
 216  7421.16
 217  7338.98
 218  7028.76
 219  6433.78
 220  5045.09
 221  3858.05
 222  2234.13
 223   920.573
 224  6993.94
 225  6904.16
 226  6381.63
 227  5806.97
 228  5198.99
 229  3704.69
 230  2222.87
 231   777.022
 232  1004.96
 233  1212.39
 234   891.228
 235   973.983
 236   619.979
 237   291.91
 238   100.827
 239    76.7039
 240   203.443
 241   161.689
 242    96.0553
 243    30.3966
 244    23.1546
 245    18.8853
 246     2.9963
 247     1.86854
 248    45.4066
 249    21.9539
 250     4.32322
 251     0.25255
 252     0.69217
 253     0
 254     1.18526
 255     1.14432
 256     2.5475
 257     3.78089
 258     1.07245
 259     1.49994
 260     3.59474
 261     2.44934
 262     0.30047
 263     0.24461
 264   106.631
 265   141.609
 266    57.0694
 267    45.5727
 268    22.6608
 269    35.8395
 270    11.0943
 271     2.29429
 272  1162.61
 273  1213.95
 274  1023.5
 275   852.835
 276   444.062
 277   339.037
 278    84.6841
 279    38.3322
 280  7005.32
 281  7477.52
 282  6856.58
 283  6258.91
 284  4844.75
 285  3528.24
 286  2094.95
 287   887.039
 288  6989.62
 289  7346.16
 290  6893.87
 291  6219.91
 292  5438.17
 293  3940.11
 294  2482.06
 295  1037.71
 296  1146.19
 297  1328.69
 298   798.234
 299   649.143
 300   511.775
 301   222.137
 302   181.362
 303    12.603
 304   184.221
 305   190.161
 306   113.388
 307    85.3725
 308    72.0508
 309    44.6841
 310     1.33792
 311     0.77478
 312     0
 313     1.029
 314    24.547
 315    23.9307
 316     8.37803
 317     0.28801
 318     1.54143
 319     3.71988
 320    16.4718
 321     0
 322     0.91474
 323     2.16169
 324     0.43328
 325     0.44242
 326     0.74162
 327     0.90455
 328    87.1329
 329     6.79464
 330    25.8129
 331    45.7575
 332     7.63926
 333     0.75046
 334     3.15193
 335     1.87083
 336   305.311
 337   325.94
 338   264.695
 339   228.636
 340    62.9479
 341    34.3465
 342    14.451
 343     0.67268
 344  1059.47
 345   932.884
 346   655.539
 347   587.694
 348   297.74
 349   208.33
 350    52.1361
 351    20.0167
 352   864.222
 353   881.277
 354   740.993
 355   513.649
 356   317.639
 357   196.605
 358   148.54
 359    68.1738
 360   396.743
 361   380.97
 362   215.887
 363   137.244
 364    89.1915
 365   101.025
 366    15.1649
 367    10.9702
 368   131.192
 369    83.6483
 370    49.6866
 371    22.0138
 372     1.64645
 373    27.4695
 374     0.62828
 375     1.3263
 376    22.1027
 377    12.1863
 378     2.9868
 379    11.0402
 380     0.71454
 381     0.2878
 382     1.26243
 383     0.18701
 384     1.1488
 385     0.14605
 386     1.89807
 387     7.5159
 388     0.73573
 389     1.1594
 390     0.98784
 391     0.74001
 392     8.28304
 393    12.2498
 394    41.3403
 395     0.76542
 396     0
 397     2.52714
 398     1.02957
 399     0.15924
 400    41.5948
 401    53.1322
 402    31.2312
 403    20.1492
 404     1.71998
 405    10.2004
 406     2.23121
 407     0.09436
 408    68.9185
 409   110.737
 410    73.5
 411    23.498
 412    44.3465
 413    24.4
 414    13.6001
 415     1.91452
 416   156.289
 417   120.062
 418    67.4594
 419    44.8985
 420    14.9407
 421     3.46112
 422     7.93091
 423     1.63722
 424    61.9713
 425    25.2938
 426    26.1675
 427     8.58992
 428    14.1862
 429    12.5682
 430    11.9816
 431    10.5606
 432     2.40537
 433     0
 434     1.77047
 435     0.62828
 436     0
 437     2.88145
 438     0.91139
 439     0.33044
 440    13.23
 441     4.23014
 442     1.72044
 443     1.28031
 444     0.98849
 445     0.81481
 446     1.65076
 447     0
 448     0.48177
 449     0.96449
 450     0
 451     0
 452     0
 453     0.68781
 454     0
 455     0
 456     0.69927
 457     1.13647
 458     1.53084
 459     0
 460     0.76542
 461     0.64624
 462     1.58364
 463     0.53864
 464     0.54538
 465    28.7305
 466     0.95401
 467     0.01871
 468     1.15483
 469     0
 470     0.01215
 471     0.65885
 472    14.0231
 473    10.5862
 474     0
 475     0.91877
 476     0.24689
 477     2.1889
 478     0
 479     0
 480    17.0879
 481     6.47
 482     3.54971
 483     1.76627
 484     1.45083
 485     2.61605
 486     0.09119
 487     0
 488     0.92943
 489     0.66638
 490     0.39779
 491     0.18851
 492     0.77913
 493    15.5517
 494     0
 495     0.88588
 496     0.74643
 497     0
 498     0
 499     0
 500     1.6958
 501     0
 502     0.77458
 503     0
 504     1.68736
 505     0
 506     0.04492
 507     0
 508     0
 509     0
 510     0.47517
 511     2.04558
