This file was gnenerated on 2021-06-23 11:20:18.038231 by Grant Finneman. This contains the extracted data from the Gate simulations
The edep for each bar was summed up and printed to this file. The only math operation done has been addition.

  id        edep
   0     0.68139
   1     0
   2    20.8622
   3    14.543
   4     0
   5     0
   6    14.3259
   7     3.05222
   8    63.7275
   9   112.515
  10    66.9351
  11     9.75211
  12    11.8461
  13     6.07606
  14     4.07838
  15     0.3652
  16    61.659
  17    18.1995
  18    16.7916
  19     3.36724
  20    33.1665
  21     3.97984
  22     0.9308
  23     0
  24   116.885
  25   208.291
  26    96.1477
  27    73.8334
  28    34.3597
  29    63.7441
  30    48.0097
  31     0.7793
  32   156.311
  33   217.927
  34   225.784
  35    65.7447
  36    28.164
  37     3.94035
  38    23.9826
  39     0
  40   129.889
  41   194.647
  42   131.62
  43    38.659
  44    34.3745
  45     5.53914
  46     2.72802
  47     0.9407
  48    26.5461
  49    41.114
  50    11.8131
  51     3.44725
  52    13.7371
  53     9.23309
  54    16.7201
  55    25.5976
  56     0
  57     7.05096
  58     0.78631
  59     0.85366
  60     0.37425
  61     0
  62     0
  63     1.31033
  64    67.4346
  65    27.2863
  66    31.4424
  67     0
  68    24.5258
  69    26.7738
  70     0
  71     0
  72   128.356
  73   235.967
  74   164.951
  75    99.1726
  76    98.643
  77   137.323
  78    38.4952
  79     5.51795
  80   670.545
  81   522.534
  82   385.757
  83   264.969
  84   283.651
  85   267.791
  86   123.381
  87    50.1854
  88   900.354
  89   850.562
  90   796.373
  91   709.83
  92   566.038
  93   469.209
  94   281.137
  95    50.4358
  96  1187.06
  97  1049.43
  98  1117.89
  99   907.176
 100   718.485
 101   414.77
 102   207.71
 103    75.6148
 104   654.859
 105   601.093
 106   571.597
 107   490.761
 108   290.796
 109   171.319
 110   155.089
 111    62.5772
 112    55.5073
 113    82.3996
 114   107.759
 115    64.1865
 116    21.0136
 117    15.3195
 118    13.178
 119     0.86358
 120     0.29099
 121     3.53722
 122     1.80795
 123    18.3975
 124     1.16722
 125     1.25018
 126     0.29245
 127     1.11693
 128    43.3067
 129    56.7414
 130    28.1748
 131    96.1231
 132    37.0927
 133    49.8911
 134     1.7595
 135     0
 136   662.425
 137   598.361
 138   582.029
 139   550.384
 140   504.421
 141   421.913
 142   221.41
 143    78.7726
 144  1747.34
 145  1667.2
 146  1335.35
 147  1224.56
 148   988.199
 149   911.99
 150   490.53
 151   154.525
 152  1804.14
 153  2017.5
 154  1683.29
 155  1197.87
 156  1084.56
 157   770.536
 158   580.924
 159   179.646
 160  2002.69
 161  1830.07
 162  1641.61
 163  1411.79
 164  1018.63
 165   687.782
 166   452.344
 167   150.776
 168  1093.35
 169  1003.41
 170  1010.74
 171   889.101
 172   792.272
 173   522.072
 174   235.373
 175   100.508
 176   195.883
 177   164.578
 178   227.432
 179    98.1686
 180    59.0588
 181     4.59198
 182     9.43061
 183     0.47697
 184    11.8422
 185     9.29678
 186     9.82982
 187     0.20598
 188     0.21652
 189     0.60369
 190     0.31643
 191     0.78216
 192   128.239
 193    88.5326
 194    35.2435
 195    18.8103
 196     1.36696
 197     0.37586
 198     0.98991
 199     0
 200   683.013
 201   676.268
 202   568.964
 203   427.659
 204   210.461
 205   128.744
 206    90.3066
 207    41.2267
 208  1765.69
 209  1779.63
 210  1488.91
 211  1358.46
 212  1095.65
 213   801.566
 214   490.184
 215   158.933
 216  1601.89
 217  1863.79
 218  1764.92
 219  1583.41
 220  1112.87
 221   685.98
 222   560.568
 223   281.34
 224  2169.14
 225  2033.2
 226  1763.23
 227  1503.81
 228  1301.56
 229   866.028
 230   414.798
 231   168.388
 232  1578.56
 233  1572.6
 234  1328.61
 235  1075.93
 236  1007.73
 237   690.73
 238   475.339
 239   240.572
 240   392.718
 241   322.456
 242   253.507
 243   196.175
 244   226.658
 245   110.125
 246    29.9657
 247    21.7905
 248    61.8748
 249    43.2191
 250    66.8508
 251     0.83194
 252    10.8416
 253     0.80265
 254     1.00039
 255     5.931
 256    19.5526
 257    54.8443
 258    16.0687
 259    38.1113
 260    17.1585
 261     0.9425
 262     0.29945
 263     0.16444
 264   322.944
 265   336.748
 266   167.026
 267   196.571
 268   104.98
 269   104.264
 270    51.949
 271     0.03044
 272  1509.52
 273  1451.22
 274  1337.81
 275  1193.41
 276  1039.79
 277   713.168
 278   501.054
 279   168.028
 280  1972.32
 281  2229.38
 282  1707
 283  1610.64
 284  1264.35
 285   972.021
 286   473.893
 287   246.565
 288  2129.62
 289  2202.75
 290  1804.23
 291  1574.14
 292  1267.01
 293   763.942
 294   526.624
 295   218.247
 296  1788.28
 297  1787.58
 298  1566.5
 299  1172.15
 300  1130.55
 301   845.088
 302   560.12
 303   196.31
 304   503.176
 305   479.859
 306   498.26
 307   444.798
 308   437.805
 309   233.452
 310   152.98
 311    43.0505
 312    35.0904
 313    48.5433
 314    66.1255
 315    41.2381
 316    49.1962
 317     0.51161
 318    47.5676
 319     1.58451
 320    19.1978
 321     9.42363
 322    11.6284
 323    27.9024
 324    11.0543
 325     0.05526
 326     0.78025
 327     0.27584
 328   311.071
 329   233.899
 330   162.182
 331    91.9589
 332    68.0738
 333    44.1872
 334     2.9497
 335     1.30922
 336  1211.43
 337  1219.57
 338  1009.77
 339   920.167
 340   888.419
 341   699.988
 342   392.035
 343   124.491
 344  1820.44
 345  1772.74
 346  1608.03
 347  1445.34
 348  1209.34
 349   943.728
 350   570.321
 351   220.582
 352  1581.28
 353  1554.58
 354  1401.75
 355  1399.27
 356  1166.97
 357   834.483
 358   473.372
 359   198.215
 360  1570.33
 361  1399.29
 362  1546.71
 363  1326.55
 364  1134.3
 365   864.006
 366   439.177
 367   142.551
 368   754.197
 369   663.418
 370   658.371
 371   543.253
 372   388.725
 373   208.668
 374   145.095
 375    70.1495
 376    62.2726
 377    58.1324
 378    40.6158
 379    28.1029
 380    29.4926
 381     0
 382     0
 383     0
 384     0.36708
 385     3.88705
 386    23.6398
 387     3.17948
 388    14.8419
 389     3.5328
 390     4.43912
 391     0.74651
 392   154.565
 393   105.037
 394   112.737
 395   104.036
 396    34.6952
 397    25.6642
 398     2.42417
 399    15.3831
 400   724.267
 401   780.983
 402   625.739
 403   552.987
 404   435.191
 405   251.266
 406   151.94
 407    71.7038
 408  1135.68
 409  1254.81
 410  1077.69
 411   847.79
 412   748.165
 413   526.82
 414   205.915
 415    99.7384
 416   862.839
 417   832.278
 418   682.845
 419   644.723
 420   712.816
 421   428.632
 422   191.356
 423   114.71
 424   526.018
 425   478.341
 426   436.191
 427   327.834
 428   386.073
 429   213.28
 430   112.112
 431    71.9748
 432   240.567
 433   188.652
 434   174.468
 435   127.289
 436    89.8975
 437    30.099
 438    14.9013
 439    21.1188
 440    30.4659
 441    44.4736
 442    18.942
 443    19.7216
 444     2.38493
 445     7.77976
 446     0.91146
 447     0.51316
 448     3.25644
 449     0.95403
 450     0
 451     8.60439
 452     6.77619
 453     5.33584
 454     0.42782
 455     0.7123
 456    32.3493
 457     6.78376
 458     6.1263
 459    47.7701
 460    56.2517
 461     7.27944
 462     9.52712
 463    18.649
 464    69.2128
 465   142.191
 466   134.303
 467    44.8741
 468    90.9862
 469    36.5365
 470     0.05073
 471     1.33331
 472   167.114
 473   245.792
 474   238.993
 475    97.3487
 476    65.9107
 477    36.0774
 478     5.34933
 479     7.96675
 480   145.549
 481   180.351
 482   105.312
 483    42.2783
 484    83.5578
 485     7.09038
 486     4.8325
 487    20.467
 488    58.6897
 489    48.0739
 490    37.6694
 491    88.928
 492    29.5185
 493    30.5237
 494     5.26425
 495     3.46706
 496    13.447
 497    54.6882
 498    30.7474
 499    10.5281
 500    19.1245
 501    39.2172
 502     0
 503     1.28009
 504     1.54431
 505     0
 506     0
 507     0.41966
 508     0
 509     9.37755
 510     0
 511     2.22539
