This file was gnenerated on 2021-06-23 11:05:13.195921 by Grant Finneman. This contains the extracted data from the Gate simulations
The edep for each bar was summed up and printed to this file. The only math operation done has been addition.

  id        edep
   0     0
   1     1.665
   2     0.06122
   3     0.77251
   4     0.9135
   5     0.59671
   6     0.72826
   7     0.90914
   8     1.48899
   9     0.99573
  10     1.1647
  11     2.54466
  12     6.13042
  13     0
  14     0
  15     0
  16    43.0661
  17    17.8531
  18     9.0343
  19     1.81038
  20     3.17878
  21     1.65478
  22     0.54883
  23     0.61164
  24    31.3265
  25    47.2238
  26    50.8451
  27    20.9426
  28    13.5998
  29     9.76942
  30     0.34034
  31     1.93414
  32    30.2018
  33     6.74326
  34     2.97567
  35    60.2536
  36    17.0109
  37     3.92804
  38    15.8337
  39    10.8338
  40    25.2365
  41    14.082
  42     1.07232
  43     0.86368
  44     0
  45    17.4618
  46     0.21956
  47     0
  48     1.40946
  49    12.1384
  50     0.78673
  51     0.93501
  52     1.75798
  53     0.60987
  54     0.23185
  55     1.18914
  56     1.81479
  57     0
  58     0
  59     0
  60     0
  61     0
  62     0.54336
  63     0
  64     0.68059
  65     1.1898
  66     2.0587
  67     6.57552
  68     0.37205
  69     1.17401
  70     0.83765
  71     0
  72    50.7568
  73    42.0767
  74    46.1509
  75    10.1329
  76    13.8939
  77     5.82451
  78     5.16648
  79     6.55828
  80   153.423
  81   112.888
  82    78.2533
  83    53.6543
  84    20.9062
  85    11.5345
  86     1.55172
  87     2.26847
  88   404.868
  89   225.294
  90   242.583
  91   255.723
  92   106.605
  93    92.1912
  94    33.8888
  95     6.3674
  96   336.93
  97   295.169
  98   224.143
  99   191.911
 100    81.082
 101    88.326
 102    28.7199
 103     9.33613
 104   121.41
 105    87.5335
 106    40.0766
 107    34.3864
 108    16.4796
 109    26.5051
 110     1.03059
 111     0
 112     0.339
 113     1.20827
 114     0.78337
 115     1.73899
 116    12.2514
 117     0.78194
 118     0
 119     0
 120     0.16565
 121     0
 122     0.2628
 123     0.48286
 124     0.47445
 125     0.99912
 126     1.14582
 127     0
 128     0.8224
 129     0.06866
 130     6.89058
 131     0.42446
 132     0.47688
 133     0
 134     0.48184
 135     0
 136   105.936
 137   101.019
 138    57.3735
 139    22.1615
 140    16.3038
 141    22.7346
 142    13.8947
 143     1.06961
 144   735.276
 145   585.836
 146   496.696
 147   359.937
 148   151.038
 149    73.5605
 150    47.8435
 151    11.0625
 152  4061.71
 153  4234.27
 154  3503.18
 155  2963.87
 156  2528.99
 157  1898.37
 158  1481.03
 159   597.548
 160  1482.77
 161  1661.08
 162  1319.95
 163  1059.14
 164   776.268
 165   528.622
 166   208.22
 167    26.0876
 168   245.983
 169   236.409
 170   135.887
 171   132.118
 172    77.0283
 173    76.7674
 174    33.3368
 175    12.6684
 176    36.0464
 177    36.1859
 178     8.78949
 179    19.5797
 180    23.8472
 181     7.16445
 182     0.98034
 183     0.76315
 184     0.46128
 185     1.32324
 186     0
 187     3.55089
 188     0
 189     0
 190     0.92842
 191     0
 192     1.74672
 193    10.2882
 194    19.3192
 195     3.1815
 196    18.9354
 197     8.64571
 198     0
 199     0
 200   117.863
 201   137.889
 202    82.0174
 203    64.2222
 204     8.04115
 205    22.938
 206    13.0593
 207     5.18027
 208   930.256
 209   855.883
 210   720.627
 211   487.611
 212   332.532
 213   110.899
 214    42.0894
 215     2.04444
 216  6306.13
 217  6814.74
 218  6272.72
 219  5497.66
 220  4639.26
 221  3332.54
 222  1867.99
 223   808.485
 224  3968.17
 225  4319.18
 226  3825.67
 227  3280.39
 228  2640.06
 229  1760.34
 230  1086.54
 231   277.486
 232   652.396
 233   607.537
 234   403.647
 235   293.079
 236   171.968
 237    60.5791
 238    19.74
 239    23.5008
 240   154.029
 241   142.412
 242    28.8628
 243    95.9283
 244    38.0034
 245     0.68114
 246     2.301
 247     2.46953
 248     0.89248
 249     0.34801
 250    25.5945
 251    13.3198
 252     0
 253     0.14664
 254     0.68289
 255     0.83481
 256     7.6933
 257    17.7863
 258    25.2621
 259     4.16663
 260     4.48619
 261     3.93812
 262     0
 263     0.04942
 264    42.7679
 265    96.9426
 266    44.1692
 267     8.68297
 268     3.74318
 269     2.35914
 270     0.171
 271    14.9631
 272   690.361
 273   513.309
 274   381.597
 275   411.704
 276   209.493
 277    63.2959
 278    62.9094
 279    24.1067
 280  4480.44
 281  4494.56
 282  3880.16
 283  3030.75
 284  2425.8
 285  1609.56
 286   865.378
 287   283.023
 288  6741.83
 289  6542.64
 290  6067.22
 291  5308.39
 292  4822.33
 293  3645.17
 294  2417.12
 295   879.389
 296   798.847
 297   735.308
 298   626.767
 299   411.816
 300   285.304
 301   138.709
 302    80.0805
 303    25.6062
 304    96.2066
 305   109.439
 306    42.2235
 307    34.806
 308     9.86974
 309    16.9093
 310    28.5773
 311    29.2053
 312     1.32554
 313     1.20775
 314    13.4839
 315    19.2945
 316     1.44943
 317     0.88331
 318     0.903
 319     0.96779
 320    17.5128
 321     1.21574
 322     4.66834
 323    11.6271
 324     1.72974
 325     6.18786
 326     0
 327     0.69534
 328    26.1787
 329    42.4635
 330    41.7458
 331    25.2328
 332     8.71218
 333    10.8865
 334     0
 335     0.33597
 336   221.323
 337   256.71
 338   103.117
 339   107.752
 340   108.006
 341    39.8711
 342     3.61385
 343     4.94394
 344  1525.27
 345  1803.91
 346  1296.79
 347  1079.67
 348   778.977
 349   366.276
 350   211.934
 351    66.7469
 352  3915.59
 353  3586.48
 354  3534.02
 355  3070.39
 356  2588.31
 357  1859.85
 358  1257.23
 359   478.705
 360   671.728
 361   610.196
 362   439.868
 363   267.976
 364   258.983
 365   127.245
 366    42.1528
 367    22.4343
 368   115.691
 369   101.283
 370    96.1888
 371    84.1616
 372    33.907
 373     7.15211
 374     7.05663
 375     0.32914
 376     2.4268
 377     0.8166
 378     3.06225
 379    35.1818
 380    16.2368
 381     0
 382     1.57702
 383     0.90867
 384    19.5896
 385     0
 386     0.12064
 387     1.51883
 388     0
 389     0.60872
 390     0
 391     0
 392    14.1157
 393     0.7125
 394     9.19118
 395    20.2026
 396     0.91165
 397     0
 398     0.15799
 399     0.96414
 400    50.1029
 401    40.8751
 402    19.0272
 403    17.2478
 404    25.0389
 405    25.0433
 406     5.26712
 407    12.6646
 408   309.119
 409   212.986
 410   133.059
 411    75.0298
 412    97.2898
 413    27.5089
 414    36.6515
 415     0.54767
 416   471.86
 417   538.835
 418   302.259
 419   161.723
 420   136.089
 421    91.7684
 422    20.6855
 423     3.16854
 424   241.754
 425   193.803
 426   157.281
 427   119.968
 428    48.1476
 429    57.889
 430    17.8976
 431     1.40786
 432     9.93629
 433    50.0669
 434     8.27164
 435    43.8861
 436    50.2771
 437    27.0924
 438     0.39871
 439     0
 440     1.32333
 441     2.4965
 442     0
 443    48.9528
 444     0
 445     0.24386
 446     3.50385
 447     0
 448     0
 449     0.8952
 450     0.62938
 451     0.31234
 452     0
 453     0
 454     0
 455     0.54726
 456     0.43674
 457     0
 458     1.17335
 459     0
 460     1.94189
 461     0
 462     0.78848
 463     0
 464     2.1278
 465    10.514
 466     4.00422
 467     0.51344
 468    12.0576
 469    11.2339
 470     7.46421
 471     5.94009
 472    25.1963
 473    50.7485
 474    15.8984
 475     2.31872
 476    12.5513
 477     1.88105
 478    20.2804
 479     1.01821
 480    52.7171
 481    51.419
 482    24.2076
 483     8.86739
 484    13.4334
 485     2.00684
 486     1.4355
 487     1.36859
 488    87.1901
 489    37.3236
 490     7.2276
 491     0
 492     0.6265
 493     0.1004
 494     0.10415
 495     0
 496     7.54623
 497    26.7253
 498    15.2328
 499     0
 500     0.64117
 501     0
 502     0.57812
 503     0.57498
 504     0
 505     1.74599
 506     0.32273
 507    38.2736
 508     0.49572
 509     0
 510     0
 511     0
