This file was gnenerated on 2021-06-23 11:18:30.863478 by Grant Finneman. This contains the extracted data from the Gate simulations
The edep for each bar was summed up and printed to this file. The only math operation done has been addition.

  id        edep
   0    17.0748
   1     7.05031
   2     0
   3     0
   4     0.19544
   5     0
   6     0.2255
   7     0
   8     7.6829
   9     3.76909
  10     0.62565
  11     0.42069
  12     0.98403
  13     4.43823
  14     0
  15     0.31867
  16    21.5989
  17     0.77651
  18    38.0094
  19     1.31356
  20    20.3958
  21    11.5909
  22     1.96689
  23     0
  24    11.5355
  25    83.6783
  26   104.935
  27    13.7649
  28    58.1852
  29    13.3837
  30     0.7764
  31     0.82764
  32    70.3238
  33    80.4484
  34    57.4665
  35     9.85306
  36    25.3243
  37     0.74154
  38     1.9054
  39     2.70897
  40    48.5991
  41    40.0532
  42    35.0349
  43     7.48869
  44    10.5286
  45     0
  46     0
  47     0.65832
  48     3.73759
  49     0.70637
  50    15.4379
  51    24.5123
  52     0.95039
  53     0.00772
  54     0
  55     0.96162
  56     0.85493
  57     0.90284
  58     0
  59     1.51883
  60     0.51133
  61     0
  62     0
  63     0
  64     1.56429
  65    13.7646
  66     0.82624
  67     0.93557
  68     0.87624
  69     0.09268
  70     0
  71     3.5369
  72     9.68187
  73    91.358
  74    40.6592
  75    18.4096
  76    29.9461
  77    17.9475
  78    38.2801
  79     1.41924
  80   186.547
  81   124.002
  82   174.486
  83   116.657
  84    22.2168
  85    63.9714
  86     0.77928
  87     0.21175
  88   412.696
  89   411.375
  90   273.367
  91   247.083
  92    86.0499
  93   112.915
  94    59.9863
  95     8.13562
  96   885.863
  97   882.907
  98   833.129
  99   633.77
 100   484.439
 101   346.972
 102   267.729
 103    64.3627
 104   292.145
 105   295.783
 106   276.895
 107   187.401
 108    97.4492
 109    92.0243
 110    11.8421
 111    11.477
 112    37.2495
 113    45.8495
 114    32.7095
 115    66.0293
 116    26.1617
 117     1.19373
 118     0
 119     0
 120     8.17063
 121    14.9581
 122     0.78987
 123    10.8681
 124    14.1037
 125     0.95968
 126     0
 127     0.45006
 128    52.5959
 129    37.0749
 130    95.9563
 131    37.5485
 132    16.546
 133     0
 134     0
 135     0.06189
 136   293.718
 137   248.578
 138   184.28
 139   125.703
 140    76.1479
 141    26.8472
 142    27.4553
 143     1.57288
 144   697.461
 145   783.391
 146   861.108
 147   678.744
 148   427.981
 149   330.904
 150   111.961
 151    30.8614
 152  1741.21
 153  1967.52
 154  1614.32
 155  1463.58
 156  1186.15
 157   782.785
 158   429.672
 159   199.005
 160  1969.01
 161  2113.37
 162  1936.47
 163  1614.08
 164  1435.11
 165  1068.71
 166   725.076
 167   345.211
 168  1410.75
 169  1147.91
 170   970.94
 171   786.233
 172   626.316
 173   514.225
 174   265.342
 175    90.666
 176   243.573
 177   282.764
 178   164.241
 179   130.114
 180    75.9057
 181    79.3906
 182    16.9077
 183     5.61327
 184    73.5014
 185    17.6699
 186     6.84845
 187    12.6858
 188     0.638
 189     0.74988
 190     1.09034
 191     0
 192    49.073
 193   101.466
 194   103.759
 195    62.2936
 196    44.7169
 197    11.9129
 198     0
 199     0.82346
 200   693.82
 201   655.672
 202   660.466
 203   484.319
 204   438.343
 205   279.821
 206   165.986
 207    79.4212
 208  2025.56
 209  2220.98
 210  2029.41
 211  1660.35
 212  1298.56
 213   866.415
 214   615.136
 215   347.999
 216  2632.58
 217  2655.21
 218  2366.88
 219  2043.04
 220  1674
 221  1245.84
 222   650.034
 223   255.792
 224  2497.26
 225  2550.01
 226  2584.23
 227  2194.55
 228  1832.44
 229  1203.22
 230   724.914
 231   288.525
 232  2069.71
 233  1887.14
 234  1834.35
 235  1524.68
 236  1359.53
 237  1002.64
 238   668.67
 239   308.891
 240   660.387
 241   538.627
 242   458.586
 243   332.77
 244   265.122
 245   133.497
 246    72.5687
 247    16.4984
 248    54.9428
 249    54.1005
 250   103.52
 251    37.692
 252    34.2001
 253     6.38653
 254     5.05009
 255     4.38052
 256    64.179
 257    83.6953
 258    24.8212
 259    38.9807
 260    38.3628
 261     5.42706
 262     1.67412
 263     0.54121
 264   531.942
 265   563.027
 266   468.767
 267   411.919
 268   295.857
 269   191.858
 270    91.9569
 271    31.6353
 272  2216.89
 273  2215.46
 274  1881.29
 275  1531.71
 276  1037.24
 277  1069.57
 278   697.882
 279   257.712
 280  2802.15
 281  2797.08
 282  2470.97
 283  2075.2
 284  1394.05
 285  1230.56
 286   714.604
 287   219.342
 288  2559.51
 289  2424.5
 290  2220.14
 291  2096.53
 292  1842.85
 293  1333.74
 294   732.935
 295   305.635
 296  1820.29
 297  2124.9
 298  2027.61
 299  1586.88
 300  1356.95
 301  1142.85
 302   597.521
 303   241.517
 304   849.168
 305   955.462
 306   852.618
 307   672.472
 308   489.679
 309   304.5
 310   140.361
 311    74.0492
 312    69.6634
 313   125.464
 314    81.8084
 315    15.7097
 316    11.7588
 317     1.83965
 318     1.13789
 319     0
 320    40.6787
 321    74.4711
 322    52.5517
 323     7.96637
 324     3.60762
 325     0.99685
 326     1.07374
 327     0
 328   287.844
 329   209.754
 330   159.173
 331   212.447
 332    46.0715
 333    79.472
 334    10.3947
 335     1.40552
 336  1339.42
 337  1443.95
 338  1326.49
 339  1209.29
 340   781.687
 341   539.236
 342   297.377
 343   130.756
 344  2231.29
 345  2196.18
 346  1994.67
 347  1934.64
 348  1512.76
 349  1227
 350   714.141
 351   336.585
 352  1775.01
 353  1745.62
 354  1522.83
 355  1306.47
 356  1193.35
 357   829.135
 358   506.5
 359   254.459
 360   854.498
 361   934.34
 362   671.158
 363   453.29
 364   437.359
 365   299.249
 366   163.575
 367    69.3754
 368   141.88
 369   158.614
 370   263.663
 371   146.369
 372    67.0241
 373     8.41708
 374     0.90364
 375    10.2058
 376    57.0414
 377    81.7377
 378    24.0852
 379    24.5541
 380     5.76756
 381     2.91426
 382     1.39639
 383     3.73919
 384    31.7315
 385    11.9129
 386     4.90553
 387     1.14198
 388     6.40882
 389     0.7012
 390     0
 391     1.04522
 392    81.6717
 393    28.322
 394    30.3496
 395     7.42656
 396     4.41579
 397     0.65686
 398    23.5658
 399     8.69109
 400   362.209
 401   278.437
 402   291.188
 403   273.593
 404   124.958
 405   110.752
 406    87.2898
 407     9.21405
 408   727.963
 409   728.422
 410   574.135
 411   646.962
 412   389.793
 413   300.72
 414   198.981
 415    44.5953
 416   260.597
 417   355.325
 418   335.015
 419   243.851
 420   156.067
 421    49.3113
 422    46.3986
 423     8.71547
 424   127.134
 425   140.843
 426   161.101
 427   128.392
 428    27.2177
 429     0.6123
 430     0.88223
 431     1.57237
 432    17.3795
 433    23.6907
 434    39.8675
 435    25.1544
 436    19.0451
 437     1.50233
 438     1.54978
 439     1.90635
 440    42.2893
 441    20.6395
 442    26.7647
 443     0.86689
 444     0
 445     0
 446     0
 447     0
 448     1.21922
 449     0
 450    16.2855
 451    17.6669
 452     0.62262
 453     0.96929
 454     1.18373
 455     0.59342
 456     1.18007
 457    10.301
 458    15.0118
 459    12.0477
 460     0.86863
 461     0.65742
 462     0.67329
 463     0.2274
 464    75.8969
 465    45.8597
 466    59.8725
 467    36.1126
 468     1.23683
 469    10.2088
 470     6.36763
 471     0
 472    66.1954
 473    47.8551
 474    83.1674
 475    50.0725
 476     1.25271
 477     0.90731
 478     1.46249
 479     0.95833
 480    45.5475
 481     9.11472
 482    33.8466
 483    43.8423
 484    29.4021
 485    21.4355
 486     1.22561
 487     0.2305
 488    23.1678
 489     7.10505
 490    25.2141
 491     7.03465
 492    14.6756
 493     2.0941
 494     0.96713
 495     0.14275
 496     7.07396
 497     9.99131
 498     1.01757
 499     0.35258
 500     0
 501     1.10346
 502     1.89386
 503     0.9945
 504    26.9589
 505     3.19201
 506     0.83137
 507     0
 508     0.39907
 509     0
 510     0.07159
 511    30.7439
