This file was gnenerated on 2021-06-23 11:21:59.968994 by Grant Finneman. This contains the extracted data from the Gate simulations
The edep for each bar was summed up and printed to this file. The only math operation done has been addition.

  id        edep
   0     0
   1     7.33491
   2    22.6303
   3     0.4107
   4     0.09595
   5     0.58971
   6     0
   7     0.14812
   8    42.5812
   9    33.8202
  10    12.4684
  11     0
  12    11.3495
  13    15.6717
  14     1.50594
  15     1.02583
  16    48.8463
  17    93.5262
  18   137.933
  19    95.2276
  20    17.0664
  21     1.62971
  22     1.1774
  23     0
  24   134.69
  25    88.7902
  26    83.3201
  27    70.6143
  28    29.4181
  29     6.25644
  30     1.20322
  31     0.04512
  32    49.3588
  33    74.8846
  34    47.1803
  35     3.45862
  36    13.8448
  37    24.9882
  38     0.25738
  39     2.42167
  40    10.5829
  41     0
  42     1.33597
  43     6.77666
  44     0
  45     6.05155
  46     0.64983
  47     0
  48     0.90699
  49     0.08724
  50     0.53377
  51     0.33304
  52     0
  53     0.31778
  54     0
  55     2.79524
  56     0
  57     0.16687
  58     1.30266
  59     0
  60     0
  61     0
  62     0
  63     0
  64    24.2726
  65    13.316
  66     0.86843
  67     8.31105
  68     0
  69    29.2405
  70     0.85541
  71     0.41892
  72   151.778
  73   145.803
  74    67.0932
  75    62.0402
  76    38.5831
  77     3.61438
  78     0.46842
  79     1.22082
  80   646.227
  81   569.801
  82   459.33
  83   368.793
  84   319.081
  85   150.709
  86    17.3309
  87     9.14826
  88   896.634
  89   900.15
  90   716.984
  91   697.41
  92   553.683
  93   465.349
  94   254.298
  95    75.8676
  96   279.499
  97   281.833
  98   258.976
  99   207.808
 100    82.3046
 101    42.0733
 102    11.8183
 103     1.00123
 104    81.77
 105   107.225
 106    13.7375
 107    10.386
 108     0.54246
 109    30.6492
 110    27.9519
 111     0.38001
 112     1.25331
 113    19.329
 114     5.69738
 115     1.10464
 116     2.95166
 117     0.98962
 118     1.70111
 119     0.10164
 120     0
 121     0
 122     1.08208
 123     0
 124     0.11792
 125     0.92696
 126     0
 127     0.86041
 128    31.0501
 129    11.7389
 130    80.4355
 131    18.2785
 132     9.50885
 133    34.545
 134    12.2317
 135     0.15146
 136   266.275
 137   260.316
 138   106.019
 139   205.862
 140   101.64
 141    71.5687
 142    12.4449
 143     0
 144  2317.77
 145  2172.52
 146  2076.92
 147  2084.86
 148  1429.6
 149   989.224
 150   632.516
 151   242.049
 152  3579.47
 153  3678.05
 154  3087.48
 155  2874.15
 156  2436.31
 157  1963.97
 158  1196.04
 159   525.498
 160  1262.91
 161  1267.28
 162  1056.46
 163   861.083
 164   529.441
 165   291.322
 166   153.497
 167    66.3358
 168   177.488
 169   243.528
 170   173.759
 171    83.4126
 172    61.0431
 173     9.13647
 174     6.0879
 175    12.0634
 176    22.5732
 177    24.8711
 178    35.7331
 179    31.8432
 180    14.1516
 181    17.9593
 182     0
 183     1.0239
 184     1.02072
 185     0.82227
 186     0
 187    11.1106
 188    24.4643
 189    21.8159
 190     0.66089
 191     0.51153
 192    53.1374
 193    10.2075
 194    34.6886
 195    21.073
 196     0.62032
 197     0.75972
 198     1.3658
 199     0
 200   244.319
 201   209.369
 202   234.967
 203    91.7155
 204    79.045
 205   103.408
 206    36.5416
 207    13.0527
 208  1466.93
 209  1425.48
 210  1397.51
 211  1150.31
 212   866.743
 213   465.655
 214   256.027
 215   110.316
 216  4034.13
 217  4205.97
 218  3797.18
 219  3383.21
 220  2713.92
 221  2277.93
 222  1405.62
 223   466.378
 224  3117.62
 225  2819.09
 226  2689.63
 227  2366.12
 228  2026.97
 229  1271.48
 230   686.037
 231   278.742
 232   645.078
 233   634.38
 234   582.564
 235   403.76
 236   340.805
 237   115.832
 238    74.3508
 239    33.6729
 240    83.8086
 241   107.464
 242    59.7736
 243    79.1808
 244    36.4226
 245    45.2546
 246    10.2514
 247     5.77656
 248     2.54265
 249     1.45051
 250     1.63043
 251    20.8206
 252     7.10628
 253    11.705
 254     2.10011
 255     0.69582
 256     2.67084
 257     8.49666
 258    41.8807
 259    23.3347
 260     0.66865
 261     0
 262     0.36334
 263     0.09432
 264    50.3627
 265    74.4829
 266    89.167
 267    53.1588
 268    36.8871
 269    13.3614
 270     7.86251
 271     5.90422
 272   548.773
 273   636.584
 274   464.865
 275   347.54
 276   165.424
 277   114.498
 278    91.6487
 279    25.6939
 280  2754.1
 281  2650.85
 282  2412.82
 283  2016.86
 284  1830.73
 285  1576.25
 286  1062.18
 287   402.232
 288  4353.17
 289  3889.16
 290  3683.18
 291  3484.08
 292  3053.78
 293  2303.96
 294  1381.71
 295   486.019
 296  1675.34
 297  1680.39
 298  1501.24
 299  1120.45
 300   845.824
 301   670.212
 302   300.989
 303    70.7689
 304   222.633
 305   227.256
 306   167.274
 307   141.394
 308   119.641
 309    62.5527
 310    11.1448
 311     3.80878
 312     8.89712
 313    32.7757
 314    26.0001
 315     9.69761
 316     0.45111
 317     1.99549
 318     6.41796
 319     2.72699
 320     1.46756
 321     1.01246
 322     1.18292
 323     0
 324     0.76173
 325     0
 326     0.29071
 327     1.48396
 328     4.15148
 329     8.75652
 330    53.1052
 331    62.8487
 332    11.4696
 333     0.99773
 334     6.25695
 335    14.4352
 336   112.467
 337   151.544
 338   114.591
 339   132.374
 340    74.3779
 341    51.0918
 342     9.05625
 343    12.1377
 344  1300.65
 345  1150.78
 346  1007.3
 347   701.772
 348   598.588
 349   487.833
 350   214.817
 351    89.1246
 352  3421.05
 353  3395.99
 354  3390.44
 355  3238.06
 356  2560.8
 357  2152.2
 358  1158.18
 359   499.638
 360  2366.01
 361  2455.3
 362  2286.95
 363  1993.57
 364  1270.95
 365  1170.66
 366   811.584
 367   255.492
 368   365.204
 369   357.778
 370   196.881
 371   123.382
 372    78.7608
 373    65.8418
 374    49.7226
 375    13.4308
 376    56.8787
 377    40.8965
 378    14.8361
 379     0
 380     0
 381     0.49601
 382     3.55598
 383     3.45125
 384     0
 385     1.13429
 386     1.54857
 387     1.95406
 388     1.16365
 389     0
 390     0
 391     0
 392     1.44985
 393     5.79789
 394    10.5496
 395     0.24454
 396    16.4441
 397     9.93706
 398     8.68503
 399     4.34705
 400    45.7367
 401    58.9181
 402    64.7758
 403    81.6326
 404    21.7037
 405     0
 406     0.74378
 407     5.99033
 408   283.974
 409   322.008
 410   221.304
 411   122.023
 412    60.1589
 413    67.1938
 414    31.9601
 415     5.36679
 416   805.278
 417   792.503
 418   819.835
 419   682.772
 420   649.426
 421   434.028
 422   294.07
 423   107.579
 424   488.402
 425   509.879
 426   417.732
 427   285.4
 428   171.391
 429   121.512
 430    62.1757
 431    29.6389
 432   104.537
 433    89.8923
 434    41.2473
 435    57.046
 436    31.0952
 437    33.6704
 438     0.6473
 439     0
 440    24.071
 441    14.7371
 442    30.3612
 443     0.97975
 444     0
 445     2.2001
 446     2.23554
 447     0
 448     0
 449     2.44396
 450     0
 451     0.45355
 452     0
 453     0
 454     0
 455     0
 456     1.53689
 457    35.3392
 458    22.806
 459     1.27364
 460     0.03438
 461     0.77944
 462     1.58038
 463     0
 464    15.8723
 465    35.5166
 466     0.5084
 467     5.3072
 468     1.01479
 469     1.48328
 470     0.68224
 471     0
 472    94.1889
 473    41.4721
 474    58.6976
 475    50.0186
 476     0.79561
 477     1.02273
 478     0
 479     0.37698
 480    74.7268
 481   135.404
 482   121.251
 483    67.2628
 484    30.2312
 485     3.49082
 486     6.04282
 487    19.3716
 488    86.0805
 489   108.588
 490   102.944
 491    17.3747
 492    14.3273
 493     8.32887
 494    23.8848
 495    26.4091
 496    21.685
 497     9.60783
 498    39.3265
 499     1.3584
 500     4.86773
 501    23.5373
 502     0
 503     1.95028
 504     0.72388
 505     0
 506     0
 507     0.0759
 508     0.17379
 509     2.47322
 510     1.00162
 511     0
