This file was gnenerated on 2021-06-23 10:56:26.043853 by Grant Finneman. This contains the extracted data from the Gate simulations
The edep for each bar was summed up and printed to this file. The only math operation done has been addition.

  id        edep
   0     0.55527
   1     0.00384
   2     0
   3     0
   4     0
   5     0
   6     0
   7     0.62155
   8     0.91239
   9     0.7947
  10     0
  11     0
  12     0.82131
  13     0.27095
  14     0.03943
  15     3.23739
  16     0
  17     0.68553
  18     6.4144
  19     5.80809
  20     0.41196
  21     1.64353
  22     0.51495
  23     0.94377
  24    53.0593
  25    13.9837
  26    15.552
  27    27.5209
  28     0.54678
  29     1.19469
  30     1.0373
  31     0.51568
  32    18.8284
  33     2.85792
  34    14.4891
  35    11.9424
  36     6.47802
  37     0.37075
  38     0.99492
  39     2.21666
  40    30.8775
  41     2.68316
  42     0.11395
  43     1.74361
  44    16.3943
  45     0.15771
  46     1.83735
  47     0.27857
  48     0.00645
  49     0
  50     1.16493
  51     0.60614
  52     0.84842
  53     0.26202
  54     0.95107
  55     0.12901
  56     0.83217
  57     1.70503
  58     1.41547
  59     0.03386
  60     0.84076
  61     0
  62     0
  63     0
  64     0.17999
  65     0.48263
  66     0.4147
  67    15.084
  68     3.77025
  69     0
  70     0
  71     0.68133
  72    33.0576
  73    69.7014
  74     0.38612
  75    40.3836
  76    68.0622
  77     9.65625
  78     0
  79     0.90172
  80    57.3968
  81   113.515
  82    58.7439
  83    44.9113
  84     5.88557
  85    36.4348
  86     4.51597
  87     1.79674
  88   342.675
  89   213.841
  90   163.596
  91   109.89
  92    75.1401
  93    27.4898
  94     7.33239
  95     0
  96   168.881
  97   140.121
  98   122.374
  99    76.1105
 100    34.5354
 101    26.0513
 102     0.6269
 103     6.21251
 104    73.832
 105    77.611
 106    65.6837
 107    63.5135
 108    28.2334
 109     3.9944
 110     5.29589
 111    24.1435
 112    24.9366
 113     0
 114     0.66894
 115     8.14277
 116    14.8812
 117     0.51306
 118     7.02754
 119     1.12549
 120     0.41913
 121     0.96888
 122     0
 123     0.50692
 124     0.6134
 125     0.7197
 126     0.64163
 127     0
 128    10.7677
 129    46.9553
 130    32.4099
 131    20.3544
 132    13.8882
 133     7.12166
 134     4.87448
 135    14.6772
 136   114.211
 137   115.866
 138    97.0444
 139    56.9958
 140    25.7425
 141     4.70325
 142     4.30554
 143     0
 144   481.033
 145   388.88
 146   390.346
 147   196.949
 148    65.7285
 149    48.3972
 150    39.3363
 151     7.58136
 152  1703.86
 153  1500.76
 154  1160.66
 155   787.649
 156   655.349
 157   524.51
 158   194.337
 159    98.0238
 160  1962.99
 161  1463.97
 162  1096.12
 163  1092.59
 164   831.206
 165   447.755
 166   248.402
 167    86.6455
 168   397.305
 169   497.633
 170   375.824
 171   191.461
 172   180.879
 173    42.9318
 174    18.8567
 175     1.27692
 176    65.1097
 177    75.8203
 178    63.5638
 179    68.21
 180    33.6837
 181    14.3577
 182     8.88719
 183     3.90169
 184     4.32554
 185     0
 186     3.66701
 187    10.0127
 188    16.4935
 189    17.5807
 190     1.41273
 191     0.24457
 192    12.1005
 193    42.1765
 194    34.7375
 195     6.43171
 196    27.1028
 197     1.6832
 198     0.4112
 199     0.71784
 200   133.999
 201   259.794
 202   147.737
 203    99.3138
 204    42.7271
 205    10.0617
 206    19.6356
 207     2.31275
 208  1718.34
 209  1588.56
 210  1445.63
 211  1187.35
 212   781.609
 213   437.718
 214   226.492
 215   125.772
 216  5738.52
 217  5932.87
 218  5645.29
 219  4647.95
 220  3688.49
 221  2986.95
 222  1789.99
 223   807.784
 224  5474.23
 225  5216.26
 226  4984.15
 227  4526.85
 228  3670.86
 229  2674.9
 230  1846.09
 231   767.201
 232  1640.66
 233  1637.25
 234  1334.06
 235  1063.83
 236   945.494
 237   570.722
 238   231.749
 239    80.3849
 240   179.322
 241   176.655
 242   133.65
 243   134.319
 244    70.942
 245    57.1015
 246    23.7486
 247     3.21849
 248     0.29809
 249    19.5862
 250     6.18542
 251    12.3551
 252     0.38798
 253     0.84276
 254     0
 255     0.33352
 256    49.5381
 257    36.0753
 258    38.7228
 259    19.2616
 260     7.82513
 261     8.29598
 262     1.17406
 263     1.13795
 264   138.816
 265   177.317
 266   157.25
 267    80.002
 268    20.8543
 269     8.16902
 270    22.1797
 271    15.6031
 272  1595.64
 273  1484.17
 274  1290.59
 275  1062.54
 276   768.868
 277   561.329
 278   292.722
 279    93.0894
 280  5464.68
 281  5609.73
 282  5233.79
 283  4645.82
 284  3632.98
 285  2941.45
 286  1876.78
 287   685.669
 288  6089.08
 289  6072.17
 290  5651.84
 291  4697.2
 292  3754.05
 293  2981.16
 294  1895.68
 295   726.922
 296  1642.24
 297  2120.74
 298  1486.61
 299  1448
 300   959.524
 301   766.098
 302   289.209
 303   117.227
 304   264.62
 305   223.587
 306   240.127
 307   117.615
 308   101.6
 309     9.41866
 310     1.85008
 311     9.97128
 312    21.6336
 313    68.3833
 314    15.8427
 315    33.7235
 316    17.7276
 317     1.17445
 318     2.21554
 319     0.25865
 320    15.0241
 321    10.7712
 322    42.2516
 323     0.75961
 324     0
 325     4.56656
 326    10.2951
 327     4.50297
 328    91.2887
 329    72.3152
 330    77.3449
 331    25.4631
 332     7.2326
 333     1.11502
 334     3.96953
 335     3.78363
 336   514.464
 337   676.69
 338   537.964
 339   250.421
 340   112.676
 341    55.1023
 342    12.6015
 343     2.38465
 344  1713.22
 345  1863.27
 346  1396.36
 347  1228.57
 348   800.484
 349   501.962
 350   319.802
 351   109.2
 352  1625.69
 353  1691.46
 354  1388.51
 355  1074.14
 356   817.359
 357   570.297
 358   365.294
 359   109.451
 360   446.141
 361   456.43
 362   344.111
 363   178.257
 364   141.693
 365    95.0602
 366    15.3978
 367     4.96175
 368   105.566
 369    91.9735
 370    74.2181
 371    80.3461
 372    12.1423
 373    22.0739
 374     0.12706
 375     2.84019
 376     1.60602
 377     1.77605
 378     0.8974
 379     0.35734
 380     0
 381     1.96484
 382     0
 383     0
 384     0
 385     0.6888
 386     0
 387     0.64144
 388     0.60666
 389     0.69148
 390     0.74453
 391     0
 392    27.4523
 393    35.1431
 394    48.624
 395     6.00245
 396     0.90361
 397     0
 398     0.84636
 399     0.86325
 400    82.0032
 401    89.5226
 402    54.7573
 403    25.7037
 404     9.41136
 405     7.51763
 406     0.02991
 407     0.12606
 408   189.681
 409   256.219
 410   140.87
 411    74.5656
 412    35.0238
 413     9.6257
 414     1.30949
 415     0.92995
 416   164.758
 417   148.699
 418   187.475
 419   106.71
 420    42.3512
 421    18.2087
 422     1.20256
 423    23.1423
 424    59.3163
 425   120.805
 426    92.9341
 427    46.2379
 428     7.83903
 429     4.79407
 430     0.93987
 431     1.14168
 432     3.80348
 433     4.54606
 434     1.84351
 435     8.05457
 436     1.26865
 437     0
 438     1.25564
 439     0.95545
 440     0.26055
 441     0
 442     1.69565
 443     0.34536
 444     1.49607
 445     0
 446     0.56866
 447     0.67393
 448     0
 449     0.52006
 450     0.84231
 451     0
 452     0
 453     1.81353
 454     0.16031
 455     0.60666
 456     0
 457     0
 458     1.00184
 459     0
 460     0.96547
 461     0.87846
 462     0.87846
 463     1.76312
 464    27.6353
 465     2.15908
 466     5.16549
 467    11.0988
 468     0.86305
 469     1.56239
 470     0.64144
 471     0.22746
 472    71.7085
 473    13.0097
 474    21.1174
 475     2.21769
 476     0.80896
 477     0.83763
 478    14.3753
 479    11.0821
 480    34.703
 481    10.6182
 482    19.7932
 483     5.99633
 484    21.6788
 485     0
 486    15.7675
 487     1.21386
 488     0.61963
 489    11.3465
 490     4.92341
 491     1.49919
 492     0.539
 493     0.79415
 494     0.93142
 495     0.38214
 496     0
 497     1.46124
 498    17.8862
 499     0.96559
 500     0.33588
 501     0.89642
 502     0.59906
 503     0.03549
 504     1.4288
 505     1.05895
 506     0.82661
 507     0.35645
 508     7.02564
 509     5.30439
 510     2.98734
 511     2.85621
