This file was gnenerated on 2021-06-23 11:30:10.322355 by Grant Finneman. This contains the extracted data from the Gate simulations
The edep for each bar was summed up and printed to this file. The only math operation done has been addition.

  id        edep
   0     0
   1     1.23636
   2     1.3612
   3     0.72711
   4     1.8054
   5     6.33609
   6     0.85654
   7     0.7452
   8    39.4566
   9    46.1867
  10     3.65929
  11    37.5773
  12     5.27464
  13     5.29836
  14     1.81267
  15     0.20143
  16    66.052
  17    57.047
  18    53.5686
  19    70.7631
  20    37.3545
  21    41.6801
  22     5.67822
  23     0
  24   140.387
  25   243.048
  26   109.416
  27    25.9771
  28    51.1275
  29   104.563
  30    17.2419
  31     0.76217
  32   157.098
  33   152.936
  34    87.2033
  35    98.0302
  36    75.4168
  37    40.8697
  38    16.11
  39     0
  40   142.071
  41   122.777
  42    58.8071
  43    37.9049
  44    67.1183
  45    26.2994
  46     5.87773
  47     6.48297
  48   120.529
  49    50.5054
  50     0.04335
  51     1.62711
  52     9.98544
  53    13.4332
  54     0.16208
  55     0.63537
  56    53.3982
  57     4.14564
  58    20.2675
  59     0.24569
  60     0
  61     0
  62     0
  63     0
  64    44.5666
  65    20.417
  66    18.728
  67    29.0285
  68    37.9211
  69     1.36834
  70     0.90373
  71     0
  72   184.674
  73   210.413
  74   183.45
  75   149.972
  76    85.2235
  77    44.0402
  78    26.9319
  79     0.96408
  80   604.487
  81   482.221
  82   426.852
  83   328.496
  84   319.464
  85   268.264
  86    62.2776
  87    18.8887
  88   820.456
  89   782.181
  90   732.947
  91   542.189
  92   510.571
  93   435.642
  94   288.084
  95    96.0001
  96  1066.26
  97  1072.97
  98   878.857
  99   815.479
 100   833.985
 101   596.288
 102   302.816
 103    87.8231
 104   813.998
 105   895.109
 106   830.062
 107   630.105
 108   562.02
 109   437.331
 110   212.192
 111    52.8915
 112   216.903
 113   194.079
 114   101.359
 115    90.6919
 116    15.2568
 117    38.3614
 118    27.9649
 119    15.107
 120    24.0468
 121    53.8964
 122    14.4965
 123    24.3895
 124     1.22506
 125     1.09775
 126     3.06527
 127     0.27107
 128   152.718
 129   154.773
 130    90.3555
 131    93.2412
 132    90.4295
 133    50.4889
 134     0.72205
 135     0
 136   862.848
 137   746.479
 138   595.811
 139   718.14
 140   601.775
 141   411.201
 142   327.295
 143   122.341
 144  1646.52
 145  1333.25
 146  1143.98
 147   988.756
 148   909.374
 149   660.781
 150   426.87
 151   220.212
 152  1627.79
 153  1658.32
 154  1576.78
 155  1421.57
 156  1127.24
 157   847.545
 158   561
 159   208.871
 160  1609.97
 161  1455.14
 162  1490.77
 163  1239.82
 164  1063.85
 165   834.974
 166   514.982
 167   176.164
 168  1484.47
 169  1366.28
 170  1228.63
 171   884.262
 172   730.764
 173   553.109
 174   389.372
 175   118.617
 176   258.699
 177   379.771
 178   351.273
 179   265.522
 180   136.795
 181   137.209
 182    50.586
 183     9.71094
 184    34.5124
 185    52.4678
 186    36.3484
 187    61.7204
 188     5.56334
 189    22.2786
 190     0.08022
 191     0
 192    37.8406
 193    98.2231
 194   140.543
 195    88.6495
 196    15.3539
 197    60.8537
 198    29.3553
 199     1.832
 200   677.864
 201   712.537
 202   627.281
 203   535.49
 204   489.1
 205   445.371
 206   193.761
 207    80.1026
 208  1585.46
 209  1594.14
 210  1322.09
 211  1224.63
 212  1046.93
 213   820.428
 214   461.838
 215   179.182
 216  1633.21
 217  1828.7
 218  1596.28
 219  1465.72
 220  1185.98
 221   931.843
 222   451.432
 223   153.32
 224  1734.06
 225  1504.06
 226  1369.56
 227  1277.95
 228  1052.34
 229   810.573
 230   421.381
 231   124.389
 232  1605.9
 233  1549.21
 234  1370.44
 235  1133.02
 236   989.156
 237   635.073
 238   394.085
 239   181.779
 240   609.026
 241   516.224
 242   443.312
 243   432.749
 244   345.095
 245   246.041
 246   128.11
 247    40.7139
 248   144.94
 249    44.4761
 250    42.0598
 251    37.3777
 252     9.95159
 253    23.3491
 254     0.37982
 255     0
 256    58.0845
 257    75.8323
 258    41.5429
 259    96.4983
 260    32.4748
 261    28.1205
 262    14.2097
 263     1.57717
 264   355.545
 265   418.06
 266   418.297
 267   375.736
 268   370.75
 269   293.795
 270   183.117
 271    49.7233
 272  1426.86
 273  1392.2
 274  1297.86
 275  1184.74
 276   979.285
 277   830.83
 278   492.089
 279   237.315
 280  1572.72
 281  1947.24
 282  1441.91
 283  1257.18
 284   833.793
 285   630.284
 286   430.828
 287   179.118
 288  1768.44
 289  1591.26
 290  1460.03
 291  1258.47
 292   997.419
 293   646.643
 294   403.048
 295   149.202
 296  1609.61
 297  1655.09
 298  1477.06
 299  1309.61
 300  1030.27
 301   823.391
 302   531.681
 303   212.235
 304   775.526
 305   809.918
 306   762.821
 307   621.535
 308   473.669
 309   363.153
 310   213.216
 311   127.46
 312   247.902
 313   124.826
 314    54.2341
 315    93.8076
 316    12.1246
 317     2.13221
 318     0.04282
 319     0
 320    37.0238
 321    29.4706
 322    52.6626
 323    19.2858
 324     7.45496
 325     4.83302
 326     8.6787
 327     0
 328   277.322
 329   304.01
 330   266.41
 331   334.283
 332   170.461
 333    74.3387
 334    27.1308
 335    15.6696
 336  1374.88
 337  1370.56
 338  1206.67
 339   928.108
 340   889.074
 341   745.589
 342   411.135
 343   178.477
 344  1770.91
 345  1709.73
 346  1678.89
 347  1378.28
 348  1175.76
 349   801.147
 350   359.886
 351   138.562
 352  1810.63
 353  1696.08
 354  1501.42
 355  1356.08
 356  1248.46
 357   902.998
 358   471.211
 359   159.435
 360  1599.22
 361  1333.83
 362  1171.5
 363   995.387
 364   837.42
 365   770.712
 366   467.441
 367   297.907
 368   831.362
 369   730.385
 370   872.956
 371   695.611
 372   512.626
 373   451.332
 374   206.237
 375   100.367
 376   114.931
 377   151.955
 378   168.224
 379    72.4711
 380    22.5311
 381    15.4755
 382     0.25986
 383     1.79566
 384    34.4652
 385    16.2944
 386     0.51388
 387     5.73817
 388     3.36844
 389     3.67499
 390     2.12562
 391     2.32738
 392   180.209
 393   259.447
 394   192.471
 395   142.13
 396    89.0672
 397     6.76537
 398     7.74494
 399    15.149
 400   835.437
 401   798.522
 402   845.617
 403   654.301
 404   555.024
 405   397.931
 406   279.327
 407   122.789
 408   925.638
 409   959.872
 410   852.089
 411   766.389
 412   600.78
 413   592.025
 414   286.72
 415   123.185
 416   769.737
 417   805.568
 418   715.817
 419   688.103
 420   499.485
 421   416.287
 422   169.499
 423   108.499
 424   662.803
 425   505.656
 426   369.608
 427   363.567
 428   311.411
 429   250.271
 430    75.9202
 431    63.0888
 432   270.498
 433   284.709
 434   144.484
 435   188.793
 436   127.768
 437    63.8246
 438     9.84425
 439    25.7329
 440    47.969
 441   109.895
 442    38.3431
 443    25.6344
 444    35.203
 445    12.3165
 446     1.74488
 447     0
 448    24.5696
 449     2.25576
 450    11.118
 451    14.9671
 452     0.126
 453     0.75192
 454     2.69437
 455     3.46419
 456    65.2297
 457    32.0786
 458     8.03885
 459    34.4264
 460     5.55147
 461     0.72638
 462     9.13683
 463    10.7707
 464    90.1842
 465   131.092
 466    66.6443
 467   135.278
 468    90.0081
 469    51.5778
 470    30.6398
 471     6.42031
 472   219.585
 473   180.474
 474   166.951
 475   106.126
 476    59.1835
 477    24.0217
 478    31.6401
 479    27.9821
 480   115.994
 481    94.5678
 482   139.89
 483    73.2743
 484    31.2721
 485    26.7432
 486     6.61644
 487     1.43923
 488    64.9623
 489    34.1948
 490    65.3475
 491    23.8086
 492    18.6253
 493     3.09197
 494     1.31435
 495     0
 496    23.4134
 497     2.89116
 498    37.9252
 499    11.6908
 500     7.2355
 501     0
 502     0.85247
 503     0.91414
 504     4.61055
 505     0
 506     0
 507     1.56772
 508     0
 509     0
 510     3.18782
 511     0.46989
