This file was gnenerated on 2021-06-23 11:29:56.179884 by Grant Finneman. This contains the extracted data from the Gate simulations
The edep for each bar was summed up and printed to this file. The only math operation done has been addition.

  id        edep
   0     6.98663
   1    39.1585
   2    19.0142
   3     0.00812
   4     0
   5     7.3549
   6     5.88392
   7     3.28175
   8    33.6092
   9    24.0364
  10    35.1737
  11    27.7939
  12     0.95066
  13     0.75236
  14     1.20118
  15     4.52448
  16    56.3759
  17    95.323
  18    69.0309
  19    37.165
  20    66.6715
  21    21.9718
  22    11.5588
  23     8.46745
  24   201.241
  25   219.581
  26    55.6412
  27    23.9662
  28    30.5145
  29    29.9892
  30     7.58668
  31     9.70232
  32   397.688
  33   359.297
  34   226.681
  35   175.858
  36   128.945
  37    58.5715
  38    44.8432
  39    30.1645
  40    89.1855
  41   155.846
  42    44.0926
  43    61.5336
  44    44.8348
  45    25.5097
  46     2.31401
  47     0
  48    21.89
  49    28.7942
  50     0.58655
  51     4.07738
  52     3.6462
  53     5.23007
  54     7.62752
  55     9.63882
  56     0
  57     0.8914
  58     0
  59    18.9617
  60     1.02265
  61     2.3674
  62    18.0353
  63     0
  64     3.47617
  65    25.1082
  66    16.1312
  67    19.8519
  68     1.34862
  69     0
  70     0
  71     0
  72   170.352
  73   176.823
  74   135.947
  75    89.3301
  76    43.5674
  77    16.1684
  78     1.66682
  79     0.72608
  80   408.445
  81   511.234
  82   388.792
  83   321.438
  84   230.203
  85   204.459
  86    82.0398
  87    21.4961
  88  1134.18
  89  1154.94
  90   840.345
  91   813.63
  92   566.454
  93   340.463
  94   305.642
  95    96.2872
  96  1398.11
  97  1345.91
  98  1157.65
  99  1040.78
 100   755.412
 101   450.003
 102   296.071
 103   124.039
 104   667.729
 105   647.009
 106   393.942
 107   356.897
 108   194.589
 109   155.748
 110    72.3106
 111    19.1844
 112   155.797
 113   120.598
 114    72.2319
 115    41.8371
 116    22.6264
 117    11.2476
 118     0.79929
 119     0.82133
 120     1.62031
 121     1.63578
 122     0
 123     3.59219
 124     2.53887
 125     0.73979
 126     0
 127     1.03428
 128   231.105
 129   148.069
 130    55.1653
 131    55.415
 132    45.1927
 133     6.76459
 134     3.18082
 135     2.53448
 136   715.473
 137   704.171
 138   677.073
 139   521.921
 140   444.419
 141   223.475
 142   149.008
 143    53.113
 144  1448.75
 145  1284.06
 146  1304.94
 147  1142.23
 148   915.881
 149   925.476
 150   382.126
 151   114.914
 152  1538.62
 153  1660.16
 154  1809.49
 155  1410.76
 156  1107.52
 157   788.744
 158   628
 159   201.263
 160  1928.32
 161  1844.23
 162  1559.17
 163  1402.46
 164  1073.21
 165   641.012
 166   288.506
 167   108.567
 168  1187.74
 169  1067.88
 170   900.142
 171   878.272
 172   606.582
 173   396.853
 174   247.864
 175   178.642
 176   351.535
 177   243.691
 178   140.931
 179   161.062
 180    98.7601
 181    42.3251
 182    18.7535
 183     1.61799
 184    51.6549
 185    50.3284
 186    36.7725
 187     4.3058
 188     2.32841
 189     5.81678
 190     0.24393
 191     1.72581
 192   235.527
 193   244.822
 194   115.525
 195   121.582
 196    62.8643
 197    55.6962
 198    15.0729
 199     1.2436
 200  1035.91
 201  1161.73
 202  1111.7
 203   956.733
 204   716.883
 205   570.352
 206   339.709
 207   226.872
 208  1675.3
 209  1656.92
 210  1525.85
 211  1297.27
 212  1070.47
 213   804.105
 214   447.245
 215   140.095
 216  1830.61
 217  1678.93
 218  1604.26
 219  1256.89
 220  1056.51
 221   704.954
 222   483.193
 223   199.352
 224  1824.92
 225  1725.86
 226  1670.48
 227  1219.06
 228   961.81
 229   603.13
 230   329.164
 231   134.188
 232  1710.92
 233  1462.34
 234  1484.83
 235  1112.17
 236   932.363
 237   658.341
 238   407.728
 239   167.611
 240   593.375
 241   668.019
 242   642.003
 243   492.731
 244   402.807
 245   241.901
 246   112.813
 247    72.7379
 248   198.062
 249   130.483
 250    79.2472
 251    67.6806
 252    36.3336
 253    19.221
 254     6.88759
 255     0.49911
 256    82.2225
 257    39.463
 258    53.4453
 259    35.3916
 260     2.26014
 261    27.6668
 262    35.2354
 263    25.1599
 264   678.575
 265   691.274
 266   660.036
 267   531.8
 268   362.881
 269   310.141
 270   159.494
 271   112.195
 272  1676.55
 273  1848.37
 274  1531.75
 275  1109.59
 276   872.531
 277   652.342
 278   410.652
 279   192.211
 280  1864.61
 281  1603.07
 282  1531.39
 283  1263.73
 284   949.64
 285   642.696
 286   443.851
 287   195.485
 288  1721.69
 289  1822.28
 290  1517.75
 291  1275.36
 292   972.091
 293   801.367
 294   422.599
 295   193.165
 296  1564.05
 297  1305.78
 298  1380.55
 299  1477.7
 300  1006.01
 301   820.991
 302   396.003
 303   221.949
 304  1034.41
 305  1024.86
 306   793.252
 307   945.21
 308   659.946
 309   551.578
 310   336.733
 311   162.478
 312   281.502
 313   226.533
 314   196.381
 315   156.555
 316    69.0065
 317    76.4862
 318    23.6603
 319     3.43896
 320     6.03427
 321    41.8714
 322    58.9659
 323    59.9253
 324    42.398
 325     2.5709
 326     2.15033
 327     0.49386
 328   214.816
 329   231.048
 330   250.079
 331   258.4
 332   152.724
 333    64.3855
 334     7.17349
 335     5.45358
 336  1006.96
 337  1032.87
 338   978.435
 339   879.041
 340   709.059
 341   653.072
 342   355.712
 343   147.7
 344  1573.03
 345  1586.5
 346  1254.81
 347  1400.56
 348  1020.52
 349   776.322
 350   473.433
 351   215.26
 352  1713.86
 353  1672.29
 354  1444.9
 355  1288.61
 356  1058.2
 357   753.776
 358   549.466
 359   186.029
 360  1372.97
 361  1258.42
 362  1220.88
 363  1139.14
 364   904.056
 365   752.266
 366   500.027
 367   208.716
 368   682.307
 369   768.185
 370   666.226
 371   547.907
 372   433.099
 373   417.587
 374   142.261
 375    92.15
 376   159.925
 377   139.532
 378   143.615
 379    56.1619
 380    20.1898
 381    21.0221
 382     3.53946
 383     1.33686
 384    10.2699
 385     6.09448
 386     0
 387     0.37482
 388     0
 389     0.12101
 390     0.77088
 391     0.8391
 392    68.6732
 393    75.5262
 394    90.587
 395   100.742
 396    31.3149
 397    10.4281
 398     7.80264
 399     5.62584
 400   495.297
 401   577.858
 402   535.249
 403   306.046
 404   257.011
 405   109.922
 406    89.9357
 407    59.7532
 408  1254.24
 409  1304.77
 410  1075.77
 411   776.517
 412   687.667
 413   430.655
 414   321.733
 415   132.395
 416  1089.72
 417   826.679
 418   892.072
 419   758.559
 420   511.21
 421   382.811
 422   256.778
 423   105.453
 424   353.081
 425   361.088
 426   390.011
 427   246.132
 428   165.07
 429    79.4623
 430    74.2337
 431    29.223
 432   108.748
 433   105.388
 434    74.2695
 435    46.7905
 436    44.5756
 437     7.96504
 438     1.47695
 439     1.02517
 440    46.3794
 441    31.8852
 442    21.9209
 443     8.84108
 444     0.95904
 445     1.77021
 446     0
 447     0.09449
 448     0
 449     7.41855
 450     0.18882
 451    19.1149
 452     0.01246
 453     1.03744
 454     0
 455     0.01536
 456    61.4553
 457    42.5348
 458    31.4881
 459    17.4562
 460    16.7959
 461     0.34999
 462     0
 463     0
 464   194.109
 465   138.33
 466   180.812
 467    55.8483
 468    62.2752
 469     3.03145
 470     1.62383
 471     6.74255
 472   313.877
 473   232.434
 474   257.968
 475   207.595
 476   184.889
 477   115.565
 478    63.5212
 479    30.6885
 480   129.161
 481   115.142
 482    93.5671
 483    53.944
 484     5.67012
 485    25.5709
 486    15.692
 487     0.3672
 488    99.7716
 489    36.0448
 490    23.612
 491    44.2888
 492    43.1975
 493     2.0136
 494     1.50194
 495     0.32833
 496    29.0791
 497    27.1155
 498    15.2391
 499     0.81991
 500     1.03019
 501     0.00135
 502     0.68907
 503     0.33371
 504     0.37964
 505    26.592
 506     0.2886
 507     0.07524
 508     0.03123
 509     0
 510     1.28769
 511     0
