This file was gnenerated on 2021-06-23 10:59:45.564064 by Grant Finneman. This contains the extracted data from the Gate simulations
The edep for each bar was summed up and printed to this file. The only math operation done has been addition.

  id        edep
   0    14.614
   1     0
   2    17.2426
   3     0
   4    25.2908
   5     0.89989
   6     0
   7    24.9107
   8    18.3955
   9    14.1257
  10    67.188
  11    38.8676
  12    18.4686
  13     8.67333
  14     3.99402
  15     4.58852
  16    27.22
  17    31.9167
  18   125.423
  19    23.9596
  20    10.8712
  21    22.4333
  22     0.86012
  23     0.65116
  24    59.8353
  25   104.155
  26    35.9151
  27    37.5758
  28     5.7586
  29    34.6365
  30    25.5357
  31    12.7731
  32    31.419
  33    58.4869
  34    24.6458
  35    64.2202
  36    10.3474
  37    15.5904
  38     8.36506
  39    24.928
  40     4.55202
  41     1.868
  42     0
  43     1.46175
  44     1.45463
  45     0.61067
  46     0
  47     0
  48     7.9812
  49     0
  50     1.58116
  51     0
  52     1.27056
  53     0.96812
  54     0
  55     0.81739
  56     0.75487
  57     1.31147
  58     0
  59     1.53706
  60     1.16429
  61     0
  62     1.89774
  63     0
  64    38.2964
  65    32.2958
  66    14.7691
  67    26.5344
  68    32.6586
  69     1.69439
  70     0
  71     0.3089
  72   251.76
  73   202.258
  74   111.33
  75    85.1462
  76   124.579
  77    30.885
  78     0
  79    17.4717
  80   783.855
  81   738.536
  82   541.253
  83   577.861
  84   375.51
  85   315.904
  86   234.627
  87    89.8447
  88   564.638
  89   559.812
  90   588.699
  91   424.305
  92   376.133
  93   218.746
  94   131.974
  95    36.4577
  96   222.769
  97   221.659
  98    72.5019
  99    36.8993
 100    98.2248
 101    39.5003
 102    12.6649
 103     7.9453
 104    70.4999
 105    62.3788
 106    19.7662
 107    22.1416
 108    29.699
 109    27.1974
 110     9.02064
 111     0.46208
 112    15.7841
 113     0.85896
 114    17.0219
 115    13.1979
 116     0.78273
 117     0.88666
 118     0.28598
 119     1.03136
 120     2.12102
 121     0
 122     0
 123     6.32138
 124     0.2097
 125     1.35713
 126     0.58034
 127     0
 128    87.3312
 129    61.864
 130    34.4428
 131    70.0783
 132    28.1929
 133    10.7347
 134     0
 135     0.57985
 136   559.545
 137   720.097
 138   657.025
 139   482.647
 140   454.527
 141   212.847
 142   125.257
 143    56.0348
 144  2166.88
 145  2387.5
 146  2246.91
 147  2024.61
 148  1685.24
 149  1290.95
 150   780.409
 151   388.117
 152  2307.57
 153  2608.62
 154  2254.56
 155  1788.47
 156  1492.37
 157  1119.7
 158   627.688
 159   277.425
 160  1054.81
 161  1019.15
 162   720.803
 163   572.957
 164   416.206
 165   269.906
 166   131.828
 167    40.5226
 168   347.633
 169   347.795
 170   114.133
 171    51.4629
 172    64.1393
 173    54.2587
 174    17.123
 175     0
 176    56.7748
 177    76.0155
 178    62.7585
 179    29.2294
 180    10.5659
 181     1.25595
 182     0.90805
 183     1.3724
 184     6.41295
 185    33.2232
 186    21.4432
 187     4.98287
 188     0.00219
 189     1.06103
 190     0.62255
 191     0
 192    82.4868
 193    75.3027
 194    90.3039
 195    69.4537
 196     4.13404
 197     3.89596
 198     0
 199     0.39097
 200   539.463
 201   544.701
 202   487.984
 203   275.72
 204   342.244
 205   257.896
 206   174.327
 207    43.0284
 208  2366.62
 209  2358.99
 210  2337.99
 211  2104.55
 212  1769.73
 213  1267.26
 214   730.553
 215   357.411
 216  3525.12
 217  3534.55
 218  3291.62
 219  2741.64
 220  2125.96
 221  1758.87
 222  1013.76
 223   459.172
 224  2639.51
 225  2462.65
 226  2366.42
 227  2144.79
 228  1943.76
 229  1410.51
 230  1013.12
 231   428.624
 232   969.05
 233   817.58
 234   565.227
 235   498.214
 236   550.43
 237   384.355
 238   135.35
 239    54.7153
 240   272.822
 241   270.805
 242   277.241
 243    97.6481
 244    86.8473
 245    46.5875
 246    10.9218
 247    11.9639
 248    31.069
 249    51.8173
 250    74.8525
 251    44.8797
 252    13.0779
 253     0.76999
 254     6.36203
 255    28.3085
 256    33.8726
 257    20.3174
 258    32.3773
 259    50.864
 260    20.56
 261     1.36391
 262     0.70306
 263     0.12983
 264   182.268
 265   165.315
 266   157.562
 267   154.552
 268    73.9223
 269    22.3782
 270     6.92367
 271     2.7743
 272   840.474
 273   742.635
 274   611.657
 275   653.99
 276   457.023
 277   248.061
 278   147.118
 279    89.9886
 280  2620.59
 281  2671.93
 282  2448.22
 283  2142.89
 284  1729.76
 285  1312.26
 286   696.624
 287   345.643
 288  3314.29
 289  3322.3
 290  3112.34
 291  2523.32
 292  2076.39
 293  1513.56
 294  1001.62
 295   328.768
 296  2602.66
 297  2699.63
 298  2239.4
 299  1842.3
 300  1532.67
 301  1091.86
 302   696.239
 303   251.287
 304   523.297
 305   533.259
 306   488.749
 307   472.095
 308   422.561
 309   275.592
 310    97.7494
 311    44.4936
 312    62.685
 313   132.666
 314    98.3764
 315    38.8548
 316    34.077
 317     0.71116
 318     1.79571
 319     0.83633
 320     0.11733
 321     4.69791
 322     5.7832
 323     1.7819
 324     0.38245
 325     3.13042
 326     0.78599
 327     0.1106
 328     5.51703
 329    63.1149
 330    41.9092
 331    71.9701
 332     0.40206
 333    10.2444
 334     6.5639
 335     1.6631
 336   133.738
 337   154.812
 338   118.386
 339   102.137
 340    37.4937
 341    22.973
 342    50.536
 343    18.3597
 344   866.972
 345   945.403
 346   864.976
 347   648.38
 348   444.009
 349   349.833
 350   181.234
 351    53.0864
 352  2782.79
 353  2716.25
 354  2549.65
 355  2001.19
 356  1625.9
 357  1366.25
 358   841.759
 359   315.391
 360  2496.3
 361  2383.69
 362  2237.75
 363  2204.39
 364  1738.22
 365  1443.46
 366   796.516
 367   271.924
 368   648.704
 369   596.033
 370   613.67
 371   605.771
 372   451.763
 373   322.749
 374   225.645
 375    71.3098
 376    55.4493
 377    43.52
 378    74.8845
 379    26.55
 380    11.393
 381    12.089
 382    13.0685
 383     0.35847
 384     0
 385     2.44512
 386     0.86398
 387     1.2282
 388     1.00847
 389     2.2952
 390     0.7135
 391     0.61431
 392     0.57891
 393     2.97702
 394    17.3919
 395     0.45739
 396     0
 397     1.85201
 398    13.5254
 399     0
 400    52.4857
 401    42.6136
 402    55.7621
 403    23.5096
 404     0.48229
 405     1.58379
 406    26.258
 407    10.3578
 408   198.435
 409   131.289
 410   212.346
 411   103.272
 412    91.9249
 413    54.4257
 414    14.6803
 415     3.23124
 416   639.42
 417   728.235
 418   726.319
 419   543.11
 420   347.486
 421   205.512
 422   117.161
 423    38.2787
 424   676.866
 425   779.233
 426   690.763
 427   588.567
 428   503.619
 429   300.234
 430   201.658
 431    59.7703
 432   167.997
 433   227.349
 434    96.7037
 435   114.113
 436    66.6675
 437     4.02476
 438    22.1546
 439     0.75693
 440    37.4392
 441    56.7369
 442    22.7532
 443    15.709
 444     1.37381
 445     1.35413
 446     0.54596
 447     0
 448     0.70968
 449     0
 450     0.98122
 451     0.73481
 452     0.09231
 453     1.53298
 454     0.23949
 455     0.31943
 456     0.3704
 457     6.56376
 458    16.1396
 459    33.8932
 460     8.1877
 461     1.55341
 462     0.75693
 463     0
 464    28.463
 465    22.0917
 466    20.0344
 467    10.8216
 468     5.64886
 469     8.22873
 470     6.79325
 471     4.90236
 472    23.6578
 473   109.7
 474    47.8745
 475    18.123
 476     6.0375
 477    35.845
 478    26.4595
 479     1.64361
 480    81.0472
 481    80.0442
 482   169.379
 483   163.28
 484    43.6887
 485    11.1546
 486    26.9059
 487     2.07203
 488    75.495
 489   125.559
 490    45.1526
 491    73.5772
 492    65.7511
 493    41.3038
 494     2.21535
 495     0.55029
 496    18.8423
 497    69.4988
 498    53.0201
 499    17.7312
 500    10.3998
 501    21.7728
 502    10.1533
 503     5.91346
 504     6.92945
 505     0
 506     3.65005
 507    11.5143
 508     0.19454
 509     5.91346
 510     0.797
 511     1.22341
