This file was gnenerated on 2021-06-23 11:27:15.926055 by Grant Finneman. This contains the extracted data from the Gate simulations
The edep for each bar was summed up and printed to this file. The only math operation done has been addition.

  id        edep
   0     0
   1     1.80416
   2    15.8395
   3     0.89189
   4     0
   5     0
   6     0.4907
   7     0.50184
   8    11.3104
   9     3.30197
  10     9.74736
  11     0.77671
  12     0.77671
  13     0.00148
  14     0.76706
  15     0.00961
  16     0.71235
  17     1.2715
  18     0.75635
  19     4.71192
  20     0.47042
  21     1.4144
  22     0
  23     0.07849
  24    16.501
  25    15.9409
  26    45.4497
  27    47.8402
  28    19.2121
  29    18.0986
  30    21.056
  31     4.68539
  32   130.681
  33   154.643
  34    52.7784
  35    78.6623
  36    31.704
  37     6.98334
  38     0.63312
  39     0.82967
  40    97.6633
  41    55.4222
  42    91.3179
  43    32.3925
  44    40.6877
  45     0.7501
  46     0.90261
  47     0.68571
  48    48.8405
  49    10.428
  50    22.4922
  51     0
  52     0
  53     1.19489
  54     0.14996
  55     0.43725
  56     8.84381
  57    12.5448
  58     0.28288
  59    10.2894
  60     1.01738
  61     1.75073
  62     0.314
  63     0
  64    21.3402
  65     0
  66     0.21447
  67     0
  68     0
  69     0
  70     0
  71     0.13362
  72    22.0995
  73    14.7102
  74     1.51594
  75    17.3245
  76    13.6053
  77     0.16542
  78     0.13249
  79     0.76706
  80    59.1245
  81    74.4181
  82    34.5303
  83    27.292
  84     2.12541
  85     9.66543
  86    13.6836
  87     0.13249
  88   165.596
  89   307.76
  90   211.431
  91    76.1741
  92   106.168
  93    38.3943
  94    13.2946
  95     9.79614
  96   792.878
  97   841.276
  98   769.404
  99   674.641
 100   662.449
 101   324.819
 102   204.831
 103    38.1792
 104   738.352
 105   698.997
 106   533.471
 107   453.447
 108   519.087
 109   402.086
 110   263.548
 111    90.1133
 112   163.824
 113   200.141
 114   108.943
 115    50.8183
 116    54.6444
 117    64.6498
 118    17.2675
 119     0
 120    36.3813
 121    76.0136
 122    76.0157
 123    17.0394
 124    21.941
 125     0.7894
 126     0
 127    20.2308
 128    20.9674
 129    19.1507
 130     1.28128
 131     1.01329
 132    16.8776
 133     0.73686
 134    11.2451
 135    14.1134
 136   102.892
 137    85.3702
 138    28.6317
 139     6.40487
 140    21.1931
 141     0.53369
 142     0
 143     0
 144   166.611
 145   291.715
 146   190.978
 147    87.4962
 148   164.351
 149    43.2604
 150    15.304
 151     4.74416
 152   809.478
 153   844.344
 154   696.566
 155   504.418
 156   643.579
 157   399.8
 158   147.068
 159    59.676
 160  2204.47
 161  2291.88
 162  2166.67
 163  1822.71
 164  1671.49
 165  1302.44
 166   870.971
 167   322.547
 168  2254.25
 169  2262.59
 170  2185.86
 171  1855.43
 172  1622.59
 173  1305.02
 174   721.783
 175   315.217
 176   584.719
 177   647.874
 178   659.258
 179   535.561
 180   353.922
 181   290.012
 182   158.266
 183    63.3687
 184   104.143
 185   139.488
 186    91.0032
 187    25.3014
 188    36.4261
 189     0.52713
 190     1.76869
 191     8.98468
 192    30.2446
 193    26.9981
 194    25.2824
 195    16.9282
 196    10.8423
 197    11.078
 198     0.9205
 199     2.05902
 200   313.005
 201   207.896
 202   192.342
 203   112.415
 204    89.9373
 205    23.9703
 206    23.0055
 207     2.76574
 208   911.393
 209   735.223
 210   686.16
 211   601.857
 212   498.073
 213   223.495
 214   141.093
 215    46.7344
 216  2535.57
 217  2737.64
 218  2107.15
 219  1949.61
 220  1687.48
 221  1172.69
 222   748.666
 223   313.833
 224  3249.31
 225  3185.33
 226  2828.7
 227  2499.99
 228  1929.41
 229  1397.23
 230   816.548
 231   344.654
 232  2420.73
 233  2481.37
 234  2335.28
 235  1864.33
 236  1564.39
 237  1054.41
 238   701.007
 239   314.527
 240   699.375
 241   675.959
 242   426.135
 243   699.478
 244   306.822
 245   274.434
 246   183.435
 247    33.0412
 248   135.816
 249   109.494
 250    64.9474
 251    18.5095
 252     4.20256
 253    10.4766
 254     1.46183
 255     3.1628
 256   111.464
 257    81.5547
 258   102.307
 259    71.1168
 260    19.0196
 261    22.0068
 262     5.38954
 263     0.58711
 264   622.859
 265   649.525
 266   532.66
 267   539.499
 268   429.245
 269   270.702
 270   111.139
 271    46.8009
 272  2273.93
 273  2190.99
 274  2135.13
 275  1930.73
 276  1631.79
 277  1142.05
 278   780.139
 279   311.71
 280  3451.39
 281  3310.53
 282  2971.29
 283  2582.02
 284  2075.49
 285  1452.96
 286   826.185
 287   427.861
 288  2334.3
 289  2597.85
 290  2542.39
 291  2050.9
 292  1596.27
 293  1110.21
 294   772.094
 295   288.915
 296   939.237
 297  1020.02
 298   841.181
 299   644.132
 300   598.61
 301   315.04
 302   121.487
 303    57.168
 304   244.509
 305   263.139
 306   215.982
 307   156.338
 308    43.486
 309    21.2304
 310    11.8941
 311     1.72869
 312    70.0737
 313    46.6266
 314     9.11799
 315    28.1791
 316    23.7501
 317    40.1968
 318     0.73818
 319     0
 320    77.2534
 321    96.1535
 322    84.1283
 323    55.4931
 324    35.4188
 325    26.357
 326     5.18083
 327    13.1919
 328   860.414
 329  1026.29
 330   760.872
 331   746.157
 332   547.292
 333   335.839
 334   188.248
 335    71.6555
 336  2929.62
 337  2917.46
 338  2341.77
 339  2084.79
 340  1702.62
 341  1263.09
 342   796.756
 343   327.029
 344  2789.43
 345  2609.76
 346  2296.45
 347  2119.51
 348  1803.72
 349  1251.07
 350   659.907
 351   197.064
 352   922.973
 353  1036.28
 354   688.789
 355   406.182
 356   409.297
 357   307.136
 358   121.265
 359    41.3203
 360   203.486
 361   236.361
 362   185.786
 363    71.0742
 364    28.3124
 365    26.1192
 366     1.46293
 367     9.8102
 368   154.408
 369   102.252
 370    71.7478
 371     7.24984
 372     1.22231
 373     0
 374     0
 375     0.56146
 376     0
 377     2.02894
 378     1.21638
 379     1.56946
 380     5.60135
 381     1.05046
 382     1.73644
 383     0
 384    23.2391
 385    40.4606
 386    17.2119
 387     0.28114
 388     0.99862
 389     0
 390     0
 391     0.21899
 392   297.655
 393   246.88
 394   139.416
 395   115.559
 396    84.343
 397    27.6645
 398    16.3026
 399     4.47229
 400   737.456
 401   803.474
 402   692.33
 403   599.31
 404   423.543
 405   357.437
 406   111.411
 407    52.4225
 408   810.09
 409   860.158
 410   585.664
 411   438.591
 412   304.019
 413   188.622
 414   124.916
 415    16.4143
 416   225.975
 417   101.566
 418    55.7137
 419   115.985
 420    64.4126
 421    20.4916
 422    37.2108
 423     1.49403
 424   137.347
 425    97.9195
 426    31.422
 427    18.4417
 428    19.6907
 429     4.91565
 430     0.54622
 431     0
 432     0
 433     1.74583
 434     8.41316
 435    16.9246
 436     1.6294
 437     0.38382
 438     0.70112
 439     0.51567
 440     0.6213
 441     1.39591
 442     0
 443     0
 444     0.7056
 445     0.13713
 446     0
 447     0.05225
 448     4.24129
 449     0
 450     0.18589
 451     0.9356
 452     0.99862
 453     0
 454     0.59857
 455     0
 456    29.8882
 457    43.4759
 458     9.44813
 459    78.2441
 460    52.607
 461     5.06715
 462     0.29771
 463     0.35192
 464   102.391
 465   122.953
 466    39.5034
 467    43.5738
 468    75.4791
 469    19.9794
 470     8.68057
 471     6.3787
 472    68.8288
 473   129.697
 474    68.6743
 475    21.2496
 476    41.7139
 477     0.36017
 478     0.19419
 479     1.89427
 480    13.9215
 481    15.273
 482    13.5666
 483    28.6683
 484     1.64859
 485     8.47354
 486     1.64587
 487     2.84345
 488    41.3213
 489    19.8756
 490     0.87227
 491     0.61799
 492     0.09203
 493     2.02321
 494     0.82627
 495     1.18334
 496     0.48784
 497    13.335
 498    17.042
 499     0
 500     0.60189
 501     0.08366
 502     0
 503     0.9994
 504     0.1091
 505     0
 506     0
 507     0
 508     0.64171
 509     2.1942
 510     0.02979
 511     0
