This file was gnenerated on 2021-06-23 11:27:01.829207 by Grant Finneman. This contains the extracted data from the Gate simulations
The edep for each bar was summed up and printed to this file. The only math operation done has been addition.

  id        edep
   0     0
   1     1.01837
   2     1.6374
   3     0.99279
   4     0.96616
   5     0.301
   6     1.40796
   7     0
   8     3.7496
   9     1.15421
  10     1.20828
  11     0.56322
  12     0.91932
  13     0.34103
  14     0.13001
  15     0
  16     1.04777
  17    12.7124
  18    54.1898
  19    46.3169
  20     2.20192
  21     0.11097
  22     0.33855
  23     1.01992
  24    66.9062
  25    32.1012
  26    61.5287
  27    93.5443
  28    29.3836
  29     8.13908
  30    34.2272
  31     0.79287
  32   132.142
  33    76.2931
  34   141.615
  35   158.524
  36    47.874
  37    11.3768
  38     4.4182
  39     7.02558
  40   137.886
  41    94.4837
  42   191.799
  43    76.5196
  44    29.8577
  45    17.4391
  46     1.01884
  47     0.76292
  48    60.8127
  49    34.9061
  50     5.04336
  51     2.6115
  52     6.3836
  53    12.8482
  54     0.45423
  55     1.57775
  56    19.7355
  57    22.3507
  58     0.34774
  59     2.70421
  60     0.68296
  61     0.70104
  62     1.47759
  63     0
  64     0.74381
  65     0.07061
  66     2.60272
  67     0
  68     0
  69     0.61178
  70     0
  71     0.93296
  72    40.2694
  73    14.9546
  74     0.82326
  75     0.08722
  76     0
  77     0
  78     0.04042
  79     0.31268
  80    54.8819
  81    49.4423
  82    51.6354
  83    22.0973
  84    28.0605
  85     3.20753
  86     2.98689
  87     0.75694
  88   317.833
  89   337.077
  90   250.384
  91   175.648
  92   207.751
  93    42.0789
  94    46.7132
  95     8.73281
  96  1144.23
  97  1211.71
  98  1024.5
  99  1007.07
 100   726.39
 101   519.724
 102   280.708
 103   116.519
 104   994.547
 105   749.087
 106   656.98
 107   645.17
 108   348.259
 109   268.123
 110   149.475
 111    59.7449
 112   178.216
 113   238.219
 114   147.082
 115   138.114
 116    46.7637
 117     6.48905
 118     2.26999
 119     1.82916
 120    14.0987
 121     9.14775
 122    17.769
 123     7.07411
 124     0
 125     1.40453
 126     0.05047
 127     1.05056
 128     0
 129     0.93058
 130     0.49094
 131     0
 132     0.87075
 133     0
 134     0.03639
 135     0.83058
 136     0.68792
 137     6.04392
 138    40.5236
 139    15.5673
 140    20.2438
 141    24.8421
 142     2.00478
 143     0
 144   214.343
 145   162.576
 146   165.854
 147    55.2614
 148    32.8487
 149    20.0471
 150    30.0116
 151     4.34369
 152  1132.14
 153  1038.14
 154  1065.8
 155   623.916
 156   545.682
 157   370.468
 158   143.812
 159    26.5164
 160  3561
 161  3669.75
 162  3597.24
 163  2958.04
 164  2548.82
 165  2075.67
 166  1095.33
 167   483.517
 168  2772.66
 169  2691.23
 170  2293.73
 171  2070.1
 172  1702.11
 173  1275.11
 174   748.201
 175   305.99
 176   419.267
 177   301.288
 178   230.119
 179   217.704
 180   105.061
 181    73.4611
 182    53.4746
 183     4.56211
 184    19.0781
 185    61.5994
 186    18.6526
 187     2.4412
 188     6.7697
 189     7.2979
 190     4.54987
 191     1.04931
 192    32.0769
 193    26.0153
 194     3.87774
 195    12.0569
 196     2.66092
 197     0.54445
 198     0.44183
 199     1.46847
 200    75.0221
 201    91.2253
 202    32.724
 203    66.851
 204     8.33095
 205    42.7001
 206     0.7463
 207     0.06705
 208   512.925
 209   513.537
 210   426.057
 211   269.968
 212   277.663
 213   275.199
 214    53.7466
 215    14.7969
 216  2702.48
 217  2716.42
 218  2591.97
 219  1952.36
 220  1829.61
 221  1357.91
 222   778.929
 223   246.025
 224  3747.68
 225  3807.82
 226  3678.04
 227  3259.55
 228  2644.16
 229  2080.72
 230  1471.38
 231   544.503
 232  1594.09
 233  1446.33
 234  1110.61
 235   977.077
 236   835.454
 237   469.105
 238   291.448
 239   121.5
 240   219.732
 241   225.414
 242   146.739
 243    65.632
 244    70.3578
 245    54.7258
 246    10.995
 247     0.55217
 248    22.0616
 249    25.0014
 250     1.1885
 251     1.60181
 252     3.36636
 253     0.08574
 254     0
 255     1.41128
 256    25.9844
 257    47.3526
 258     6.46593
 259    33.7469
 260    13.1874
 261     7.37552
 262    21.0823
 263     0.48216
 264   142.924
 265   223.029
 266   252.995
 267   104.067
 268   119.468
 269    26.1748
 270    24.7807
 271     9.11547
 272  1349.87
 273  1375.81
 274  1365.25
 275  1165.68
 276   953.1
 277   732.687
 278   340.969
 279    86.3436
 280  3916.35
 281  3755.29
 282  3586.5
 283  3069.33
 284  2580.41
 285  1893.8
 286  1358.81
 287   585.554
 288  2660.36
 289  2574.59
 290  2029.42
 291  1846.1
 292  1493.12
 293   998.636
 294   612.403
 295   276.897
 296   593.379
 297   594.879
 298   368.909
 299   234.361
 300   175.406
 301    95.9538
 302    51.1093
 303    16.8252
 304   125.158
 305    82.7788
 306    59.9016
 307     7.75369
 308    61.3853
 309     3.26848
 310     2.29089
 311     1.08061
 312    34.1673
 313     0.62295
 314     0.75899
 315     0.47282
 316     0
 317     0
 318     0.69242
 319     0.46032
 320     7.37026
 321    38.4977
 322     3.73028
 323    32.0989
 324     5.45892
 325    11.1569
 326    11.6588
 327     9.95135
 328   228.896
 329   306.757
 330   233.535
 331   320.825
 332   151.738
 333   125.134
 334    56.6516
 335    27.1292
 336  2434.76
 337  2345.42
 338  2077.1
 339  2089.13
 340  1759.32
 341  1424.02
 342   919.302
 343   341.194
 344  3476.93
 345  3560.53
 346  3229.7
 347  2947.92
 348  2367.72
 349  1884.36
 350  1250.87
 351   458.675
 352  1034.3
 353  1120.89
 354  1052.36
 355   887.666
 356   518.536
 357   453.341
 358   211.764
 359    44.23
 360   224.428
 361   187.7
 362   169.937
 363   103.206
 364    30.5181
 365    50.9377
 366     5.41958
 367     4.30128
 368    23.5103
 369    80.378
 370    18.4826
 371    12.5614
 372     5.5549
 373     7.54358
 374     0.81758
 375     2.17546
 376    14.222
 377    22.658
 378     0.76415
 379     0.41745
 380     0.47282
 381     1.32879
 382     2.01942
 383     0
 384    20.6189
 385    26.7059
 386    18.8299
 387     5.28731
 388     0
 389     0.74638
 390     1.68906
 391     0
 392   215.406
 393   154.595
 394   225.527
 395   162.1
 396    55.9356
 397    25.6493
 398    40.9905
 399     2.1704
 400   950.783
 401   784.165
 402   787.763
 403   617.517
 404   478.375
 405   293.65
 406   154.397
 407    54.1881
 408  1236.74
 409  1201.03
 410  1201.73
 411  1020.67
 412   709.366
 413   553.333
 414   360.382
 415   162.475
 416   286.262
 417   385.473
 418   342.676
 419   168.856
 420    70.9073
 421    93.2185
 422    22.6508
 423     8.889
 424    29.913
 425    60.5843
 426    45.4442
 427    25.4279
 428     2.34684
 429     4.08814
 430     1.25158
 431     0
 432     1.2935
 433    22.6708
 434     0.70987
 435     8.42052
 436     0.06887
 437     0.49385
 438     0.10799
 439     0.72573
 440     8.97987
 441     0
 442     0
 443     0.46209
 444    13.2551
 445     8.94186
 446     4.9677
 447     5.09051
 448     2.69221
 449    11.168
 450     0.69533
 451     1.45633
 452     0.84349
 453     0.17534
 454     0
 455     0
 456    20.095
 457    45.7756
 458    36.0172
 459     7.80102
 460     9.8795
 461     2.93162
 462     0.02401
 463     0.02401
 464   115.783
 465    72.7663
 466   106.004
 467    64.3466
 468    58.9619
 469    18.4227
 470     4.93522
 471     5.426
 472   124.321
 473    88.2254
 474    89.3506
 475    60.0449
 476    38.6581
 477    34.6373
 478     0.75307
 479     1.48245
 480    61.8793
 481    80.11
 482    42.9648
 483    41.9448
 484    26.6039
 485     9.62211
 486    24.222
 487     2.90665
 488    24.8425
 489    51.6792
 490    36.0284
 491    16.3718
 492     8.46059
 493     0.26609
 494     0.70397
 495     0.82365
 496     0.81557
 497     0.97559
 498     1.36577
 499     1.12196
 500     0.72661
 501     0.92945
 502     0
 503     0
 504     1.47048
 505     0.55446
 506     0.37041
 507     0.37041
 508     0.75318
 509     0.49397
 510     0.42745
 511     0.11416
