This file was gnenerated on 2021-06-23 11:26:16.901325 by Grant Finneman. This contains the extracted data from the Gate simulations
The edep for each bar was summed up and printed to this file. The only math operation done has been addition.

  id        edep
   0     0
   1     0.96769
   2     0
   3     0
   4     0
   5     0.31082
   6     0.62164
   7     0.71432
   8     7.03822
   9    15.3411
  10     2.46581
  11     0.11765
  12    11.7438
  13     1.79342
  14     0.18783
  15     0.44192
  16    49.585
  17    12.8433
  18    27.0862
  19    19.5768
  20    20.6103
  21     0.39065
  22     0.75269
  23     0.56046
  24   106.624
  25    93.1042
  26   123.901
  27    69.9533
  28    56.6243
  29    23.4129
  30     0.50707
  31     1.7262
  32   205.619
  33   160.184
  34   185.299
  35    80.5573
  36    95.3425
  37    30.2217
  38    26.1642
  39     0.54437
  40    62.8858
  41    73.1486
  42    37.8193
  43    61.1083
  44    67.1379
  45    15.8748
  46     1.26656
  47     1.90303
  48    48.095
  49    49.0031
  50    24.2053
  51     5.79367
  52    12.8603
  53     0.49759
  54     1.51654
  55     1.55864
  56     0.11801
  57     0.72274
  58     0
  59     0
  60     1.20474
  61     0.56556
  62     0
  63     0.94717
  64     0.91376
  65     0
  66     0.83884
  67     1.9117
  68     2.18947
  69     0.44947
  70     0.96783
  71     1.4926
  72    22.901
  73     9.83711
  74    14.4416
  75     1.77897
  76     0.32393
  77     0.9556
  78     2.12169
  79     0.99717
  80   153.791
  81   120.851
  82    19.3731
  83    23.85
  84    53.3526
  85    17.5297
  86    22.8956
  87     1.08768
  88   629.498
  89   682.587
  90   641.079
  91   375.187
  92   318.511
  93   259.478
  94    99.4069
  95    35.2466
  96  2578.19
  97  2059.5
  98  1840
  99  1670.98
 100  1378.86
 101   984.29
 102   703.588
 103   369.811
 104   692.992
 105   478.554
 106   376.921
 107   447.82
 108   377.302
 109   164.175
 110   104.849
 111    43.7007
 112    71.1801
 113    22.6597
 114    91.7276
 115    34.104
 116    59.5594
 117     5.42805
 118    14.1887
 119     0.45063
 120     1.21391
 121     0.36727
 122     0.96083
 123     0.99332
 124     1.61972
 125     0.55461
 126     0.10961
 127     0
 128     0.11182
 129    17.0312
 130    30.2356
 131     2.05287
 132     1.34384
 133     1.72969
 134     0.53484
 135     0
 136    44.7437
 137    22.3911
 138    44.1642
 139     3.34024
 140     6.71375
 141     9.03194
 142     2.07407
 143     1.3274
 144   270.596
 145   229.555
 146   163.927
 147    50.9855
 148    36.8821
 149    33.0114
 150    14.1429
 151     1.07859
 152  1592.41
 153  1637.09
 154  1478.78
 155  1187.2
 156   939.95
 157   689.703
 158   444.1
 159   108.156
 160  4562.11
 161  4645.65
 162  4271.4
 163  4020.37
 164  3210.8
 165  2516.48
 166  1728.88
 167   715.04
 168   930.824
 169  1044.3
 170   792.503
 171   655.575
 172   526.674
 173   331.167
 174   147.578
 175    51.0275
 176   166.205
 177   171.047
 178   158.706
 179    81.7082
 180    67.1446
 181    60.3573
 182     2.64277
 183     0.10208
 184     0.18023
 185    26.7538
 186    44.1826
 187     1.23809
 188    20.6598
 189     4.49911
 190     0.38721
 191     1.21538
 192     0.87583
 193     1.49199
 194    18.8897
 195     7.35509
 196    14.0075
 197     1.32324
 198     0.97382
 199     0.90466
 200    72.9722
 201    51.4586
 202    95.8471
 203    23.0835
 204     3.31145
 205     3.93188
 206     8.64708
 207    10.3803
 208   507.008
 209   457.641
 210   400.423
 211   170.752
 212   158.063
 213   103.781
 214    17.7746
 215    16.1789
 216  3094.41
 217  3046.98
 218  2651.38
 219  1992.15
 220  1686.88
 221  1224.63
 222   879.235
 223   243.406
 224  3860.08
 225  3884
 226  3833.62
 227  3435.75
 228  2753.24
 229  1857.33
 230  1293.68
 231   477.442
 232   698.679
 233   775.869
 234   536.344
 235   338.359
 236   282.305
 237    94.6208
 238    49.4723
 239    19.7869
 240   126.896
 241    81.4463
 242    57.8321
 243    23.3417
 244    25.7605
 245    39.7461
 246     4.55295
 247     0.68778
 248     0.80914
 249     3.61374
 250     3.29665
 251     0.63404
 252     7.72204
 253    10.5036
 254     0
 255     1.47298
 256     1.1698
 257     0.99031
 258     1.70419
 259     0.45363
 260     7.99635
 261     0.45885
 262     2.48346
 263     0.70548
 264   113.342
 265    51.6979
 266    36.7152
 267    31.7959
 268    45.2538
 269    39.7607
 270     1.33467
 271     1.83784
 272   739.125
 273   707.609
 274   508.302
 275   389.681
 276   283.748
 277   129.509
 278    49.0111
 279    25.5674
 280  3864.08
 281  4101.8
 282  3566.8
 283  3265.14
 284  2615.85
 285  1859.07
 286  1105.78
 287   381.117
 288  2960.8
 289  2720.85
 290  2451.83
 291  2480.5
 292  1944.51
 293  1331.85
 294   967.518
 295   298.097
 296   472.065
 297   376.718
 298   365.985
 299   197.898
 300   179.436
 301   100.71
 302    42.646
 303     1.87147
 304    30.0278
 305    30.4214
 306    28.7856
 307    19.147
 308    74.2344
 309    17.56
 310    15.1334
 311    13.0483
 312     0.75827
 313     1.1315
 314     0
 315     0.60813
 316     0.94391
 317     0
 318     2.03977
 319     0.98596
 320     0.67717
 321     0.64178
 322     1.38278
 323     4.28603
 324     5.53217
 325     0.69777
 326     0
 327     0
 328   116.073
 329   118.187
 330    59.3648
 331    24.8615
 332    47.9649
 333     7.07735
 334     8.21374
 335     0.86738
 336   949.548
 337   914.928
 338   860.334
 339   735.605
 340   476.92
 341   246.354
 342    70.8077
 343    27.3351
 344  4445.05
 345  4247.17
 346  4351.18
 347  3774.91
 348  3069.93
 349  2490.06
 350  1644.29
 351   568.298
 352  1662.12
 353  1715.17
 354  1486.91
 355  1126.9
 356   870.257
 357   710.511
 358   438.089
 359   139.204
 360   211.847
 361   142.906
 362   105.056
 363    76.1051
 364   118.165
 365    73.8627
 366     1.40011
 367     1.2931
 368     8.49058
 369     3.18467
 370     4.00674
 371     2.75137
 372    27.0039
 373     6.11044
 374    14.1633
 375    17.5432
 376     5.93642
 377     2.60923
 378     0
 379     2.49456
 380     1.11863
 381     1.16711
 382     0
 383     0.91549
 384    18.4254
 385     0.18783
 386     1.6822
 387     0.9012
 388     0
 389     0.27488
 390     0
 391     0.11765
 392   129.92
 393    81.2319
 394    45.6868
 395    68.7913
 396    46.727
 397    16.9433
 398     3.06056
 399     2.58
 400   735.881
 401   726.915
 402   641.041
 403   528.36
 404   322.607
 405   154.607
 406    97.4807
 407    44.1288
 408  2038.32
 409  2012.95
 410  2032.96
 411  1844.85
 412  1552.91
 413  1133.97
 414   764.077
 415   296.781
 416   546.001
 417   752.444
 418   572.355
 419   436.661
 420   298.571
 421   173.926
 422   150.584
 423     5.46467
 424    61.2388
 425   141.519
 426    97.1675
 427    87.8815
 428    52.6899
 429    17.8176
 430    13.9969
 431    14.2587
 432    11.6759
 433    39.1659
 434    15.6583
 435    25.4295
 436     0.83359
 437     0.6402
 438     3.52318
 439    12.3499
 440     0
 441     0
 442     0
 443     0.5925
 444     0.76005
 445     0
 446     0.80828
 447     0
 448     0
 449     1.23673
 450     0.117
 451     0.7119
 452     7.40583
 453     0.29388
 454     0.03695
 455     5.71984
 456    29.8092
 457    10.3299
 458    56.1688
 459    15.534
 460     9.81839
 461     0
 462     1.31855
 463     0.93436
 464    82.1884
 465   104.271
 466   108.701
 467    45.0181
 468    43.2656
 469    46.7662
 470    11.4892
 471     1.81024
 472   263.46
 473   228.427
 474   124.563
 475   106.147
 476    54.396
 477    67.2266
 478     3.84204
 479     0.80006
 480   152.977
 481    78.9671
 482    70.7678
 483    99.918
 484    22.1527
 485    33.9817
 486     6.4009
 487     4.42439
 488    18.8713
 489    12.8937
 490     3.67722
 491    12.485
 492    10.8299
 493     1.68065
 494     4.8743
 495     0
 496     1.00919
 497     1.13607
 498     1.06595
 499     0
 500     0.42817
 501     0
 502     4.2663
 503     0
 504     0
 505     1.73301
 506     0.67614
 507     1.73951
 508     0
 509     0
 510     0.59066
 511     0
