This file was gnenerated on 2021-06-23 11:04:09.774990 by Grant Finneman. This contains the extracted data from the Gate simulations
The edep for each bar was summed up and printed to this file. The only math operation done has been addition.

  id        edep
   0     0
   1     0
   2     0.70977
   3     0
   4     0.0097
   5     0
   6     2.11493
   7     0.29377
   8     0.55462
   9     7.63
  10     0.29293
  11     0.87601
  12     4.69846
  13     0.90505
  14     0.65763
  15     1.18481
  16    17.3087
  17    45.9326
  18    12.6288
  19    31.1038
  20     0.51848
  21     6.49871
  22     0.79828
  23     1.18155
  24    23.7572
  25    48.9876
  26    20.4626
  27    42.5676
  28     4.20694
  29     8.01988
  30     0
  31     0
  32     6.33893
  33     4.4273
  34     8.86109
  35     1.15211
  36     3.38112
  37     0.33579
  38     0.93747
  39     0.76244
  40    10.3271
  41    20.0697
  42     0.75864
  43     0
  44     0.48349
  45     2.15098
  46     0
  47     0
  48     8.02337
  49     0.61533
  50     0
  51     0
  52     0
  53     0
  54     0
  55     0
  56     0
  57     0.86342
  58     0
  59     0
  60     0
  61     0
  62     0
  63     0
  64    35.2424
  65    29.7838
  66     8.00828
  67    34.5726
  68     1.82605
  69    28.7352
  70     0.91657
  71    10.5294
  72   145.295
  73    94.7105
  74    59.8958
  75    30.0358
  76    14.7968
  77    22.3155
  78     2.61375
  79     0.30208
  80   188.142
  81   248.376
  82   190.193
  83   180.349
  84    62.2499
  85    40.5552
  86     5.84526
  87     2.34973
  88   205.847
  89   246.157
  90   207.691
  91   161.129
  92   103.205
  93    42.6658
  94    11.6912
  95     1.24624
  96    97.4319
  97   104.449
  98    50.631
  99    56.7738
 100    39.956
 101     2.96412
 102     0
 103    24.2881
 104    76.9107
 105    83.8814
 106     9.99079
 107    39.6335
 108     2.76256
 109    13.6174
 110     8.69611
 111     1.43867
 112    11.576
 113     0.7794
 114     0.75271
 115     2.23582
 116     1.24725
 117     8.41396
 118     0.92867
 119     0
 120    13.8887
 121    11.2805
 122     0
 123     0
 124     1.37271
 125     0.0585
 126     0.52267
 127     0.35847
 128    74.1123
 129    26.7918
 130    18.8055
 131    71.109
 132    37.5379
 133    13.159
 134     0.07262
 135     2.85571
 136   524.387
 137   513.035
 138   478.212
 139   466.714
 140   277.315
 141   148.06
 142    66.166
 143    20.381
 144  1699.79
 145  1813.37
 146  1521.26
 147  1396.97
 148  1033.96
 149   708.487
 150   531.361
 151   215.631
 152  1629.06
 153  1708.35
 154  1425.12
 155  1154.65
 156   962.602
 157   786.285
 158   456.975
 159   210.9
 160   997.238
 161   913.661
 162   808.963
 163   865.998
 164   654.836
 165   424.891
 166   222.83
 167   100.905
 168   523.055
 169   487.742
 170   454.097
 171   367.633
 172   192.447
 173   106.528
 174    27.8041
 175    21.5614
 176   178.647
 177   217.812
 178   320.723
 179   182.496
 180   138.647
 181    29.4834
 182    12.8194
 183     0.43851
 184    31.6204
 185    71.2332
 186    34.0639
 187    37.2248
 188    10.7883
 189    26.0969
 190     5.82826
 191     5.22273
 192   147.56
 193   152.754
 194   181.088
 195   100.636
 196    59.0668
 197    26.2135
 198     4.33455
 199    26.7422
 200   842.255
 201  1033.34
 202   777.333
 203   774.96
 204   563.852
 205   350.07
 206   291.077
 207   112.477
 208  2677.63
 209  2971.2
 210  2594.16
 211  2096.18
 212  1681.71
 213  1399.9
 214   872.308
 215   442.859
 216  2950.26
 217  2778.55
 218  2824.86
 219  2299.42
 220  1940.91
 221  1483.48
 222   712.118
 223   313.78
 224  2967.28
 225  2648.44
 226  2515.62
 227  2216.43
 228  1968.92
 229  1489.92
 230   924.78
 231   394.954
 232  2370.74
 233  2163.35
 234  2065.42
 235  2018
 236  1856.09
 237  1284.24
 238   702.614
 239   271.426
 240  1012.25
 241  1038.3
 242   845.294
 243   765.429
 244   610.948
 245   410.269
 246   224.876
 247    74.4018
 248    75.3785
 249   145.327
 250    75.5984
 251    64.663
 252     2.1194
 253     0.06306
 254     0
 255     0
 256   110.857
 257   170.617
 258   140.544
 259    50.0849
 260    21.9271
 261    18.1763
 262     0
 263     0.5456
 264   939.096
 265   923.892
 266  1038.92
 267   736.694
 268   597.154
 269   477.096
 270   367.355
 271    99.4308
 272  2344.37
 273  2428.68
 274  2116.45
 275  1893.66
 276  1523.46
 277  1043.66
 278   784.974
 279   274.603
 280  2683.34
 281  2390.55
 282  2378.96
 283  2212.57
 284  1880.93
 285  1563.41
 286   924.955
 287   352.826
 288  3094.31
 289  2894.17
 290  2695.19
 291  2374.72
 292  2009.87
 293  1501.16
 294   876.712
 295   341.903
 296  2776.66
 297  2625.04
 298  2568.03
 299  2240.25
 300  1693.94
 301  1212.33
 302   914.715
 303   406.309
 304  1090.83
 305  1034.49
 306   899.066
 307   677.039
 308   552.054
 309   358.919
 310   280.988
 311    74.2658
 312    57.5097
 313    89.8296
 314   115.195
 315   123.922
 316    49.4803
 317     4.16941
 318     0.79952
 319     2.40068
 320    44.6131
 321    49.0971
 322    58.4273
 323    26.6178
 324     9.47673
 325     0.85356
 326     8.44308
 327     0.45634
 328   146.443
 329   161.735
 330   191.368
 331    67.9826
 332    61.9377
 333    29.5959
 334     9.7169
 335     2.13398
 336   437.247
 337   450.039
 338   349.044
 339   426.208
 340   190.756
 341   130.16
 342    56.4565
 343    20.5352
 344   941.144
 345   965.176
 346   786.438
 347   741.468
 348   731.354
 349   398.442
 350   247.234
 351   111.581
 352  1519.49
 353  1605.5
 354  1224.06
 355  1007.24
 356  1002.44
 357   643.861
 358   336.039
 359    87.8003
 360  1720.82
 361  1637.17
 362  1532.79
 363  1460.18
 364  1154.15
 365   892.63
 366   621.794
 367   246.333
 368   476.74
 369   450.135
 370   599.926
 371   271.562
 372   224.347
 373   149.01
 374    64.0754
 375     1.13369
 376    51.8071
 377    72.5028
 378   114.589
 379    40.8834
 380    30.174
 381     9.82528
 382     6.07297
 383     3.86438
 384     2.84828
 385     2.34861
 386     0.82211
 387     1.40322
 388     0.21554
 389     1.76847
 390     1.87624
 391     6.50551
 392    57.0907
 393    39.1307
 394    29.5913
 395    23.0029
 396    17.172
 397     0.72498
 398     0
 399     0
 400    69.1624
 401   145.621
 402   129.814
 403    28.6279
 404    10.5143
 405     0.76578
 406     0
 407     0
 408   128.222
 409   122.808
 410   145.762
 411   144.856
 412    77.7608
 413     9.74892
 414     4.88548
 415    23.5162
 416    86.1366
 417   262.068
 418   127.135
 419   159.264
 420    69.7731
 421    48.1297
 422     0.65724
 423     1.95149
 424   133.219
 425   245.76
 426   200.663
 427   102.084
 428    64.638
 429    66.2114
 430     8.42778
 431     3.87713
 432   139.431
 433   168.401
 434   114.283
 435    57.3339
 436    90.6699
 437    48.4247
 438    10.7581
 439     1.04078
 440     2.00972
 441    24.222
 442    31.482
 443     4.9047
 444     1.41352
 445     1.43866
 446     3.61081
 447     2.58383
 448     0
 449     2.4474
 450     0.25351
 451     0
 452     0
 453     0
 454     0.06913
 455     0
 456     0.3109
 457     0
 458     0.86881
 459    30.0076
 460     9.92558
 461     1.36005
 462     0.14884
 463     0.84924
 464     2.98647
 465     2.92449
 466    30.693
 467     1.32314
 468     0
 469     0
 470     0
 471     0.72384
 472    32.7688
 473    33.3462
 474    12.2209
 475     1.22279
 476     0
 477     1.10436
 478     0.28793
 479     0.09795
 480    12.3881
 481     4.62142
 482     8.65865
 483     0.41852
 484    13.7195
 485    12.9026
 486     1.74052
 487     0.34842
 488     2.54798
 489    27.4924
 490    11.5425
 491     1.34559
 492     4.89704
 493     0
 494     0
 495     1.68282
 496     7.03476
 497    16.0427
 498     3.32427
 499    21.3006
 500    11.6407
 501     2.04251
 502     4.04503
 503     2.77508
 504    17.0094
 505    22.6498
 506     0.92404
 507     0.43971
 508     2.24057
 509     0.70568
 510     0
 511     0
