This file was gnenerated on 2021-06-23 10:47:41.439174 by Grant Finneman. This contains the extracted data from the Gate simulations
The edep for each bar was summed up and printed to this file. The only math operation done has been addition.

  id        edep
   0     0
   1     1.52668
   2     0
   3     1.43308
   4     0.71654
   5     1.43082
   6     0
   7     1.11254
   8     0
   9     0
  10     0
  11     0
  12     0
  13     0
  14     0
  15     2.03737
  16     0.57133
  17     0
  18     0.30193
  19     1.41501
  20     0
  21     2.08537
  22     0
  23     1.80422
  24     0.90939
  25     2.29614
  26     4.2434
  27    12.9972
  28     7.09619
  29     1.93291
  30     0
  31     0.93498
  32     0
  33    19.5626
  34     3.64839
  35     4.5681
  36     3.66353
  37     0.92323
  38     0.9571
  39     0
  40    32.6468
  41    42.7803
  42     0.32457
  43     0
  44     0.9758
  45     0.30918
  46     0.04024
  47     0.92963
  48    21.0054
  49     5.13935
  50     0.59043
  51     1.38327
  52     0.88189
  53     0.81149
  54     0.90898
  55     0
  56     0.26143
  57     0.92827
  58     0.96784
  59     0.30548
  60     0
  61     0.69691
  62     0
  63     5.06948
  64     0
  65    17.7341
  66     0.09712
  67     1.94952
  68     6.22095
  69     0.66743
  70     1.62024
  71     0.50124
  72    14.0753
  73    26.9388
  74    12.8853
  75     5.32709
  76    16.167
  77     3.34474
  78     0.83504
  79     0.92102
  80    57.7389
  81    57.2063
  82    52.2568
  83    27.5468
  84    29.9193
  85     8.10378
  86     8.3325
  87    13.3004
  88   129.789
  89    72.9014
  90    39.755
  91    33.8812
  92    48.7016
  93    27.522
  94     3.16485
  95     0.08083
  96    77.5735
  97    87.0994
  98    66.2577
  99    44.5649
 100    21.1717
 101    18.5983
 102    15.9171
 103     2.29508
 104    39.2617
 105    65.0666
 106    75.854
 107    47.2413
 108     1.39462
 109     2.30769
 110    17.7449
 111    28.7985
 112    21.742
 113     8.3871
 114     6.37338
 115    25.4293
 116     0
 117     7.8785
 118     1.87869
 119     1.70652
 120     0
 121     0.20579
 122     0
 123     1.28616
 124     0
 125     0.00939
 126     0.23308
 127     0.39838
 128     0.14742
 129     3.12441
 130    17.8467
 131    16.0964
 132    53.8008
 133     8.24593
 134     0.21873
 135     1.27775
 136    70.1661
 137   151.789
 138   124.469
 139    53.5424
 140    42.5898
 141     1.74586
 142     0.56354
 143     0
 144   473.382
 145   466.584
 146   297.035
 147   312.665
 148   158.546
 149    45.4187
 150     7.9022
 151     9.81078
 152   719.516
 153   597.62
 154   449.691
 155   302.569
 156   297.675
 157   122.445
 158    30.3903
 159     5.57553
 160   732.473
 161   689.061
 162   624.21
 163   413.24
 164   302.795
 165   128.128
 166    34.1071
 167     6.6409
 168   432.237
 169   499.597
 170   359.328
 171   273.766
 172   220.94
 173    72.1851
 174    46.1239
 175     3.45337
 176    94.426
 177    97.6373
 178   127.666
 179    55.6937
 180    51.6227
 181    21.5519
 182     0
 183     0.68278
 184    11.6203
 185    28.4452
 186     0.82151
 187    23.3277
 188     7.90567
 189     3.97905
 190     0.63393
 191     0.49612
 192    11.0105
 193    28.7823
 194    66.6245
 195    12.0805
 196    12.1539
 197     7.79408
 198     4.28529
 199     6.70276
 200   483.614
 201   438.142
 202   198.066
 203   229.507
 204   108.981
 205    48.1486
 206     9.80859
 207     1.53613
 208  3005.47
 209  3148.81
 210  2601.88
 211  2377.62
 212  1897.91
 213  1379.68
 214   863.176
 215   297.829
 216  5109.01
 217  4941.29
 218  4411.08
 219  4033.76
 220  3210.54
 221  2432.09
 222  1441.89
 223   549.269
 224  4972.79
 225  5141.92
 226  4643.61
 227  4140.15
 228  3552.42
 229  2379.2
 230  1572.66
 231   681.921
 232  2802.81
 233  2824.78
 234  2575.82
 235  2260.29
 236  2078.06
 237  1403.8
 238   841.032
 239   300.994
 240   470.237
 241   382.925
 242   331.238
 243   198.186
 244   101.823
 245    88.1918
 246    36.1966
 247     3.87895
 248    37.5688
 249    16.2573
 250     2.56572
 251    26.1967
 252     6.00107
 253     5.5206
 254     1.11066
 255     0.68061
 256     6.67337
 257    34.3161
 258    42.3949
 259    14.7648
 260    15.7369
 261     0.1844
 262     0.00116
 263     0
 264   327.157
 265   354.368
 266   375.537
 267   264.19
 268    80.1364
 269    51.2031
 270     9.60359
 271    25.4176
 272  2906.31
 273  2853.56
 274  2257.46
 275  1994.91
 276  1954.86
 277  1398.91
 278   996.043
 279   377.439
 280  5111.87
 281  4957.71
 282  4522.94
 283  3995.85
 284  3705.58
 285  2750.56
 286  1604.07
 287   603.765
 288  5689.53
 289  5363.58
 290  4979.96
 291  4358.93
 292  3545.5
 293  2616.77
 294  1604.56
 295   722.285
 296  2748.16
 297  2826.96
 298  2376.51
 299  2052.25
 300  1569.65
 301  1487.51
 302   740.583
 303   329.396
 304   371.636
 305   421.015
 306   394.417
 307   193.171
 308    68.2857
 309    58.755
 310    59.0401
 311     1.8691
 312    91.2978
 313    25.3156
 314    30.7576
 315    29.6439
 316    31.9095
 317     8.03471
 318     0
 319     0.66988
 320    10.1734
 321     5.87301
 322    27.2848
 323     0.2078
 324    18.2063
 325     0.87383
 326     0.94074
 327     0
 328   108.244
 329   147.063
 330   128.875
 331    41.2405
 332    35.5682
 333     3.29732
 334     1.10561
 335     1.36592
 336   392.676
 337   463.561
 338   271.473
 339   331.442
 340   258.54
 341    81.7618
 342    22.7805
 343    14.4646
 344   765.41
 345   761.07
 346   610.552
 347   355.237
 348   181.409
 349   137.024
 350   118.482
 351    47.3674
 352   808.973
 353   775.132
 354   639.912
 355   553.423
 356   242.593
 357   135.43
 358   139.063
 359    40.8823
 360   475.599
 361   358.924
 362   354.112
 363   165.565
 364   210.557
 365    52.4204
 366    19.9036
 367    49.3906
 368    72.5161
 369   107.472
 370    69.1479
 371    92.083
 372    11.3314
 373     9.19977
 374     6.01015
 375     3.34415
 376     2.22448
 377     2.69462
 378     1.63121
 379     0.90493
 380     0
 381     4.30864
 382     0
 383     1.0465
 384     6.49683
 385     4.31431
 386     0.84204
 387     0
 388     1.51264
 389     1.92205
 390     0
 391     0.47481
 392    37.3573
 393    43.7149
 394     1.55173
 395     1.59417
 396     0.14234
 397     0.64881
 398     0.94074
 399     0
 400    55.4286
 401    24.1101
 402    17.0871
 403    13.7497
 404     9.21514
 405    39.9581
 406     0
 407     1.69936
 408   134.345
 409   135.034
 410    67.5705
 411    38.4401
 412    50.1252
 413    51.2115
 414    17.0231
 415     0.71964
 416    89.5292
 417    91.4756
 418   132.759
 419    52.6088
 420    17.3863
 421    17.2528
 422    14.9436
 423     0.86179
 424    66.4273
 425     7.71458
 426    23.8114
 427     1.65238
 428     1.38071
 429     1.37924
 430     0.75664
 431     2.2689
 432     1.39143
 433     0.99143
 434    31.2392
 435    53.7619
 436    17.4581
 437     1.38113
 438     0.9264
 439     0
 440     0
 441    12.1656
 442     8.75387
 443     7.42377
 444     5.78363
 445     3.27798
 446     0.47017
 447     1.16785
 448     0
 449     0.48738
 450     0
 451     0.21035
 452     0
 453     1.19959
 454     2.07327
 455     0
 456     0
 457     0
 458     1.51075
 459     0.88523
 460     0.9014
 461     0.49558
 462     0
 463     0
 464    27.283
 465     2.61425
 466     0
 467     0.93869
 468     0
 469     0
 470     0
 471     0
 472    11.694
 473     2.39105
 474     7.4075
 475     8.65608
 476     0
 477     0.429
 478     0.16349
 479     0.25237
 480     0.35618
 481     1.85164
 482    13.2929
 483     0
 484     0.14234
 485     2.01232
 486     0.42856
 487     0.12612
 488     0.9388
 489     1.58126
 490     0.63418
 491     0
 492     0
 493     0.90723
 494     0
 495     1.87982
 496     0.70988
 497     0.02725
 498     0.34676
 499     1.25197
 500     1.4208
 501     0
 502     0.72515
 503     0.40958
 504     1.17883
 505     0.44288
 506     0.61445
 507     3.56429
 508     0
 509     0.17598
 510     0.18189
 511     0
