This file was gnenerated on 2021-06-23 11:19:00.869286 by Grant Finneman. This contains the extracted data from the Gate simulations
The edep for each bar was summed up and printed to this file. The only math operation done has been addition.

  id        edep
   0     0
   1     0.86493
   2     0.5374
   3     0
   4     0.86782
   5     1.39232
   6     0
   7     0.40779
   8     0
   9     3.98318
  10    14.2143
  11    22.1299
  12     3.51746
  13    19.439
  14     9.40218
  15     0.52016
  16    22.4707
  17    56.2358
  18    16.5709
  19     1.97271
  20     4.39872
  21     1.50803
  22     0
  23     0.76416
  24    51.059
  25    32.9667
  26    52.6268
  27    27.3685
  28    19.7336
  29     3.46304
  30     4.91547
  31     1.54725
  32    98.0489
  33    61.6956
  34    43.9686
  35    18.8179
  36    18.0222
  37     2.32993
  38     0.90648
  39     0.44552
  40    42.2918
  41    76.7201
  42    33.8279
  43    26.1183
  44    30.9913
  45     0
  46     4.16471
  47     0.06584
  48    21.203
  49    29.9368
  50     1.56008
  51     2.27724
  52    26.1244
  53     0
  54     1.51189
  55     0.64986
  56    20.3159
  57     0
  58     0
  59     0.68274
  60     0
  61     0
  62     0.76343
  63     0.08375
  64     1.80984
  65    44.3424
  66     6.88985
  67    22.1651
  68    23.3754
  69    14.0393
  70    12.1063
  71     1.03956
  72    79.198
  73   111.779
  74    66.8142
  75    26.5607
  76    27.8477
  77    22.5716
  78     8.51883
  79    10.8142
  80   252.209
  81   176.515
  82   158.175
  83   132.799
  84   101.82
  85    31.3352
  86    61.7095
  87     2.55151
  88   439.71
  89   449.011
  90   300.345
  91   221.543
  92   130.03
  93   148.718
  94    34.153
  95     4.08613
  96   725.445
  97   718.958
  98   533.126
  99   474.357
 100   449.484
 101   237.583
 102   112.475
 103    22.6967
 104   603.565
 105   566.843
 106   428.449
 107   363.742
 108   316.064
 109   179.248
 110   141.969
 111    58.909
 112   108.592
 113    90.1756
 114    29.0829
 115    63.204
 116    73.2036
 117     9.89833
 118    26.174
 119    26.1992
 120     9.27914
 121    15.6803
 122     1.70543
 123     1.60986
 124     0.90379
 125     1.49635
 126     0.24652
 127     0
 128    27.4184
 129    20.6855
 130    55.9432
 131    83.3144
 132     5.80403
 133     1.56446
 134     1.86588
 135     1.27311
 136   490.869
 137   540.558
 138   378.192
 139   420.553
 140   302.039
 141   214.732
 142   133.126
 143    47.563
 144  1439.43
 145  1277.07
 146  1254.38
 147   996.52
 148   828.798
 149   625.431
 150   467.089
 151   161.525
 152  1800.69
 153  1928.17
 154  1793.16
 155  1401.14
 156  1048.49
 157   988.505
 158   576.03
 159   180.361
 160  2014.43
 161  1902.8
 162  1725.86
 163  1696.36
 164  1109.64
 165   736.183
 166   480.326
 167   137.767
 168  1646.6
 169  1503.21
 170  1341.76
 171  1138.58
 172   947.054
 173   685.176
 174   507.918
 175   176.764
 176   308.802
 177   286.053
 178    97.6
 179    81.1264
 180   157.405
 181    61.5596
 182    67.2458
 183     2.41889
 184    14.2085
 185    49.4981
 186     9.01277
 187    31.4852
 188    27.4173
 189     0
 190     1.9526
 191     0.88374
 192   120.882
 193    30.1838
 194   100.636
 195    33.0202
 196    72.3613
 197     0.68995
 198     0
 199     0.91465
 200   752.086
 201   629.066
 202   563.877
 203   517.052
 204   504.954
 205   432.153
 206   176.527
 207    59.1354
 208  1975.34
 209  2139.57
 210  1989.57
 211  1704.9
 212  1348.57
 213   991.017
 214   607.321
 215   215.531
 216  2469.55
 217  2356.03
 218  2146.96
 219  1698.28
 220  1366.03
 221  1186.78
 222   659.629
 223   220
 224  2605.58
 225  2281.33
 226  2259.39
 227  1735.03
 228  1542.57
 229  1074.75
 230   524.927
 231   157.05
 232  2004.19
 233  2038.45
 234  1780.32
 235  1386.75
 236  1050.55
 237   831.809
 238   526.899
 239   195.42
 240   560.154
 241   507.137
 242   296.71
 243   215.181
 244   156.265
 245    91.9823
 246    53.5114
 247    22.435
 248   102.14
 249   128.194
 250    38.6219
 251    31.438
 252    23.2658
 253    10.351
 254     1.53726
 255     0.64749
 256   133.066
 257    98.604
 258    70.6456
 259    69.8007
 260    38.9354
 261     1.74757
 262     1.94928
 263    12.0671
 264   468.363
 265   320.005
 266   322.624
 267   223.49
 268   192.136
 269   162.449
 270    95.5621
 271    28.8913
 272  1900.17
 273  1906.82
 274  1628.89
 275  1494.93
 276  1258.4
 277   896.379
 278   707.293
 279   321.531
 280  2355.17
 281  1913.05
 282  2020.89
 283  2014.42
 284  1591.55
 285  1106.42
 286   625.556
 287   338.077
 288  2533.07
 289  2301.22
 290  2119.18
 291  1793.16
 292  1281.73
 293   869.08
 294   487.321
 295   186.545
 296  1950.35
 297  2392.82
 298  2216.43
 299  1848.15
 300  1424.73
 301  1067.18
 302   604.681
 303   231.899
 304   685.212
 305   625.653
 306   599.218
 307   540.229
 308   283.057
 309   308.057
 310   146.556
 311    59.0916
 312    79.8656
 313   105.163
 314    50.7151
 315    22.0321
 316    22.7913
 317    25.6235
 318     0.05132
 319     0.03513
 320     7.15448
 321    17.4041
 322    18.5614
 323    52.6698
 324     1.14448
 325     0
 326     1.01658
 327     1.7977
 328   193.546
 329   182.795
 330   181.08
 331   104.931
 332   100.667
 333    52.2404
 334    23.1508
 335    10.0639
 336  1389.64
 337  1286.74
 338  1276.57
 339  1030.91
 340   870.064
 341   773.867
 342   423.21
 343   136.361
 344  1973.24
 345  2146.36
 346  2251.63
 347  1567.37
 348  1244.72
 349  1142.56
 350   686.764
 351   345.092
 352  2078.18
 353  1949.94
 354  1993.38
 355  1463.91
 356  1102.61
 357   804.165
 358   510.064
 359   269.934
 360  1533.05
 361  1474.27
 362  1308.29
 363  1090.84
 364   893.454
 365   653.374
 366   380.794
 367   158.615
 368   462.656
 369   594.106
 370   505.749
 371   482.321
 372   345.421
 373   277.986
 374   106.472
 375    44.0945
 376    35.6763
 377    48.4253
 378    55.3735
 379    28.1108
 380    15.6152
 381    14.5631
 382    18.085
 383     0.28545
 384     1.5267
 385    10.4081
 386    21.4477
 387    21.138
 388    12.9249
 389    17.0065
 390     0
 391     0.52618
 392    35.9515
 393    74.8451
 394    67.0447
 395    66.4422
 396    30.5108
 397    21.9507
 398     5.47748
 399    14.6603
 400   588.724
 401   474.784
 402   451.504
 403   472.732
 404   352.602
 405   158.168
 406    73.4824
 407    16.8814
 408   855.04
 409   850.185
 410   590.63
 411   600.838
 412   459.367
 413   290.897
 414   112.731
 415    57.5065
 416   404.396
 417   432.485
 418   352.174
 419   305.87
 420   190.765
 421   129.931
 422    35.6161
 423     6.916
 424   214.386
 425   272.539
 426   144.137
 427   174.19
 428   126.362
 429    85.7896
 430    33.4035
 431     1.15456
 432    98.9665
 433   102.144
 434   107.595
 435    52.2258
 436    63.0986
 437    39.3746
 438     7.11594
 439     9.83464
 440    11.0408
 441    72.8325
 442    42.4708
 443    58.5534
 444     2.88936
 445     0.50206
 446     1.41045
 447     1.60958
 448     0
 449     0.99183
 450    24.5579
 451    18.2082
 452    15.2784
 453    14.2789
 454     0.20804
 455     0
 456    34.832
 457    10.4468
 458    15.1657
 459    24.9506
 460    14.2985
 461     4.45212
 462     0.82218
 463     0.5392
 464   111.172
 465   106.67
 466    64.484
 467    18.3865
 468    29.4708
 469     7.40182
 470     0.65148
 471     0
 472   114.751
 473    76.7608
 474    71.5646
 475    24.5732
 476     4.07653
 477     3.27983
 478     3.4436
 479     3.07829
 480    53.3119
 481   118.303
 482    71.3135
 483    27.4571
 484    18.7804
 485    23.8103
 486     2.54811
 487     0.90735
 488    43.7423
 489    50.4963
 490    20.6978
 491    18.8241
 492    37.708
 493    22.9646
 494     0.7918
 495     1.80785
 496    33.0135
 497    39.7429
 498    19.4352
 499    14.0754
 500     3.59299
 501     1.07213
 502     0.31129
 503     0.98513
 504    15.9246
 505    21.355
 506    23.7189
 507    20.8505
 508     3.101
 509     0.68765
 510     0.34803
 511     4.7634
