This file was gnenerated on 2021-06-23 11:07:15.947165 by Grant Finneman. This contains the extracted data from the Gate simulations
The edep for each bar was summed up and printed to this file. The only math operation done has been addition.

  id        edep
   0     1.77035
   1     2.45452
   2     0.01716
   3     0
   4     0.01716
   5     0
   6     0.27103
   7     0.56581
   8     1.04594
   9     0
  10     0
  11     0
  12     0
  13     6.30749
  14    12.893
  15     0.32467
  16    35.0254
  17    36.1726
  18    36.6981
  19    12.9595
  20     6.22516
  21     0.6631
  22     0
  23     0.32643
  24    14.681
  25    26.7857
  26    16.751
  27     1.68667
  28     3.68837
  29     4.68118
  30     2.07804
  31     0
  32    56.7253
  33    52.8864
  34    54.7456
  35    42.1149
  36    11.076
  37     2.39093
  38     2.62192
  39     0.34341
  40    11.2867
  41    25.4297
  42    25.1594
  43     0.98819
  44    11.3994
  45     0.69104
  46     0.52333
  47     1.49256
  48    11.2166
  49     2.07596
  50     3.84209
  51     5.83322
  52     6.48933
  53     0.99441
  54    12.377
  55     0
  56     1.52467
  57     0.53397
  58     1.55185
  59    25.1987
  60     0.70037
  61     0.88824
  62     1.69547
  63     0
  64     9.84817
  65    25.4055
  66     0.82207
  67    23.9401
  68     0.94154
  69     0.90039
  70     0.70845
  71     0
  72    18.2105
  73    57.6667
  74    50.6839
  75    35.0511
  76    41.8119
  77    17.6153
  78    10.459
  79     1.40693
  80   139.208
  81   224.893
  82   152.576
  83    99.9749
  84   103.489
  85    28.3797
  86     1.9776
  87    22.8131
  88   416.238
  89   439.429
  90   185.175
  91   146.578
  92   116.925
  93    66.9221
  94     5.48288
  95     4.48344
  96   368.567
  97   449.483
  98   344.947
  99   121.084
 100   163.129
 101    82.7725
 102     1.68921
 103     0.53914
 104   121.241
 105   139.343
 106   153.751
 107    73.4496
 108    48.8376
 109     9.46111
 110    14.9089
 111     2.75505
 112    43.4549
 113    45.28
 114    48.841
 115    28.0478
 116    22.7549
 117     2.1695
 118    25.5352
 119     1.5178
 120     0.87611
 121    45.5105
 122    13.5235
 123     8.55297
 124     3.11368
 125     0.43735
 126     0.29276
 127     0.29276
 128    46.6384
 129    35.6154
 130     6.12437
 131    26.1552
 132     0.51049
 133     0
 134     0.97175
 135     0
 136    89.4064
 137   109.25
 138    90.1148
 139    43.9118
 140    38.8977
 141    17.9541
 142     3.49235
 143     2.48644
 144  1002
 145   968.642
 146   784.661
 147   676.611
 148   509.756
 149   361.603
 150   213.362
 151   129.712
 152  2309.15
 153  2496.13
 154  2218.02
 155  2052.95
 156  1588.01
 157  1096.71
 158   726.482
 159   280.234
 160  2213.91
 161  2111.28
 162  1987.38
 163  1722.72
 164  1358.03
 165   915.646
 166   641.566
 167   246.898
 168   817.487
 169   917.747
 170   798.862
 171   659.473
 172   675.213
 173   320.049
 174   159.556
 175    48.1561
 176   150.474
 177   196.287
 178   117.346
 179    65.8795
 180    55.6656
 181     9.68108
 182    18.6559
 183     6.47632
 184    13.2462
 185    12.6026
 186    18.7624
 187    11.7674
 188     6.96634
 189     0.20208
 190     0.05631
 191     0.12327
 192     7.12002
 193    45.6368
 194    19.2653
 195    11.8403
 196    19.8292
 197     3.40409
 198     0.47667
 199     0.07568
 200   199.691
 201   271.094
 202   212.064
 203    93.3369
 204    53.7535
 205    29.2924
 206     1.6351
 207     0
 208  1728.87
 209  1788.32
 210  1538.43
 211  1154.35
 212   771.864
 213   613.637
 214   341.038
 215   143.674
 216  4542.82
 217  4276.21
 218  4157.02
 219  3602.41
 220  2723.67
 221  2144.4
 222  1306.83
 223   580.527
 224  4075.43
 225  4147.09
 226  3674.14
 227  3320.83
 228  2829.85
 229  2043.38
 230  1407.56
 231   554.84
 232  1755.03
 233  1700.67
 234  1405.64
 235  1137.01
 236   847.181
 237   590.568
 238   370.202
 239   132.398
 240   287.967
 241   229.209
 242   131.9
 243   114.885
 244    57.6018
 245    29.0148
 246     8.0293
 247     0.71252
 248    13.713
 249     4.88179
 250     8.47806
 251     0
 252     6.52476
 253    13.2895
 254     2.75072
 255     3.48356
 256     8.00975
 257    42.2561
 258     9.56752
 259     8.22229
 260    11.4645
 261     1.59658
 262     0
 263     0.46561
 264   259.654
 265   303.936
 266   165.037
 267   100.615
 268    36.6699
 269    17.9807
 270     2.02873
 271     1.39762
 272  1648.66
 273  1540.29
 274  1542.84
 275  1285.85
 276  1002.05
 277   960.842
 278   426.536
 279   168.107
 280  4168.53
 281  4253.24
 282  3970.26
 283  3740.49
 284  3219.07
 285  2138.3
 286  1245.62
 287   537.857
 288  4003.18
 289  3862.97
 290  3683.56
 291  3159.19
 292  2816.13
 293  2038.34
 294  1344.32
 295   535.187
 296  1593.47
 297  1594.76
 298  1081.71
 299   954.333
 300   787.478
 301   549.937
 302   293.089
 303   126.591
 304   164.974
 305   117.779
 306    44.7232
 307    95.7209
 308    58.0813
 309     4.86512
 310    21.4557
 311     3.89018
 312    26.9472
 313     5.03404
 314     0.74264
 315    14.2789
 316    20.648
 317     1.61564
 318     0
 319     1.2987
 320     6.03585
 321     3.30118
 322    16.6616
 323    32.5022
 324     0
 325     0
 326     0.02564
 327     0.33576
 328   124.41
 329   133.238
 330   146.191
 331    74.5377
 332    33.5963
 333    20.0175
 334     1.00759
 335     4.53936
 336   935.789
 337   910.76
 338   833.15
 339   787.487
 340   581.673
 341   479.951
 342   228.933
 343   153.235
 344  2242.51
 345  2383.31
 346  2136.51
 347  1907.64
 348  1797.35
 349  1253.69
 350   777.565
 351   287.424
 352  1990.14
 353  2226.16
 354  2001.2
 355  1873.99
 356  1552.58
 357  1058.6
 358   793.033
 359   293.229
 360   696.944
 361   697.049
 362   596.034
 363   493.596
 364   428.179
 365   261.801
 366   218.712
 367    83.5908
 368   143.949
 369   163.443
 370   111.896
 371    73.0687
 372    67.7357
 373     4.65061
 374     9.79544
 375     5.27233
 376     1.00352
 377     0.78662
 378     1.14983
 379     4.28721
 380    12.2659
 381     2.54883
 382     9.34816
 383    16.1253
 384     4.53561
 385     0.22818
 386    25.135
 387    16.7723
 388     1.38594
 389     0
 390     0
 391     0.44323
 392    57.8046
 393    20.4601
 394    16.499
 395    31.8123
 396    19.9051
 397     0.54088
 398     8.25726
 399    19.2888
 400    98.7752
 401   204.585
 402   152.074
 403   149.468
 404     7.12074
 405    30.1892
 406    29.8988
 407     0
 408   418.869
 409   382.387
 410   408.022
 411   226.27
 412    67.8694
 413    55.8306
 414    28.9742
 415     0.85209
 416   324.709
 417   374.023
 418   248.509
 419   175.846
 420   152.778
 421    43.0628
 422     2.00642
 423    10.8216
 424    92.0228
 425    70.9905
 426    66.9939
 427    65.2432
 428   101.683
 429     0.89118
 430     1.30277
 431     1.88988
 432     7.06014
 433    35.135
 434    16.6314
 435     8.96331
 436    33.1031
 437     5.88415
 438     5.2275
 439     2.53392
 440     0.04919
 441     0
 442     0.89771
 443     0
 444     0
 445     0.30915
 446     0.56486
 447    11.1436
 448     0
 449     0.81464
 450     0.95226
 451     0.30052
 452     0
 453     0.26215
 454     2.27199
 455     0.10033
 456     5.17033
 457    25.6835
 458    31.3346
 459    35.4964
 460    10.832
 461     5.93244
 462     5.22849
 463     0
 464    22.2055
 465    27.6525
 466     4.82021
 467     0
 468     0.44722
 469     0.02648
 470     6.72679
 471     7.33159
 472    44.7001
 473    36.5065
 474    48.617
 475     5.60381
 476     0.48479
 477     2.09014
 478     1.45558
 479     2.22598
 480    40.3306
 481    49.4346
 482   104.721
 483    30.1007
 484    26.3669
 485     0.87009
 486     1.0398
 487     1.58444
 488     3.83207
 489    19.7499
 490     1.47662
 491    37.2535
 492    23.4146
 493     2.05738
 494     1.52809
 495     0
 496     6.15244
 497     3.07622
 498     0
 499     1.11137
 500     0.82547
 501     0
 502     0
 503     0
 504    10.1076
 505     0.69016
 506     0.21792
 507     0
 508     0.17241
 509     0
 510     0.55452
 511     0
