This file was gnenerated on 2021-06-23 10:46:01.550653 by Grant Finneman. This contains the extracted data from the Gate simulations
The edep for each bar was summed up and printed to this file. The only math operation done has been addition.

  id        edep
   0     0
   1     0.82728
   2     1.70847
   3     0.87632
   4     0.72163
   5     0
   6     0
   7     0.11268
   8    16.6994
   9    11.1101
  10    11.1502
  11     0
  12     0.14595
  13     1.96674
  14     0.11213
  15     0.43372
  16     0
  17     0.0625
  18     9.03192
  19     1.69195
  20     0.44068
  21     0
  22     4.96184
  23     5.63501
  24    18.2435
  25    39.0908
  26    10.9974
  27     3.89278
  28     6.87884
  29    12.0267
  30     8.18922
  31     4.35236
  32    12.1945
  33     0.75059
  34    33.3231
  35     1.29064
  36     5.29841
  37     3.55983
  38     0
  39     1.32083
  40     1.62603
  41     1.96558
  42    12.6625
  43     0.4602
  44     3.18462
  45     0
  46     0.94062
  47     0
  48     0.31806
  49     1.9928
  50     0
  51     0
  52     0.93776
  53     0.5793
  54     0.37061
  55     0.83888
  56     0
  57     0
  58     0.03359
  59     0.89301
  60     0.67886
  61     0
  62     1.61185
  63     0.66858
  64     0.18859
  65     3.02576
  66     6.82002
  67     0.29152
  68     0.37107
  69     1.57244
  70     0.57463
  71     0
  72     7.03053
  73    10.3729
  74     4.90409
  75     0.97777
  76     2.22325
  77     1.71133
  78     1.38038
  79     2.71323
  80    88.0515
  81    70.1438
  82    50.6363
  83    53.0821
  84    21.7792
  85     0.78166
  86     0.31295
  87     0.05401
  88   191.505
  89   147.804
  90   105.898
  91    43.7247
  92    61.3142
  93    11.0723
  94    14.6439
  95     0.207
  96   267.521
  97   180.116
  98    88.9073
  99    27.8329
 100     8.97498
 101    15.3
 102    20.7924
 103     1.86518
 104   102.119
 105    63.804
 106    66.8304
 107    14.2662
 108    21.368
 109    23.276
 110    27.4561
 111     0
 112    12.5844
 113     0.23096
 114     0.62868
 115     0.41998
 116     0.14649
 117     2.93868
 118     0
 119     0
 120     0
 121     0.07134
 122     0
 123     0
 124     0
 125     0
 126     2.23718
 127     0
 128     0.99414
 129     0.4837
 130     0.69824
 131     1.32079
 132     0.74985
 133     2.38199
 134     0.85281
 135     0.53523
 136    46.5943
 137    11.8581
 138    54.1664
 139    37.2264
 140    10.4953
 141     1.78514
 142     1.97515
 143     0.90989
 144   484.556
 145   387.383
 146   326.738
 147   201.227
 148   126.259
 149   120.285
 150    27.6614
 151     3.84014
 152  1287.59
 153  1369.17
 154  1107.08
 155   702.716
 156   500.172
 157   279.804
 158   130.433
 159    27.1071
 160  1365.31
 161  1346.7
 162   987.519
 163   630.26
 164   434.98
 165   295.807
 166   102.946
 167    16.8544
 168   372.143
 169   435.337
 170   295.696
 171   102.346
 172    58.558
 173   124.653
 174    53.0966
 175    22.6646
 176    30.7401
 177    88.7543
 178    77.6855
 179     5.51278
 180     2.71871
 181    22.7957
 182     2.27623
 183     0.36562
 184     0.48989
 185     1.14553
 186     0
 187     1.04268
 188     0.41958
 189     0.29251
 190     0.43937
 191     0
 192     0
 193    26.1848
 194    19.358
 195     0.27735
 196     0.37126
 197     0.81477
 198     0.63939
 199     0.34345
 200   171.301
 201   149.087
 202    63.4303
 203    89.3514
 204    11.1516
 205     9.6201
 206     0.47295
 207     6.63445
 208   957.157
 209   857.062
 210   729.544
 211   586.14
 212   357.742
 213   276.841
 214    89.0297
 215    17.8482
 216  7491.08
 217  7176.68
 218  6677.63
 219  5958.62
 220  5087.35
 221  3860.72
 222  2489.8
 223   978.767
 224  6997.62
 225  6707.1
 226  6386.1
 227  5622.4
 228  4644.74
 229  3522.64
 230  2186.59
 231   889.748
 232  1058.61
 233   857.093
 234   789.825
 235   402.225
 236   184.545
 237   107.5
 238   118.209
 239    45.6101
 240    48.0867
 241    90.7622
 242    50.3599
 243    13.4197
 244     2.5846
 245    20.5893
 246    11.602
 247     1.99443
 248     3.35175
 249     0.53618
 250     1.04694
 251     0
 252     1.28035
 253     1.16817
 254     0.76072
 255     0
 256     1.24341
 257    30.8836
 258     6.72256
 259     7.60047
 260    28.5302
 261     0
 262     1.85145
 263     2.12255
 264   144.455
 265   131.119
 266    88.983
 267   121.289
 268    15.7518
 269    28.2615
 270     2.06619
 271     1.33731
 272  1075.62
 273   925.454
 274   695.093
 275   512.043
 276   295.853
 277   117.361
 278    37.1157
 279    26.8451
 280  7104.55
 281  7174.8
 282  6676.7
 283  5715.83
 284  4925.56
 285  3605.81
 286  2110.9
 287   939.407
 288  6954.77
 289  7226.45
 290  6787.64
 291  6347.46
 292  5007.25
 293  3777.47
 294  2331.56
 295   981.188
 296   914.051
 297   862.888
 298   635.367
 299   584.692
 300   378.917
 301   191.004
 302    61.7912
 303     3.4787
 304   126.378
 305    89.8124
 306    59.7779
 307    31.2241
 308    16.1198
 309    16.8075
 310    21.3412
 311     4.91348
 312     0.24238
 313     5.24935
 314    13.1192
 315     2.2082
 316     6.71906
 317     0.78244
 318     1.91052
 319     1.16609
 320    18.298
 321    32.6976
 322     0.72904
 323     0
 324     0.07718
 325     1.55533
 326     2.30073
 327     0
 328    54.5885
 329    44.9167
 330    36.651
 331    64.1255
 332    21.8103
 333    13.6316
 334    14.0972
 335     1.33784
 336   383.442
 337   347.989
 338   208.468
 339   172.94
 340    76.7647
 341    84.9384
 342    34.0242
 343     6.91791
 344  1386.78
 345  1160.6
 346   825.596
 347   745.266
 348   428.293
 349   223.354
 350    77.007
 351    33.0721
 352  1312.75
 353  1212.31
 354   883.273
 355   665.183
 356   444.335
 357   178.604
 358   102.774
 359    35.491
 360   225.346
 361   372.829
 362   271.821
 363   148.215
 364    79.5224
 365    69.2491
 366    42.31
 367    13.2475
 368    70.1185
 369    60.12
 370    24.0167
 371    19.9304
 372    24.3066
 373    22.4986
 374    25.5896
 375     1.52649
 376     6.53777
 377     0
 378     1.40946
 379     1.43951
 380     0.19573
 381     0
 382     0.39113
 383     0.98445
 384     0
 385     1.00065
 386     1.16352
 387     1.13317
 388     0.61455
 389     1.43527
 390     0
 391     1.15352
 392    12.137
 393     0
 394     0.34588
 395    61.1477
 396    10.1735
 397     1.16501
 398     0
 399     1.43392
 400    32.0187
 401    65.119
 402    68.0914
 403    64.916
 404    41.5791
 405    17.0687
 406     6.89488
 407     8.56153
 408   109.506
 409   161.039
 410   181.582
 411    75.0846
 412    82.2035
 413    37.6181
 414     2.39985
 415     1.32076
 416   179.239
 417   127.077
 418    53.3813
 419    54.2045
 420    44.97
 421     8.53961
 422    20.6863
 423    14.3241
 424    69.4745
 425    99.3778
 426    28.5015
 427    20.2168
 428    26.7369
 429    25.9583
 430     0.43537
 431     0
 432    14.4318
 433     2.31895
 434     7.0507
 435     0.52875
 436     1.88599
 437     0.26816
 438     0.4054
 439     0
 440     0.14618
 441     0.93764
 442     0.92574
 443     0.16236
 444     0.2926
 445     0
 446     0.25392
 447     0
 448     0.44276
 449     0.81295
 450     1.3442
 451     0
 452     0
 453     0.43581
 454     0.77814
 455     0.13653
 456     5.24612
 457     8.5924
 458     0
 459    16.9694
 460     0.00961
 461     0.84941
 462     0
 463     0.70526
 464     0.65131
 465     5.46414
 466     0.92145
 467     1.2165
 468     0.96933
 469     0.78685
 470     0.87675
 471     0
 472     0.9265
 473    19.404
 474    14.2242
 475     2.24734
 476     1.2681
 477     0.10638
 478     0.97022
 479     8.69744
 480    14.1536
 481    32.0387
 482     3.09935
 483    21.6971
 484    10.417
 485     0
 486     0.36618
 487     0.31237
 488     1.22891
 489     1.87993
 490     0.16593
 491    19.8964
 492     4.02828
 493     0.80195
 494     1.46808
 495     0.85827
 496     0.44323
 497     0.4848
 498    16.2061
 499    10.1508
 500     0.22727
 501     0
 502     0
 503     0.93223
 504     0.90627
 505     0.27735
 506     0.98853
 507     0
 508     0
 509     0.61121
 510     0.93764
 511     0.3804
