This file was gnenerated on 2021-06-23 11:06:22.583931 by Grant Finneman. This contains the extracted data from the Gate simulations
The edep for each bar was summed up and printed to this file. The only math operation done has been addition.

  id        edep
   0     0.23923
   1     1.37759
   2     0.13473
   3     0
   4     0
   5     0
   6     0
   7     0
   8     0.20501
   9     0
  10     1.00174
  11     1.56751
  12     1.07899
  13     0.73226
  14    23.0299
  15    14.2727
  16     1.57898
  17     1.22386
  18     0.8222
  19     0.42403
  20     0.77849
  21     1.48552
  22     0
  23     0.79366
  24    11.8071
  25    23.348
  26    10.508
  27     0.06568
  28     1.47993
  29     0.97253
  30     0.54383
  31     0
  32    15.2108
  33    38.433
  34    43.6433
  35     1.63599
  36     2.44612
  37     0.24309
  38     1.43505
  39     0.73999
  40     1.24836
  41     1.93805
  42     5.82947
  43     1.23683
  44     0.67779
  45     0
  46     0.41787
  47     0
  48    15.4433
  49     1.03067
  50    11.3858
  51    16.796
  52     1.88818
  53     1.26617
  54     0.70299
  55     0.50103
  56     0.08513
  57     0.36512
  58     0
  59     0
  60     1.09966
  61     0
  62     0.56461
  63     0
  64     0
  65     0.0752
  66     0.9544
  67     0.92802
  68     0.67125
  69     1.54384
  70     0.80226
  71     0.82934
  72     7.65245
  73    23.3187
  74    23.7274
  75     3.47051
  76     2.03442
  77     0.85307
  78     1.75
  79     0.58957
  80    45.5977
  81    36.8683
  82    11.6189
  83    53.5802
  84    51.6003
  85     0.40663
  86     0.29304
  87     0
  88    94.7472
  89    77.4484
  90   102.069
  91   114.916
  92    60.3843
  93     6.73964
  94    18.8678
  95    24.2163
  96   134.695
  97   153.179
  98    95.7076
  99    47.6613
 100    91.0599
 101    23.8168
 102     3.25564
 103     4.05193
 104   105.495
 105    42.2746
 106    47.2506
 107    89.4965
 108    28.2544
 109     0.1968
 110     1.87524
 111    12.1033
 112    19.3053
 113     4.74477
 114     2.95895
 115     9.10864
 116     4.48777
 117     2.12019
 118     0.78427
 119     0.06081
 120     0.24073
 121     0.81315
 122    20.2387
 123    20.6062
 124     1.35303
 125     0
 126     2.6194
 127     0
 128     0
 129    11.9146
 130     1.4512
 131     2.65927
 132     0.8562
 133     0.35656
 134     2.6742
 135     2.32402
 136   112.463
 137    73.2345
 138    70.0186
 139    18.7132
 140     6.52804
 141     1.32749
 142     0
 143     1.27103
 144   337.024
 145   194.524
 146   289.047
 147   305.729
 148   212.855
 149    59.0384
 150    24.4717
 151     1.82003
 152   949.665
 153   839.402
 154   597.847
 155   541.065
 156   506.291
 157   273.621
 158   173.399
 159    31.4102
 160  1189.74
 161  1095.39
 162  1145.94
 163   714.602
 164   508.519
 165   377.127
 166   208.824
 167    38.2631
 168   894.072
 169   783.993
 170   624.04
 171   446.184
 172   337.205
 173   230.294
 174   118.464
 175    47.8629
 176   195.42
 177   209.927
 178    63.8548
 179   179.724
 180   186.085
 181    39.0809
 182     1.07536
 183     0
 184     5.07401
 185    31.1958
 186    24.081
 187     1.69255
 188    16.0128
 189     0.55434
 190     2.80239
 191     1.82775
 192    23.0941
 193    26.3472
 194     6.66525
 195    22.3548
 196     7.664
 197     0.84421
 198     2.39586
 199     0.49162
 200   327.415
 201   213.336
 202   137.201
 203   113.317
 204    94.0367
 205    41.9186
 206    24.8692
 207     0.1116
 208  2326.41
 209  1976.97
 210  1890.25
 211  1710.55
 212  1288.81
 213   786.467
 214   515.851
 215   240.849
 216  4161.31
 217  4216.24
 218  4029.85
 219  3897.51
 220  3239.17
 221  2251.94
 222  1412.56
 223   604.424
 224  5572.55
 225  5496.55
 226  5194.09
 227  4388.08
 228  4040.94
 229  3438.93
 230  2083.13
 231   888.563
 232  2942.08
 233  2862.01
 234  2696.11
 235  2330.77
 236  2013.51
 237  1423.01
 238   831.947
 239   294.421
 240   417.682
 241   404.807
 242   262.777
 243   240.879
 244   181.723
 245    50.2922
 246    17.2386
 247     8.95197
 248    20.4594
 249    21.7643
 250    34.998
 251    50.2931
 252    50.0915
 253     0
 254     1.19041
 255     0.95579
 256    80.4744
 257    84.3697
 258    36.8741
 259     0.72802
 260     1.57488
 261    21.4047
 262    21.8872
 263     1.23142
 264   389.763
 265   277.851
 266   271.174
 267   113.127
 268   114.438
 269    19.7829
 270     3.4702
 271     1.26022
 272  2908.7
 273  3151.76
 274  3185.12
 275  2576.91
 276  2152.89
 277  1416.77
 278   857.357
 279   308.833
 280  5476.22
 281  5630.94
 282  4691.81
 283  4245.65
 284  3639.48
 285  3007.52
 286  2000.89
 287   803.765
 288  4694.53
 289  4442.74
 290  4141.41
 291  3754.27
 292  3402.12
 293  2485.77
 294  1397.97
 295   524.024
 296  2006.44
 297  1926.13
 298  1744.19
 299  1776.48
 300  1397.74
 301   993.381
 302   503.427
 303   239.637
 304   215.114
 305   181.997
 306   141.385
 307   113.413
 308    84.2127
 309    74.6817
 310    35.6408
 311     9.44455
 312    47.2334
 313    44.4049
 314    33.5304
 315    23.8322
 316     0
 317     0
 318     0
 319     0
 320    10.0423
 321     4.83477
 322    10.4467
 323     0.72774
 324     1.87882
 325     0.12827
 326     5.48903
 327     1.9952
 328   136.1
 329   195.31
 330   186.942
 331    18.193
 332    16.3653
 333    22.9063
 334    11.7328
 335     0.35461
 336   781.812
 337   891.668
 338   764.732
 339   463.853
 340   421.241
 341   171.663
 342    71.6962
 343    20.8639
 344  1202.95
 345  1093.91
 346   882.822
 347   668.419
 348   599.598
 349   385.58
 350   162.814
 351    20.4016
 352   587.65
 353   625.382
 354   789.343
 355   519.329
 356   243.2
 357   185.12
 358    46.7054
 359    56.1407
 360   311.198
 361   363.153
 362   461.483
 363   164.705
 364    62.7329
 365    75.6031
 366    10.0728
 367    28.4268
 368   137.996
 369   146.356
 370    35.3551
 371     9.03648
 372    13.7613
 373     1.21614
 374     4.28447
 375     2.53747
 376    18.6106
 377    21.2827
 378     0
 379     3.76832
 380     1.90902
 381     0.10754
 382     0.64955
 383     0
 384     0.35412
 385     2.75024
 386    27.3973
 387     3.78308
 388     0
 389     1.44315
 390     0.52528
 391     0.29899
 392    29.1809
 393    17.6673
 394    25.9307
 395     2.36153
 396     9.49236
 397    15.8491
 398     0.82678
 399     7.67836
 400    63.3239
 401    96.9644
 402    83.9027
 403    47.421
 404     2.9728
 405    24.4922
 406     7.16722
 407    12.5873
 408    94.3724
 409   165.414
 410    90.7207
 411   106.312
 412    44.2379
 413    43.1147
 414     9.92248
 415     0.44898
 416    78.0734
 417   149.896
 418   146.468
 419   135.362
 420    37.1853
 421     0.1251
 422     0.56295
 423     4.43354
 424    30.1369
 425    48.2997
 426     7.88576
 427    75.7159
 428     4.19363
 429     2.56635
 430     0.65673
 431     1.94975
 432    18.0981
 433    19.2363
 434     3.18643
 435    14.5661
 436     3.0206
 437     0.53265
 438     4.6345
 439     7.38107
 440     0
 441     0
 442     0
 443     0.91552
 444     1.60964
 445     0
 446     0.54536
 447     1.45393
 448     0
 449     0.92981
 450    24.59
 451     1.7125
 452     0.23027
 453     0
 454     0.3579
 455     0.29899
 456     1.10875
 457     0.98989
 458     0
 459     3.25292
 460     1.53432
 461     0.81314
 462     0.67244
 463     2.10309
 464    22.661
 465     0.08754
 466     8.43298
 467    13.6656
 468     1.20826
 469    10.4514
 470     9.86518
 471     8.9166
 472    10.2005
 473    13.2296
 474     8.98494
 475    17.0044
 476    12.448
 477     0.56582
 478    25.427
 479     0.44501
 480     2.64126
 481    21.2676
 482     0.09171
 483     2.25039
 484     2.36129
 485     0
 486     0.53982
 487     2.64769
 488    14.1335
 489    10.991
 490     0
 491    13.7458
 492    16.0998
 493     0.29022
 494     1.99318
 495     2.8474
 496     7.29472
 497     0.79971
 498     0.91156
 499     0.79971
 500     8.70688
 501     5.69085
 502     4.78755
 503     4.4736
 504     0.5733
 505     0
 506     0
 507     1.20803
 508    11.4301
 509     0.24409
 510     0
 511     0
