This file was gnenerated on 2021-06-23 11:29:16.367497 by Grant Finneman. This contains the extracted data from the Gate simulations
The edep for each bar was summed up and printed to this file. The only math operation done has been addition.

  id        edep
   0    29.4368
   1    19.9826
   2     6.95135
   3     5.64318
   4     0.57616
   5    21.8936
   6     0
   7     0.84082
   8    26.9582
   9    26.6521
  10    61.5415
  11    14.3622
  12     8.01632
  13    12.1453
  14     0.98939
  15     0
  16     2.26656
  17    17.6209
  18    40.41
  19    17.927
  20     5.03411
  21     5.72586
  22     1.59623
  23     0
  24    90.6357
  25    75.188
  26    24.4383
  27    46.6719
  28    31.3124
  29    11.5832
  30     0.6935
  31     1.21225
  32    38.3564
  33    36.8968
  34    31.5788
  35    67.6535
  36    23.7716
  37     0.71068
  38     0.85581
  39     1.41881
  40    71.5576
  41    86.6294
  42    41.8014
  43    27.4082
  44     0
  45    23.5097
  46    12.0286
  47     0.19628
  48    73.232
  49    52.5399
  50    21.1915
  51    24.087
  52     0.45783
  53     1.17811
  54     5.63391
  55     9.0637
  56     0.89683
  57     2.59863
  58    14.6963
  59    13.8961
  60     0
  61     0
  62     0.75381
  63     0
  64     4.63407
  65    22.3158
  66    39.4556
  67     5.33595
  68    13.3212
  69    17.2551
  70     0.13423
  71     0
  72   109.609
  73    76.8955
  74   166.222
  75    55.8076
  76    52.7295
  77    21.8296
  78    21.0706
  79     1.27902
  80   165.111
  81   188.027
  82   159.134
  83   133.767
  84    72.4417
  85    47.873
  86    25.4917
  87     4.93964
  88   332.759
  89   342.166
  90   287.982
  91   216.04
  92    98.3572
  93   112.143
  94    89.9347
  95    14.1542
  96   563.698
  97   510.41
  98   424.429
  99   499.406
 100   381.073
 101   274.756
 102   103.39
 103    38.0525
 104   679.132
 105   854.111
 106   624.418
 107   599.626
 108   518.67
 109   405.454
 110   181.355
 111    71.2669
 112   175.811
 113   178.428
 114   117.005
 115   268.114
 116   125.497
 117    68.323
 118    27.0014
 119     7.72764
 120    36.1317
 121    35.7515
 122    34.4536
 123    32.753
 124    34.8489
 125     4.63351
 126    10.4602
 127     1.92589
 128   165.154
 129    70.1271
 130   140.996
 131    79.7223
 132    33.9346
 133     8.16975
 134    36.8269
 135     8.80611
 136   884.16
 137   833.333
 138   853.63
 139   503.309
 140   500.974
 141   310.718
 142   242.061
 143    69.7601
 144  1274.13
 145  1084.85
 146  1074.69
 147  1059.57
 148   875.684
 149   657.236
 150   301.751
 151    94.2277
 152  1404.81
 153  1314.23
 154  1314.37
 155  1067.35
 156   882.586
 157   661.332
 158   364.946
 159   132.772
 160  1503.7
 161  1480.26
 162  1338.96
 163  1309.51
 164  1069.86
 165   813.189
 166   367.281
 167   141.292
 168  1493.42
 169  1376.88
 170  1363.69
 171  1184.57
 172  1052.68
 173   747.683
 174   457.39
 175   187.683
 176   602.636
 177   498.302
 178   388.882
 179   358.674
 180   443.942
 181   227.721
 182   107.02
 183    52.0331
 184   114.709
 185    63.7675
 186    38.8573
 187    35.0488
 188     7.40946
 189    11.4002
 190     1.35901
 191     0
 192   234.89
 193   127.245
 194   109.011
 195    91.469
 196    72.5095
 197    61.4009
 198     6.11179
 199     0.74021
 200  1234.65
 201  1162.18
 202  1088.09
 203   827.938
 204   757.077
 205   635.259
 206   307.691
 207    96.0024
 208  1811.48
 209  1624.85
 210  1619.39
 211  1403.22
 212   984.71
 213   875.462
 214   499.756
 215   150.146
 216  1698.62
 217  1770.1
 218  1745.46
 219  1660.9
 220  1408.96
 221   911.343
 222   492.107
 223   253.559
 224  1896.29
 225  1911.31
 226  1678.31
 227  1690.04
 228  1432.94
 229  1093.68
 230   780.997
 231   276.51
 232  1872.47
 233  1722.52
 234  1513.3
 235  1366.8
 236  1373.32
 237   981.271
 238   555.747
 239   189.383
 240   871.116
 241   868.523
 242   714.063
 243   654.917
 244   458.959
 245   352.965
 246   216.067
 247    75.191
 248    89.7951
 249   147.186
 250    87.3412
 251   127.551
 252    57.4424
 253     1.89831
 254     0.82313
 255     1.12482
 256   145.824
 257   104.557
 258   122.793
 259    75.2586
 260    43.024
 261     7.8226
 262     2.664
 263     5.49353
 264   889.877
 265  1052.3
 266   915.464
 267   842.905
 268   568.009
 269   418.199
 270   261.573
 271   109.858
 272  1858.57
 273  1714.29
 274  1645.49
 275  1207.63
 276  1069.05
 277   871.924
 278   539.28
 279   189.981
 280  2075.4
 281  1902.74
 282  1893.68
 283  1454.44
 284   980.036
 285   769.342
 286   451.164
 287   191.274
 288  1874.28
 289  1996.77
 290  1691.77
 291  1670.4
 292  1360
 293   795.607
 294   483.738
 295   172.843
 296  1776.71
 297  1688.46
 298  1689.22
 299  1566.19
 300  1289.54
 301   916.416
 302   495.209
 303   215.726
 304  1098.02
 305   981.019
 306  1127.48
 307   951.254
 308   802.726
 309   621.283
 310   417.182
 311   152.019
 312   148.807
 313   195.585
 314   106.79
 315   116.635
 316   136.819
 317    61.5221
 318    23.6948
 319     1.84773
 320   135.708
 321   148.082
 322    99.8467
 323    68.491
 324    30.7271
 325     2.61894
 326     8.52396
 327     2.32401
 328   573.191
 329   505.094
 330   486.339
 331   403.058
 332   260.672
 333   220.824
 334   137.433
 335    53.926
 336  1483.13
 337  1552.98
 338  1542.68
 339  1344.68
 340  1187.23
 341   853.716
 342   577.262
 343   255.127
 344  1947.26
 345  1922.22
 346  1663.4
 347  1532.9
 348  1237.69
 349   716.99
 350   437.29
 351   168.613
 352  1589.23
 353  1557.01
 354  1269.54
 355  1101.53
 356   996.665
 357   585.998
 358   353.472
 359   199.2
 360  1177.94
 361  1359.43
 362  1166.88
 363  1055
 364   662.033
 365   371.082
 366   253.099
 367   100.327
 368   696.961
 369   606.258
 370   485.7
 371   597.88
 372   427.439
 373   278.053
 374   130.825
 375    26.84
 376   120.841
 377   128.543
 378    85.3134
 379   105.596
 380    70.4735
 381    17.534
 382    13.2433
 383     2.06104
 384    58.5924
 385    28.0456
 386    22.6877
 387    19.461
 388     1.2104
 389     0.17579
 390     2.44459
 391    15.6791
 392   247.844
 393   246.335
 394   200.332
 395   150.24
 396    74.6337
 397    49.9876
 398    42.4551
 399    32.4311
 400   725.678
 401   614.779
 402   595.836
 403   537.447
 404   383.664
 405   292.868
 406   158.103
 407    66.0957
 408   543.323
 409   566.293
 410   449.954
 411   430.363
 412   319.91
 413   144.167
 414   141.894
 415    30.0701
 416   370.434
 417   389.723
 418   348.069
 419   367.696
 420   185.508
 421    90.3154
 422    49.4998
 423    36.9486
 424   352.297
 425   258.736
 426   157.98
 427   118.618
 428    45.2538
 429    26.0211
 430    15.4601
 431     8.11744
 432    92.6025
 433   120.954
 434   120.081
 435    51.604
 436    32.7527
 437     3.10459
 438     0
 439     0.61711
 440    78.126
 441    29.1588
 442    19.2858
 443    27.4442
 444    13.9258
 445     0
 446     2.27598
 447     9.92447
 448     0
 449    51.9361
 450    40.5758
 451    16.7961
 452     0.95199
 453     1.2147
 454     0
 455     1.45018
 456    19.0097
 457    24.0674
 458     7.30772
 459    41.4248
 460    23.1308
 461    24.5813
 462     8.17274
 463     0
 464    88.4196
 465   123.438
 466   135.699
 467    49.5256
 468    31.8961
 469    28.9576
 470    25.4025
 471     0
 472    65.029
 473    78.258
 474    64.206
 475    18.9182
 476     2.08554
 477     5.36439
 478     1.66618
 479     1.07887
 480    53.1574
 481    44.1529
 482    61.8966
 483    27.2404
 484     9.00527
 485     1.82924
 486     1.57862
 487     0.79088
 488    10.1196
 489    11.5849
 490    10.6715
 491    12.9201
 492     7.74725
 493     1.21434
 494     0.88237
 495     0
 496     9.07118
 497    10.2479
 498     4.74803
 499     3.46163
 500     8.53532
 501     0
 502     0
 503     0.49781
 504     8.0763
 505     0.69542
 506     0.94498
 507     0
 508     0.26803
 509     0
 510    10.8418
 511     0.68652
