This file was gnenerated on 2021-06-23 10:45:50.289025 by Grant Finneman. This contains the extracted data from the Gate simulations
The edep for each bar was summed up and printed to this file. The only math operation done has been addition.

  id        edep
   0     0
   1     0.97269
   2     1.2887
   3     0
   4     0
   5     0
   6     0.11846
   7     0.00958
   8     0
   9     0.5694
  10     1.35145
  11     0
  12     1.71898
  13     1.34818
  14     0.71071
  15     1.36655
  16    11.7538
  17    15.8351
  18     0.95029
  19     0.11649
  20     0
  21     3.14735
  22     1.15282
  23     0.03897
  24    15.39
  25     0.16395
  26     1.25695
  27    16.1295
  28    23.4147
  29     0
  30     0.27465
  31     1.52261
  32     3.38585
  33     0.79845
  34     0.05383
  35     0.73599
  36     0.03671
  37     0.95525
  38     0
  39     1.16206
  40     6.68192
  41     0.32638
  42     1.51639
  43     1.51874
  44     0.1215
  45     1.4357
  46     2.41451
  47     0
  48     1.17898
  49     0.75268
  50     0
  51     0
  52     0
  53     0.62521
  54     0.16028
  55     0.26378
  56     0
  57     0
  58     0.24308
  59     0.99246
  60     0.10647
  61     0
  62     0
  63     0.49158
  64     0.80718
  65     0.98193
  66     0.65364
  67     1.70616
  68     0.73783
  69     0.84665
  70     0.79565
  71     0.4553
  72     0
  73     0.59004
  74     4.54317
  75     1.02868
  76     4.63721
  77     0.68293
  78     0
  79     0.45602
  80    24.4791
  81    22.0274
  82    32.0205
  83    67.2283
  84    40.6597
  85    21.7673
  86    11.858
  87     0
  88    80.4708
  89    65.0188
  90    52.0581
  91    65.024
  92    15.3422
  93     3.34427
  94    41.7309
  95     8.57383
  96    43.7801
  97    74.1139
  98   111.294
  99     8.71266
 100     7.10533
 101     1.8659
 102     0.41395
 103     0
 104    24.9898
 105    60.6549
 106    53.5235
 107     0.94848
 108     0.649
 109     5.16475
 110     1.98831
 111     5.83262
 112    22.8208
 113     8.05864
 114     0.6352
 115     1.0867
 116     1.59862
 117    11.8295
 118     5.26493
 119     0.94259
 120     1.60697
 121     0
 122     1.5394
 123     0
 124     9.95543
 125    14.498
 126     1.30779
 127     0
 128     0
 129     0.86329
 130     0.71999
 131     0.24664
 132     0.74397
 133     0
 134     0
 135     0
 136    31.0696
 137    47.2096
 138    69.7324
 139    10.5309
 140     3.84875
 141     0.78858
 142     1.30421
 143     0
 144   337.616
 145   357.773
 146   297.03
 147   161.137
 148    97.4915
 149    55.1192
 150    37.8994
 151    33.7713
 152  1074.42
 153   881.501
 154   972.444
 155   648.565
 156   373.779
 157   181.744
 158   182.659
 159    56.7848
 160  1071.46
 161  1110.23
 162   840.584
 163   588.171
 164   340.821
 165   137.746
 166     6.09973
 167    34.6197
 168   330.512
 169   402.449
 170   282.27
 171   140.823
 172    88.2288
 173    55.7956
 174    53.7275
 175     7.68708
 176    22.3931
 177    76.1873
 178    57.3604
 179    16.8645
 180     0.61665
 181     0.87075
 182     4.05533
 183     0
 184     0.51395
 185     4.48566
 186     0.44423
 187     1.41518
 188     0
 189     0.55097
 190     0
 191     0.11782
 192    15.8922
 193     0.49859
 194     0
 195    18.0133
 196     8.79735
 197    25.5171
 198     0.80261
 199     0
 200   140.716
 201   138.336
 202    81.0627
 203    65.1681
 204    41.5273
 205    25.3273
 206    12.4555
 207     5.0979
 208  1278.62
 209   945.036
 210   844.958
 211   543.584
 212   392.367
 213   326.823
 214    40.1351
 215     7.96389
 216  8340.4
 217  8555.09
 218  8023.32
 219  7043.63
 220  5647.61
 221  4489.47
 222  2782.28
 223  1264.63
 224  6547.19
 225  6908.66
 226  6035.6
 227  5351.13
 228  3986.96
 229  2722.85
 230  1533.28
 231   673.417
 232  1048.01
 233  1076.03
 234   607.951
 235   433.663
 236   337.716
 237   230.931
 238    40.0506
 239     2.96927
 240   116.343
 241   123.202
 242    56.5379
 243    63.6318
 244    43.2997
 245     4.25043
 246     3.63095
 247     2.96381
 248    11.7956
 249    10.5228
 250     1.43336
 251     6.83775
 252     1.02004
 253     1.01057
 254     1.4397
 255     0.07689
 256     6.22819
 257     0.48008
 258    10.7237
 259    22.416
 260     2.03331
 261     1.22532
 262     1.57471
 263     0
 264   129.176
 265   149.375
 266   118.993
 267    69.9705
 268    19.2773
 269    33.9231
 270     2.69984
 271     1.07999
 272   961.505
 273   881.42
 274   637.189
 275   493.28
 276   391.02
 277   167.42
 278    64.3234
 279    11.0495
 280  6342.52
 281  6226.44
 282  6102.93
 283  5044.04
 284  3973.79
 285  2922.05
 286  1795.06
 287   720.411
 288  8199.89
 289  8354.72
 290  7353.23
 291  6981.33
 292  6141.7
 293  4710.8
 294  2770.57
 295  1064.59
 296  1057.11
 297  1373.98
 298   914.012
 299   756.135
 300   496.424
 301   326.203
 302    94.5459
 303    18.8757
 304    76.8994
 305   103.874
 306   139.27
 307    32.3179
 308    54.8314
 309    43.6283
 310     5.54753
 311     0.81346
 312     0.2356
 313     1.77091
 314     1.0718
 315     6.05855
 316    11.561
 317     0.59562
 318     0.94868
 319     0.25036
 320    14.8235
 321     0.86987
 322     1.92906
 323     2.14697
 324    13.5937
 325     0.21867
 326     0.24308
 327     0.81698
 328    39.6614
 329    48.4382
 330    80.5615
 331    62.8175
 332    18.6761
 333     2.266
 334     2.46671
 335     0.39842
 336   273.931
 337   323.687
 338   233.497
 339   191.96
 340    46.1897
 341    34.2205
 342    63.5132
 343     0.61933
 344   991.609
 345   686.938
 346   768.192
 347   488.864
 348   392.584
 349   208.407
 350    84.4439
 351    12.1146
 352  1141.15
 353   914.472
 354   795.907
 355   687.519
 356   484.843
 357   192.482
 358    77.8697
 359    38.6058
 360   345.177
 361   308.381
 362   317.589
 363   205.955
 364   135.7
 365    55.9134
 366    26.1238
 367     1.50653
 368    19.9273
 369    77.5288
 370    42.4822
 371    16.5537
 372     0.296
 373    10.3704
 374     4.91125
 375     0
 376     0
 377     0.4527
 378     5.13541
 379     1.30127
 380     0.62069
 381     0.64601
 382    10.8598
 383     4.37995
 384     0
 385     0.82993
 386     0.03241
 387     0.36741
 388     0.52146
 389     1.34829
 390     1.59614
 391     1.82141
 392    27.2286
 393     0.89507
 394    26.882
 395    26.638
 396     0.92027
 397     0.85742
 398     0.97519
 399     0
 400    27.583
 401    47.7706
 402    27.2715
 403    29.7599
 404     0.28084
 405     1.60119
 406     0.90824
 407     0
 408   133.681
 409   104.648
 410   172.604
 411    64.3129
 412    22.4955
 413    27.7291
 414    18.5663
 415    18.4232
 416   172.814
 417   117.163
 418   131.796
 419    82.7915
 420    59.2371
 421    13.5096
 422    22.3423
 423     1.78646
 424    36.9746
 425    63.1319
 426    46.4928
 427    33.8855
 428     1.2285
 429     0
 430     1.17642
 431     1.99054
 432     0.90814
 433     0.47424
 434     8.63268
 435     4.21707
 436     1.9272
 437     1.51304
 438     0.9825
 439     0
 440     1.60531
 441     1.59928
 442     5.93723
 443    10.2546
 444     0.17698
 445     0
 446     0
 447     0
 448     0
 449     1.80995
 450     0.00499
 451     0
 452     0
 453     0
 454     0.98024
 455     0.7652
 456     0.7503
 457     0.8417
 458     0.10461
 459     0.04997
 460     0
 461     1.46799
 462     0.53399
 463     0.44563
 464     1.10546
 465     1.35839
 466     0.3016
 467     0.20592
 468     0.61961
 469     1.07887
 470     1.64599
 471     0
 472     0.09317
 473    44.9714
 474    19.9609
 475     0
 476     1.33098
 477     0
 478     0.53399
 479     0
 480    38.6578
 481     7.79352
 482     2.37997
 483     0.56934
 484     0
 485     0
 486     7.61008
 487     0.94594
 488     3.93902
 489     0
 490    39.5526
 491    25.0371
 492     0.89871
 493     0
 494     0
 495     0.96879
 496     3.31889
 497     1.19597
 498     0
 499     4.06547
 500     1.62858
 501     0.34621
 502     0
 503     0
 504     0.32941
 505     0.95762
 506     0
 507     0.72646
 508     0
 509     0
 510     0.14725
 511     0
