This file was gnenerated on 2021-06-23 11:08:07.554779 by Grant Finneman. This contains the extracted data from the Gate simulations
The edep for each bar was summed up and printed to this file. The only math operation done has been addition.

  id        edep
   0     0.7
   1     1.28398
   2     1.11514
   3     0.3315
   4     0.02675
   5     0.24005
   6     0
   7     1.88998
   8    24.8296
   9    29.8509
  10     0
  11     0.49017
  12     1.59247
  13     0.96447
  14     1.90045
  15     0
  16     5.2383
  17    18.9827
  18     0.55664
  19     5.60512
  20     0.01054
  21     0.84501
  22     0.13369
  23     0
  24    54.0426
  25    76.4168
  26     7.91807
  27    10.838
  28     6.59649
  29     1.3224
  30     1.17211
  31     0.94974
  32    67.901
  33    37.6114
  34    34.7391
  35     1.14192
  36     1.02211
  37     0.82277
  38     0.98322
  39     0
  40    48.4316
  41    13.7029
  42    51.7248
  43    16.8085
  44     3.79327
  45     1.03819
  46     0.11951
  47     0.28884
  48    29.2068
  49    25.5217
  50    24.479
  51    13.9543
  52     0
  53     4.05655
  54     5.94013
  55     0.10879
  56     2.15405
  57     0.46877
  58     0.59977
  59     0
  60     0.38522
  61     1.15481
  62     0
  63     0
  64     5.3613
  65     0.16923
  66     0
  67     0.81877
  68     0
  69     0.46665
  70     0
  71     0
  72    28.975
  73    59.2332
  74     6.18247
  75    16.0857
  76    10.9826
  77     0
  78     2.26667
  79     0.24337
  80   148.539
  81   128.36
  82   102.267
  83   151.001
  84    29.4125
  85    26.4762
  86    16.5537
  87     5.20403
  88   342.355
  89   352.95
  90   179.176
  91    82.4541
  92    69.1011
  93    57.7091
  94     9.65146
  95     2.31701
  96   360.805
  97   314.639
  98   255.408
  99   132.978
 100    63.1737
 101    46.1004
 102     2.03537
 103     1.14656
 104   111.646
 105   106.775
 106   107.886
 107    72.1687
 108    43.3361
 109    27.1527
 110    24.8617
 111     1.03475
 112    41.5873
 113    74.6293
 114    56.2435
 115    24.6121
 116    18.5253
 117    35.1606
 118    22.5724
 119     0.71328
 120     0.80183
 121     0.56653
 122    28.8476
 123     4.22394
 124     0
 125     1.59517
 126     0.05357
 127     0.18935
 128     1.24586
 129    18.6718
 130     3.06478
 131    15.8373
 132     1.38037
 133     0.67986
 134     0
 135     0.02086
 136   202.36
 137   189.97
 138   121.795
 139    62.692
 140    70.6413
 141    53.4156
 142     1.16547
 143     0.3529
 144   769.348
 145   863.196
 146   760.932
 147   691.288
 148   627.188
 149   452.076
 150   267.479
 151    94.5757
 152  2294.9
 153  2272.15
 154  2117.23
 155  1895.21
 156  1698.99
 157  1170.48
 158   668.413
 159   279.463
 160  1891.22
 161  1979.92
 162  1772.28
 163  1778.37
 164  1299.42
 165   861.485
 166   454.094
 167   163.292
 168   729.342
 169   857.337
 170   763.07
 171   531.371
 172   383.491
 173   339.429
 174   245.145
 175    65.9185
 176   125.128
 177   148.007
 178    59.197
 179    95.3567
 180    87.8486
 181    83.2643
 182    14.1444
 183     0.50243
 184    51.8414
 185    36.2528
 186     0.632
 187    14.0247
 188     7.7428
 189     0.50053
 190     0.98939
 191     0.34925
 192    38.3217
 193    19.7148
 194    12.3227
 195    25.7272
 196    19.4547
 197     0
 198     0.36782
 199     0
 200   258.8
 201   257.176
 202   214.53
 203   132.351
 204    59.2918
 205    18.9678
 206    11.7916
 207     6.48727
 208  1697.19
 209  1777.59
 210  1611.89
 211  1343.97
 212  1299.8
 213   913.752
 214   523.655
 215   170.664
 216  3867.97
 217  3835.06
 218  3367.58
 219  2991.04
 220  2625
 221  1793.12
 222   929.801
 223   348.968
 224  3767.35
 225  3530.12
 226  3484.63
 227  2936.9
 228  2303.29
 229  1714.91
 230  1025.46
 231   402.463
 232  2379.42
 233  2332.72
 234  2180.23
 235  1786.85
 236  1432.44
 237  1166.2
 238   703.55
 239   376.315
 240   316.326
 241   225.385
 242   128.528
 243   171.816
 244    87.9589
 245    70.8225
 246    20.6812
 247     2.07308
 248    51.8084
 249    17.3911
 250    31.2521
 251    34.4689
 252    24.1316
 253     0.90517
 254     0.80271
 255     0
 256    21.9064
 257    45.6125
 258    45.77
 259    17.1663
 260    23.7045
 261     1.82911
 262     0.75711
 263     0.32062
 264   366.884
 265   269.534
 266   223.726
 267   128.007
 268   160.653
 269    37.9112
 270    22.1679
 271     6.80472
 272  2201.85
 273  2131.83
 274  2024.05
 275  1895.85
 276  1640.26
 277  1122.52
 278   759.447
 279   256.328
 280  3651.44
 281  3820.37
 282  3611.1
 283  3133.72
 284  2579.4
 285  1843.33
 286  1065.92
 287   445.874
 288  3561.95
 289  3586.89
 290  3282.33
 291  2886.42
 292  2322.57
 293  1560.88
 294  1050.31
 295   392.811
 296  1871.7
 297  1869.65
 298  1807.75
 299  1513.19
 300  1190.11
 301   794.608
 302   579.678
 303   204.577
 304   186.078
 305   232.893
 306   153.703
 307    90.954
 308    82.9521
 309    55.6094
 310    66.6987
 311    20.3221
 312    12.2094
 313     8.35302
 314     9.77989
 315    16.6725
 316    14.184
 317     0
 318    18.6652
 319     0.03185
 320    44.8159
 321    44.4268
 322     2.69182
 323    40.5424
 324    38.6529
 325     1.08705
 326     0
 327     0
 328   182.003
 329   141.131
 330   144.685
 331    97.2967
 332   116.326
 333    46.9982
 334    11.5432
 335     5.14688
 336   898.251
 337   862.287
 338   823.039
 339   566.941
 340   503.228
 341   427.583
 342   235.398
 343    85.1265
 344  1989.34
 345  1809.6
 346  1514.76
 347  1337.9
 348  1105.52
 349   689.987
 350   502.136
 351   195.94
 352  2654.12
 353  2221.99
 354  2011.49
 355  1946.77
 356  1628.62
 357  1280.2
 358   680.669
 359   259.564
 360   946.597
 361   955.509
 362   889.395
 363   817.06
 364   524.618
 365   374.24
 366   191.19
 367    68.6933
 368   179.752
 369   105.752
 370    82.3462
 371   117.565
 372    61.0839
 373     0.42373
 374     0.6418
 375     0.61787
 376     0.77537
 377     0
 378    11.3296
 379     4.98242
 380     0
 381     0.90428
 382     0.76276
 383     1.05222
 384     2.35503
 385     9.00734
 386    18.5431
 387     9.58843
 388     0
 389     0
 390     0.52344
 391     0
 392    19.6136
 393    48.6389
 394     8.46402
 395     3.91888
 396     0
 397     0.74383
 398     3.51741
 399     0.97286
 400   190.358
 401   146.297
 402   101.127
 403   154.887
 404    77.9307
 405    58.5601
 406     2.21161
 407     2.39127
 408   374.316
 409   250.124
 410   143.984
 411   166.82
 412    68.2105
 413    69.5853
 414    43.2274
 415     6.11537
 416   404.419
 417   425.551
 418   237.484
 419   327.791
 420   176.99
 421    81.0618
 422    35.9359
 423     8.9026
 424   271.226
 425   244.062
 426   167.045
 427    53.9525
 428    39.6414
 429    78.2162
 430    16.5329
 431     4.70117
 432    40.4818
 433    23.2676
 434     9.2506
 435    26.2935
 436    11.4735
 437     2.28268
 438     0
 439     2.7352
 440     1.55074
 441     0.14065
 442    14.3527
 443     6.27354
 444     0.33076
 445     0.26122
 446     0
 447     0
 448     0.00288
 449     4.62875
 450     5.54929
 451     0.6861
 452     0
 453     7.66286
 454     8.13136
 455     4.45722
 456    20.3367
 457     0.95462
 458     2.14861
 459     0.52217
 460     1.0737
 461     0.14362
 462     0.64187
 463     1.13533
 464    10.7971
 465    35.6741
 466     4.58083
 467    11.6065
 468     0.75681
 469     0.6347
 470     0.81001
 471     0.89673
 472    17.4147
 473     0.20753
 474    11.5881
 475    35.8924
 476     0
 477     0
 478     3.23214
 479    21.4072
 480    23.0586
 481     5.35032
 482    42.9581
 483    20.3724
 484    14.9293
 485    25.7229
 486     9.76725
 487     8.36507
 488    37.1154
 489    33.3979
 490    37.3839
 491    27.6848
 492     5.45238
 493     0
 494     0.31575
 495     0.06177
 496     0.80297
 497     0.7229
 498    32.4733
 499     1.29989
 500     1.78638
 501     0
 502     0
 503     0
 504     1.57835
 505     1.07759
 506     1.02234
 507     0.56528
 508     0.01603
 509     0
 510     0
 511     0
