This file was gnenerated on 2021-06-23 10:49:22.280026 by Grant Finneman. This contains the extracted data from the Gate simulations
The edep for each bar was summed up and printed to this file. The only math operation done has been addition.

  id        edep
   0     4.25962
   1    28.589
   2    22.2795
   3     6.22503
   4     5.53336
   5     4.73984
   6     2.76668
   7     0
   8    49.5383
   9    96.9355
  10    64.0761
  11    41.6732
  12    13.2909
  13     2.43167
  14     3.69528
  15     3.3956
  16    97.0959
  17   111.944
  18   110.765
  19    49.4344
  20    21.2088
  21     6.48767
  22     0
  23    14.1634
  24    97.1293
  25   139.216
  26    68.9208
  27    97.9332
  28    93.7591
  29    19.7165
  30     1.1845
  31     1.67798
  32    33.0676
  33    10.143
  34    54.7856
  35    41.4526
  36    20.0467
  37     2.67695
  38     1.03319
  39     1.58164
  40     4.40195
  41     2.43269
  42     0
  43     0.77071
  44    14.0682
  45     0
  46     0.60168
  47     0
  48     0
  49     0
  50     1.28317
  51     0.82226
  52     0
  53     1.34844
  54     0
  55     0.11474
  56     0
  57     0.7487
  58     1.85905
  59     0.72613
  60     0
  61     0.14816
  62     0
  63     0
  64    36.8597
  65    51.1538
  66    14.2129
  67    11.2608
  68    21.6273
  69     0.22686
  70     0.30023
  71     0
  72   193.594
  73   224.922
  74   111.988
  75   100.357
  76    75.0436
  77    42.9477
  78    32.2624
  79    11.9042
  80   988.644
  81  1016.76
  82   809.455
  83   810.893
  84   468.573
  85   256.351
  86   146.085
  87    59.8332
  88  1149.93
  89  1137.88
  90  1025.01
  91   852.861
  92   587.988
  93   463.33
  94   228.603
  95   112.379
  96   282.934
  97   253.868
  98   232.282
  99   185.357
 100   112.041
 101    44.9222
 102    19.8942
 103    26.5663
 104    25.0256
 105    38.1559
 106    42.0462
 107    32.8613
 108     2.64073
 109     4.08708
 110     0
 111     0.59623
 112     0.56764
 113     1.20273
 114     1.36849
 115    31.2758
 116    10.9267
 117     1.72768
 118     0
 119     0
 120     0
 121     0.8457
 122     0.35684
 123     0.67228
 124     0
 125     0
 126     0.44625
 127     0
 128    12.8908
 129    62.3127
 130     9.12846
 131     4.06046
 132     0.87013
 133     0
 134     0.16706
 135     1.30733
 136   267.547
 137   213.633
 138   127.651
 139   110.001
 140    78.1874
 141    60.6501
 142    25.8437
 143    15.7121
 144  2429.58
 145  2703.11
 146  2227.01
 147  1843.91
 148  1452.52
 149  1165.34
 150   729.217
 151   318.643
 152  3625.85
 153  3727.43
 154  3264.31
 155  2920.58
 156  2395.08
 157  2000.59
 158  1368.61
 159   474.438
 160   925.941
 161   963.788
 162   826.515
 163   492.2
 164   378.916
 165   208.028
 166    78.183
 167    21.6674
 168   156.205
 169   241.184
 170    78.3859
 171   108.174
 172     6.38514
 173    17.3415
 174     1.48879
 175     0
 176    27.5995
 177     9.00208
 178    15.7708
 179    11.6178
 180     1.37921
 181    15.178
 182    17.3433
 183     0.4276
 184     1.77684
 185     1.33825
 186     1.28244
 187     0.74482
 188     0
 189     2.29502
 190     0.87962
 191     1.2274
 192    56.4585
 193    19.5659
 194     4.129
 195     0.90037
 196     0.1968
 197     1.07725
 198     1.21655
 199     2.3719
 200   145.881
 201   190.013
 202   108.687
 203    94.2338
 204    84.6297
 205    35.6471
 206    11.0518
 207     0.44475
 208  1120.51
 209  1217.24
 210  1085.36
 211   689.632
 212   474.618
 213   248.516
 214   124.476
 215    65.1663
 216  4623.53
 217  4516.77
 218  3950.63
 219  3378.02
 220  3075.86
 221  2685.82
 222  1653.49
 223   561.394
 224  2445.19
 225  2657.14
 226  2389.03
 227  2195.37
 228  1724.4
 229  1211.13
 230   650.92
 231   195.816
 232   242.252
 233   327.336
 234   384.083
 235   242.09
 236   157.093
 237    79.2752
 238    73.8802
 239     0.30631
 240   142.807
 241   117.474
 242    46.1425
 243    48.2869
 244    38.7409
 245    45.5577
 246    37.6767
 247     4.79944
 248    20.0216
 249    17.6574
 250    27.5972
 251     0.79081
 252     0
 253     0.97518
 254     2.32327
 255     1.29348
 256     0.11317
 257     0.76265
 258     0.62919
 259     3.03427
 260     1.48253
 261     0.39905
 262     1.04296
 263     0
 264    93.5459
 265    49.9081
 266    54.5728
 267    29.5109
 268    42.8815
 269    29.9038
 270     1.28804
 271     1.79074
 272   457.326
 273   443.624
 274   336.449
 275   283.255
 276   178.737
 277   116.416
 278    14.5069
 279     4.77879
 280  2525.57
 281  2632.6
 282  2315.3
 283  2105.53
 284  1591.48
 285  1188.58
 286   741.489
 287   258.763
 288  4039.9
 289  4506.18
 290  4034.58
 291  3958.73
 292  3196.16
 293  2396.84
 294  1568.12
 295   505.901
 296  1253.64
 297  1094.24
 298   907.518
 299   572.753
 300   525.108
 301   225.095
 302   143.915
 303    80.9628
 304   256.527
 305   327.819
 306   204.999
 307   147.599
 308    53.8558
 309     2.30446
 310     8.64592
 311     3.88372
 312     2.90892
 313    14.0427
 314    28.602
 315     4.26891
 316     0.7093
 317     1.10339
 318     0.80287
 319     0
 320     0.22091
 321     2.71081
 322     0
 323     0.60542
 324     1.16116
 325     0.2461
 326     0.5291
 327     0.7975
 328    48.6671
 329    50.5822
 330     1.64452
 331     0
 332     1.48378
 333     6.16289
 334     0
 335     0.04897
 336   234.093
 337   187.973
 338   126.441
 339    77.5296
 340    24.2351
 341    43.1477
 342     0.56598
 343     0.62852
 344  1112.94
 345   968.894
 346   811.967
 347   495.058
 348   253.873
 349   112.067
 350    39.1047
 351    15.7421
 352  3793.05
 353  3682.04
 354  3306.61
 355  3229.5
 356  2847.24
 357  2304.94
 358  1361.85
 359   536.892
 360  2510.17
 361  2645.85
 362  2431.29
 363  2044.51
 364  1778.06
 365  1178.91
 366   714.852
 367   299.711
 368   225.915
 369   291.298
 370   270.347
 371   123.868
 372   105.119
 373    37.2262
 374    27.3603
 375     0.85898
 376    48.6813
 377    43.6027
 378    38.6338
 379     0.74256
 380     0.64619
 381     0.91818
 382     0.90979
 383     0
 384     3.20556
 385     0.96064
 386     0.81039
 387     1.75462
 388     0.96188
 389     0
 390     0.62714
 391     0.20195
 392    32.279
 393     4.97475
 394     1.06039
 395    11.4958
 396     1.3317
 397     9.51804
 398    14.4623
 399     3.74438
 400    60.9529
 401    57.8554
 402    26.912
 403    21.2875
 404     0.75342
 405     1.50263
 406     1.30092
 407     2.37189
 408   318.662
 409   416.482
 410   188.68
 411    80.8768
 412   127.708
 413    77.1753
 414    10.8367
 415     8.35768
 416  1141.04
 417  1238.57
 418  1139.23
 419   908.358
 420   720.135
 421   478.04
 422   264.749
 423   179.64
 424  1101.98
 425  1057.95
 426   876.344
 427   702.675
 428   418.58
 429   277.911
 430   235.341
 431    44.9038
 432   249.933
 433   223.035
 434   168.303
 435    40.3547
 436    60.2102
 437    13.9958
 438     0.46209
 439     1.12526
 440    18.8751
 441     5.3571
 442     0.98813
 443     0.96965
 444     0.24276
 445    11.8391
 446     2.30604
 447     2.20283
 448     0.32559
 449     0
 450     0.98029
 451     0
 452     0
 453     0
 454     0.40748
 455     0
 456     0.67424
 457    16.2817
 458    16.2817
 459     0
 460     1.37026
 461     0.04749
 462     0.42138
 463     0
 464     1.75243
 465     3.86328
 466    12.4332
 467    16.7009
 468     3.17484
 469    12.1859
 470     0
 471     0
 472    92.1556
 473    85.3146
 474    28.7548
 475    20.7723
 476    11.1814
 477     3.25829
 478    10.4118
 479     0.56021
 480   201.955
 481   148.337
 482    42.2936
 483    84.6045
 484    21.4572
 485    46.171
 486    23.7009
 487    10.0623
 488   179.939
 489    88.7966
 490    51.0723
 491    87.0461
 492    51.3477
 493     0.46565
 494     0
 495     1.06528
 496    17.4747
 497     1.6141
 498    41.8098
 499     0.81583
 500     1.89977
 501     0.05244
 502    14.7469
 503     9.13164
 504    36.9834
 505    14.9083
 506     0
 507     0.70043
 508     0.25315
 509     0
 510     0
 511     0.3681
