This file was gnenerated on 2021-06-23 11:04:03.399524 by Grant Finneman. This contains the extracted data from the Gate simulations
The edep for each bar was summed up and printed to this file. The only math operation done has been addition.

  id        edep
   0     0.75777
   1     0.9952
   2     0.94356
   3    16.3857
   4    24.572
   5     1.75692
   6     1.4744
   7     0.40077
   8    22.8831
   9     1.75971
  10     1.9029
  11    24.9133
  12    33.3055
  13    19.2921
  14     6.0322
  15     1.79493
  16    47.8757
  17   135.449
  18   117.097
  19    34.6327
  20    57.0714
  21     3.92042
  22     0.98381
  23     0
  24   187.499
  25   158.772
  26   100.55
  27    37.5025
  28    62.2007
  29    27.8996
  30    18.0365
  31     6.15438
  32   102.184
  33   167.988
  34    74.141
  35    58.4984
  36    14.3618
  37     7.54256
  38     0.16438
  39     0.16438
  40    77.291
  41    39.1639
  42    22.5899
  43    38.3529
  44    10.1146
  45    13.1562
  46     3.44702
  47     0.5358
  48    10.0356
  49    37.4977
  50    30.48
  51     0.71763
  52     0
  53     0.42565
  54     0
  55     0.35002
  56     1.93952
  57     0
  58     0.35875
  59     0
  60     0
  61     0
  62     0.61155
  63     0
  64     6.16283
  65     1.81731
  66     0
  67     1.20889
  68     1.33481
  69     0
  70     0
  71     1.47257
  72    14.6827
  73    13.704
  74    27.7262
  75    24.4701
  76     0.34514
  77     1.24291
  78     4.92003
  79     5.09489
  80   465.304
  81   412.324
  82   504.947
  83   315.579
  84   316.22
  85   115.526
  86   103.617
  87    68.9535
  88   956.129
  89   990.181
  90   888.348
  91   832.504
  92   658.856
  93   427.932
  94   232.881
  95   139.825
  96   940.242
  97   893.173
  98   885.492
  99   900.306
 100   648.554
 101   398.071
 102   239.233
 103    68.2724
 104   352.321
 105   370.712
 106   254.468
 107   302.775
 108   260.655
 109   182.587
 110   134.544
 111    24.677
 112    53.9865
 113    88.5715
 114    79.8361
 115    68.9342
 116    11.206
 117     5.49871
 118     0.35458
 119     1.48073
 120    16.8825
 121     3.27657
 122     0
 123     3.55902
 124     0.67159
 125     0
 126     1.91926
 127     0
 128    37.306
 129    43.2691
 130     0.93424
 131     1.80699
 132     0.86893
 133     1.04647
 134     0
 135     0.71071
 136   192.974
 137   193.193
 138   135.118
 139    38.8548
 140    45.1545
 141     6.61332
 142     0.59937
 143     0
 144  1296.49
 145  1171.53
 146  1024.58
 147   814.612
 148   642.86
 149   474.229
 150   279.074
 151    80.4191
 152  2707.79
 153  2482.78
 154  2391.83
 155  2160.17
 156  2123.69
 157  1478.89
 158   989.204
 159   401.246
 160  2675.06
 161  2558.37
 162  2424.14
 163  1947.47
 164  1851.36
 165  1532.64
 166   974.248
 167   290.28
 168   986.54
 169   901.067
 170   915.036
 171   783.685
 172   575.575
 173   385.019
 174   184.264
 175    55.4903
 176    60.8632
 177   120.136
 178   201.084
 179    54.0744
 180    38.4239
 181    30.2117
 182     5.6379
 183     0.25199
 184    18.3061
 185     0.67445
 186    27.1224
 187    25.8684
 188     6.10072
 189     0.93678
 190     0
 191     0.50332
 192    14.5033
 193    13.7766
 194     0.23606
 195     1.51477
 196     8.109
 197     0.4612
 198     0
 199     1.75724
 200   152.781
 201   148.07
 202    77.1413
 203   122.163
 204    14.3679
 205     2.54008
 206     0.23919
 207     0.85094
 208  1162.86
 209  1117.85
 210  1047.94
 211   854.39
 212   627.78
 213   421.146
 214   300.468
 215    89.3981
 216  2998.1
 217  3047.68
 218  2842.79
 219  2426.55
 220  1917.06
 221  1468.76
 222   767.618
 223   316.94
 224  3319.8
 225  3290.01
 226  2484.57
 227  2311.07
 228  2085.75
 229  1431.5
 230   873.714
 231   304.622
 232  1165.57
 233  1025.97
 234   873.337
 235   793.385
 236   649.266
 237   460.583
 238   305.228
 239   147.957
 240   136.421
 241   126.822
 242   123.031
 243    94.8905
 244    76.4054
 245    48.7329
 246    18.1712
 247     0
 248    20.4521
 249     0
 250    10.96
 251    12.4447
 252    33.8749
 253    13.6522
 254    21.7223
 255     0.65904
 256    55.6324
 257    24.4273
 258    23.5417
 259    20.1965
 260    10.3392
 261     1.33184
 262     5.36382
 263     0.65482
 264    53.2849
 265   117.977
 266   124.807
 267   150.202
 268    29.185
 269     9.11738
 270     0.50397
 271     1.16396
 272  1205.27
 273  1295.22
 274   944.214
 275   873.483
 276   549.563
 277   466.136
 278   345.515
 279   140.472
 280  2731.63
 281  2880.09
 282  2751.68
 283  2360.25
 284  1939.05
 285  1400.84
 286   835.972
 287   416.585
 288  3106.45
 289  3314.97
 290  2588.03
 291  2088.37
 292  2103.01
 293  1729.63
 294   933.432
 295   427.458
 296  1197.81
 297  1285.62
 298   947.886
 299   762.051
 300   645.95
 301   533.825
 302   229.084
 303   117.167
 304   167.999
 305   125.305
 306   102.236
 307    87.2637
 308   106.605
 309    36.4212
 310     2.0447
 311     3.98415
 312    36.4288
 313     5.89283
 314    12.6702
 315    15.8785
 316    11.0476
 317    12.7035
 318     0.66141
 319     2.38582
 320     6.93841
 321    21.1538
 322    57.4334
 323    44.5796
 324     1.71006
 325    15.0364
 326     0
 327     0
 328    97.7446
 329    97.3973
 330   105.576
 331    60.0729
 332    65.1651
 333    69.5433
 334    19.5973
 335     0.93981
 336   992.449
 337  1230.77
 338   910.441
 339   819.302
 340   709.946
 341   390.039
 342   268.188
 343   114.413
 344  2629.14
 345  2759.69
 346  2547.86
 347  2324.3
 348  1847.49
 349  1288.46
 350  1056.2
 351   437.818
 352  2778.9
 353  2711.6
 354  2433.2
 355  2033.46
 356  1873.07
 357  1324.96
 358   794.554
 359   398.158
 360   848.604
 361   804.995
 362   836.042
 363   862.957
 364   739.309
 365   557.67
 366   280.132
 367    95.3428
 368   114.187
 369    78.302
 370   154.533
 371   133.032
 372    47.6848
 373    42.4643
 374     6.86869
 375     7.4868
 376    15.5157
 377    27.6408
 378    31.4423
 379     0.76475
 380     0.55382
 381     0.48775
 382     1.49044
 383     0.28144
 384    35.5608
 385     4.06299
 386    24.8422
 387     0.31334
 388     0
 389    36.5552
 390     0.00408
 391     0.82739
 392    26.0709
 393    36.8051
 394     6.98643
 395    29.9217
 396    15.2029
 397    11.873
 398    24.7597
 399     1.24031
 400   414.559
 401   426.667
 402   319.27
 403   307.668
 404   324.283
 405   178.187
 406    78.4132
 407    29.571
 408  1068.01
 409  1172.02
 410   869.651
 411   930.091
 412   824.357
 413   573.482
 414   319.046
 415   136.608
 416   968.122
 417   994.016
 418   975.257
 419   750.88
 420   566.968
 421   396.557
 422   239.243
 423   117.583
 424   514.914
 425   541.26
 426   534.63
 427   289.838
 428   201.493
 429   164.408
 430   107.664
 431    75.8715
 432    79.8897
 433    23.8402
 434    88.0711
 435    31.8569
 436    11.9356
 437    18.9795
 438     0
 439     0
 440     3.03236
 441    26.716
 442    10.7531
 443     0.85257
 444     0.35625
 445     0
 446     0.08995
 447     0
 448     0
 449     0.08995
 450     0.85882
 451     1.57027
 452     0.01099
 453     0
 454    17.3456
 455     0.87523
 456     9.19735
 457     3.84193
 458     5.53606
 459     0.631
 460     0.36365
 461     1.06466
 462    12.8899
 463     1.23133
 464     2.53193
 465    99.0744
 466    53.8819
 467    38.4591
 468    11.2888
 469     0
 470     4.7823
 471     0
 472   219.802
 473   108.487
 474    68.067
 475    74.2475
 476    53.6787
 477    23.9572
 478    16.2455
 479     1.20427
 480   135.76
 481   181.892
 482   121.903
 483    84.5356
 484    28.5342
 485     7.77454
 486    17.1348
 487    17.0471
 488    87.7036
 489    51.1172
 490    64.0958
 491    26.1946
 492    19.4301
 493     2.12716
 494     0.3094
 495     0.99186
 496    50.1375
 497    38.2459
 498    39.9301
 499     0.74547
 500     0.0712
 501     0.64963
 502     2.3177
 503     0.66933
 504     0.72828
 505     0.94539
 506     0.01014
 507     0.81349
 508     0.81349
 509     0.43286
 510     0.2505
 511     0.98564
