This file was gnenerated on 2021-06-23 11:24:25.432453 by Grant Finneman. This contains the extracted data from the Gate simulations
The edep for each bar was summed up and printed to this file. The only math operation done has been addition.

  id        edep
   0     0.0441
   1     0.1008
   2     2.97934
   3     5.53117
   4     2.53783
   5     0.43065
   6     0
   7     0.75083
   8     7.11632
   9    22.6571
  10    14.3165
  11     4.36248
  12     3.74025
  13     5.25532
  14     2.50129
  15     2.85635
  16    59.548
  17    17.7837
  18    13.2459
  19    28.4848
  20    43.357
  21    16.0542
  22     0.91389
  23     0.6969
  24    82.535
  25    63.3245
  26    59.143
  27    62.0837
  28     9.94809
  29     1.00089
  30     1.65286
  31     2.00225
  32    86.9792
  33   132.082
  34   126.413
  35    78.1609
  36    68.2949
  37     9.45169
  38     1.71432
  39     2.45752
  40    90.1972
  41    44.9386
  42    91.275
  43    48.505
  44    56.9944
  45     0.06488
  46     6.31968
  47     4.55571
  48    24.781
  49    26.515
  50     0.43162
  51     2.11822
  52    13.3803
  53     0.25455
  54     2.10343
  55     8.53398
  56     0
  57     0
  58     0.61802
  59     0
  60     0
  61     0.70467
  62     0
  63     7.27652
  64    54.2872
  65    12.3274
  66    22.8153
  67     1.01054
  68     0.92277
  69     5.74024
  70     6.20961
  71     7.62867
  72    53.3248
  73    32.7008
  74    47.4947
  75    45.0281
  76    11.5022
  77     2.80242
  78     0
  79     0.82964
  80   268.719
  81   185.875
  82    99.879
  83    94.8341
  84    77.6609
  85    42.2771
  86     1.42941
  87     0.74141
  88   437.66
  89   494.277
  90   522.944
  91   374.89
  92   284.457
  93   219.949
  94    96.3406
  95    47.1312
  96   791.016
  97  1100.54
  98  1097.34
  99   958.716
 100   716.028
 101   572.401
 102   398.547
 103   136.202
 104   480.066
 105   672.987
 106   495.648
 107   404.657
 108   297.673
 109   204.017
 110   161.839
 111    62.427
 112    89.4464
 113   151.639
 114    88.1042
 115    72.0749
 116    46.8198
 117    31.5661
 118     0
 119     1.5611
 120    31.6392
 121    11.1605
 122     4.27553
 123     7.54334
 124     4.7996
 125     1.47335
 126     0.03251
 127     1.44317
 128   127.969
 129    27.235
 130    18.94
 131    11.2151
 132     9.7843
 133     0.50527
 134     6.49125
 135     0.74384
 136   389.493
 137   376.18
 138   284.724
 139   231.314
 140   142.621
 141    68.9556
 142    21.9825
 143     6.31048
 144  1079.18
 145   988.218
 146   808.273
 147   645.76
 148   455.195
 149   408.764
 150   228.214
 151   101.468
 152  1922
 153  1762.54
 154  1429.72
 155  1269.08
 156   969.402
 157   898.649
 158   460.372
 159   238.05
 160  1745.42
 161  1952.66
 162  1708.2
 163  1354.46
 164  1106.53
 165  1020.68
 166   667.823
 167   259.513
 168  1317.58
 169  1382.79
 170  1206.77
 171   968.308
 172   953.92
 173   747.643
 174   446.68
 175   197.57
 176   225.98
 177   264.855
 178   213.743
 179   177.712
 180   186.368
 181    85.1498
 182    30.5636
 183     8.56189
 184    25.0509
 185    59.4444
 186    53.5698
 187     5.92859
 188    24.9633
 189    33.0871
 190     0
 191     0.76563
 192   152.011
 193    88.2041
 194   116.36
 195    86.205
 196    74.4873
 197    25.3849
 198    35.0317
 199    11.6776
 200  1003.47
 201  1058.5
 202   867.848
 203   752.989
 204   732.106
 205   570.353
 206   372.946
 207   162.142
 208  2005.56
 209  1914.09
 210  1504.21
 211  1357.06
 212  1109.93
 213   970.544
 214   477.354
 215   158.209
 216  2201.71
 217  2039.33
 218  1770.89
 219  1676.95
 220  1352.39
 221   989.309
 222   717.567
 223   229.862
 224  2141.17
 225  2198.94
 226  1974.61
 227  1663.76
 228  1298.82
 229  1103.96
 230   635.371
 231   234.207
 232  1826.06
 233  1644.25
 234  1686.4
 235  1411.55
 236   987.823
 237   854.306
 238   589.224
 239   287.88
 240   802.075
 241   793.831
 242   783.387
 243   614.363
 244   400.728
 245   305.328
 246   175.291
 247    64.7346
 248   118.417
 249   110.007
 250   114.003
 251    76.0996
 252    24.7088
 253    12.7749
 254     0.89226
 255     1.42793
 256   100.686
 257    93.5275
 258    52.9793
 259    51.504
 260    56.6105
 261     7.0245
 262     7.78191
 263     0.26147
 264   859.559
 265   911.226
 266   746.283
 267   648.212
 268   451.432
 269   329.223
 270   166.43
 271    42.1481
 272  2027.46
 273  1913.84
 274  1706.95
 275  1489.08
 276  1191.98
 277   965.306
 278   603.334
 279   221.106
 280  2220.97
 281  2134.05
 282  2079.85
 283  1680.09
 284  1236.58
 285   898.021
 286   586.646
 287   223.636
 288  1961.92
 289  2082.38
 290  1844.16
 291  1574.7
 292  1326.16
 293  1062.63
 294   581.706
 295   223.389
 296  1668.77
 297  1839.72
 298  1606.6
 299  1504.23
 300  1210.81
 301   905.472
 302   583.33
 303   314.366
 304  1018.57
 305  1140.12
 306  1047.85
 307   776.91
 308   642.084
 309   440.044
 310   317.418
 311   139.845
 312   191.516
 313   118.203
 314   139.685
 315    92.6276
 316    71.6845
 317    64.6112
 318    17.6093
 319     1.314
 320    44.3946
 321     7.99112
 322    91.1764
 323    91.2532
 324    37.1356
 325     0
 326     0
 327     0.51411
 328   283.753
 329   296.299
 330   330.864
 331   200.672
 332   113.454
 333    31.5863
 334     8.91674
 335     0
 336  1367.89
 337  1379.77
 338  1299.87
 339  1170.09
 340   896.349
 341   617.577
 342   404.009
 343   143.524
 344  1978.47
 345  1749.71
 346  1611.59
 347  1538.54
 348  1176.01
 349   755.519
 350   531.794
 351   236.357
 352  1574.32
 353  1683.84
 354  1470.93
 355  1223.29
 356   994.311
 357   892.537
 358   499.233
 359   163.358
 360   957.865
 361   966.344
 362   865.674
 363   791.509
 364   535.127
 365   390.691
 366   229.379
 367   117.964
 368   438.886
 369   293.363
 370   152.889
 371   117.659
 372   136.334
 373    47.3948
 374    28.279
 375    14.02
 376    76.324
 377    81.5806
 378    39.8571
 379    35.8771
 380     0.4042
 381    27.648
 382     2.52935
 383     1.4872
 384     2.45142
 385     6.32544
 386    24.4013
 387     1.86399
 388     0.96461
 389     3.64612
 390     0.66222
 391     0
 392   124.77
 393   147.911
 394    15.4311
 395    19.5571
 396     2.38816
 397     8.98497
 398     0.17569
 399     0
 400   449.324
 401   401.364
 402   371.384
 403   281.708
 404   270.738
 405   113.312
 406    75.0076
 407    54.626
 408   900.978
 409   943.959
 410   854.951
 411   707.365
 412   602.9
 413   407.729
 414   292.138
 415   122.909
 416   495.304
 417   508.818
 418   458.111
 419   349.674
 420   239.271
 421   261.816
 422    85.2374
 423    19.6355
 424   167.935
 425   169.174
 426    83.8578
 427   141.983
 428    61.942
 429    43.069
 430    27.5837
 431     5.76147
 432    72.5194
 433    32.9025
 434    27.1961
 435    21.3113
 436    21.7336
 437    29.6448
 438    20.2408
 439    21.4101
 440    12.1304
 441    17.6555
 442     1.79126
 443    22.7434
 444    15.9913
 445     0
 446     0.31455
 447     0
 448     0
 449     0
 450     0.89066
 451     0
 452     0.01362
 453     0.11804
 454     0.59944
 455     0.80149
 456    51.2361
 457    28.0795
 458    18.528
 459     3.40992
 460     1.05319
 461     0.71362
 462     0.97231
 463     0
 464    89.4961
 465   130.587
 466   113.639
 467    29.4696
 468    39.2637
 469    38.0569
 470     0.39631
 471     1.22559
 472    56.3762
 473    91.8964
 474   119.447
 475    65.3064
 476    20.2934
 477    23.9716
 478     2.98138
 479     0.50933
 480    94.2845
 481   112.626
 482    88.0004
 483    15.3371
 484    16.9665
 485    20.9324
 486    12.3525
 487     0
 488    19.71
 489    21.889
 490    48.7979
 491     5.91023
 492    33.2531
 493     8.76406
 494     0.78677
 495     1.21077
 496     1.04202
 497     2.01765
 498    17.2319
 499     0
 500     5.53284
 501     1.0707
 502     0
 503     0.19796
 504     0
 505     0.35292
 506     8.17029
 507     0
 508     0
 509     0.52296
 510     0
 511     1.69757
