This file was gnenerated on 2021-06-23 11:49:43.745178 by Grant Finneman. This contains the extracted data from the Gate simulations
The edep for each bar was summed up and printed to this file. The only math operation done has been addition.

  id        edep
   0     5.62583
   1     0
   2     3.68376
   3     0
   4     0.67081
   5     1.88763
   6     0
   7     1.09291
   8     9.76207
   9     0.93688
  10    26.8366
  11    31.0207
  12    29.2869
  13     1.3155
  14     0.54904
  15     0.00929
  16    60.1926
  17    50.6316
  18    59.0957
  19    29.2496
  20    23.208
  21    19.1483
  22    10.4156
  23     1.07729
  24    59.8879
  25    92.6574
  26    34.1307
  27    55.6519
  28     9.29887
  29     0.70216
  30    19.1322
  31     0.72463
  32    35.9532
  33    49.3999
  34    11.7745
  35    17.254
  36     1.14112
  37     0.94717
  38     0.59966
  39     4.35666
  40     0.94104
  41     2.59616
  42     0.07082
  43     0.90543
  44     1.75156
  45     0
  46     0.15726
  47     0
  48     0.63242
  49     0.88573
  50     1.18827
  51     1.08358
  52     0.79961
  53     0
  54     0.15726
  55     0
  56     0.94909
  57     0
  58     0
  59     0.03931
  60     0
  61     0
  62     0.47931
  63     0
  64    25.5768
  65    47.2123
  66    24.8315
  67    50.6983
  68     2.91718
  69     0.70663
  70     0.10553
  71     0
  72   143.827
  73    70.2093
  74    36.8717
  75    66.3105
  76    99.6922
  77    19.8393
  78     0.3341
  79     0.75668
  80   387.335
  81   418.509
  82   269.194
  83   190.963
  84   195.122
  85   125.418
  86   103.036
  87    21.5415
  88   300.544
  89   254.656
  90   123.861
  91   190.925
  92   109.677
  93    70.4666
  94    33.1828
  95     1.55492
  96   160.037
  97    83.2961
  98   159.999
  99    72.6778
 100    52.096
 101    38.8151
 102    17.3541
 103     3.74866
 104    25.328
 105    21.3411
 106    32.1921
 107    28.3719
 108    23.6817
 109    16.1045
 110     0.86874
 111     1.27806
 112     3.42598
 113     7.00646
 114     1.39665
 115     3.88266
 116     0.01034
 117     0.81309
 118     0.42088
 119     0.814
 120     2.59819
 121     0.91494
 122     0
 123     0.40011
 124    17.6386
 125     8.5238
 126     0.12022
 127     0
 128    57.2253
 129    53.3221
 130    15.3812
 131    41.1773
 132     1.67775
 133     1.11052
 134    29.9242
 135     0.75079
 136   483.737
 137   357.495
 138   330.335
 139   267.187
 140   165.182
 141    86.9533
 142    56.5111
 143     6.5073
 144  2121.13
 145  1843.33
 146  1727.35
 147  1753.57
 148  1580.65
 149  1201.77
 150   694.97
 151   218.813
 152  2115.19
 153  1892.1
 154  1666.39
 155  1353.72
 156  1117.87
 157   764.124
 158   435.127
 159   200.257
 160   689.141
 161   716.124
 162   449.101
 163   480.217
 164   292.503
 165   278.185
 166   139.135
 167    25.3818
 168   290.937
 169   226.679
 170   251.486
 171   136.366
 172   101.802
 173    12.228
 174    59.7139
 175     2.82332
 176    85.9803
 177    91.5672
 178   107.585
 179    66.9498
 180    10.6905
 181     9.84813
 182    17.8106
 183     6.93177
 184    44.3216
 185    15.9246
 186    27.5666
 187    25.2632
 188     8.82176
 189    27.0795
 190     0.28841
 191     0
 192   151.987
 193   104.871
 194    78.3245
 195    90.6727
 196    64.495
 197     0.71388
 198    17.394
 199    24.3781
 200  1185.59
 201  1159.06
 202   985.334
 203   687.618
 204   663.438
 205   504.169
 206   300.53
 207   163.955
 208  3168.87
 209  3149.63
 210  2694.21
 211  2274.68
 212  1771.02
 213  1397.57
 214   891.806
 215   379.659
 216  3520.44
 217  3053.06
 218  2756.11
 219  2377.09
 220  1969.25
 221  1668.5
 222  1096.05
 223   479.115
 224  2696.49
 225  2748.46
 226  2433.49
 227  2239.72
 228  1862.45
 229  1466.63
 230   941.839
 231   356.738
 232  1513.64
 233  1364.82
 234  1202.55
 235  1136.63
 236   835.658
 237   485.476
 238   391.833
 239   110.602
 240   442.212
 241   481.073
 242   385.344
 243   157.303
 244   110.846
 245    59.7655
 246    18.9429
 247    10.815
 248    34.2907
 249    60.9372
 250    61.7771
 251     7.45577
 252     1.63363
 253     0.38532
 254     0.73917
 255     6.56035
 256    97.5181
 257    92.5546
 258    39.513
 259    32.8539
 260     0
 261     0.97485
 262     0.91557
 263     1.40981
 264   442.65
 265   449.367
 266   414.117
 267   254.866
 268   135.199
 269    46.5529
 270    55.5301
 271     7.94257
 272  1618.96
 273  1619.64
 274  1382.84
 275  1167.85
 276   896.357
 277   600.563
 278   424.033
 279   172.991
 280  3008.24
 281  2821.69
 282  2781.64
 283  2564.15
 284  2191.17
 285  1447.9
 286  1098.06
 287   379.704
 288  3495.51
 289  3398.39
 290  3157.65
 291  2626.62
 292  2334.04
 293  1633.39
 294   917.039
 295   359.189
 296  2942.95
 297  2769.42
 298  2934.16
 299  2458.3
 300  2208.4
 301  1609.28
 302  1043.2
 303   358.291
 304  1214.35
 305  1115.31
 306   858.92
 307   676.597
 308   593.857
 309   433.704
 310   244.295
 311    86.8684
 312   197.187
 313   118.454
 314    36.6736
 315    44.0906
 316    23.8915
 317    11.2419
 318     1.092
 319     0.2885
 320     6.66274
 321     0.83213
 322     1.01994
 323     0.71747
 324     0.52867
 325     0
 326     0
 327     1.25766
 328    88.3906
 329   107.552
 330    46.9985
 331    26.59
 332     8.93712
 333    12.0417
 334     9.83334
 335    15.5906
 336   269.195
 337   358.427
 338   302.623
 339   135.299
 340    83.4146
 341    27.101
 342     1.92686
 343     0.92247
 344   838.133
 345   834.178
 346   544.906
 347   449.103
 348   298.599
 349   193.099
 350   106.775
 351    37.1498
 352  1974.16
 353  1886.35
 354  1841.24
 355  1282.53
 356  1048.56
 357   793.524
 358   512.959
 359   183.769
 360  2195.41
 361  1878.43
 362  1840.08
 363  1654.06
 364  1361.71
 365   920.846
 366   532.801
 367   188.782
 368   415.869
 369   438.65
 370   320.16
 371   202.15
 372   220.791
 373    89.2236
 374    31.4628
 375     2.93834
 376   140.56
 377    91.2256
 378    63.0074
 379    54.6099
 380    18.5914
 381     0
 382     0
 383     0.46192
 384     0
 385     2.84581
 386     0.39499
 387     0
 388     1.25114
 389     0.25086
 390     0.86623
 391     0.63106
 392    10.3097
 393    42.1065
 394    19.7576
 395    35.4831
 396    20.2598
 397     0
 398     0
 399     0.70041
 400    79.0271
 401    58.1573
 402    20.0474
 403    16.3911
 404     8.96885
 405    27.9506
 406     3.23511
 407     0
 408    90.7966
 409   185.42
 410    76.636
 411   107.873
 412    59.4417
 413    38.8393
 414    30.0823
 415    10.1125
 416   360.38
 417   403.97
 418   284.801
 419   130.977
 420    54.6143
 421    32.6592
 422    13.9925
 423    20.0593
 424   325.385
 425   325.067
 426   211.288
 427   225.25
 428   159.868
 429    42.0948
 430    71.5445
 431    29.877
 432    88.6281
 433    82.7622
 434    38.0341
 435    51.3659
 436    18.3057
 437    14.7778
 438    33.3551
 439    21.2105
 440    10.9015
 441     6.12161
 442    11.6702
 443     1.67805
 444     0
 445     0.92831
 446     0
 447     0
 448     0.49644
 449     0.85936
 450     0
 451     0.31355
 452     0
 453     0
 454     0.94628
 455     0
 456     3.80133
 457     0.90017
 458     0.70041
 459     0.05129
 460     0.9897
 461     0
 462     0.46585
 463     1.03144
 464     0.98067
 465     2.65696
 466    16.4851
 467     1.10688
 468    10.0055
 469     1.50533
 470     1.22927
 471     2.24011
 472     0.43357
 473     2.81138
 474    19.1547
 475     2.69822
 476     0.83941
 477    10.1471
 478     3.35033
 479     0.51029
 480    79.2318
 481     5.83902
 482    21.2842
 483    19.0729
 484    24.1748
 485    29.5385
 486     0.27272
 487     0.43914
 488    56.1031
 489    55.2124
 490    17.0544
 491    12.8467
 492     5.46247
 493     3.2498
 494     7.31821
 495     8.91759
 496    25.0029
 497    25.4958
 498    16.9023
 499    33.1483
 500     0
 501    26.5111
 502    19.904
 503     4.47955
 504     0
 505     2.30136
 506    28.6814
 507    15.2305
 508     9.85501
 509     6.27137
 510     9.52446
 511     6.27137
