This file was gnenerated on 2021-06-17 21:39:02.918679 by Grant Finneman. This contains the extracted data from the Gate simulations
The edep for each bar was summed up and printed to this file. The only math operation done has been addition.

  id      edep
   1    1.0331
   3   12.8832
   4    5.6364
   5    4.8312
   6    4.8312
   7    4.026
  12    0.7092
  17   18.6789
  25   23.5944
  29    0.2055
  30    0.7582
  35   23.0717
  39    1.5042
  42    0.5354
  43    0.5843
  49    0.6062
  66    0.1439
  67    0.4435
  80    0.643
  81   13.916
  82   15.1861
  83    3.6464
  84    6.2459
  88   45.4654
  89   43.5047
  90   17.3845
  91   48.8422
  93   21.6495
  96   74.4596
  97   55.0028
  98   65.7987
  99   43.7883
 100   52.294
 101   20.9449
 102   10.7949
 103    3.4526
 104   29.5918
 105   56.9897
 106   15.2687
 107    9.21
 108   14.1044
 109    2.973
 111    1.4608
 117   11.6424
 120    0.4228
 122   22.9473
 123    3.5595
 128    3.7674
 129    1.1592
 130    0.2562
 136   11.2934
 137    6.538
 139   25.8195
 140    0.1175
 141    4.088
 142   11.4318
 143    0.0235
 144   82.4746
 145  103.455
 146  151.009
 147   79.577
 148   50.6851
 149   30.5858
 150   10.8527
 151    9.7695
 152  161.566
 153   97.2982
 154  101.841
 155  180.617
 156  145.352
 157  105.538
 158   77.3477
 159   25.5265
 160  169.123
 161  136.41
 162  162.35
 163  108.804
 164  113.235
 165   86.9498
 166   45.0392
 167   19.9359
 168  136.504
 169  102.693
 170   83.7297
 171   83.1546
 172   54.273
 173   19.422
 174   10.5595
 175   25.2421
 176   33.1103
 177   17.4095
 178   17.9151
 179   15.3292
 180   22.5158
 181   14.6811
 184   12.2983
 185    8.0409
 187   11.8986
 188    5.1016
 192   18.8087
 193    7.3117
 197    0.5752
 200  151.81
 201  116.793
 202  124.891
 203  173.962
 204   68.1692
 205   27.2952
 206   17.9358
 207   25.752
 208  170.492
 209  195.289
 210  232.649
 211  228.971
 212  178.981
 213  127.38
 214   79.6726
 215   35.8611
 216  321.631
 217  264.538
 218  231.992
 219  164.193
 220  142.964
 221   95.9153
 222   33.8318
 223    7.8259
 224  265.344
 225  230.539
 226  205.489
 227  179.08
 228  138.435
 229  102.305
 230   65.0066
 231   35.0468
 232  219.927
 233  187.129
 234  120.226
 235  185.552
 236  122.672
 237   83.2258
 238   88.2438
 239   34.5449
 240   88.3541
 241   73.5842
 242   97.4682
 243   63.356
 244   27.9194
 245   28.9562
 246    6.6595
 247    6.5944
 249    0.1599
 250   15.939
 251    8.7668
 252   17.8899
 255    0.525
 256   42.4747
 257    0.3869
 258    0.6811
 264  126.763
 265  105.648
 266   63.923
 267   58.3925
 268   47.048
 269   57.4924
 270   18.4369
 271    2.4537
 272  197.676
 273  197.392
 274  189.718
 275  149.852
 276  139.923
 277  104.452
 278   52.7243
 279   14.6141
 280  286.094
 281  379.897
 282  235.448
 283  173.261
 284  140.466
 285   82.5384
 286   57.0062
 287   24.4662
 288  212.609
 289  307.582
 290  295.891
 291  266.418
 292  102.079
 293   76.9445
 294   46.7745
 295   21.3517
 296  151.937
 297  151.599
 298  161.757
 299  176.765
 300  121.883
 301   62.271
 302   52.5344
 303   34.7225
 304  156.896
 305   62.9287
 306   73.7128
 307   73.1199
 308   27.3304
 309   46.0473
 310   27.4407
 311   15.358
 313    3.9221
 314    3.9221
 315    3.131
 316    0.744
 320    0.6811
 328    3.4372
 329   42.7585
 330   40.5648
 331   38.7192
 336  144.887
 337  148.416
 338  111.444
 339  106.352
 340   83.1152
 341   23.1843
 342    7.3599
 343    5.6782
 344  236.403
 345  186.629
 346  191.888
 347  234.88
 348  155.921
 349  115.995
 350   40.4608
 351   29.77
 352  142.001
 353  199.513
 354  112.012
 355   96.2141
 356  144.043
 357  115.79
 358   74.6891
 359   13.0757
 360   44.7919
 361   54.4594
 362   36.0071
 363   41.3632
 364   29.0498
 365   16.6381
 366   11.3193
 367    3.7458
 368   19.1001
 369   19.5123
 370   42.9542
 371   26.1682
 373   13.1103
 384    0.7382
 393    8.0463
 399    0.0533
 400   29.1234
 401   19.8101
 402   47.2933
 403   37.6901
 404   43.2101
 405   26.9457
 406    3.0961
 407    2.1266
 408   82.4783
 409   46.0726
 410   98.0185
 411   97.2979
 412   38.0375
 413   27.2092
 414   13.2576
 415    3.6914
 416   27.353
 417   18.6604
 418    2.9693
 419    1.2559
 420   10.5361
 421   11.2352
 422    9.5637
 423   10.8084
 427   13.7346
 430   13.1874
 435    4.3701
 451    0.2134
 465    4.3884
 466   29.0586
 467    4.5882
 468    2.6005
 469   16.318
 472   13.4409
 473    4.3884
 474   18.41
 475   13.8075
 477    9.926
 480    3.6104
 481    6.275
 484    0.3397
 489    2.0613
 504    0.0046
 511    0.4254
