This file was gnenerated on 2021-06-21 17:03:54.635872 by Grant Finneman. This contains the extracted data from the Gate simulations
The edep for each bar was summed up and printed to this file. The only math operation done has been addition.

  id      edep
   0    0
   1    0
   2    0
   3    0
   4    0.3925
   5    0.6093
   6    0
   7    0
   8    8.6682
   9    5.7624
  10    0
  11    0
  12    0
  13    0
  14    0
  15    0
  16    0.6838
  17    2.8812
  18    0
  19   12.186
  20    0
  21    0
  22    0
  23    0
  24    7.749
  25   19.107
  26    0
  27    0.4405
  28    0
  29    0.8365
  30    0
  31    0
  32    8.2365
  33   75.7476
  34   14.7245
  35    1.912
  36    0.209
  37    0
  38    0
  39    0
  40    0
  41   14.2545
  42    0
  43    0.3699
  44    2.4969
  45    2.8536
  46    0
  47    0
  48    0
  49    0
  50   23.6462
  51    0
  52    0
  53    0
  54    0
  55    0
  56    0
  57    0
  58   11.9364
  59    0
  60    0
  61    0
  62    1.4806
  63    0
  64    0.8377
  65    0
  66    0
  67    0
  68    0
  69    0
  70    0
  71    0
  72    0
  73    0.8888
  74    1.4654
  75    0
  76    0
  77    0
  78    0
  79    0
  80    5.767
  81    2.8812
  82    5.7624
  83   13.4046
  84    0.8377
  85    0.8377
  86    0.0476
  87    0
  88   38.9081
  89   38.1999
  90   41.019
  91   27.8782
  92   11.0249
  93   10.6257
  94    5.058
  95    3.372
  96  135.645
  97  128.097
  98  127.575
  99  101.997
 100   78.9088
 101   77.5103
 102   34.7957
 103   28.0184
 104   42.8643
 105   43.4078
 106   68.5321
 107   43.2136
 108   19.9403
 109   19.776
 110    0.5945
 111    0
 112    7.3296
 113   13.946
 114   21.6266
 115    2.2217
 116    0
 117    0
 118   10.2336
 119    0
 120   11.5778
 121    7.5701
 122   18.9348
 123    0
 124    0
 125    0
 126    0
 127    0
 128    0
 129    0
 130    0
 131    0
 132    0
 133    3.0558
 134    0
 135    0
 136    6.3938
 137    0.0744
 138    0
 139    0
 140    0.7362
 141    2.8096
 142    0
 143    0
 144   52.0029
 145   26.7189
 146   31.8046
 147   33.0466
 148   20.2883
 149    3.2103
 150    0
 151    0
 152  136.016
 153  125.083
 154  131.511
 155  107.348
 156   85.5682
 157   76.025
 158   41.3059
 159   12.7138
 160  318.136
 161  276.872
 162  234.995
 163  257.278
 164  151.61
 165   57.7151
 166   38.8559
 167   23.0882
 168  279.397
 169  206.029
 170  170.458
 171  141.012
 172  112.643
 173  109.991
 174   64.1077
 175   24.6755
 176   25.6283
 177   67.595
 178   23.9412
 179   59.8686
 180   24.0836
 181   10.2304
 182   12.4504
 183    5.5104
 184    5.5561
 185    5.051
 186    2.5255
 187    0
 188    0.7891
 189    0
 190    0
 191    0
 192   22.9828
 193    0
 194    0.2306
 195    0
 196    0
 197    0
 198    0
 199    0
 200   66.2692
 201   69.6567
 202   71.2946
 203    0.2683
 204    7.4695
 205    0.7024
 206    0
 207    0.8377
 208   62.5317
 209   46.3453
 210   37.2788
 211   70.6066
 212   35.0798
 213   95.45
 214   20.7644
 215    1.964
 216  177.666
 217  184.471
 218  212.521
 219  136.48
 220  172.951
 221  131.227
 222  152.789
 223   20.5761
 224  219.634
 225  224.192
 226  181.821
 227  162.822
 228  182.173
 229  146.618
 230   77.6785
 231   15.4328
 232  179.698
 233  195.139
 234  190.406
 235  142.017
 236   88.6132
 237   60.0942
 238   29.0646
 239   26.4129
 240   24.1101
 241   17.7005
 242   20.6208
 243   29.7578
 244    0
 245    0
 246    0
 247    0
 248    7.6716
 249    8.6922
 250    0
 251    0
 252    0
 253    0
 254    0.8604
 255    0
 256    0
 257    0
 258    0
 259    0
 260    0
 261    0
 262    0.2741
 263    0
 264   50.856
 265   11.3905
 266   33.1929
 267   29.392
 268    8.5704
 269   20.447
 270   16.1244
 271    0
 272  172.227
 273  130.965
 274  105.855
 275  121.964
 276  151.09
 277  161.539
 278   57.5932
 279   11.715
 280  223.12
 281  241.357
 282  206.888
 283  227.386
 284  245.461
 285  165.866
 286   94.1402
 287   46.489
 288  239.227
 289  211.86
 290  230.133
 291  216.426
 292  153.399
 293  100.453
 294   86.7015
 295   52.267
 296  102.491
 297  112.582
 298   48.4907
 299   62.368
 300   48.8578
 301   30.6051
 302   16.1398
 303   13.3126
 304   31.2753
 305    7.164
 306    8.2771
 307    7.793
 308    0
 309    0
 310    0
 311    0
 312    0
 313    0
 314    0
 315    0
 316    0
 317    0
 318    0
 319    0
 320   31.1263
 321    0.8377
 322   27.8784
 323    0
 324    0
 325    0.9692
 326    0.9692
 327    0
 328   96.3263
 329  104.22
 330   41.3302
 331   21.4101
 332    6.3583
 333    5.2294
 334    4.5997
 335    0
 336  193.374
 337  233.799
 338  253.665
 339  188.175
 340  171.66
 341  124.041
 342   72.1325
 343   16.9037
 344  208.434
 345  165.675
 346  205.633
 347  192.295
 348   95.4179
 349  102.365
 350   56.9799
 351   33.1913
 352  178.421
 353  109.257
 354  104.965
 355  107.022
 356  104.477
 357   97.1151
 358   50.3101
 359   23.1763
 360   24.2184
 361   30.5144
 362   20.3996
 363   17.75
 364   15.5992
 365   13.2322
 366    8.63
 367    0
 368   16.6768
 369    0
 370    0.2858
 371    0.6535
 372    0.5438
 373    0
 374    0
 375    0
 376    0
 377    0
 378    0
 379    0
 380    0
 381    0
 382    0
 383    0
 384   37.1295
 385    0.5014
 386   13.9392
 387    0
 388    0
 389    0
 390    0
 391    0
 392   28.5889
 393   23.9862
 394   12.4282
 395    8.712
 396    0
 397    0.3754
 398    0
 399    0
 400   36.0892
 401   95.3482
 402   44.5676
 403   41.1816
 404   11.1415
 405   16.2272
 406   20.636
 407    0
 408  103.91
 409  139.951
 410  141.664
 411  103.234
 412   45.595
 413   53.1777
 414   52.6387
 415   25.8389
 416   26.101
 417   40.3757
 418   47.7893
 419   47.4989
 420   61.8748
 421   14.8104
 422    1.5369
 423   18.6191
 424   15.02
 425   12.395
 426    5.8815
 427   21.2224
 428    0
 429    0
 430    0
 431    0
 432    0
 433    0.239
 434    0
 435    0
 436    0
 437    0
 438    0
 439    0
 440    0
 441    0
 442    0
 443    0
 444    0
 445    0
 446    0
 447    0
 448    0
 449    0
 450    0
 451    0
 452    0
 453    0
 454    0
 455    0
 456    0
 457    0
 458    0
 459    0
 460    0
 461    0
 462    0
 463    0
 464   12.8296
 465   20.2685
 466    9.7194
 467   11.6828
 468    0
 469    0
 470    0
 471    0.5283
 472   10.9128
 473   65.6302
 474   39.8075
 475   16.6705
 476   10.0165
 477    4.6872
 478    0
 479    0
 480    0
 481    0
 482    0.6736
 483    0
 484    0.5395
 485    0
 486    0
 487    0.0135
 488    0.842
 489    2.1892
 490    0.6736
 491    6.8248
 492   26.4461
 493    0
 494    0
 495    0
 496    0.8531
 497    0
 498    0
 499    0
 500    0
 501    0
 502    0
 503    0
 504    0
 505    0
 506    0
 507    0
 508    0
 509    0
 510    0
 511    0
