This file was gnenerated on 2021-06-21 17:05:20.188473 by Grant Finneman. This contains the extracted data from the Gate simulations
The edep for each bar was summed up and printed to this file. The only math operation done has been addition.

  id      edep
   0    0
   1    0
   2    0
   3    0
   4    0
   5    0
   6    0
   7    0
   8    0
   9    0
  10    1.5978
  11    0
  12    0
  13    0
  14    0
  15    0
  16    0
  17    0
  18    0
  19    0
  20    0.2619
  21    0
  22    0
  23    0
  24    7.023
  25    4.9161
  26    0
  27    0
  28    0
  29    0
  30    0
  31    0
  32    0.1983
  33    5.7647
  34    0
  35    0
  36    0
  37    0
  38    0
  39    0
  40    0
  41   12.1765
  42    9.0618
  43    2.3244
  44    0
  45    0
  46    0
  47    0
  48    0
  49    0
  50    1.3236
  51    1.3236
  52    0
  53    0
  54    0
  55    0
  56    0
  57    0
  58    0
  59    0
  60    0
  61    0
  62    0
  63    0
  64    0
  65    0.6131
  66    0
  67    0
  68    0
  69    0
  70    0
  71    0
  72   30.1707
  73    0
  74    0
  75    0
  76    0
  77    0
  78    0
  79    0
  80   28.003
  81   20.4447
  82   20.1515
  83    2.5992
  84    3.932
  85    0.1866
  86    0
  87    0
  88   59.8849
  89   93.1465
  90   69.8927
  91   58.2309
  92   48.8995
  93   19.6356
  94   16.3765
  95    2.2225
  96   35.286
  97   51.5933
  98   19.2341
  99   21.3224
 100   19.8383
 101   57.7557
 102    2.9127
 103    0
 104   32.1812
 105    0
 106   25.0741
 107   19.48
 108   15.358
 109    0.4988
 110    0
 111    0
 112    0
 113   23.8685
 114   46.9318
 115   24.6825
 116    0
 117    0
 118    0
 119    0
 120    0
 121    8.744
 122    0.9107
 123    0
 124    0
 125    0
 126    0
 127    0.5901
 128    0.0265
 129    0
 130    0.53
 131    0.3926
 132    0
 133    0
 134    0
 135    0.3842
 136   13.1269
 137    0
 138    6.3154
 139   30.9551
 140   18.4936
 141    3.6905
 142    0
 143    0
 144  107.505
 145   94.4748
 146   38.1911
 147   26.2035
 148   17.7876
 149   29.3442
 150    0.276
 151    0
 152  155.048
 153  147.485
 154  174.946
 155  211.417
 156  140.088
 157  160.538
 158  102.255
 159   33.9048
 160  222.496
 161  189.218
 162  185.194
 163  157.521
 164  204.85
 165  249.165
 166   92.5431
 167   24.8486
 168  166.177
 169  110.635
 170  108.071
 171  104.252
 172   54.8563
 173   51.5388
 174   27.7409
 175   32.3803
 176   18.0636
 177   45.241
 178   26.4206
 179   13.8642
 180   15.897
 181   14.7525
 182    3.902
 183    7.804
 184    0
 185    0.6352
 186    0.8811
 187    0
 188    0
 189    0
 190    0
 191    0
 192    0.3741
 193    0
 194    0.6131
 195    0
 196    0.3189
 197    0
 198    0
 199    0
 200   12.3746
 201    0
 202   39.1113
 203    2.3825
 204    1.5477
 205    7.4547
 206    6.6429
 207    5.1667
 208  186.833
 209  128.347
 210  105.596
 211   92.8364
 212   77.3708
 213   68.6029
 214   10.8562
 215    6.6593
 216  241.626
 217  288.223
 218  244.382
 219  207.048
 220  195.313
 221  157.249
 222   73.0614
 223   32.5258
 224  275.434
 225  176.652
 226  183.438
 227  213.029
 228  236.768
 229  126.427
 230   81.5392
 231   32.82
 232  211.967
 233  170.814
 234  182.817
 235  240.541
 236  218.695
 237  118.407
 238   60.4664
 239   41.1814
 240   31.8211
 241   14.842
 242   23.8453
 243   48.1197
 244    3.4932
 245   23.1017
 246    0
 247    7.804
 248    1.7338
 249    0
 250    0.8811
 251    0
 252    0.8224
 253    0
 254    0
 255    0
 256   37.2418
 257    0
 258    0
 259    0
 260    0
 261    0
 262    0
 263    0
 264   58.5476
 265   68.9718
 266   37.2151
 267   37.6144
 268   33.2794
 269   13.6084
 270   11.019
 271    4.4076
 272  195.514
 273  194.604
 274  131.165
 275  118.197
 276  112.26
 277  115.473
 278   41.5473
 279   30.4765
 280  430.91
 281  323.134
 282  202.313
 283  153.332
 284  103.066
 285   86.2488
 286   62.7666
 287   29.9759
 288  320.841
 289  256.318
 290  244.926
 291  221.478
 292  176.579
 293  117.013
 294   64.4621
 295   59.8011
 296  144.129
 297  189.033
 298  142.833
 299   84.9373
 300  162.58
 301   45.3873
 302   37.7206
 303   18.348
 304   38.4545
 305    5.667
 306    9.4128
 307   35.4726
 308    2.1403
 309    0
 310    0
 311    0
 312    0
 313    0
 314    0.7385
 315    0
 316    0.1936
 317    0
 318    0
 319    0
 320    4.627
 321   10.5392
 322    4.5948
 323    1.7504
 324    0
 325    0.2566
 326    0
 327    0
 328   25.6516
 329   37.94
 330   67.5649
 331   19.0253
 332    7.4365
 333    3.6834
 334    0
 335    0.5185
 336  238.634
 337  203.869
 338  129.824
 339   74.817
 340   53.0854
 341   33.9848
 342   13.6733
 343    0.1525
 344  277.69
 345  268.382
 346  233.73
 347  212.327
 348  133.487
 349  110.613
 350   43.6165
 351   38.1817
 352  219.803
 353  197.263
 354  128.502
 355  207.846
 356  140.231
 357   96.4112
 358   90.3064
 359   63.9198
 360   30.1113
 361   13.5367
 362   14.5571
 363   24.6282
 364   17.1507
 365    0.2885
 366    9.9514
 367    0
 368    6.6056
 369    1.4536
 370    3.2578
 371    0.4033
 372   12.9998
 373    0
 374    0
 375    0
 376   21.5346
 377    0
 378    0
 379    0
 380    0
 381    0
 382    0
 383    0
 384    0.0737
 385    0
 386   17.5721
 387    0
 388    0
 389    0
 390    0
 391    0
 392    0
 393    0
 394    9.7697
 395   14.3256
 396    0
 397    0
 398    0
 399    0
 400   17.6875
 401   16.9826
 402    1.869
 403   13.7113
 404    0.3355
 405    0
 406    0.1185
 407    0
 408   68.9106
 409   56.7075
 410   60.4418
 411   16.5935
 412   20.9476
 413   16.808
 414   21.4936
 415    0
 416   64.5426
 417   35.8311
 418   27.0214
 419   16.8629
 420    6.4609
 421   18.9767
 422   14.5774
 423    3.402
 424    6.216
 425   20.3816
 426   10.4304
 427    0.8939
 428    8.7864
 429    0
 430    0
 431    0
 432    0
 433    0
 434    0
 435    0
 436    0
 437    0
 438    0
 439    0
 440   15.0102
 441    0
 442    0
 443    0
 444    0
 445    0
 446    0
 447    0
 448    0
 449    0
 450    0
 451    0
 452    0
 453    0
 454    0
 455    0
 456    0
 457    0
 458    0.8716
 459    0
 460    0
 461    0
 462    0
 463    0
 464    0
 465    0
 466    0
 467    0.1886
 468    0
 469    0
 470    0
 471    0
 472    7.7464
 473    0
 474    0
 475    0
 476    0
 477    0
 478    5.8424
 479    5.8424
 480   13.8228
 481    5.3024
 482    0
 483    0
 484    0
 485    0
 486    0
 487    0
 488    0
 489    6.8096
 490    0
 491    0
 492    0
 493    0
 494    0
 495    0
 496    0
 497    0
 498    0
 499    0
 500    0
 501    0
 502    0
 503    0
 504    0
 505    0
 506    0
 507    0
 508    0
 509    0
 510    0
 511    0
