This file was gnenerated on 2021-06-17 21:34:57.484742 by Grant Finneman. This contains the extracted data from the Gate simulations
The edep for each bar was summed up and printed to this file. The only math operation done has been addition.

  id      edep
   0    0.1503
  12    0.6318
  14    0.9686
  15    0.1764
  17    0.7364
  22    0.4574
  24    0.8832
  29    0.0213
  43    0.7306
  45    0.0503
  53    0.5624
  65    0.0823
  70    6.2426
  75    0.1667
  78    5.2822
  79    5.2822
  81    0.6769
  82    0.6769
  84   13.4925
  87    0.236
  89    0.1527
  96   27.9795
  97    0.0252
  98   23.0954
 100    0.6522
 101    0.7339
 102    0.723
 104    1.764
 106   22.2871
 107   33.504
 108    0.6522
 111    0.9418
 133    0.52
 137   15.3241
 138   27.5184
 144   26.87
 145   31.3789
 146    4.518
 147   19.0342
 148   17.3154
 152   48.6104
 153  106.677
 154   84.8506
 155   34.6113
 156    0.3528
 157    2.9977
 158    2.0292
 160   54.403
 161  103.471
 162  110.453
 163   24.9283
 164   12.7823
 165    0.4899
 166    1.5233
 168   36.331
 169   34.8738
 171   46.3018
 172    7.4097
 173   23.8757
 174    0.8834
 176    0.4365
 177    0.6318
 180    0.2643
 192    3.248
 193   12.8896
 199    0.8099
 200   18.2341
 201    0.1467
 203    7.316
 208   77.2353
 209  148.261
 210   73.679
 211   54.2036
 212   25.334
 213    5.5418
 214    0.5626
 216  826.775
 217  846.731
 218  759.457
 219  576.477
 220  505.345
 221  316.133
 222  186.67
 223   86.101
 224  668.795
 225  614.796
 226  641.651
 227  636.055
 228  506.817
 229  473.89
 230  237.571
 231  110.824
 232   73.5387
 233   65.9009
 234   48.4205
 235   32.0802
 236   21.5185
 237   14.1445
 238   12.5736
 239    9.5602
 240    8.5828
 241   12.4515
 242   18.504
 244    6.9391
 248    0.6522
 251    0.5046
 257    2.7136
 260    1.04
 264   83.0393
 265   29.5035
 267    4.14
 272  109.453
 273  130.179
 274   65.0843
 275   71.4575
 276   16.1445
 277   19.7489
 278   28.3473
 279    0.1472
 280  729.737
 281  815.398
 282  813.751
 283  641.439
 284  518.917
 285  423.884
 286  270.262
 287  117.305
 288  746.627
 289  841.047
 290  741.437
 291  599.843
 292  446.398
 293  400.985
 294  201.486
 295   60.9551
 296   95.0992
 297   63.4042
 298   38.7738
 299   18.2264
 300   15.2206
 301   45.1794
 304    0.1859
 305   22.625
 306   32.543
 307   13.7827
 308    5.8871
 309    6.6374
 310    0.98
 315    0.76
 316    0.88
 320    0.5107
 328   39.146
 329   18.7608
 331   25.9956
 333   13.0135
 336   23.1462
 337    0.4208
 338    0.3861
 339   26.0784
 340    0.687
 341   20.0633
 344   46.8731
 345   82.3111
 346   42.4363
 347   26.3289
 348   44.4009
 349   22.0788
 350   16.72
 352   87.2405
 353   91.8946
 354   95.8623
 355    5.4348
 356    9.2974
 357   30.117
 358   13.4376
 360   38.6777
 361   29.6772
 362   18.5313
 363   32.4324
 364   17.5468
 365    0.7512
 367    0.4381
 369    1.2989
 371    4.9776
 372   26.2086
 373   16.6782
 374    0.3279
 394    0.1271
 395    0.752
 402    0.8102
 403    0.014
 408   12.1927
 409    5.8393
 410    0.4154
 412    0.8965
 414    0.0503
 415    0.7927
 416    3.2192
 417    0.5432
 420   21.5127
 421   26.7279
 424   37.0498
 425   11.7978
 429    0.88
 430    0.6367
 431    0.7342
 435    7.0272
 437    0.2123
 443    0.2928
 465    0.4613
 485    0.5269
 489    0.4145
 490    0.946
 501    0.5078
