This file was gnenerated on 2021-06-17 21:35:27.574193 by Grant Finneman. This contains the extracted data from the Gate simulations
The edep for each bar was summed up and printed to this file. The only math operation done has been addition.

  id      edep
   4    0.9516
   6    0.7222
   7    0.112
   9    0.8205
  16   17.6567
  23    0.0766
  26    0.1516
  30    0.2661
  32    0.2644
  34    0.1787
  35    0.512
  42    0.1516
  52    0.7138
  74    0.7462
  76    0.6055
  78    0.401
  80   46.465
  81   18.586
  84    0.5768
  87    0.0766
  88   15.3406
  90   14.0875
  94    0.5409
  95    0.5409
  96   14.8248
  97   19.3047
  98    6.1581
  99   12.0472
 100   35.7767
 101   18.1
 102    0.512
 104   13.0459
 105   10.7778
 106   11.3916
 108    7.3712
 109   23.9564
 112   23.288
 113    0.3172
 120    0.3492
 137    0.6215
 140    0.6055
 141    0.6055
 142    0.1758
 143    0.4735
 144   11.4619
 147   25.1835
 151    0.5809
 152   93.1757
 153   67.4654
 154   32.3138
 155   15.4575
 156   49.734
 157    9.6165
 158   20.1387
 159    3.3778
 160  143.836
 161   93.2394
 162   92.5189
 163   50.0853
 164   65.8025
 165   27.177
 167   26.3675
 168   10.8634
 169   49.4852
 170   13.532
 171   19.3308
 172   48.3944
 173    3.412
 174   19.7345
 175    7.9035
 176   29.8196
 177   18.81
 189    0.3822
 200   20.2483
 201   32.5821
 204    0.7781
 207    0.8825
 208   37.9631
 209   21.8574
 210   32.6037
 211   34.1664
 212   22.5686
 213   32.0605
 215    0.8412
 216  477.235
 217  568.75
 218  604.452
 219  540.796
 220  476.28
 221  415.011
 222  183.977
 223   74.1044
 224  618.978
 225  698.228
 226  708.003
 227  684.408
 228  620.789
 229  524.283
 230  302.6
 231  121.907
 232   59.4728
 233   61.0602
 234   21.9413
 235    8.9598
 236   48.9745
 237   19.0361
 238    3.242
 240   17.567
 241   24.4105
 242    6.3144
 244    0.9885
 246    0.7992
 253    0.8963
 264   44.9712
 265   22.2318
 266   17.6652
 269    0.1378
 270    0.8279
 272   77.2293
 273   81.1537
 274   55.903
 275   18.9062
 276    2.156
 277   15.6646
 278    5.0226
 279   13.7544
 280  703.178
 281  712.962
 282  618.844
 283  560.758
 284  506.858
 285  318.608
 286  259.049
 287  137.093
 288  670.582
 289  774.507
 290  547.74
 291  388.128
 292  341.55
 293  221.402
 294  159.061
 295   39.4353
 296  102.296
 297   68.4592
 298   58.7792
 299   14.8016
 300   16.406
 301   20.4482
 304   29.8424
 305    7.307
 309    0.0474
 317    0.4622
 328   17.3844
 329   26.5632
 334    0.8861
 336   58.2622
 337   45.656
 338   44.6062
 339    0.3318
 340    0.4266
 341    2.2164
 344  105.989
 345   59.1246
 346   57.6779
 347   17.4783
 348   14.5404
 349    0.3792
 350    0.1896
 351    1.8055
 352  100.335
 353   27.684
 354    5.8805
 355   17.9508
 356   15.6755
 357    7.4437
 358    5.8314
 359    0.9945
 360   49.8696
 361   36.5088
 362    9.0818
 363    1.0147
 364    0.61
 365    0.5525
 366    0.442
 367    0.5525
 368    5.5107
 369   18.9538
 370    3.0615
 372    0.3695
 376   14.6952
 393    3.1608
 397    0.789
 398    0.8338
 400   35.936
 401    3.1608
 402    0.2844
 403    0.5214
 408   18.2751
 409    4.824
 410    1.4694
 415    0.3491
 416    3.9676
 417    0.884
 418    1.7466
 419    9.5827
 420    9.19
 421    2.5842
 424    0.9136
 425   13.5984
 426    4.6169
 427    0.3315
 432    0.2661
 433    3.9662
 434    9.0656
 441    0.905
 466    0.789
 475    5.4304
 476    1.1879
 479    0.0586
 480    0.5525
 483    5.1684
 484    4.3166
 488    0.6231
 489    0.6231
 490   18.9508
 491   14.6438
 497    0.4622
 498    0.3467
