This file was gnenerated on 2021-06-23 11:58:02.236504 by Grant Finneman. This contains the extracted data from the Gate simulations
The edep for each bar was summed up and printed to this file. The only math operation done has been addition.

  id        edep
   0     0
   1     0
   2     1.2524
   3     0.84364
   4     1.48782
   5     0
   6     0
   7     0
   8    11.7817
   9    40.9436
  10     1.72091
  11     1.90616
  12     1.01308
  13     1.32602
  14     0.44569
  15     0.17204
  16    43.2481
  17    28.2457
  18     1.55554
  19    16.1773
  20     1.64622
  21     8.03148
  22     1.67081
  23     0
  24    68.4957
  25    85.7007
  26    31.4834
  27    54.0273
  28    14.8176
  29     4.326
  30     1.30128
  31     0
  32    55.8285
  33    19.3823
  34    50.1141
  35    19.2748
  36    16.1971
  37    35.8927
  38     0.82599
  39     0
  40     9.75712
  41    27.2979
  42    22.9945
  43    27.1036
  44     0
  45     1.73905
  46     0
  47     0
  48    21.1425
  49    18.9333
  50     0
  51     0.11458
  52     0
  53     1.43171
  54     0
  55     1.09243
  56     0
  57     0.61467
  58     1.07453
  59     0.6179
  60     0
  61     0.69115
  62     0.29581
  63     0.5265
  64     0
  65     0
  66     1.27366
  67     0
  68     0.97569
  69     2.97198
  70     3.8779
  71     0.24991
  72     0.85433
  73    22.7138
  74    30.27
  75    22.0731
  76    12.7307
  77    28.0757
  78     0.8164
  79     1.08391
  80   109.76
  81   107.173
  82    76.9681
  83    45.2697
  84    22.4873
  85    29.7054
  86    58.4088
  87    18.2761
  88   307.293
  89   373.682
  90   283.604
  91   147.598
  92   164.837
  93    88.9416
  94    37.7875
  95     2.77524
  96   358.378
  97   300.232
  98   150.087
  99   165.835
 100   104.234
 101    95.0176
 102    14.4995
 103    43.3753
 104   181
 105   201.505
 106   133.904
 107    78.825
 108    46.2166
 109    29.2528
 110    35.6618
 111    21.5296
 112   106.486
 113    58.408
 114    50.7005
 115    27.9562
 116     1.38775
 117     0.33791
 118     0.45785
 119     1.01634
 120    28.5783
 121     7.7901
 122     0
 123     6.77299
 124     0.57327
 125     0.47988
 126     0.72332
 127     1.20638
 128    19.9937
 129    20.0079
 130     2.81376
 131     0.43627
 132     0.16566
 133     0.39241
 134     0
 135     0
 136    83.2062
 137   124.366
 138   159.934
 139    85.2713
 140    28.5821
 141    13.2144
 142     5.17183
 143     5.39105
 144   947.7
 145   788.821
 146   550.011
 147   432.579
 148   456.736
 149   324.364
 150   194.343
 151    86.3172
 152  2111.61
 153  2083.78
 154  2010.26
 155  1483.25
 156  1262.9
 157   765.728
 158   544.178
 159   241.733
 160  2325.07
 161  2118.98
 162  1885.56
 163  1556.69
 164  1223.61
 165  1060.43
 166   732.143
 167   262.354
 168   810.213
 169   985.662
 170   793.984
 171   639.173
 172   615.45
 173   356.634
 174   287.831
 175   110.599
 176    93.2761
 177   602.759
 178    52.1619
 179    48.4149
 180    69.5665
 181    14.2949
 182     5.97987
 183    13.266
 184     1.77007
 185     1.58113
 186     0
 187    11.1039
 188     0.05859
 189    10.9353
 190     5.48887
 191     2.66229
 192    33.3773
 193    22.1866
 194    17.5897
 195    29.9662
 196     2.33958
 197    22.9128
 198     0.16978
 199     0
 200   162.809
 201   238.983
 202    95.571
 203    49.7176
 204    80.2901
 205    61.2546
 206     0.5001
 207     0.6761
 208  1794.97
 209  1526.17
 210  1406.17
 211  1278.04
 212   971.336
 213   632.016
 214   315.054
 215   108.182
 216  4224.69
 217  3958.62
 218  3797.57
 219  3148.95
 220  2771.54
 221  2030.32
 222  1355.61
 223   476.695
 224  4329.69
 225  4242.78
 226  3741.15
 227  3042.49
 228  2390.73
 229  1890.8
 230  1332.78
 231   492.26
 232  1603.45
 233  1728.1
 234  1440.8
 235  1083.13
 236   996.913
 237   729.453
 238   394.493
 239   199.896
 240   305.934
 241   205.731
 242   111.233
 243    85.819
 244    24.2844
 245     9.84625
 246    22.7515
 247     1.95346
 248    32.2606
 249    33.3238
 250    36.0306
 251    26.8265
 252     2.16455
 253     0
 254     0.85852
 255     0
 256    16.8097
 257     5.23062
 258     1.76094
 259     1.21525
 260     0.51243
 261     5.59636
 262     0.79497
 263     0.92486
 264   238.179
 265   208.514
 266   213.599
 267    41.239
 268    22.1975
 269     4.35438
 270     0.98962
 271     0
 272  1835.53
 273  1559.15
 274  1447.3
 275  1366.54
 276   890.354
 277   673.327
 278   361.932
 279    79.3467
 280  4364.86
 281  4299.34
 282  4157.3
 283  3451.63
 284  2833.03
 285  2159.38
 286  1146.57
 287   415.245
 288  4100.29
 289  4283.74
 290  3997.8
 291  3526.48
 292  2861.15
 293  2316.02
 294  1279.66
 295   637.051
 296  1764.38
 297  1743.46
 298  1394.53
 299  1147.78
 300  1001.43
 301   775.012
 302   399.931
 303   139.32
 304   240.547
 305   253.423
 306    75.7689
 307   104.484
 308    46.941
 309    37.6555
 310    26.6994
 311    17.8236
 312    45.3406
 313    35.1129
 314     7.8666
 315     5.50626
 316     0
 317     0.25141
 318     1.38203
 319     2.80033
 320    22.3782
 321     7.66995
 322     1.33859
 323     7.54408
 324     0
 325     2.02789
 326     1.39122
 327     1.65189
 328   184.347
 329   105.651
 330    77.7523
 331    40.1739
 332    10.6088
 333     4.88764
 334     4.3656
 335     1.69975
 336   686.576
 337   737.233
 338   743.714
 339   580.559
 340   401.151
 341   273.271
 342   140.794
 343    65.4335
 344  2096.53
 345  2351.15
 346  2140.97
 347  1817.22
 348  1328.13
 349   894.111
 350   706.43
 351   318.943
 352  2132.99
 353  2199.88
 354  1866.89
 355  1456.55
 356  1248.01
 357  1004.79
 358   685.161
 359   272.447
 360   791.15
 361   686.75
 362   754.205
 363   542.852
 364   448.336
 365   336.544
 366   220.162
 367    68.2343
 368   147.792
 369   296.378
 370    74.262
 371    70.0345
 372    29.5534
 373    46.5656
 374    60.3584
 375    23.2306
 376    40.5877
 377    10.8315
 378     6.23221
 379     0
 380     0.1601
 381     1.37586
 382     0
 383     9.43014
 384    19.6642
 385    10.6548
 386     1.02335
 387     0.08732
 388     1.93458
 389     0
 390     0.52882
 391     0
 392    54.4088
 393    24.9671
 394    26.703
 395     9.82209
 396     9.50519
 397     1.88289
 398     0.04193
 399     1.78205
 400   117.744
 401   173.516
 402   126.671
 403    63.2676
 404    49.2421
 405    36.5401
 406     6.70207
 407    13.0094
 408   334.324
 409   330.244
 410   299.333
 411   247.133
 412   111.511
 413    80.764
 414    12.673
 415     2.537
 416   470.046
 417   302.998
 418   202.57
 419   170.251
 420   129.842
 421    48.5508
 422    25.2516
 423    14.1827
 424    82.1332
 425    77.7636
 426   149.592
 427    69.041
 428    43.6193
 429    26.4712
 430     0.75999
 431     0
 432    28.2022
 433    44.1165
 434    15.095
 435    23.045
 436     4.63514
 437    18.1929
 438     0.65879
 439     0
 440     9.04884
 441     7.02677
 442     0.77458
 443     0.8949
 444     0.28371
 445     0
 446     1.81352
 447     4.51489
 448     0.04696
 449     1.01344
 450     0.88105
 451     0
 452     1.80476
 453     0.19987
 454     0
 455     0.06416
 456     3.27103
 457     0.5146
 458     3.30636
 459     7.3826
 460     0.62623
 461     0
 462     0.88105
 463     1.19206
 464    40.8628
 465    36.4957
 466    53.189
 467     4.21612
 468    15.1003
 469     0
 470     0.76651
 471     0.44794
 472    20.9807
 473    70.7674
 474    26.8823
 475    18.7441
 476     9.95605
 477     9.50309
 478     0
 479     1.19597
 480    92.2722
 481    50.9849
 482    37.3608
 483    47.6454
 484    20.5295
 485     3.52464
 486     0
 487     0
 488    14.2832
 489     2.4379
 490    10.6413
 491    40.4061
 492    18.6407
 493    12.1599
 494     0
 495     0.74548
 496     7.4203
 497    14.9019
 498     0.86338
 499     0.28285
 500     0.99802
 501     0.99802
 502     0.7008
 503     0.29761
 504    17.509
 505     0
 506     1.01018
 507     0
 508     0
 509     0.99713
 510     0.65879
 511     1.73811
