This file was gnenerated on 2021-06-23 11:40:58.266988 by Grant Finneman. This contains the extracted data from the Gate simulations
The edep for each bar was summed up and printed to this file. The only math operation done has been addition.

  id        edep
   0     0.87225
   1     0
   2     0
   3     0.78363
   4     0.85942
   5     0.2469
   6     0
   7     0
   8    15.6021
   9     0.32426
  10     0
  11     0.39178
  12     0.19026
  13     1.45538
  14     0
  15     0
  16    25.079
  17     4.48605
  18     0.76487
  19     0
  20    12.8666
  21     0
  22     0
  23     0.06299
  24     0.20424
  25    27.5649
  26     0.93408
  27     1.18484
  28     1.87184
  29     0.67125
  30    17.3605
  31     0
  32     1.01299
  33     5.3671
  34     3.49503
  35     0.91101
  36     1.46964
  37     0.99744
  38     0.94148
  39     1.03803
  40    31.1876
  41     0.87686
  42     8.72205
  43    17.7148
  44     0.91038
  45     0.43385
  46     0
  47     0.26861
  48     0.02536
  49     0.72184
  50    11.5113
  51     0
  52     2.32325
  53     1.10279
  54     0
  55     0.76348
  56     0.48221
  57     1.26474
  58     0
  59     0.36756
  60     1.21882
  61     0
  62     1.62096
  63     0.53146
  64     4.43552
  65     0.11388
  66     1.71039
  67     0
  68     0
  69     0.3286
  70     0.36771
  71     0.77245
  72    18.772
  73     9.16935
  74     0.49155
  75    40.3047
  76    46.996
  77     1.76005
  78     0.97667
  79     0
  80    74.0497
  81    47.2303
  82    46.6333
  83    72.911
  84    42.7486
  85     1.38676
  86     2.46346
  87     0.36839
  88   164.963
  89   133.263
  90    76.1855
  91    71.24
  92    45.6297
  93     8.23447
  94     6.14355
  95     8.44007
  96   170.801
  97   162.278
  98    60.2057
  99    18.5807
 100    18.6451
 101    15.1511
 102    18.0229
 103    24.4079
 104    79.909
 105    74.7081
 106    15.6242
 107    31.7757
 108    10.6289
 109     9.82992
 110     1.21176
 111     0.07102
 112     3.68588
 113    18.8946
 114    52.6962
 115    19.246
 116    12.0915
 117     1.65151
 118     0.50177
 119     0.93909
 120     0.62514
 121     0.99403
 122     0.8273
 123     0.44515
 124     0.01593
 125     0.81048
 126     0.94094
 127     0.45774
 128     0
 129     4.22442
 130     1.72444
 131    27.4757
 132     0.24797
 133     0.99903
 134     0.40475
 135     0
 136    31.4807
 137   121.692
 138    46.4704
 139    85.5249
 140    63.5563
 141     7.20926
 142    24.7343
 143     1.23334
 144   318.893
 145   246.412
 146   191.355
 147   119.839
 148    70.1326
 149    50.8592
 150    10.2863
 151     0.73114
 152   773.495
 153   720.782
 154   624.841
 155   321.938
 156   184.355
 157    64.4991
 158    20.8186
 159    23.1281
 160  1008.53
 161   768.358
 162   676.734
 163   509.183
 164   481.814
 165   238.216
 166    99.0734
 167    36.9097
 168   318.023
 169   382.102
 170   309.032
 171   281.864
 172   194.8
 173    46.3263
 174    21.4267
 175     0.49006
 176    49.183
 177    75.341
 178    79.4713
 179    54.8605
 180     0.34681
 181     0
 182     2.73867
 183     0.4633
 184    32.5807
 185     8.61327
 186     1.0097
 187     0.70435
 188     0
 189     0
 190     0.87687
 191     0.80733
 192     4.5397
 193    14.834
 194    56.1641
 195     0.41353
 196     0.83111
 197     1.2866
 198     7.63423
 199     4.5538
 200   166.237
 201   214.853
 202    96.9351
 203    99.2351
 204    91.271
 205     6.07763
 206     1.25293
 207     5.61389
 208   980.322
 209   937.895
 210   814.955
 211   570.848
 212   346.153
 213   163.026
 214    26.0861
 215    48.785
 216  5594.59
 217  5271.7
 218  5206.32
 219  4054.35
 220  3065.67
 221  2420.59
 222  1403.78
 223   440.678
 224  8721.2
 225  8438.07
 226  8327.99
 227  7492.09
 228  6160.28
 229  4638.5
 230  3226.51
 231  1384.16
 232  1014.01
 233   979.529
 234   925.481
 235   496.493
 236   548.445
 237   219.175
 238    82.1353
 239     1.411
 240   181.252
 241   133.32
 242    90.9692
 243    41.179
 244    89.7435
 245     4.29253
 246     1.31632
 247    21.7971
 248    18.7497
 249    14.0686
 250    29.6446
 251    28.7478
 252    11.5716
 253     9.95177
 254     9.72829
 255     6.34136
 256    14.6098
 257    13.7345
 258    18.3065
 259    24.0509
 260    34.2401
 261    21.8794
 262     3.88145
 263     0.7744
 264   228.956
 265   119.109
 266   112.15
 267   120.983
 268    67.9953
 269     4.30797
 270     9.48886
 271     0.20334
 272  1230.15
 273   990.556
 274   890.133
 275   524.887
 276   407.397
 277   202.699
 278    74.2842
 279    23.6309
 280  9130.73
 281  8908.45
 282  8103.3
 283  7209.4
 284  5861.34
 285  4633.58
 286  3078.25
 287  1294.56
 288  5312.32
 289  5321.84
 290  4609.87
 291  3960.77
 292  3075.24
 293  2222.37
 294  1397.68
 295   429.536
 296   909.539
 297   766.775
 298   646.475
 299   408.392
 300   353.111
 301   182.753
 302   129.731
 303    48.0861
 304   128.251
 305   109.85
 306    82.8244
 307    34.0137
 308    29.3431
 309    29.5738
 310     2.4679
 311     0.58231
 312     0
 313     7.6552
 314    14.112
 315    12.0259
 316     3.5248
 317     8.66267
 318    14.7044
 319     5.9247
 320    46.3747
 321    22.3043
 322     0.96736
 323     0.74678
 324     0.5642
 325    19.0516
 326     6.6469
 327     0.41684
 328    75.3299
 329    50.1779
 330    56.4011
 331    21.5591
 332    42.1503
 333     9.0548
 334     1.99692
 335     0.83418
 336   375.477
 337   438.551
 338   238.228
 339    90.1345
 340    64.3336
 341    22.5027
 342    19.2052
 343    43.4696
 344   980.642
 345   767.816
 346   575.528
 347   480.961
 348   353.823
 349   167.151
 350    55.0751
 351    18.8715
 352   745.746
 353   853.445
 354   740.717
 355   401.542
 356   194.13
 357   211.261
 358   128.365
 359    27.3054
 360   233.937
 361   193.408
 362   154.164
 363   134.266
 364   119.232
 365    50.1879
 366    67.6078
 367    20.9364
 368    74.2264
 369    44.1285
 370    30.5409
 371    16.2196
 372    37.2508
 373    63.0533
 374    23.4562
 375     1.40912
 376     0.78614
 377     0.09489
 378     0
 379     0
 380    27.7425
 381     0.70456
 382     3.62096
 383    11.8974
 384     7.02544
 385     2.41536
 386     0.70056
 387     0.04336
 388     0
 389     0.46158
 390     0
 391     0
 392    11.0509
 393    20.9203
 394    21.4492
 395     3.40919
 396     5.26857
 397     3.33934
 398     0
 399     9.15504
 400    68.6744
 401   102.712
 402    82.2836
 403    25.8689
 404    11.2961
 405     3.71876
 406     2.37981
 407     2.74122
 408   101.457
 409   112.492
 410   107.68
 411    23.7987
 412    45.5253
 413    32.9416
 414     4.74022
 415     3.67686
 416   144.844
 417   182.217
 418    70.2293
 419     2.80833
 420    22.1966
 421    23.5867
 422     2.29812
 423     1.42704
 424    65.9818
 425    55.0348
 426   109.642
 427    14.5558
 428     5.79323
 429    20.5136
 430     0
 431     0.86932
 432     2.151
 433    16.7289
 434     6.14851
 435    44.685
 436    56.3461
 437    48.1406
 438     1.43068
 439     0.75276
 440     0.36948
 441     2.11113
 442     1.00901
 443     0
 444     4.21606
 445     0.15718
 446     0.11306
 447     0.38235
 448     0
 449     0
 450     0
 451     0
 452     0
 453     0
 454     0
 455     1.04168
 456     0
 457     0.61157
 458     0
 459     0.25868
 460     0
 461     0
 462     0.77808
 463     0.72132
 464     5.67716
 465    31.3471
 466     6.97481
 467     1.11098
 468     0.03576
 469     1.50816
 470     0
 471     0.35483
 472    16.4216
 473    57.3486
 474    29.2093
 475    14.3829
 476    10.3119
 477     2.29055
 478     1.0624
 479     0
 480    62.8666
 481    32.9514
 482    18.1297
 483    26.1239
 484    28.1846
 485     0.72193
 486     0
 487     0.98283
 488     0.46781
 489     0
 490     0.89509
 491     0.86578
 492     2.56366
 493     0
 494     2.13046
 495     0
 496     1.12485
 497     1.08472
 498     0.5849
 499     0
 500     0.32704
 501     0.63638
 502     0.56342
 503     1.66007
 504     2.02473
 505     0
 506     0.52991
 507     0
 508     0
 509     0
 510     0
 511     1.08072
