This file was gnenerated on 2021-06-23 12:19:52.903946 by Grant Finneman. This contains the extracted data from the Gate simulations
The edep for each bar was summed up and printed to this file. The only math operation done has been addition.

  id        edep
   0    20.7009
   1     5.4195
   2     0.69052
   3     6.3393
   4    11.187
   5     1.32878
   6     0.5157
   7     0.86693
   8    37.1712
   9    31.6051
  10    54.6479
  11    36.3196
  12    25.9716
  13     9.11929
  14     0.38112
  15     0
  16   116.839
  17   147.761
  18   142.618
  19    50.485
  20    35.5413
  21     8.75298
  22     0.8731
  23     0.82546
  24    99.8263
  25    98.4365
  26    92.947
  27    65.9048
  28    46.267
  29     3.20029
  30     2.8855
  31     1.55653
  32    82.2843
  33    65.515
  34   152.807
  35   117.748
  36    29.8492
  37    10.2979
  38     3.45591
  39     2.7792
  40   172.093
  41    77.8663
  42    87.5191
  43    28.363
  44    58.5454
  45    11.8861
  46     1.65614
  47     0.38937
  48    68.3276
  49    32.7547
  50    52.6167
  51    36.8898
  52     5.42922
  53     0.53651
  54     0.39001
  55     0
  56    28.9737
  57     6.27251
  58    26.3622
  59     0
  60     1.28615
  61     0.64426
  62     0
  63     0
  64    59.7471
  65    68.2882
  66    73.5433
  67    57.0736
  68    11.8231
  69    43.47
  70    14.2611
  71    12.5432
  72   367.817
  73   400.465
  74   314.873
  75   307.67
  76   273.295
  77   124.587
  78    67.9499
  79    26.1147
  80   817.45
  81   672.393
  82   628.022
  83   479.429
  84   482.577
  85   391.124
  86   180.9
  87    61.23
  88   723.965
  89   730.849
  90   549.777
  91   367.115
  92   478.878
  93   264.366
  94   232.691
  95    88.4766
  96   815.616
  97   803.172
  98   729.622
  99   517.814
 100   587.48
 101   423.352
 102   252.822
 103   121.82
 104   842.519
 105   908.439
 106   680.695
 107   516.815
 108   390.058
 109   286.413
 110   198.483
 111    50.7012
 112   409.054
 113   395.712
 114   350.033
 115   241.102
 116   166.217
 117   148.002
 118   101.97
 119    30.1215
 120    79.5524
 121    59.285
 122    19.1156
 123     5.25726
 124    19.5172
 125    13.7806
 126     0.38512
 127     0
 128   143.243
 129   121.709
 130   115.926
 131   102.042
 132   106.043
 133    55.1161
 134     0.43237
 135     5.5198
 136   700.096
 137   702.849
 138   661.974
 139   499.4
 140   481.615
 141   327.455
 142   179.224
 143    54.0191
 144  1245.44
 145  1231.4
 146  1159.28
 147   977.219
 148   795.065
 149   685.974
 150   497.758
 151   174.328
 152  1394.82
 153  1539.41
 154  1277.09
 155   924.533
 156   734.456
 157   539.376
 158   405.792
 159   187.27
 160  1153.98
 161  1366.08
 162  1358.75
 163   996.749
 164   838.941
 165   642.537
 166   493.438
 167   185.77
 168  1463.59
 169  1301.66
 170  1307.27
 171  1042.33
 172   811.052
 173   585.229
 174   402.709
 175   134.692
 176   620.369
 177   509.189
 178   556.583
 179   488.804
 180   371.715
 181   303.906
 182   136.551
 183    43.6187
 184   115.073
 185   158.163
 186   131.4
 187    62.9602
 188     2.22748
 189    72.8274
 190    38.5013
 191     1.59773
 192   149.152
 193    42.8302
 194    75.5709
 195    53.223
 196    46.7865
 197     5.13888
 198     0.28731
 199     0.41636
 200   746.307
 201   871.947
 202   831.063
 203   534.304
 204   543.934
 205   337.911
 206   207.07
 207    92.9526
 208  1333.13
 209  1405.32
 210  1517.85
 211  1164.9
 212   966.867
 213   711.943
 214   434.818
 215   158.144
 216  1384.26
 217  1490.38
 218  1260.06
 219  1078.24
 220   852.312
 221   596.577
 222   437.85
 223   179.631
 224  1387.84
 225  1516.2
 226  1331.56
 227  1244.83
 228   807.167
 229   618.28
 230   400.114
 231   163.858
 232  1498.01
 233  1600.77
 234  1376.94
 235  1248.28
 236   873.241
 237   690.448
 238   496.122
 239   220.917
 240   786.751
 241   699.31
 242   435.211
 243   517.885
 244   398.58
 245   666.598
 246   187.415
 247    90.6765
 248    46.2807
 249    27.4993
 250    54.1925
 251    47.2785
 252    30.539
 253    22.744
 254    17.5102
 255     1.94158
 256    99.4298
 257    72.1623
 258   119.788
 259    86.0351
 260    32.8518
 261    47.3779
 262    45.66
 263     1.13605
 264   849.318
 265   947.165
 266   811.898
 267   711.417
 268   494.496
 269   308.771
 270   195.339
 271    73.697
 272  1602.8
 273  1454.52
 274  1305.12
 275  1229.19
 276   945.291
 277   652.078
 278   505.293
 279   168.869
 280  1774.2
 281  1658.51
 282  1365.58
 283  1192.76
 284  1030.47
 285   703.825
 286   329.716
 287   138.784
 288  1600.78
 289  1630.38
 290  1443.63
 291  1235.22
 292   813.132
 293   587.437
 294   319.804
 295   118.691
 296  1527.01
 297  1517.06
 298  1405.8
 299  1297.36
 300   897.786
 301   674.809
 302   397.467
 303   174.898
 304   958.558
 305   825.535
 306   712.125
 307   634.128
 308   440.613
 309   345.242
 310   215.792
 311    94.7971
 312   135.022
 313    75.9936
 314   139.352
 315    63.6227
 316    11.8041
 317    36.1345
 318    22.3693
 319     6.42062
 320   217.759
 321   202.949
 322    98.6881
 323    72.1731
 324    74.2816
 325     5.6939
 326     0.00637
 327     0.39801
 328   607.332
 329   689.412
 330   656.09
 331   610.423
 332   564.33
 333   437.663
 334   311.731
 335   120.738
 336  1330.36
 337  1376.96
 338  1373.6
 339  1108.55
 340   990.539
 341   783.367
 342   444.851
 343   207.4
 344  1406.06
 345  1327.65
 346  1186
 347  1222.44
 348  1002.16
 349   736.435
 350   519.642
 351   211.187
 352  1513.88
 353  1378.19
 354  1266.77
 355  1064.87
 356   744.624
 357   600.686
 358   349.819
 359   101.858
 360  1294.09
 361  1292.64
 362  1210.05
 363  1106.88
 364   997.472
 365   704.004
 366   315.951
 367    92.7017
 368   670.873
 369   711.343
 370   674.214
 371   463.574
 372   304.311
 373   367.549
 374   202.609
 375    51.1704
 376    70.245
 377    11.7212
 378    37.5458
 379    30.4667
 380    15.4817
 381     6.56334
 382     7.02274
 383     3.90511
 384    88.753
 385    90.1298
 386    17.9343
 387     5.12481
 388    19.9863
 389    13.9725
 390     0
 391     0
 392   322.16
 393   333.576
 394   339.974
 395   283.693
 396   222.809
 397   251.503
 398   131.261
 399    20.4744
 400   594.801
 401   627.248
 402   552.409
 403   567.936
 404   479.402
 405   251.77
 406   154.093
 407   136.877
 408   832.404
 409   632.262
 410   421.686
 411   463.587
 412   481.135
 413   405.746
 414   170.074
 415    70.4016
 416   769.811
 417   991.801
 418   877.042
 419   615.147
 420   545.208
 421   251.821
 422   132.749
 423    89.3001
 424   651.365
 425   779.828
 426   738.727
 427   437.096
 428   317.362
 429   342.892
 430   208.957
 431    90.8302
 432   323.606
 433   355.229
 434   328.825
 435   236.78
 436   242.91
 437   248.745
 438   161.184
 439    40.8611
 440    39.5698
 441     6.02614
 442     1.1583
 443    21.4137
 444    24.0567
 445     6.24442
 446    36.5283
 447     0.45495
 448    35.2297
 449    32.2584
 450    43.1366
 451     2.22303
 452     1.10393
 453     0.19829
 454     0.0964
 455     0.54977
 456    52.9265
 457    93.9489
 458    45.0434
 459    35.7184
 460    19.6922
 461     0.66956
 462     1.89512
 463     0
 464   124.657
 465   159.751
 466    87.2708
 467    28.3309
 468    18.5967
 469    18.5484
 470     1.03195
 471    13.6536
 472   123.083
 473    77.4959
 474    39.9666
 475    77.4934
 476    92.1453
 477    21.8463
 478    20.3045
 479     0.53441
 480   115.664
 481   161.023
 482   110.7
 483    78.8927
 484    58.8187
 485    14.8317
 486     7.34864
 487     0.85675
 488    95.4405
 489   155.313
 490    66.7718
 491    30.4751
 492    18.2987
 493    39.3808
 494    24.6985
 495     1.05152
 496   120.295
 497    86.7959
 498    89.2585
 499    37.5797
 500    15.7448
 501    33.4227
 502    10.0471
 503     0.48279
 504     1.13842
 505     0.10464
 506     0.88935
 507     0
 508    20.2018
 509    11.7861
 510     0.16859
 511     0
