This file was gnenerated on 2021-06-21 17:04:59.846918 by Grant Finneman. This contains the extracted data from the Gate simulations
The edep for each bar was summed up and printed to this file. The only math operation done has been addition.

  id      edep
   0    0
   1    0
   2    0
   3    0
   4    0.0801
   5    0
   6    0
   7    0
   8   26.6302
   9    0
  10    0
  11    0
  12   10.3894
  13    0
  14    0
  15    0
  16    2.1935
  17    0.3836
  18    0.3836
  19    0.8889
  20   13.3578
  21    0
  22    0
  23    0
  24    7.6564
  25    9.7865
  26   16.8567
  27   11.0655
  28   25.2108
  29   15.9841
  30   27.4041
  31    0
  32   15.8587
  33   28.5742
  34   14.789
  35   12.2301
  36    3.2705
  37    2.3205
  38    0
  39    0
  40   21.5865
  41    0
  42    0.4623
  43    0.3216
  44   23.2224
  45    0.4149
  46    0
  47    0
  48    0
  49    0
  50    0
  51    0
  52    0
  53    0
  54    0
  55    0
  56    0
  57    0
  58    0
  59    0
  60    0.6675
  61    0
  62    0
  63    0
  64    0
  65    0
  66    0
  67    0.9776
  68    0.4236
  69    1.4012
  70    0
  71    0
  72    3.5573
  73   22.6343
  74   17.232
  75    0
  76    0
  77    0
  78    0.3836
  79    0
  80   57.3867
  81  102.658
  82   91.2174
  83   29.3901
  84   14.6361
  85   12.5205
  86    9.6473
  87    5.9368
  88  128.839
  89  167.221
  90  176.976
  91   75.1096
  92  104.264
  93   55.9977
  94   26.8293
  95   11.1662
  96  141.205
  97  116.568
  98   96.8394
  99   77.2278
 100   67.459
 101   29.5773
 102   32.6932
 103    1.0004
 104   60.3483
 105   47.3099
 106   25.6423
 107   46.1333
 108   36.5528
 109   17.6259
 110   17.2756
 111    5.2788
 112   10.4244
 113   25.5733
 114    0.8574
 115   17.596
 116    0
 117    0
 118    0
 119    0.2641
 120    0.8
 121    5.4622
 122    0
 123    7.5558
 124    0
 125    0
 126    0
 127    0
 128    0
 129    0
 130    0
 131    0
 132    0
 133    0
 134    0
 135    0
 136   13.9553
 137   27.5343
 138   11.7185
 139    0.2167
 140    5.952
 141    0
 142    0
 143   25.9821
 144  115.254
 145  140.958
 146  115.563
 147   80.9513
 148   61.6855
 149   54.6368
 150   16.3017
 151   37.6112
 152  219.289
 153  212.668
 154  195.166
 155  169.092
 156  118.03
 157   77.6541
 158   30.6365
 159   17.1386
 160  131.481
 161  139.352
 162  213.94
 163  165.298
 164   70.3832
 165   50.2258
 166   21.5353
 167    4.8141
 168  148.395
 169   87.4336
 170  118.265
 171   88.4776
 172  106.307
 173   76.2583
 174   57.8399
 175   24.6837
 176   21.8518
 177   59.0374
 178   31.5751
 179   17.2835
 180    3.9578
 181    2.7585
 182   24.8646
 183    0
 184    0
 185    0
 186    0
 187    1.4392
 188    2.8784
 189    0
 190    0
 191    0
 192    0
 193    0.1158
 194    0
 195    8.9544
 196    0.4978
 197    0
 198    0
 199    0
 200   23.6461
 201   14.4073
 202   21.225
 203    6.0762
 204   42.9792
 205   16.4863
 206    0.8585
 207    0
 208  151.539
 209  208.962
 210  167.666
 211  140.443
 212  121.343
 213  116.949
 214   44.5007
 215   14.9612
 216  236.553
 217  143.252
 218  202.586
 219  119.778
 220   79.583
 221   71.2243
 222   43.8988
 223   13.5561
 224  200.334
 225  104.448
 226   84.6245
 227  128.421
 228  110.854
 229   59.9718
 230   25.421
 231   10.0355
 232  134.662
 233   99.4237
 234  161.363
 235  127.304
 236   94.7631
 237   53.191
 238   31.2143
 239    4.1865
 240   25.1504
 241   20.8533
 242   23.7748
 243   24.3784
 244    1.332
 245    0.2206
 246    1.4098
 247    0
 248   26.3469
 249    5.0778
 250    0
 251    0
 252    0
 253    1.5024
 254    0.0231
 255    0
 256    0
 257    0.3661
 258    0
 259    0
 260    0
 261    0
 262    0
 263    0
 264   30.6866
 265   30.3414
 266   23.8516
 267   29.9832
 268    4.6046
 269    3.289
 270    3.012
 271    0.3661
 272  162.478
 273  153.449
 274  170.934
 275  163.978
 276  156.364
 277  115.57
 278   68.6306
 279   19.1902
 280  134.003
 281  165.056
 282  267.19
 283  166.01
 284  142.134
 285  121.176
 286   77.6572
 287   15.1354
 288  272.252
 289  199.006
 290  173.233
 291   88.5977
 292   77.7356
 293   68.3521
 294   46.3987
 295   16.8603
 296  177.411
 297  152.488
 298  133.098
 299  131.542
 300   90.8409
 301   64.6941
 302   25.5257
 303    2.2715
 304   16.7781
 305    4.644
 306    7.7436
 307    2.6532
 308    0
 309    0
 310    0
 311    0
 312    0
 313    5.0778
 314    8.463
 315    0
 316    0
 317    0
 318    0
 319    0
 320    0
 321    9.7768
 322    0
 323    0
 324    0.4401
 325    0.3337
 326    0
 327    0
 328    6.8096
 329    9.9731
 330    0.2583
 331   27.58
 332    0
 333    8.032
 334    9.538
 335    0
 336   92.7424
 337  136.681
 338  145.205
 339  109.61
 340   48.0369
 341   11.5304
 342    1.8484
 343    0.0642
 344  206.258
 345  198.154
 346  164.766
 347  158.276
 348   53.8716
 349   27.2849
 350   25.7605
 351    8.1897
 352  178.297
 353  193.941
 354  161.78
 355  128.647
 356   88.7867
 357   45.7998
 358   65.5782
 359   22.4337
 360  159.759
 361  143.825
 362  150.306
 363  150.221
 364  127.511
 365   80.0623
 366   28.3097
 367   13.1427
 368   32.7427
 369   24.0016
 370   17.0887
 371    0.7595
 372    0
 373    0.2111
 374    1.1156
 375    0
 376    0
 377    2.6199
 378    0
 379    0
 380    0
 381    0
 382    0
 383    0
 384    0
 385    0
 386   14.1328
 387    0
 388    0
 389    0
 390    0
 391    0
 392   24.8229
 393   24.5519
 394   12.5205
 395    0
 396    0.2816
 397    0
 398    0
 399    0
 400   80.9224
 401   75.0244
 402  121.131
 403   71.625
 404   61.7408
 405   27.9944
 406   13.5312
 407    4.518
 408   51.9117
 409   42.5986
 410   58.5395
 411  101.632
 412   44.3541
 413   53.1907
 414   77.3592
 415   24.3456
 416   78.6156
 417   89.8085
 418   68.0971
 419   65.0293
 420   69.0777
 421   85.0918
 422   82.6562
 423    2.7126
 424   61.6355
 425   57.2517
 426   32.1075
 427   32.0055
 428   34.2408
 429   11.0639
 430    8.3844
 431    3.8415
 432   18.554
 433   24.2856
 434   12.7749
 435   19.7642
 436    6.9147
 437    0
 438    0
 439    0
 440    0
 441    4.1013
 442    0
 443    0
 444    0
 445    0
 446    0
 447    0.0201
 448    0
 449    0
 450    5.4604
 451    0
 452    0
 453    0
 454    0
 455    0
 456    0
 457    0
 458    0
 459   25.7684
 460   12.8842
 461    0
 462    0
 463    0
 464   14.2185
 465    8.057
 466    2.47
 467   15.7066
 468   17.5115
 469    0
 470    0
 471    0
 472    3.195
 473   26.2964
 474   36.7583
 475   28.9429
 476    8.9672
 477    1.6304
 478    0
 479    0
 480   11.7441
 481    0
 482   16.2897
 483   11.8003
 484   19.0188
 485    8.9873
 486    0
 487    0.2243
 488    6.9048
 489    8.524
 490    5.222
 491    0
 492    0.9883
 493    0.9883
 494    0
 495    0
 496    3.4955
 497    0
 498    0
 499   14.6946
 500   15.468
 501    0
 502    0
 503    0
 504    0
 505    0.191
 506    0
 507    0
 508    0
 509    0
 510    0
 511    0
