This file was gnenerated on 2021-06-23 12:14:47.595211 by Grant Finneman. This contains the extracted data from the Gate simulations
The edep for each bar was summed up and printed to this file. The only math operation done has been addition.

  id        edep
   0     0
   1     0
   2     0.281
   3     0
   4     0
   5     0.71847
   6     0
   7     1.77821
   8    19.8679
   9    25.0005
  10    30.0233
  11     0
  12     2.43115
  13     0.25178
  14     0
  15     0
  16    97.332
  17    80.1294
  18    46.521
  19     9.14601
  20     9.03293
  21     1.62599
  22     8.55712
  23     0.88252
  24   186.923
  25   172.588
  26   152.641
  27    75.646
  28    30.3214
  29    31.2418
  30     8.78211
  31    27.7887
  32   151.172
  33   197.174
  34   184.564
  35   196.944
  36    40.3529
  37    29.9042
  38     8.17614
  39     9.56532
  40    97.4686
  41    60.4089
  42    73.6787
  43    40.7103
  44    15.093
  45     1.87208
  46     6.42095
  47    23.5645
  48    13.1399
  49    22.5507
  50     7.23452
  51    13.6626
  52     2.52008
  53     1.11163
  54     0
  55     0.7033
  56    16.5354
  57    30.2134
  58    26.2829
  59     3.52537
  60     0.78679
  61     0
  62     0
  63     1.17735
  64     0
  65     5.95849
  66    10.7309
  67     1.98891
  68     0.59811
  69     0
  70     0
  71     2.24887
  72    44.7789
  73    42.6316
  74    55.1551
  75     8.79778
  76     4.11619
  77     0
  78     5.14592
  79     0.16003
  80   301.215
  81   344.799
  82   231.711
  83   172.886
  84   132.64
  85    40.2486
  86    19.9552
  87    18.5318
  88   989.698
  89   892.095
  90   930.623
  91   649.608
  92   447.066
  93   461.461
  94   373.898
  95   205.834
  96  1008.52
  97   975.136
  98  1064.72
  99   873.536
 100   601.392
 101   547.629
 102   407.159
 103   141.488
 104   275.507
 105   243.226
 106   220.953
 107   178.914
 108   202.887
 109   103.626
 110    57.1069
 111    28.7403
 112    29.5581
 113    33.8665
 114    14.934
 115     9.2681
 116    30.518
 117    12.179
 118     5.31873
 119     3.20844
 120    18.2093
 121    20.3015
 122     7.95036
 123     0.64749
 124    12.4757
 125     0
 126     1.09921
 127     0.35736
 128    55.4399
 129    43.7567
 130    62.7093
 131    70.7049
 132    42.2112
 133    11.4392
 134     1.08668
 135     2.06608
 136   306.818
 137   188.061
 138   225.19
 139   222.764
 140   181.972
 141    53.7984
 142    45.251
 143    16.2087
 144  1066.92
 145   972.127
 146   895.765
 147   968.255
 148   689.367
 149   416.98
 150   313.018
 151   135.16
 152  1558.37
 153  1586.73
 154  1298.2
 155  1413.99
 156  1164.73
 157   801.07
 158   621.685
 159   225.911
 160  1764.09
 161  1733.5
 162  1607.05
 163  1382.12
 164   971.481
 165   732.764
 166   554.636
 167   267.787
 168  1297.17
 169  1144.64
 170  1100.34
 171   819.511
 172   716.11
 173   434.474
 174   322.68
 175   169.414
 176   281.074
 177   391.135
 178   398.442
 179   156.652
 180   221.063
 181    74.2162
 182    25.4056
 183    21.7714
 184    59.0268
 185    66.3417
 186     9.63876
 187    43.672
 188    14.222
 189    20.5379
 190     1.23277
 191     0.82185
 192   140.489
 193   216.469
 194   141.594
 195   151.366
 196    81.406
 197    25.1528
 198    11.518
 199    28.333
 200  1034.23
 201   928.438
 202   780.07
 203   692.43
 204   545.896
 205   441.612
 206   278.603
 207   139.526
 208  1729.48
 209  1831.85
 210  1815.55
 211  1360.94
 212  1038.19
 213   779.049
 214   446.969
 215   245.84
 216  1777.36
 217  1661.85
 218  1582.92
 219  1404.27
 220  1169.96
 221   847.925
 222   479.899
 223   156.096
 224  1930.13
 225  1957.87
 226  1475.23
 227  1342.95
 228   992.277
 229   837.467
 230   521.81
 231   181.746
 232  1832.87
 233  1714.69
 234  1456.77
 235  1190.83
 236  1065.44
 237   840.452
 238   467.861
 239   193.405
 240  1051.78
 241   956.292
 242   948.049
 243   719.728
 244   540.704
 245   464.494
 246   294.443
 247   130.083
 248   247.572
 249   164.336
 250   109.04
 251    95.1171
 252    69.0902
 253    52.3041
 254    27.6374
 255     5.0921
 256   253.839
 257   193.295
 258   164.513
 259   172.831
 260    65.962
 261    42.8762
 262    46.0122
 263    11.3479
 264  1149.75
 265   986.01
 266   865.744
 267   778.794
 268   715.203
 269   418.774
 270   282.533
 271   103.744
 272  1789.34
 273  1730.08
 274  1498.66
 275  1171.72
 276   902.981
 277   739.95
 278   484.906
 279   183.394
 280  1856.52
 281  1864.11
 282  1609.56
 283  1384.12
 284  1127.66
 285   856.976
 286   439.76
 287   191.671
 288  1810.44
 289  1655.11
 290  1589.07
 291  1378.47
 292  1188.08
 293   776.953
 294   481.848
 295   150.133
 296  1807.4
 297  1624.55
 298  1502.23
 299  1202.42
 300  1081.8
 301   815.949
 302   546.26
 303   183.993
 304   943.207
 305   801.191
 306   684.583
 307   636.526
 308   513.021
 309   392.561
 310   258.986
 311    84.9292
 312   219.878
 313   179.253
 314    89.0191
 315    40.7802
 316    59.4159
 317    35.4702
 318    25.0661
 319     4.51975
 320    85.1345
 321    61.8299
 322    35.4405
 323     9.05873
 324    10.0297
 325     3.28267
 326     3.01087
 327     1.57488
 328   360.179
 329   315.015
 330   282.882
 331   177.523
 332   156.656
 333   148.046
 334    15.8748
 335     6.25634
 336  1085.8
 337  1028.55
 338   871.915
 339   738.72
 340   595.166
 341   406.502
 342   235.675
 343    89.9743
 344  1499.45
 345  1580.81
 346  1505.66
 347  1239.47
 348   972.082
 349   654.879
 350   508.925
 351   186.973
 352  1606.8
 353  1617.54
 354  1598.71
 355  1282.46
 356  1001.47
 357   733.156
 358   452.385
 359   191.398
 360  1271.53
 361  1401.94
 362  1063.77
 363   953.253
 364   710.09
 365   475.883
 366   383.903
 367   142.843
 368   318.682
 369   203.978
 370   233.748
 371   207.899
 372   118.171
 373    53.9455
 374     9.86169
 375    18.5331
 376    61.7009
 377    83.7514
 378    64.9804
 379    25.5409
 380     1.10186
 381     0.01976
 382     0.403
 383     1.03365
 384     0
 385    27.8592
 386    28.2763
 387    13.1089
 388    12.9032
 389     0.72381
 390     1.30615
 391     0.07593
 392    98.097
 393    52.1037
 394    48.0886
 395     8.14814
 396    17.9172
 397    16.009
 398     2.3513
 399     1.20814
 400   330.968
 401   223.329
 402   184.305
 403   120.529
 404    91.0608
 405   110.696
 406    45.5937
 407    46.3396
 408  1045.67
 409   893.718
 410   866.736
 411   731.969
 412   811.413
 413   553.561
 414   401.227
 415   121.225
 416  1131.32
 417  1039.44
 418   826.649
 419   745.856
 420   633.876
 421   501.761
 422   248.721
 423   118.525
 424   492.108
 425   284.075
 426   244.302
 427   247.719
 428   159.135
 429    56.1504
 430    35.0159
 431    14.1897
 432   100.51
 433   103.436
 434   107.334
 435   128.141
 436    49.6644
 437    47.3759
 438    30.4068
 439     7.82417
 440    18.1438
 441    32.8267
 442     0.57839
 443     0.07791
 444     1.68207
 445     0.77727
 446     0.24022
 447     0.50756
 448     9.9324
 449     0
 450    12.3117
 451     0
 452     0
 453     0.12954
 454     0
 455     0.885
 456    62.7754
 457    53.561
 458    10.5505
 459     1.64158
 460     4.91554
 461     0
 462     0.37092
 463     0
 464    48.4392
 465    71.3407
 466    36.6358
 467    11.998
 468     3.99844
 469     0
 470    19.1093
 471     0
 472   155.786
 473   196.338
 474   160.994
 475    80.7232
 476    79.7494
 477    84.8779
 478    37.8773
 479    17.3258
 480   230.962
 481   258.792
 482   184.663
 483   172.537
 484    37.886
 485    45.6085
 486    10.7147
 487     6.70959
 488    68.4466
 489    78.3425
 490    11.1828
 491    45.2591
 492    25.5948
 493     0.33016
 494    18.2995
 495     0.09477
 496     3.27948
 497     2.23827
 498    15.8324
 499    30.3615
 500     0
 501     0.2056
 502     0.72381
 503     1.06791
 504     0
 505     0.85003
 506     0.54888
 507     0
 508     0.07791
 509     0
 510     0
 511     0.52415
