This file was gnenerated on 2021-06-23 11:44:19.094311 by Grant Finneman. This contains the extracted data from the Gate simulations
The edep for each bar was summed up and printed to this file. The only math operation done has been addition.

  id        edep
   0     0
   1     0
   2     0
   3     0.06817
   4     0
   5     8.20909
   6     0
   7     0.90412
   8     5.42019
   9     4.86388
  10     0
  11     0.72485
  12     0
  13     1.74751
  14     2.20042
  15     0.24142
  16     1.1125
  17     0.77528
  18    18.2455
  19     2.25408
  20    29.4754
  21     0.818
  22     0
  23     0.93384
  24    17.8674
  25     4.52287
  26    18.3276
  27    14.4373
  28     1.37984
  29     1.65799
  30     0.85507
  31     0
  32    16.0442
  33     6.43712
  34    11.5699
  35    13.7052
  36     0.94091
  37     0
  38     0.56634
  39     1.04988
  40     0.79436
  41    32.2976
  42    29.6984
  43    43.7092
  44     1.81298
  45     0.52121
  46     0.9456
  47     6.39223
  48    13.652
  49     0.4354
  50     2.04977
  51     3.51856
  52     0.32384
  53    15.2065
  54     1.53553
  55     0
  56    43.6348
  57     0.31227
  58     4.9703
  59     0
  60     0.23432
  61     9.23436
  62     0.1182
  63     0
  64    23.3455
  65     8.3876
  66     7.28499
  67     0
  68    11.3577
  69     6.3492
  70     6.42021
  71     0.28329
  72    77.6481
  73    60.4892
  74     5.68399
  75     8.28924
  76    37.4867
  77     0.46986
  78     2.53968
  79     4.23074
  80    62.8371
  81    22.9067
  82    39.3258
  83    32.6754
  84    62.4685
  85     7.80167
  86     1.75218
  87     0.24364
  88   103.384
  89   142.331
  90    80.748
  91   109.614
  92    61.1537
  93    27.4796
  94    43.7223
  95     1.81249
  96   124.576
  97   142.963
  98   124.033
  99   122.485
 100    67.1905
 101    16.4002
 102    17.6418
 103    24.1206
 104   131.707
 105   107.623
 106    91.1752
 107   160.622
 108    40.0637
 109     2.4507
 110    25.4314
 111    30.9995
 112    77.4208
 113    88.8738
 114    92.6579
 115    68.0557
 116    31.3069
 117    16.3042
 118     1.57651
 119     1.04579
 120    47.8884
 121    31.0826
 122     1.30394
 123     1.34316
 124     3.24101
 125     4.23736
 126     0.97151
 127     0
 128    27.6566
 129    20.9715
 130    52.0343
 131    13.8957
 132    17.1425
 133     0
 134     0
 135     0.62088
 136    75.5839
 137   141.727
 138   103.112
 139    72.5545
 140    48.5534
 141    19.0231
 142     6.08418
 143     0
 144   361.607
 145   390.756
 146   276.277
 147   290.87
 148    88.5253
 149    54.2417
 150    23.2137
 151    10.8294
 152   582.568
 153   703.417
 154   643.727
 155   373.222
 156   314.725
 157    38.6909
 158    44.6606
 159    30.773
 160   911.918
 161   941.848
 162  1018.47
 163   607.893
 164   301.866
 165   146.845
 166   100.938
 167    18.3468
 168   946.485
 169  1004.21
 170  1002.13
 171   858.76
 172   590.177
 173   498.296
 174   277.907
 175    77.3526
 176   280.867
 177   303.886
 178   272.546
 179   200.356
 180   167.969
 181   141.954
 182    26.9982
 183     1.13138
 184    59.8241
 185    50.203
 186    49.7122
 187     2.39781
 188     5.18184
 189     0.20386
 190     1.30747
 191     0
 192   109.988
 193   110.271
 194    80.8955
 195    69.6824
 196    14.7578
 197     8.9967
 198     9.25063
 199     0
 200   681.17
 201   649.333
 202   605.137
 203   397.614
 204   288.554
 205   245.998
 206   101.668
 207    11.5784
 208  2413.32
 209  2394.54
 210  2123.63
 211  1712
 212  1563.8
 213  1165.79
 214   670.859
 215   252.493
 216  3645.97
 217  3456.28
 218  3455.53
 219  2666.9
 220  2332.45
 221  1888.53
 222  1128.23
 223   446.858
 224  4322.52
 225  4138.82
 226  4081.67
 227  3691.4
 228  2877.5
 229  2387.96
 230  1319.23
 231   534.394
 232  3771.63
 233  3705.35
 234  3324.46
 235  2975.92
 236  2554.87
 237  2208.24
 238  1418.12
 239   507.358
 240   769.159
 241   734.739
 242   593.718
 243   431.607
 244   379.619
 245   181.165
 246    92.6313
 247    52.5589
 248   116.039
 249    41.764
 250    57.7464
 251    44.1763
 252    12.7957
 253     0.97011
 254     0.55579
 255     1.87042
 256    77.3758
 257    86.7674
 258    98.7821
 259    31.0933
 260    76.687
 261     0.56218
 262    11.0774
 263     0.17331
 264   757.272
 265   964.522
 266   613.76
 267   426.497
 268   383.325
 269   301.74
 270   125.028
 271    34.5821
 272  4097.68
 273  4026.07
 274  3733.17
 275  3161.14
 276  2956.29
 277  2215.83
 278  1411.1
 279   532.683
 280  4294.48
 281  4070.5
 282  3306.49
 283  3081.83
 284  2745.92
 285  2191.95
 286  1273.1
 287   584.628
 288  3584.02
 289  3508.71
 290  3203.12
 291  2833.52
 292  2328.83
 293  1564.31
 294   998.132
 295   439.232
 296  2094
 297  2059.1
 298  2080.04
 299  1909.13
 300  1479.92
 301  1033.57
 302   678.998
 303   294.723
 304   540.138
 305   620.753
 306   489.025
 307   357.415
 308   238.829
 309   150.725
 310   152.19
 311    50.5513
 312   108.084
 313    46.4519
 314    70.4826
 315    31.9008
 316    28.2537
 317     3.74019
 318     0.94182
 319     2.96181
 320    63.4612
 321    49.0775
 322    47.1859
 323    31.3584
 324     0.60741
 325     0
 326     0.27816
 327     0
 328   385.565
 329   305.411
 330   226.917
 331   148.209
 332   134.803
 333    31.8347
 334     0.12583
 335     0.79407
 336  1132.49
 337   914.846
 338   846.372
 339   612.437
 340   648.175
 341   363.821
 342   249.26
 343    69.0621
 344  1007.34
 345   996.719
 346   612.664
 347   527.089
 348   390.478
 349   289.618
 350   181.755
 351    40.9225
 352   726.357
 353   728.58
 354   493.682
 355   240.7
 356   251.298
 357   123.844
 358   114.417
 359    28.6588
 360   359.451
 361   328.595
 362   248.054
 363   306.395
 364    88.3144
 365    25.1846
 366     1.18362
 367     0.31608
 368    81.9761
 369   117.846
 370   142.727
 371    77.7633
 372    66.9861
 373    19.3924
 374     1.07724
 375     0.82779
 376     5.04329
 377    27.7599
 378     0.68273
 379     0.98835
 380     0.42629
 381     0.60302
 382     0.74924
 383     0.667
 384    26.6249
 385     2.13507
 386     0.0546
 387    14.5676
 388     0.85044
 389     0
 390     0.68538
 391     0.57759
 392    64.246
 393    37.4764
 394    66.0278
 395    73.5481
 396     2.9577
 397     2.87146
 398     2.42702
 399     5.74819
 400   154.748
 401   168.213
 402    59.5922
 403    86.9682
 404    42.9455
 405     7.81465
 406     3.59595
 407     5.1925
 408   224.223
 409   119.233
 410    56.2244
 411    88.4846
 412    40.7999
 413    16.2184
 414     8.81016
 415     2.9051
 416   106.308
 417    73.9029
 418    95.6717
 419    16.749
 420    57.9297
 421    37.7903
 422    67.5293
 423     6.51602
 424    90.3914
 425    63.5369
 426    62.7749
 427    32.2706
 428     6.9072
 429    20.5948
 430     8.69772
 431     0.08418
 432    15.5864
 433    21.6508
 434    35.5776
 435     1.25472
 436     0.84198
 437     0.73521
 438     1.55205
 439     1.22342
 440     0
 441    16.8339
 442    38.674
 443     0.75816
 444     0.18827
 445     1.44918
 446     0.51513
 447     0.59046
 448     1.26689
 449     0
 450     0.43311
 451     0
 452     1.21242
 453     0
 454     0.22792
 455     0
 456    19.7822
 457     4.98687
 458    15.4067
 459     0.07486
 460     1.49269
 461     1.6941
 462     1.94797
 463     1.49551
 464    30.0348
 465    18.8636
 466    17.4159
 467     9.82095
 468    14.7395
 469    15.0771
 470     0
 471     0.27312
 472    32.9108
 473     2.70484
 474     3.99674
 475    45.8777
 476     0.96189
 477     0
 478     0.49101
 479     0.05164
 480    16.1352
 481    24.2834
 482    31.6544
 483     3.4554
 484     0.53028
 485     1.31066
 486     0.04096
 487     0.73988
 488     5.10776
 489     5.39014
 490     6.2047
 491     0.20106
 492     0
 493    15.0814
 494     0.67029
 495     0.89713
 496     0.10636
 497     0.6561
 498     0.94226
 499     0
 500     1.3999
 501     0
 502     0.94488
 503     0
 504     0.82399
 505     0.99752
 506     1.68325
 507     0.34147
 508     0
 509     0
 510     0
 511     0
