This file was gnenerated on 2021-06-17 21:37:32.059776 by Grant Finneman. This contains the extracted data from the Gate simulations
The edep for each bar was summed up and printed to this file. The only math operation done has been addition.

  id      edep
  10    0.2948
  18    0.1625
  22    1.1727
  24   17.9037
  25   14.748
  26   17.6726
  30    0.4612
  34   17.0499
  35    8.9973
  36    4.0595
  42    8.8372
  43   27.6046
  44   24.357
  72   15.7969
  73    1.2416
  74    0.1701
  77    0.3561
  79    0.2497
  80   23.84
  81   46.2654
  82   37.0546
  83    5.8042
  84    0.8096
  86    0.3861
  88   75.5225
  89  118.27
  90   97.6088
  91   63.6083
  92   78.3532
  93   83.356
  94   34.8509
  95    6.1125
  96   76.6017
  97   79.0871
  98   54.4124
  99   44.7366
 100   29.9902
 101   29.7345
 102   18.7982
 103    0.3737
 105    0.385
 109    3.4576
 110    8.2118
 119    0.4612
 122    0.2213
 129   17.7658
 130    4.0998
 131    1.0428
 133    0.0869
 134    0.6906
 136   49.8397
 137   52.4524
 138    8.7535
 139    6.7122
 140    1.3035
 141   11.2442
 142   35.1875
 143    9.2991
 144  222.971
 145  155.735
 146  147.958
 147   99.1101
 148   81.6134
 149   85.3603
 150   49.7136
 151   10.6067
 152  285.283
 153  324.774
 154  256.739
 155  258.847
 156  208.229
 157  108.733
 158   63.4147
 159   33.7171
 160  179.25
 161  274.232
 162  284.478
 163  168.126
 164  113.129
 165   60.3166
 166   36.7177
 167   28.1155
 168    5.7601
 170   19.0917
 171   11.8958
 172    4.6218
 173   23.4052
 174    0.4779
 176   30.1535
 181    0.7429
 184    0.9665
 188    1.728
 192    0.4799
 194    6.833
 196   11.0472
 197    7.3648
 200   48.9618
 201    8.284
 202   27.8567
 203   11.8978
 204    0.5288
 206    0.7295
 208  230.999
 209  225.643
 210  107.123
 211  101.127
 212   94.7323
 213   54.1914
 214   66.299
 215   16.5045
 216  415.849
 217  391.912
 218  321.152
 219  295.166
 220  207.964
 221  139.387
 222   85.8284
 223   43.0078
 224  393.14
 225  326.197
 226  300.289
 227  301.29
 228  322.279
 229  159.558
 230  109.219
 231   39.8832
 232  126.575
 233   58.5495
 234   65.3423
 235   30.7279
 236   35.797
 237   57.425
 238   16.8441
 239    0.3452
 240   57.6544
 241    0.9089
 242    1.4552
 243    4.7294
 244    9.4588
 245    0.1953
 246    0.2156
 259    0.8686
 261    6.9045
 262    2.7618
 264    0.2458
 265   19.9753
 267   10.2355
 268   19.8996
 270    4.603
 271    3.6824
 272   58.2231
 273   74.9539
 274   77.1692
 275   60.464
 276   80.2065
 277   48.3338
 278   10.8615
 279    6.6332
 280  246.732
 281  210.111
 282  312.12
 283  241.8
 284  127.238
 285  135.78
 286   70.6752
 287   43.7469
 288  201.453
 289  210.521
 290  235.111
 291  275.42
 292  219.125
 293  152.286
 294   65.7126
 295   35.119
 296  225.499
 297  220.996
 298  171.939
 299  196.719
 300  118.214
 301   87.4162
 302   74.0818
 303   30.007
 304   83.8178
 305  103.644
 306   57.3086
 307   38.2524
 308   42.9185
 309    0.7699
 313   21.6353
 314   18.4949
 315   13.663
 319    0.0808
 325    0.1438
 326    0.0365
 328   26.4789
 332   26.5328
 333    0.2876
 336   27.2959
 337   13.1728
 338    6.0082
 339    7.362
 340   18.7286
 341   22.528
 342    0.8792
 344  107.04
 345  122.731
 346   79.4677
 347   60.4119
 348   74.3182
 349  108.84
 350   37.597
 351   23.209
 352  227.149
 353  293.318
 354  302.779
 355  258.162
 356  189.267
 357  138.176
 358   74.1294
 359   55.0712
 360  140.285
 361  151.251
 362  143.199
 363  140.93
 364  195.795
 365   98.4661
 366   88.7306
 367   42.014
 368   29.7724
 369   21.1837
 370   29.5956
 371   35.5782
 372    4.0801
 393    1.8351
 394    0.2352
 396    0.9087
 400    3.734
 401    2.0968
 403    0.3244
 404    0.8216
 408   51.3678
 409   39.1225
 410   49.4358
 411   19.1301
 412   16.5947
 413   41.8914
 414    6.3024
 415    0.843
 416  115.847
 417   79.1981
 418  101.064
 419   80.1464
 420   55.9189
 421   75.2465
 422   50.6643
 423    4.8327
 424   15.3456
 425   34.7739
 426   35.0987
 427   19.9633
 428   21.1019
 429    1.179
 430   13.7415
 433    0.034
 436    0.3628
 442    0.323
 444    0.1814
 450    0.2213
 451    0.2106
 452    0.6844
 454    0.6844
 455    1.1977
 457    0.8686
 459    0.9665
 460    2.7376
 461    1.711
 462    1.1977
 464    0.3244
 468    0.3244
 472    3.002
 473   19.4819
 474   15.4513
 475    6.3623
 481    4.6252
 482    7.1416
 489    0.3871
 490    2.1615
 491    0.786
 497    0.0387
 498    4.9125
 503    0.3634
 506    0.9847
 511    0.323
