This file was gnenerated on 2021-06-23 11:35:14.635192 by Grant Finneman. This contains the extracted data from the Gate simulations
The edep for each bar was summed up and printed to this file. The only math operation done has been addition.

  id        edep
   0     4.79509
   1     0
   2     0
   3     0.48363
   4     0
   5     0.39276
   6     0.9382
   7     0.87165
   8     0.18083
   9     0.53911
  10     0
  11     0.38721
  12     0.48246
  13     0.57859
  14     0
  15     0
  16    21.1492
  17     0.53005
  18     1.47771
  19     0.16308
  20     0.15938
  21     0.83999
  22     0
  23     0.89506
  24    55.1164
  25    44.9918
  26    64.5032
  27     7.11358
  28     0.56366
  29     0
  30     5.3586
  31     3.09246
  32    99.4439
  33   112.698
  34    52.527
  35     8.39033
  36    38.6005
  37     8.77253
  38     0.17825
  39     0.12327
  40    73.8602
  41    92.0803
  42     8.14515
  43     1.66202
  44     3.09105
  45     1.76029
  46     0.31375
  47     0
  48    26.0167
  49    49.7422
  50    18.9619
  51    38.9639
  52    32.9293
  53    18.233
  54    30.03
  55     0
  56     0.21292
  57     0.24421
  58     0
  59     2.30377
  60     0
  61     1.58929
  62     0.18212
  63     0
  64     1.26888
  65     0.42493
  66     0
  67     0
  68     0.237
  69     0
  70     0.66195
  71     0
  72    37.425
  73    17.6874
  74     0.27384
  75     1.42631
  76     0
  77     0.70816
  78     1.53973
  79     0
  80    77.9664
  81    50.6054
  82    57.1744
  83     8.80285
  84    20.5161
  85     0.76161
  86     1.24486
  87     2.1585
  88   219.16
  89   181.03
  90   127.324
  91    70.7094
  92    72.4816
  93    11.6306
  94     9.143
  95     9.5248
  96   769.651
  97   814.516
  98   509.815
  99   346.364
 100   344.323
 101   219.766
 102   106.238
 103    25.7253
 104   692.733
 105   495.732
 106   483.543
 107   281.055
 108   361.154
 109   176.587
 110    86.4209
 111     1.39457
 112   120.214
 113   145.891
 114    91.624
 115    59.6524
 116    32.5249
 117    11.8453
 118    18.3199
 119    20.2554
 120     6.65546
 121     1.84486
 122     0.30598
 123     2.5078
 124     0.18897
 125     0
 126    20.0857
 127     0
 128     0.61097
 129     0
 130     0.34013
 131     0
 132     1.31697
 133     0.32354
 134     0.81574
 135     0.32847
 136    53.3541
 137    39.1056
 138     2.44781
 139     1.64839
 140    11.4363
 141     0
 142     0
 143     0.71982
 144   223.264
 145    82.1625
 146    66.7362
 147    27.362
 148    19.0786
 149    48.1696
 150    28.006
 151     1.59246
 152   799.285
 153   676.901
 154   495.008
 155   351.404
 156   324.209
 157   302.109
 158   120.283
 159    17.5947
 160  4437.17
 161  4188.95
 162  3655.5
 163  3403.97
 164  2933.9
 165  2246.28
 166  1516.95
 167   639.084
 168  1832.16
 169  1853.14
 170  1623.39
 171  1589
 172  1491.06
 173   973.039
 174   565.563
 175   176.758
 176   199.47
 177   313.102
 178   127.967
 179   106.413
 180    61.5039
 181    78.5734
 182     1.17256
 183     0
 184    14.454
 185    16.2225
 186     0.34365
 187     0.9276
 188     5.75467
 189     1.21871
 190     2.45871
 191     0.92389
 192    21.9262
 193    47.2315
 194     0
 195     1.26412
 196     5.87572
 197     1.32718
 198     0
 199     0
 200    76.8361
 201   141.456
 202    36.532
 203    52.5173
 204    24.8818
 205     0.81433
 206     0.84738
 207     2.55712
 208   502.02
 209   341.512
 210   262.926
 211   296.636
 212   158.118
 213    13.1326
 214    32.6683
 215    15.2844
 216  2668.47
 217  2448.88
 218  2294.01
 219  2061.53
 220  1264.88
 221   937.706
 222   638.552
 223   220.535
 224  5504.22
 225  5597.32
 226  4806.48
 227  4583.92
 228  3668.56
 229  3022.07
 230  1961.28
 231   860.874
 232  1015.45
 233  1033.96
 234   803.704
 235   533.405
 236   362.899
 237   161.304
 238   129.964
 239    29.7802
 240   136.431
 241   155.012
 242    76.7487
 243    49.4709
 244    42.6848
 245    38.9033
 246     3.84083
 247     5.58189
 248    56.2991
 249    45.0102
 250    50.7317
 251     1.42206
 252    25.4629
 253     2.36664
 254     0.11888
 255     0.90805
 256    29.968
 257    10.8165
 258    13.5297
 259     1.16545
 260     0.68157
 261     0.90836
 262     0.53385
 263     0
 264   233.848
 265   198.149
 266   119.093
 267    28.233
 268    41.0231
 269     6.24726
 270    18.0791
 271    13.5287
 272  1065.37
 273   764.849
 274   931.585
 275   535.841
 276   433.077
 277   229.757
 278    72.7752
 279    19.5794
 280  5431.45
 281  5321.77
 282  4988.61
 283  4323.37
 284  3580.48
 285  2698.62
 286  1785.12
 287   850.391
 288  2436.02
 289  2275.65
 290  2134.15
 291  1702.32
 292  1243.89
 293   940.286
 294   529.223
 295   350.985
 296   611.041
 297   594.445
 298   469.101
 299   196.922
 300   178.097
 301    67.1102
 302    34.5321
 303    36.6268
 304    54.1999
 305    89.583
 306    45.7259
 307    24.2046
 308    19.6655
 309     0.79091
 310     0.83305
 311     0
 312     3.18217
 313    15.2612
 314    30.634
 315    20.9736
 316     7.80375
 317     0.7149
 318     0.95967
 319     0.64655
 320    39.2581
 321    13.8936
 322    16.3599
 323    18.0803
 324    10.4012
 325    28.4555
 326    18.5046
 327     0.68181
 328   208.787
 329   229.666
 330   162.163
 331   103.6
 332   112.551
 333    39.3068
 334    10.8622
 335    28.6935
 336  2062.43
 337  2126.52
 338  1805.86
 339  1474.16
 340  1244.15
 341   981.331
 342   659.273
 343   240.825
 344  4276.46
 345  3873.86
 346  3571.51
 347  3296.21
 348  2889.76
 349  2336.87
 350  1588.64
 351   613.22
 352   825.581
 353   940.912
 354   640.159
 355   585.02
 356   334.709
 357   125.102
 358    72.6467
 359     6.35838
 360   257.957
 361   234.55
 362    64.0784
 363    78.922
 364    54.3995
 365     3.32618
 366     2.72489
 367     1.9973
 368    47.3543
 369    13.3443
 370    11.2684
 371     1.41114
 372    33.0278
 373    25.4338
 374     6.37314
 375     5.89067
 376    20.3499
 377     1.20031
 378     0.24221
 379     0
 380     0.32302
 381     0
 382     0
 383     0
 384     1.4392
 385     2.30406
 386     0.80969
 387     0
 388     7.63685
 389     0
 390     0.06999
 391     0
 392    93.2225
 393    93.7219
 394    92.6264
 395    55.8474
 396    17.2807
 397     1.33265
 398     0.05167
 399     0
 400   612.552
 401   698.432
 402   659.77
 403   488.184
 404   280.631
 405   120.497
 406    80.699
 407    28.8465
 408   781.067
 409   775.345
 410   549.682
 411   541.949
 412   304.96
 413   164.408
 414    67.3968
 415    43.7247
 416   145.033
 417   255.484
 418   257.95
 419   160.883
 420     9.38511
 421    19.4983
 422    11.0465
 423     2.03673
 424    57.7467
 425    38.5287
 426    33.2321
 427    29.1308
 428    27.68
 429     2.66445
 430     3.65856
 431     0.23481
 432    54.2452
 433    11.9375
 434     0.91031
 435     0
 436    14.4264
 437    20.7669
 438     0
 439     0
 440     1.88725
 441    18.2903
 442     0.15339
 443     0
 444     0
 445     0.72275
 446     0.70563
 447     0
 448     9.72148
 449     0.77012
 450     0
 451     1.12709
 452     2.36039
 453     0
 454     0.43871
 455     0.22403
 456    38.5518
 457     2.40582
 458     0
 459    16.5711
 460    29.8198
 461    10.0898
 462     0
 463     0
 464    66.712
 465   113.153
 466    91.5426
 467    21.5577
 468     2.96199
 469     2.10594
 470     0
 471     0
 472    76.8807
 473   111.044
 474   108.405
 475    54.3258
 476    35.9412
 477    22.2648
 478     1.19288
 479    20.4905
 480    88.661
 481    26.1595
 482    29.2102
 483    39.2539
 484     2.59628
 485     0.83822
 486     0.65202
 487     0
 488     0.32881
 489    22.1198
 490     9.82552
 491     0
 492     1.798
 493     4.9797
 494     0.12302
 495     0.84152
 496     6.18793
 497    15.0278
 498     1.19983
 499     0
 500     0.25625
 501     0.19256
 502     0.43324
 503     0.94083
 504     0
 505    20.2627
 506     0.76183
 507     0
 508     0
 509     0.86953
 510     0
 511     0
