This file was gnenerated on 2021-06-17 21:36:06.270088 by Grant Finneman. This contains the extracted data from the Gate simulations
The edep for each bar was summed up and printed to this file. The only math operation done has been addition.

  id      edep
   9    0.6348
  24    0.3407
  31    0.486
  34    0.4466
  44    0.681
  46    0.5305
  48    0.2562
  49    0.8156
  52    0.0281
  53    0.0281
  57    0.3014
  62    0.0527
  64    0.9419
  69    0.7078
  70    0.1454
  73    0.5345
  74   15.678
  78    0.3643
  80    3.0663
  81    0.5142
  82   26.7285
  83    3.5694
  84    1.0483
  88   27.17
  89   23.073
  90   42.6347
  91    1.0284
  92    0.5142
  94    0.8589
  95    0.7132
  96   10.032
  97   19.8518
  98   34.0232
 100    0.715
 105   22.3106
 106   27.6109
 108    0.7096
 109    0.886
 110    0.9419
 117    0.1798
 118    0.7754
 123    0.1142
 124    0.4572
 126    0.5142
 130    0.3946
 136    2.964
 137    8.9841
 138   13.897
 139    0.7562
 144   35.6805
 145   21.4431
 146   22.4344
 147   11.9862
 148    7.4817
 152  102.352
 153   65.3343
 154   89.8757
 155   61.6922
 156   39.367
 157   27.2052
 158   11.6133
 159    1.6782
 160   72.3272
 161  111.663
 162   85.951
 163   43.6893
 164  141.626
 165   92.1236
 166   15.2323
 167   15.124
 168   24.0122
 169   28.3063
 170   56.7749
 171   45.1668
 172   17.6673
 173   13.5608
 174    2.4249
 175    0.1454
 176   16.61
 177   13.7854
 178   12.8291
 179    9.3886
 181    0.7551
 182    0.5974
 183    0.2912
 186    0.0929
 188    0.253
 200   13.1866
 201   11.3028
 202   19.9121
 203   16.3752
 208   89.1043
 209   92.2198
 210  111.504
 211   58.3383
 212   12.0579
 213   31.6014
 214   21.8024
 215    0.5402
 216  537.812
 217  525.154
 218  489.198
 219  434.523
 220  411.811
 221  302.623
 222  256.509
 223   93.7432
 224  681.199
 225  735.103
 226  588.504
 227  576.704
 228  488.107
 229  420.856
 230  220.013
 231   83.1674
 232  104.691
 233   95.4541
 234   81.8455
 235   63.0421
 236   26.8286
 237    3.8792
 240   27.0366
 241   24.2344
 242   60.2611
 243    2.8888
 244    6.6519
 245   12.6289
 249   29.076
 250   10.2993
 260    0.8373
 264   13.1192
 265   31.1922
 269   14.0319
 272   82.0834
 273   96.012
 274   61.332
 275   23.1972
 276   51.9361
 277   16.9475
 278    1.5664
 279    0.6964
 280  771.284
 281  657.692
 282  517.271
 283  430.536
 284  437.39
 285  310.247
 286  249.537
 287  111.849
 288  673.641
 289  617.681
 290  630.336
 291  512.253
 292  522.124
 293  439.952
 294  231.388
 295   68.054
 296   96.8751
 297  105.532
 298   93.2658
 299   76.7705
 300   40.2193
 301   60.4022
 302   22.2325
 303   36.1446
 304   65.3165
 305   24.4492
 306    6.4869
 307   15.129
 308   10.8556
 312    3.7592
 313    0.5717
 315   12.4064
 330    1.4404
 336    8.736
 337    2.1976
 338   24.7831
 339    3.6651
 340    3.1448
 341    0.7504
 344   97.2527
 345  104.944
 346  105.657
 347   98.3704
 348   45.5535
 349   51.4196
 350    3.9675
 351   15.9208
 352  128.757
 353  102.58
 354  150.819
 355   86.6593
 356   37.9969
 357    1.7685
 359    0.5686
 360   30.7292
 361   61.5401
 362    8.9538
 363    7.2207
 364    0.2108
 366    0.0919
 369    2.111
 372    0.9774
 385    0.0281
 390    0.9419
 392    0.2519
 401    0.2519
 402    2.864
 408    6.0159
 409   25.8536
 412    0.3883
 413    0.171
 416   22.5025
 417   16.0872
 418    2.2842
 419    0.7175
 421    1.1398
 426    0.626
 427    0.5645
 432    0.7357
 434    0.2334
 437    0.9774
 440    1.0624
 450    0.0527
 451    0.8373
 452    0.8373
 458    0.7132
 459    0.7926
 460    0.1054
 463    0.5148
 464    0.4193
 466    0.9909
 470    0.8373
 472   25.3952
 480    5.5552
 483    0.311
 492    0.7423
 503    0.1102
 508    0.8622
