This file was gnenerated on 2021-06-17 21:38:05.021163 by Grant Finneman. This contains the extracted data from the Gate simulations
The edep for each bar was summed up and printed to this file. The only math operation done has been addition.

  id      edep
   8    1.3978
   9    9.2858
  13    0.9932
  16   16.7736
  17   11.1481
  18    4.7784
  20    0.9733
  22    0.5456
  24   34.5216
  25    3.1883
  26    3.2382
  27    0.9733
  29    0.8969
  31    0.9937
  32    0.4626
  36   26.5241
  38    0.5349
  49    0.6249
  62    0.5967
  63    0.5967
  72    6.411
  73    5.1232
  75    0.2028
  76    3.4942
  79    0.1014
  80   50.9663
  81   22.2306
  82   19.7395
  83   15.9184
  84   26.3614
  85    6.6728
  86   13.1748
  88   42.4135
  89   46.3052
  90   62.6026
  91   47.5457
  92   24.3851
  93   13.0444
  94    3.6001
  95    1.7255
  96   39.3225
  97   24.6322
  98    9.5132
  99    9.3936
 100   51.8932
 103    0.0092
 104    8.1144
 105    0.2241
 106    0.8844
 107    0.8844
 110    0.6677
 122    0.9163
 128    4.87
 132    2.338
 136   29.6869
 137   14.8988
 138    5.8756
 139   11.073
 140    8.9926
 141   17.7419
 142   24.2536
 143   12.539
 144  143.833
 145  178.879
 146  171.431
 147  109.586
 148  111.992
 149  153.793
 150   72.9196
 151   42.9859
 152  210.093
 153  308.644
 154  280.244
 155  227.852
 156  199.339
 157  140.864
 158   88.9407
 159   29.0124
 160  145.862
 161  142.863
 162  152.933
 163  135.048
 164  104.139
 165   84.2793
 166   48.4261
 167    5.091
 168   50.216
 169   23.2284
 170   14.6574
 171    4.5756
 172   32.0784
 173   50.2785
 174    7.065
 175    0.5115
 176   43.5277
 177    1.3308
 178    0.2262
 179    0.6677
 180    0.9434
 182    6.355
 185    0.8655
 186    0.9232
 192    5.9301
 193    2.6356
 195    1.997
 196    7.8608
 200   93.4986
 201   90.499
 202   68.3461
 203   27.4364
 204   29.2234
 205   33.4417
 206   28.1571
 207   15.4986
 208  236.794
 209  268.582
 210  258.455
 211  271.209
 212  194.207
 213  111.291
 214   81.5061
 215   31.6403
 216  406.023
 217  326.821
 218  231.905
 219  177.338
 220  196.54
 221   92.83
 222   67.5708
 223   33.8324
 224  316.693
 225  298.756
 226  316.431
 227  249.542
 228  147.486
 229   88.2736
 230  116.573
 231   56.4832
 232  214.263
 233  186.98
 234  139.636
 235  201.571
 236  146.272
 237  102.913
 238   60.5495
 239   20.3841
 240  148.441
 241   76.1681
 242   80.6551
 243   47.133
 244   37.6043
 245   24.9359
 246   17.4795
 247    3.7933
 250    2.3505
 253    0.4905
 254    9.7542
 255   12.4637
 256    9.53
 257   13.8216
 260   15.5256
 264   53.4394
 265   87.9294
 266   90.5334
 267   39.6271
 268   27.3065
 269   22.4719
 270   40.312
 271   11.7845
 272  212.617
 273  194.77
 274  170.357
 275  237.096
 276  171.641
 277  108.527
 278   41.9184
 279   13.294
 280  358.731
 281  354.731
 282  369.995
 283  240.76
 284  177.715
 285  123.41
 286   75.8682
 287   13.7297
 288  259.124
 289  252.991
 290  230.057
 291  202.553
 292  159.267
 293   99.1877
 294  107.273
 295   18.2277
 296  351.243
 297  373.131
 298  300.559
 299  207.874
 300  176.975
 301   93.8331
 302   41.6278
 303   10.567
 304  141.099
 305   51.5174
 306   64.2847
 307   83.4317
 308   95.3293
 309   16.036
 310   10.7708
 311    4.2996
 314    0.0577
 315    0.2156
 316    0.5349
 320    4.765
 321   17.3111
 322    0.1985
 324    0.6897
 328   12.1324
 329    0.3474
 330    1.1598
 335    0.6844
 336   35.7264
 337   36.0413
 338   19.8769
 339   38.9396
 340   53.9134
 341    4.2246
 342    0.1075
 344  126.462
 345  114.665
 346  108.838
 347   76.0195
 348   91.9076
 349   42.0452
 350   31.3361
 351   18.7877
 352  158.581
 353  174.035
 354  188.408
 355  191.258
 356  158.514
 357  110.448
 358   84.4834
 359   59.007
 360  172.47
 361  148.714
 362  143.845
 363   93.5598
 364  125.718
 365  126.893
 366   60.1016
 367   15.0972
 368   62.6522
 369   27.2419
 370    7.7346
 371   24.7523
 372    7.2532
 373    7.0356
 374   23.1525
 379    0.9163
 394    1.719
 395    1.737
 396    0.9123
 400   60.2765
 401   14.1917
 402    3.3908
 403   12.1878
 404   12.1281
 408   13.3111
 409    6.0377
 410   31.2636
 411   30.8781
 412    8.136
 413    5.3396
 414    0.3343
 416   43.879
 417   38.1927
 418   43.8302
 419   56.5896
 420   44.5171
 421   44.2311
 422   23.2156
 423   10.2782
 424   64.2756
 425   55.0639
 426   59.7637
 427   32.8157
 428   16.0574
 429   11.9505
 430    8.6152
 431    2.7339
 432    3.9325
 433   14.3
 434   22.881
 435    3.3924
 444    0.8434
 447    0.6444
 456    0.3187
 464    0.4434
 467    0.1942
 470    0.9584
 471    1.4463
 473   20.647
 474    9.8823
 475    0.6054
 476    0.7587
 478    0.6897
 480   16.3902
 481    8.2017
 482    3.7123
 483    0.9946
 484    0.5888
 499    7.71
 500    5.8596
 503    0.9584
 506    1.428
