This file was gnenerated on 2021-06-17 21:37:44.751845 by Grant Finneman. This contains the extracted data from the Gate simulations
The edep for each bar was summed up and printed to this file. The only math operation done has been addition.

  id      edep
  13    0.098
  14    0.728
  16    0.381
  17    0.8869
  24    1.2345
  26    0.2912
  29    0.9993
  33    0.5797
  34    0.2912
  35    0.381
  40    0.381
  41    0.0963
  65   10.7821
  69    0.7212
  72    8.8693
  73    8.063
  78    1.2632
  80   11.8475
  81    6.1607
  90   10.9069
  91    0.3593
  92    0.381
  93    0.2969
  95    0.8769
  96   23.4117
  97   18.3708
  98    8.6251
  99    3.9828
 100    1.3388
 104   12.2458
 105   10.5501
 106    3.4677
 107    0.759
 112    3.2156
 123    0.1312
 128    0.371
 129    3.8556
 131    0.7194
 133    0.7212
 136   10.1886
 137   43.8023
 138   14.3759
 139    2.9106
 141    0.8444
 144   62.6427
 145   94.1543
 146   89.5089
 147   29.1422
 148   44.0928
 149   13.9457
 150    1.308
 152  130.297
 153   88.2306
 154  107.247
 155   59.9849
 156   37.6662
 157   11.6017
 158    3.3183
 160  171.695
 161  122.199
 162   75.5731
 163   36.192
 164   42.0724
 165    5.095
 166    1.1212
 167    0.585
 168   41.792
 169   20.0071
 170   16.1716
 171   12.5468
 172   14.4278
 177    7.859
 178   11.0387
 180    0.1312
 192    5.2241
 193    0.4798
 194    0.3397
 195    5.7552
 200   45.7188
 201   13.461
 202    8.2595
 203   44.8694
 204   32.4958
 208  312.845
 209  343.933
 210  298.341
 211  270.154
 212  208.15
 213  117.357
 214   57.5137
 215   16.8367
 216  428.019
 217  542.008
 218  496.966
 219  380.207
 220  344.327
 221  266.97
 222  110.264
 223   46.0636
 224  411.559
 225  323.685
 226  382.008
 227  278.513
 228  280.012
 229  203.72
 230  106.74
 231   75.5187
 232  186.213
 233  210.597
 234  177.919
 235  161.003
 236   76.6324
 237   85.5671
 238   53.1025
 239   28.8951
 240   30.413
 241   23.6466
 242   23.7896
 243   46.0952
 244    8.4256
 256    6.146
 259    0.4798
 264   21.335
 265   16.0186
 266   20.7612
 267    8.7331
 268   13.8754
 270   10.1384
 272  222.941
 273  198.637
 274  170.642
 275  119.545
 276   97.8839
 277   47.9586
 278   63.7515
 279   14.78
 280  470.471
 281  506.213
 282  285.378
 283  290.801
 284  262.234
 285  257.451
 286  176.16
 287   87.3239
 288  636.774
 289  502.816
 290  515.057
 291  457.899
 292  435.759
 293  301.382
 294  126.053
 295   36.5718
 296  294.918
 297  239.152
 298  330.973
 299  354.277
 300  245.498
 301  216.334
 302  121.245
 303   89.7314
 304   71.7424
 305   32.5989
 306   19.6786
 307   97.7866
 308   39.0545
 309   25.52
 310    4.038
 313    6.48
 314    0.648
 315   13.8744
 328    0.1244
 336   55.1659
 337   17.2377
 338   14.3688
 339    4.0727
 340   15.7185
 341   15.7185
 342    1.3434
 344   66.6173
 345   64.7535
 346   57.2826
 347   58.7235
 348   51.7972
 349    3.7584
 350    6.0453
 351   14.562
 352  179.429
 353  197.426
 354   86.3149
 355   51.1957
 356  145.406
 357   25.5215
 358   18.0202
 359    3.775
 360   95.9103
 361  110.088
 362   42.4105
 363   20.2155
 364    9.2098
 365    3.0884
 366    0.3486
 367   19.461
 368   28.9153
 369    2.6585
 370    1.6109
 371   16.4826
 372    5.3765
 373    4.6326
 376    0.419
 378    0.8006
 379    0.8006
 380    3.4317
 392    1.6977
 399    0.2523
 400    1.1076
 401    1.704
 402   15.6977
 404    0.6675
 408   36.7756
 409   23.7315
 415    1.6805
 416   13.1427
 417   26.0705
 418    0.5607
 423    0.3399
 425   15.3068
 430    0.4323
 434    0.3915
 435    0.5141
 441    0.7154
 464    0.2137
 465    1.8744
 479    0.8384
 480    0.0985
 482    0.8281
 496    0.752
 504    0.5141
