This file was gnenerated on 2021-06-23 12:13:03.331474 by Grant Finneman. This contains the extracted data from the Gate simulations
The edep for each bar was summed up and printed to this file. The only math operation done has been addition.

  id        edep
   0     0.33783
   1     0.29966
   2     5.7676
   3     6.96439
   4     1.83853
   5     0.76273
   6     0
   7     0.46071
   8    37.3401
   9     2.77495
  10     0
  11     1.72067
  12     0.13172
  13     0.8561
  14     0.13172
  15     0.08642
  16    53.5759
  17   111.005
  18    26.2861
  19    21.3176
  20    15.0191
  21     1.53996
  22    21.1863
  23    22.4487
  24   126.258
  25    80.2465
  26    98.185
  27    84.9791
  28    35.0434
  29     0.08802
  30     0.82412
  31     0.56676
  32   159.805
  33    73.2099
  34    70.9463
  35    41.1677
  36     3.44818
  37     0
  38     0.81831
  39     1.62219
  40    54.4073
  41    33.8084
  42    65.5475
  43    23.2755
  44     0.72253
  45     0
  46     0
  47     0
  48    13.7912
  49     4.00844
  50     1.72063
  51     1.42522
  52     0.2841
  53     0.59625
  54     0.97498
  55     0.50174
  56     0.75513
  57    20.8484
  58     0.99178
  59     0.77148
  60     0
  61     1.70604
  62     0
  63     0
  64    24.0621
  65     6.6911
  66     5.47527
  67    21.9229
  68     3.94327
  69     1.85037
  70     1.60478
  71     1.28746
  72    66.1838
  73    44.0209
  74    19.2718
  75     4.49883
  76    21.1504
  77     1.1728
  78     0
  79     0.91021
  80   379.823
  81   385.086
  82   225.018
  83   208.101
  84   107.829
  85    52.1711
  86    80.3763
  87    32.7677
  88   984.882
  89   967.608
  90   796.976
  91   484.522
  92   403.302
  93   470.251
  94   235.505
  95    94.1335
  96   863.95
  97   755.067
  98   587.491
  99   470.384
 100   297.222
 101   266.379
 102   134.06
 103    51.8445
 104   115.579
 105    97.1477
 106    90.6756
 107    43.6939
 108     9.05514
 109     6.74209
 110     4.03452
 111     1.61103
 112    58.8465
 113     5.27678
 114    39.3276
 115    27.81
 116     1.29864
 117     1.83297
 118     2.06093
 119     1.84585
 120    15.6924
 121     0.65181
 122     0
 123     0.66495
 124     0.87438
 125     0
 126     0
 127     0.35787
 128    65.3548
 129    40.1023
 130    35.2911
 131    15.4372
 132     2.06284
 133     1.04889
 134     0.90416
 135     0
 136   525.047
 137   425.054
 138   401.314
 139   306.016
 140   251.105
 141   132.922
 142   145.356
 143    53.2597
 144  1510.76
 145  1463.23
 146  1319.09
 147  1192.65
 148   898.57
 149   787.346
 150   487.895
 151   240.1
 152  2397.14
 153  2375.21
 154  2052.96
 155  1885.12
 156  1512.78
 157  1172.63
 158   795.363
 159   291.208
 160  2067.91
 161  2026.82
 162  1815.14
 163  1552.04
 164  1351.86
 165   795.601
 166   500.656
 167   249.899
 168   410.106
 169   439.318
 170   406.65
 171   319.018
 172   215.382
 173    71.6426
 174    54.5065
 175    60.4601
 176   109.863
 177    22.138
 178    58.3748
 179    37.8844
 180     6.82747
 181     0.21672
 182     0
 183     0.86134
 184     2.729
 185     7.81493
 186     0.51189
 187     4.11599
 188     0.25839
 189     1.10703
 190     1.48543
 191     2.07225
 192    84.4479
 193    51.0452
 194    75.1677
 195    28.8638
 196     4.57016
 197     2.7846
 198     2.97706
 199     1.14553
 200   600.536
 201   532.398
 202   524.977
 203   355.076
 204   143.733
 205   155.766
 206   106.881
 207    94.3601
 208  2056.17
 209  1898.44
 210  1865.39
 211  1709.25
 212  1429.99
 213  1020.43
 214   565.791
 215   259.707
 216  2662.03
 217  2546.89
 218  2313.67
 219  2100.35
 220  1535.39
 221  1123.73
 222   609.928
 223   238.955
 224  2597.5
 225  2700.14
 226  2046.88
 227  1804.58
 228  1349.32
 229   935.3
 230   539.66
 231   247.83
 232  1506.06
 233  1200.59
 234  1077.6
 235   959.508
 236   772.248
 237   540.989
 238   312.78
 239   122.31
 240   309.317
 241   164.68
 242   196.759
 243    67.4664
 244   122.864
 245    31.0072
 246     2.77165
 247     0
 248    47.4564
 249    65.1842
 250    12.0034
 251     3.93756
 252     7.31966
 253     2.2417
 254     0
 255     0.88524
 256    46.1777
 257    48.9655
 258     8.4743
 259    25.6927
 260    20.6312
 261     0.47777
 262     0.26911
 263     0
 264   142.051
 265   270.61
 266   170.533
 267   108.121
 268    88.8591
 269    40.0376
 270    11.8696
 271    16.3617
 272  1350.47
 273  1385.85
 274  1114.87
 275  1099.04
 276   805.363
 277   466.681
 278   235.198
 279   158.068
 280  2562.85
 281  2708.07
 282  2204.66
 283  1781.18
 284  1378.23
 285  1208
 286   701.11
 287   271.594
 288  2726.77
 289  2591.05
 290  2583.3
 291  2036.29
 292  1774.83
 293  1173.37
 294   843.019
 295   313.766
 296  2111.31
 297  2083.3
 298  1902.18
 299  1634.38
 300  1582.1
 301  1096.19
 302   644.763
 303   268.744
 304   531.154
 305   486.481
 306   544.662
 307   322.75
 308   239.787
 309   169.397
 310    94.0516
 311    41.6206
 312   101.264
 313   103.485
 314   101.963
 315    38.9042
 316    25.328
 317     0.90475
 318     3.45635
 319    16.773
 320     6.18938
 321     0.35992
 322    31.8745
 323    16.702
 324    29.0498
 325     0
 326     0
 327     0.75659
 328    40.7397
 329   118.993
 330    48.9545
 331    59.4837
 332    27.4267
 333    13.6487
 334    16.7481
 335    18.3592
 336   531.225
 337   474.569
 338   300.894
 339   289.221
 340   120.763
 341    58.0715
 342   104.337
 343    12.159
 344  1898.1
 345  1875.03
 346  1696.7
 347  1317.97
 348  1207.48
 349   926.978
 350   606.26
 351   240.992
 352  2160.61
 353  2323.07
 354  2144.41
 355  1620.31
 356  1509.93
 357  1001.02
 358   703.67
 359   320.67
 360  1523.17
 361  1738.27
 362  1650.03
 363  1272.31
 364  1243.24
 365   919.358
 366   530.948
 367   221.008
 368   465.198
 369   439.278
 370   345.652
 371   315.634
 372   237.248
 373   132.191
 374    73.5723
 375    53.9628
 376    43.0081
 377    41.9722
 378    17.9037
 379    71.3809
 380    65.5746
 381    27.6967
 382     0.90363
 383     0.24518
 384    15.5424
 385     9.50143
 386    30.1267
 387    20.1483
 388     0
 389     0.07238
 390     1.98058
 391     0.25232
 392     9.51368
 393    42.4777
 394     0.05376
 395    19.4391
 396     0.71591
 397     0.17024
 398     0.98278
 399     0.43084
 400   220.921
 401   179.697
 402    71.5552
 403    40.6256
 404    29.3075
 405     4.90018
 406     6.80806
 407     0.46959
 408   735.114
 409   669.3
 410   714.087
 411   503.976
 412   520.022
 413   473.631
 414   192.745
 415    59.4861
 416  1039.55
 417   977.483
 418   867.166
 419   646.68
 420   605.466
 421   384.947
 422   245.239
 423   102.399
 424   338.282
 425   190.36
 426   305.918
 427   177.516
 428   169.106
 429    58.3599
 430    79.8442
 431    35.0715
 432    83.1916
 433    97.7378
 434    67.8595
 435    46.2579
 436    19.2974
 437    15.6771
 438     9.86857
 439     0.92273
 440    14.3948
 441    17.9744
 442     2.65164
 443    19.4399
 444    21.9101
 445     8.24895
 446     1.64915
 447     0
 448     0.07056
 449     8.96223
 450    19.838
 451    10.1186
 452     0
 453     0.33761
 454     0
 455     0
 456     1.54316
 457     3.31232
 458     0.99546
 459     1.92962
 460     1.28409
 461     0
 462     1.69407
 463     0.09052
 464     7.10623
 465    20.299
 466    11.4338
 467     1.20247
 468     1.71571
 469    19.7253
 470     2.89875
 471     0.44993
 472    85.5289
 473   133.871
 474   108.168
 475    59.7662
 476    40.2126
 477     0.73472
 478    15.6792
 479    19.3099
 480    83.4061
 481    68.4803
 482    99.7654
 483    34.8606
 484    43.229
 485    50.726
 486    26.0704
 487     0
 488    31.1692
 489    32.939
 490    74.4683
 491    13.1116
 492     2.80977
 493     1.8673
 494     0.492
 495     0.07773
 496    43.2226
 497    37.2817
 498    21.7492
 499    45.2613
 500     0.82134
 501     0
 502     0.72642
 503     0
 504     1.7785
 505     0.29875
 506     0
 507     0.40152
 508     0.7544
 509     0.89512
 510     0.33783
 511     0
