This file was gnenerated on 2021-06-17 21:38:25.893313 by Grant Finneman. This contains the extracted data from the Gate simulations
The edep for each bar was summed up and printed to this file. The only math operation done has been addition.

  id      edep
   3    0.2753
   9    0.7845
  16    7.8077
  17    2.0223
  24    9.8072
  25    2.5989
  33    0.3222
  39    1.5875
  40   10.3532
  41    1.5979
  43    0.986
  48    3.3894
  49    3.3894
  51    0.5958
  57    0.8791
  60    0.5958
  75    0.4869
  76    1.4607
  80    1.9467
  81    2.8427
  82    2.3226
  83   22.4884
  84    3.6082
  88   27.5721
  89   22.7158
  90   66.2236
  91   62.85
  92   67.0569
  93   35.9751
  94   12.3603
  95   11.9094
  96   26.9132
  97   25.631
  98   26.8072
  99    9.131
 100    4.3226
 101   32.8451
 102   11.1466
 103   13.4617
 104   21.3096
 105   15.0951
 106    8.3935
 107    5.0421
 113   17.582
 114    0.3172
 132    0.2753
 135    0.3172
 136   33.9361
 137   11.832
 138    2.9304
 139   33.2112
 141    0.4497
 144   58.6144
 145   20.4815
 146   37.3973
 147   24.66
 148   42.8379
 149    9.9097
 150    1.0289
 151    0.3787
 152  196.563
 153  259.824
 154  175.833
 155  173.64
 156  130.278
 157   93.0819
 158   57.4534
 159   15.2054
 160  114.804
 161  168.797
 162  149.766
 163  105.651
 164   78.8669
 165   74.1174
 166   66.9205
 167   18.7833
 168   53.4244
 169   65.7908
 170   61.5971
 171   50.7972
 172   17.1002
 173   34.0963
 174    0.7413
 175    0.3024
 176   45.968
 177   56.4491
 178    1.8462
 179    8.4046
 181    0.5733
 182    0.5502
 185   15.0784
 186    3.7704
 190    0.3623
 195    0.9104
 198    0.3172
 200   46.8455
 201   57.7056
 202    9.5074
 203   18.5592
 208  157.899
 209  176.349
 210  182.224
 211  122.143
 212   58.6664
 213   62.6441
 214   29.3993
 215   19.4203
 216  356.435
 217  330.596
 218  313.869
 219  296.806
 220  234.107
 221  135.178
 222  140.972
 223   54.4376
 224  295.016
 225  326.782
 226  278.962
 227  266.231
 228  208.243
 229  133.724
 230  115.042
 231   37.7531
 232  436.264
 233  334.601
 234  308.27
 235  213.293
 236  193.878
 237  175.482
 238   65.7174
 239   26.111
 240   72.7713
 241   85.6983
 242  101.69
 243   60.1587
 244    9.4197
 247   20.7735
 249    0.8701
 252   20.259
 256    0.5958
 258    2.0862
 261    0.3172
 264   59.6055
 265   36.2711
 266   63.3205
 267   37.9331
 268   11.1676
 269    8.7131
 270    1.9462
 272  226.342
 273  199.958
 274  268.064
 275  235.748
 276  150.389
 277   95.8802
 278   49.7128
 279   11.2518
 280  324.837
 281  309.672
 282  260.945
 283  287.205
 284  209.038
 285  148.716
 286   83.7264
 287   55.2398
 288  323.479
 289  215.79
 290  246.444
 291  213.312
 292  172.309
 293  180.963
 294   97.0973
 295   31.5461
 296  145.349
 297  180.649
 298  154.634
 299  116.92
 300  125.469
 301  113.748
 302   64.6871
 303   22.9893
 304    8.2622
 305    2.2425
 306   46.6137
 307   18.9569
 308   23.684
 309   13.8434
 310    6.6888
 312    0.0129
 313    0.8603
 314    0.7343
 321    8.136
 323    0.0991
 328   17.1131
 329   23.1272
 330   23.9535
 331   18.0803
 332    1.3867
 333    0.6588
 336   79.8528
 337   86.1815
 338   65.0716
 339   83.2726
 340   34.23
 341   14.9851
 342   14.5406
 343    3.0971
 344  171.725
 345  244.415
 346  240.219
 347  156.285
 348  169.454
 349  137.893
 350   54.2975
 351   10.2842
 352  210.862
 353  179.857
 354  153.788
 355  147.142
 356  121.971
 357   74.2682
 358   49.1239
 359   27.6453
 360   46.4907
 361   57.1379
 362   13.2271
 363   21.4159
 364   10.7582
 365    8.8985
 366    6.0246
 369    1.9824
 370   10.5045
 371    0.8496
 374    0.2468
 386    0.9411
 387    0.1225
 398    0.1098
 400   14.6545
 401    5.7971
 404    0.4898
 405    0.0574
 408   56.1221
 409   48.9867
 410   74.4766
 411   17.7019
 412   17.8122
 413    2.762
 416  117.809
 417   75.0899
 418   73.3603
 419   44.3811
 420   40.8718
 421   60.3964
 422    9.5212
 424    7.5501
 426   23.742
 427   24.7629
 428    2.7585
 430   11.5934
 433    5.517
 434   13.7262
 442    0.1374
 451    0.82
 458    0.9411
 460    0.3238
 468    2.2365
 469    0.3238
 470    0.8505
 473    8.7269
 474    0.7425
 476    9.5151
 478    1.9168
 479    2.8752
 481   29.433
 482   54.9416
 483    0.4421
 488    8.2755
 489    0.7642
 490    0.4497
 492    0.5373
 496   13.2408
 497    2.7585
 498    0.2685
 501    0.2062
 504    0.607
