This file was gnenerated on 2021-06-21 17:02:16.292804 by Grant Finneman. This contains the extracted data from the Gate simulations
The edep for each bar was summed up and printed to this file. The only math operation done has been addition.

  id      edep
   0    0
   1    0.7855
   2    0
   3    0
   4    0
   5    0.4648
   6    0
   7    0
   8    0
   9    0
  10    0
  11    0
  12    0.494
  13    0
  14    0
  15    0
  16    0
  17    0
  18    0
  19    0.5795
  20    0
  21    0
  22    0
  23    0
  24   12.096
  25   13.608
  26    0
  27    0
  28    0.0859
  29    1.0569
  30    0
  31    0
  32    0.3161
  33    0
  34    0
  35    0
  36    0
  37    0.2536
  38    0
  39    0.4403
  40    0
  41    0
  42    0
  43    0
  44    0
  45    0
  46    0
  47    0
  48    0
  49    0
  50    0
  51    0
  52    0
  53    0
  54    0
  55    0
  56    0
  57    0
  58    0
  59    0
  60    0
  61    0
  62    0
  63    0
  64    0
  65    0
  66    0
  67    0
  68    0
  69    0.7249
  70    0
  71    0.7267
  72    0.0604
  73    9.2667
  74    0
  75    0
  76    0
  77    0
  78    0
  79    0
  80   12.5373
  81    6.1087
  82    2.8104
  83    2.777
  84    0
  85    0
  86    0
  87    0
  88   18.4872
  89   13.3929
  90   63.5708
  91   14.6391
  92    2.8131
  93    0
  94    0
  95    0.7881
  96   28.4544
  97    0.9248
  98    0.2716
  99    0
 100    0
 101    0
 102    0
 103    0.8996
 104    0.6946
 105    0
 106    0
 107    0
 108    0
 109    0
 110    0
 111    0
 112    0
 113    0.5361
 114    0
 115    0
 116    0
 117    0
 118    0
 119    0
 120    0
 121    0
 122    0
 123    0
 124    0
 125    0
 126    0
 127    0
 128    1.672
 129    0
 130    0
 131    0
 132    0
 133    0
 134    0
 135    0.7267
 136    8.1708
 137    5.4812
 138    0
 139    0
 140    0
 141    0
 142    0
 143    0
 144   29.7295
 145   56.4648
 146   31.963
 147    4.8445
 148    7.5006
 149   13.3344
 150    0
 151    0
 152  120.278
 153   97.6063
 154   92.4281
 155   59.9875
 156   56.6531
 157   17.5
 158    3.3634
 159    3.3324
 160  116.673
 161   97.5797
 162   85.5919
 163   40.0886
 164    3.4319
 165    4.6974
 166    0.5396
 167    0
 168   66.7515
 169   18.9129
 170    0.1422
 171    0.515
 172    0
 173    0.3886
 174    0
 175    0
 176   31.9486
 177   25.731
 178    0
 179    0
 180    0.5865
 181    0
 182    0
 183    0
 184    0.679
 185    0
 186    0
 187    0
 188    0
 189    0
 190    0
 191    0
 192    0.1719
 193    0
 194    0
 195    0
 196    0
 197    0
 198    0
 199    0
 200    1.908
 201    0.9237
 202    0.3358
 203    0
 204    0.4648
 205    0
 206    0
 207    0
 208   50.6376
 209  106.313
 210   69.2783
 211   58.0297
 212   15.747
 213   55.7847
 214    9.0853
 215    9.995
 216  941.876
 217  806.553
 218  738.189
 219  580.763
 220  557.548
 221  399.968
 222  216.302
 223   52.8503
 224  759.813
 225  715.31
 226  570.366
 227  414.605
 228  362.065
 229  300.924
 230  165.898
 231   71.2277
 232   94.5923
 233   84.3685
 234   44.4352
 235   45.3098
 236   20.0183
 237    6.4797
 238    2.1825
 239    0
 240   36.47
 241   61.1889
 242   17.7525
 243    0
 244    0
 245    0
 246    0
 247    0
 248   14.0301
 249    0
 250    0
 251    0
 252    0
 253    0
 254    0
 255    0
 256    0
 257    0
 258    0
 259    0.753
 260    0.5199
 261    0
 262    0
 263    0
 264    9.0504
 265    2.8828
 266    0
 267    0
 268    0
 269    0.7249
 270    0
 271    0.2457
 272  122.124
 273  128.116
 274   87.2633
 275   64.3779
 276   39.5568
 277   18.8217
 278    4.1826
 279    0.5915
 280  694.948
 281  694.168
 282  526.045
 283  566.965
 284  382.198
 285  256.898
 286  189.638
 287   67.2265
 288  743.286
 289  741.32
 290  862.618
 291  776.565
 292  540.859
 293  399.583
 294  251.978
 295   99.6592
 296   47.3123
 297   58.5333
 298   70.1548
 299    0.585
 300   43.6302
 301   65.6946
 302    7.0072
 303    0
 304    9.7804
 305   30.8708
 306    7.2072
 307    0
 308    0.8996
 309    7.3641
 310    0.8996
 311    0
 312    0
 313    0.77
 314    0
 315    0
 316    0
 317    0
 318    0
 319    0
 320    0
 321    0
 322    0
 323    0
 324    0
 325    0
 326    0
 327    0.7709
 328    3.6035
 329   23.0624
 330    0
 331    0
 332    0.3438
 333    0
 334    0
 335    0
 336    7.9826
 337   34.8884
 338   21.3355
 339   17.642
 340   16.5209
 341   13.9664
 342    0.6024
 343    0
 344   66.0037
 345   47.529
 346   54.0592
 347   70.2162
 348   15.2284
 349   11.8487
 350    1.5648
 351    2.1059
 352   97.1826
 353  115.726
 354  122.663
 355   94.587
 356   63.9459
 357   24.2288
 358   11.1826
 359    0
 360   17.0261
 361   41.1202
 362   32.094
 363    4.736
 364    3.945
 365   12.06
 366   10.5616
 367    0
 368    0
 369    9.4254
 370    8.7802
 371   11.1748
 372    0
 373    0.1424
 374    0.3916
 375    0.2136
 376    0
 377    0
 378    0
 379    0.221
 380    0
 381    0
 382    0
 383    0.3204
 384    0
 385    0.4624
 386    0
 387    0
 388    0
 389    0
 390    0
 391    0
 392    0
 393    0
 394    0.4903
 395    0
 396    0
 397    0
 398    0
 399    0
 400    0
 401    0
 402   14.1611
 403    0
 404    0
 405    0
 406    1.7905
 407    0
 408    0
 409   33.8461
 410   33.8898
 411    0
 412   12.765
 413   11.914
 414    0.851
 415    0
 416    3.5399
 417    8.31
 418    0.7249
 419    0
 420    6.0515
 421   28.969
 422    0
 423    0
 424   28.3925
 425   18.6975
 426    0.7249
 427    0
 428    0.7136
 429   30.3646
 430    0
 431    0.0841
 432    0
 433   22.8352
 434    0
 435    0
 436    0
 437    0
 438    0
 439    0
 440    0
 441    0
 442    0
 443    0
 444    0
 445    0
 446    0
 447    0.6764
 448    0
 449    0
 450    0
 451    0
 452    0
 453    0
 454    0
 455    0
 456    0
 457    0
 458    0.6815
 459    0
 460    0
 461    0
 462    0
 463    0
 464    0
 465    0.5451
 466    0.8383
 467    0.6815
 468    0
 469    0.8067
 470    0.2011
 471    0
 472    0
 473    0
 474    0
 475    0.1239
 476    0.9724
 477   17.871
 478    0
 479    0
 480    9.1871
 481    0
 482    0
 483    0
 484    0.5915
 485    0
 486    0
 487    0.045
 488    0
 489    0
 490    0
 491    0
 492    0
 493    0
 494    0
 495    0
 496    0
 497    0
 498    0
 499    0
 500    0.2601
 501    0
 502    0
 503    0
 504    0
 505    0
 506    0
 507    0
 508    0
 509    0
 510    0
 511    0
