This file was gnenerated on 2021-06-17 21:37:32.954997 by Grant Finneman. This contains the extracted data from the Gate simulations
The edep for each bar was summed up and printed to this file. The only math operation done has been addition.

  id      edep
   1    0.1441
  24   19.4992
  26    0.1353
  32    4.138
  33    1.698
  34    3.7884
  36    3.9825
  37    0.8436
  40    7.9665
  41    7.9768
  42    5.5296
  43    4.828
  44    0.82
  51    0.5823
  68    0.0973
  71    0.0973
  73    1.2986
  77    0.8543
  80    1.3236
  81    0.6618
  82    0.734
  83    5.75
  84    4.3125
  88   16.367
  89   47.6296
  90   12.8152
  91    1.2551
  93   26.1906
  94    0.9837
  96   66.2146
  97   64.7298
  98   28.7565
  99    4.4797
 100   20.1592
 101   27.1661
 102    0.9558
 104   21.0641
 105   39.5439
 106   47.2535
 107   74.3024
 108   18.8699
 109   18.1356
 110    6.387
 111    7.3488
 112   12.2367
 113   21.3361
 114    3.9222
 115   21.3674
 116    0.7864
 123    0.588
 131   19.6668
 135    0.9721
 136    2.6508
 137   30.8249
 144    4.4495
 145    4.395
 146   12.7931
 147    5.0653
 148    1.2102
 150    0.9533
 152   54.3652
 153   82.3521
 154   42.9571
 155   13.7644
 156   50.3637
 157   37.493
 158    5.62
 160  280.374
 161  198.903
 162  163.97
 163  131.619
 164  116.024
 165  110.346
 166   67.9579
 167   44.0709
 168  115.227
 169  148.98
 170  156.838
 171  155.079
 172  136.938
 173  131.834
 174   61.0649
 175   18.4823
 176   28.6257
 177   24.7467
 178   28.3971
 179   31.346
 180   15.8214
 181    8.8346
 182    2.3244
 184    5.61
 185   19.521
 186   18.3876
 187    0.924
 195   13.1112
 197    0.2256
 200   38.279
 201   31.3742
 202    3.8822
 203   11.0593
 204   14.3965
 205   19.6645
 206    5.5076
 207    3.772
 208  135.897
 209  167.627
 210  215.532
 211  155.031
 212   81.165
 213   86.4611
 214   43.826
 215   12.987
 216  209.154
 217  317.933
 218  251.693
 219  157.642
 220  115.137
 221   66.6737
 222   24.0804
 223    8.4131
 224  244.925
 225  319.075
 226  302.58
 227  180.717
 228  125.978
 229  101.133
 230   58.1621
 231   33.7676
 232  198.6
 233  248.43
 234  247.489
 235  216.497
 236  169.83
 237  158.301
 238   91.0365
 239   68.8901
 240  161.508
 241  157.046
 242  103.606
 243   48.4318
 244   69.7355
 245   49.0791
 246   23.0053
 248   30.5536
 249    2.431
 250    2.373
 251    1.8148
 252    0.0348
 256   11.2533
 257    1.0216
 259    0.309
 261    6.225
 262   14.94
 264   92.4408
 265  112.658
 266  101.345
 267   25.1363
 268   45.8734
 269   35.7693
 270   13.5582
 271   10.2626
 272  347.927
 273  296.173
 274  176.132
 275  131.374
 276   90.9694
 277   43.2879
 278   49.666
 279   36.2112
 280  321.976
 281  318.708
 282  295.176
 283  132.729
 284  141.168
 285   90.9715
 286  113.615
 287   52.8168
 288  256.555
 289  268.291
 290  261.41
 291  201.69
 292  274.435
 293  233.373
 294  137.533
 295   49.314
 296  212.984
 297  226.662
 298  145.904
 299  140.816
 300  137.396
 301  141.633
 302  116.629
 303   28.4108
 304   48.2552
 305  105.167
 306   70.5364
 307   29.8699
 308   70.2953
 309   14.4713
 310    6.5853
 313    7.0176
 314   14.2728
 315   33.6969
 320   20.57
 321   13.9876
 322    8.4282
 323   30.9975
 328   40.2941
 329   55.4151
 330   54.636
 331   29.4807
 332   31.7494
 333   12.9642
 334    5.786
 335    4.284
 336  134.019
 337  166.994
 338  125.982
 339   94.2311
 340   42.0109
 341   25.1361
 342   24.8191
 343   20.1324
 344  180.668
 345  180.185
 346  216.345
 347  188.613
 348  105.3
 349   70.0132
 350   90.1003
 351   37.5379
 352  124.177
 353   96.1116
 354   52.6044
 355   47.2781
 356   49.1548
 357   47.8485
 360    6.581
 361   33.1811
 362   10.0903
 363    3.723
 364   15.4728
 368   19.3064
 369   36.2792
 370    1.3158
 376   16.35
 377    4.905
 379    9.0982
 383    0.2493
 384   28.798
 385   13.1648
 387   15.5848
 392    0.3294
 393    3.2912
 394   10.6964
 395    7.0804
 400   49.829
 401   41.8618
 402   26.5054
 403   32.8995
 404   22.5878
 405   18.5527
 406    0.9228
 408   29.7087
 409   28.391
 410    4.7505
 411    1.948
 412   35.9815
 413   15.3851
 414    4.9418
 415    3.1548
 416   65.2606
 417   58.0065
 418   25.5999
 419    0.2754
 420   11.2164
 421    0.9904
 422    1.1575
 424    0.0119
 425    0.7051
 426    1.0784
 427    0.3672
 433    0.6257
 435    0.2239
 447    0.4837
 448   14.0999
 458    1.2692
 468    6.6232
 469    3.8622
 470   20.5984
 472    1.6224
 475    0.7887
 477    8.3681
 480   12.4617
 482    2.3817
 510    0.4967
