This file was gnenerated on 2021-06-17 21:37:08.788358 by Grant Finneman. This contains the extracted data from the Gate simulations
The edep for each bar was summed up and printed to this file. The only math operation done has been addition.

  id      edep
   3    0.5588
   4    0.6228
  12    0.8359
  14    0.3597
  21    0.2739
  26    0.8067
  27    1.1362
  28    0.8366
  33    7.9824
  34    9.978
  50    0.47
  52    0.8359
  65    3.5852
  69    9.924
  72    0.093
  73    0.9275
  80    8.3892
  81    4.1946
  85    1.3325
  88   12.1765
  89   17.5503
  90    3.3125
  91    1.4976
  93    0.6423
  94    0.9967
  96    8.6133
  97   10.9758
 100    1.012
 101    1.9138
 103    1.1212
 104   25.136
 105   12.4176
 106    1.2705
 108    0.283
 110    0.9335
 119    0.1702
 121    0.3727
 129    6.8039
 130    7.1704
 133   12.9012
 134    7.9392
 137    2.1333
 138    7.5161
 139    5.3778
 141    0.7849
 142    2.481
 143    5.9544
 144   84.8747
 145   58.8927
 146   39.8013
 147   24.4722
 148    0.5925
 152   84.7391
 153   90.8688
 154   86.8462
 155   62.028
 156   67.6072
 157    0.4989
 160   99.5496
 161   70.4246
 162   64.3198
 163   23.8422
 164    0.4858
 165    0.9435
 166    3.8352
 167    2.5568
 168   21.4175
 169   19.4883
 170   15.1672
 171    7.6447
 173   18.5368
 174    0.6228
 178    0.2739
 183    0.7975
 192    0.4664
 193    3.1443
 194    0.526
 195    0.2649
 198    0.8988
 200   23.4376
 201   33.2033
 202   15.9511
 203    7.4803
 205    0.8702
 207    0.8988
 208  311.992
 209  338.189
 210  304.401
 211  230.959
 212  144.973
 213   87.6415
 214   21.0894
 215   19.8346
 216  707.63
 217  685.124
 218  557.997
 219  528.034
 220  553.541
 221  349.44
 222  199.828
 223   50.5237
 224  545.532
 225  701.619
 226  508.489
 227  328.283
 228  276.398
 229  165.472
 230  167.739
 231   37.2521
 232  174.259
 233  243.789
 234   88.8111
 235  103.547
 236   74.2728
 237   71.2064
 238   15.7754
 239    9.3767
 240   25.7559
 241    6.5746
 242   22.16
 243   32.3488
 244    0.9048
 249    0.5794
 250    7.5017
 256    4.8424
 257    9.5791
 259    0.7131
 260    0.5078
 264   17.2685
 265   86.1919
 266   55.6343
 267   14.8277
 268   19.4922
 270    0.0113
 272  180.072
 273  120.933
 274  151.159
 275  107.908
 276   83.3893
 277   52.2026
 278   15.8724
 279    4.9296
 280  498.055
 281  456.816
 282  407.814
 283  417.067
 284  381.658
 285  276.971
 286  139.627
 287   57.5478
 288  570.34
 289  520.821
 290  490.931
 291  467.606
 292  428.989
 293  296.451
 294  228.217
 295   69.3628
 296  204.804
 297  255.772
 298  202.001
 299  142.592
 300  182.128
 301  116.078
 302   45.4523
 303   15.2644
 304   13.803
 305   16.4649
 306   38.4966
 307   15.3873
 312   14.4875
 313   47.5688
 314   15.8104
 322    0.3853
 327    0.2378
 329   33.1722
 330   13.3247
 331    6.3117
 336   23.97
 337    0.6088
 338   24.2158
 339   30.9959
 341    0.9607
 342    1.8621
 343    4.3449
 344   53.8134
 345   36.6994
 346   51.5057
 347   11.9636
 348   21.0392
 350    0.3036
 352   92.7364
 353   92.3351
 354   50.4989
 355   28.6636
 356   30.9604
 357    5.0557
 358    2.8381
 360   52.3624
 361   54.8959
 362    6.6041
 363   30.1991
 364   41.1699
 365   25.4058
 366    1.194
 368   16.7995
 369   17.3118
 370   11.7601
 376   12.2
 377   16.0125
 378    0.0113
 393    0.7522
 400    0.1139
 403    4.4897
 405    0.8967
 408   35.7564
 409    7.073
 410    2.2449
 411    0.3132
 416   11.4156
 417    3.3244
 418    0.6948
 420    0.6232
 421    1.153
 424   22.2672
 428   14.0336
 433    0.6201
 461    0.876
 472   19.026
 480    7.6104
 490    0.2655
 492    0.818
