This file was gnenerated on 2021-06-17 21:36:57.154638 by Grant Finneman. This contains the extracted data from the Gate simulations
The edep for each bar was summed up and printed to this file. The only math operation done has been addition.

  id      edep
   3    0.0569
   9    0.8581
  15    0.2421
  24    4.2594
  27    0.4261
  32    0.0483
  42    0.9255
  45    0.935
  66    0.9324
  80    8.8608
  81    5.4814
  88   23.3777
  89    9.3868
  90   10.6368
  93    0.4498
  96   33.4712
  97   13.6389
  98   10.5247
 100    0.8849
 101    1.86
 102    4.03
 103    8.37
 104   19.3158
 105    8.4084
 106   19.876
 107    7.1663
 108   19.2176
 109    9.396
 111    7.13
 112   28.4627
 113   17.788
 114   24.2707
 120    1.0613
 125    1.6924
 128    2.4364
 136    8.6077
 137   18.8649
 138    0.1111
 144   59.4669
 145   64.6562
 146   39.5273
 147   26.038
 148   15.7984
 149   22.2007
 150    0.3249
 151    0.5714
 152  116.793
 153   97.9642
 154   61.2321
 155   44.8001
 156   44.8722
 157   67.3605
 158   20.036
 159    0.5756
 160  163.175
 161  178.873
 162  159.882
 163  160.738
 164   94.0118
 165  146.914
 166   82.6658
 167   15.9232
 168  161.445
 169  123.845
 170  199.774
 171  130.05
 172  106.623
 173   86.865
 174   39.6251
 175   13.2023
 176    5.1176
 177   11.9197
 178   52.0429
 179   25.9921
 180   23.6102
 181    2.7304
 184    0.2249
 186   22.666
 188    0.9505
 192    0.18
 195   17.624
 196    0.9819
 198   13.092
 200    6.2054
 201    4.2184
 202   71.9594
 203   57.8705
 204   63.0449
 205   26.2674
 206    4.9284
 207    3.9276
 208  168.877
 209  148.248
 210  180.569
 211  200.13
 212  101.409
 213   61.249
 214   21.3994
 215    0.2044
 216  257.814
 217  331.949
 218  304.649
 219  224.423
 220  138.68
 221  133.634
 222  114.446
 223   25.6721
 224  391.298
 225  408.007
 226  433.788
 227  358.743
 228  207.602
 229  125.669
 230  105.031
 231   65.5725
 232  317.979
 233  261.109
 234  255.84
 235  197.107
 236  153.381
 237  127.754
 238  114.734
 239   43.012
 240   99.786
 241   73.6954
 242   47.5039
 243   40.6247
 244    8.6812
 245   15.1791
 246    3.413
 248   16.13
 249   17.6167
 250   17.7815
 251    8.095
 256    5.6604
 257    0.4717
 258    0.6734
 259   19.1331
 264   58.217
 265   61.168
 266   87.9483
 267   59.7565
 268   48.6358
 269   50.1303
 270    2.8146
 271    1.5977
 272  344.733
 273  266.866
 274  272.55
 275  282.403
 276  275.919
 277  184.934
 278  124.03
 279   73.0834
 280  369.609
 281  373.42
 282  316.307
 283  333.582
 284  188.298
 285  171.566
 286   67.4115
 287   18.9856
 288  365.581
 289  424.759
 290  356.146
 291  264.982
 292  195.647
 293  150.395
 294  112.206
 295   50.376
 296  148.705
 297  130.953
 298  108.533
 299   59.7947
 300   27.7433
 301   33.1047
 302   39.0156
 303    3.4399
 304   25.846
 305   38.8461
 306   14.7975
 307   11.0314
 310   11.0145
 316    0.1963
 317    0.5756
 319    0.6667
 322    0.9721
 328   49.868
 329    4.6391
 330    4.7895
 331   24.2592
 333   19.1206
 334    0.4186
 336  155.893
 337  246.446
 338  159.629
 339  111.987
 340   88.8855
 341   49.7349
 342   31.8996
 343   31.6605
 344  175.476
 345  216.252
 346  180.495
 347  127.226
 348   68.8275
 349   46.6606
 350   32.4867
 351   23.426
 352  141.096
 353   82.9875
 354  101.027
 355   37.9736
 356   22.3781
 357   28.4973
 359    0.1418
 360   36.7487
 361   14.9124
 362   47.389
 363   23.4791
 364   10.0602
 366   10.49
 367    0.3537
 369    0.3982
 370    0.4526
 371    0.4526
 380    0.0216
 383    0.2001
 394   16.14
 398    0.6555
 400    9.5104
 401   46.6807
 402   42.852
 403    5.027
 404    0.9504
 407    1.7878
 408   11.9281
 409   23.7472
 410    2.1209
 413    1.1178
 415    8.1767
 416   26.7354
 417   11.039
 419   22.8863
 421    3.9123
 422    5.2164
 424   15.1538
 456    0.4303
 457    0.2552
 461    0.8372
 465    0.2552
 466    0.9983
 479    0.9504
 483    0.9343
 484    0.7038
 488    0.2414
