This file was gnenerated on 2021-06-21 17:04:19.144288 by Grant Finneman. This contains the extracted data from the Gate simulations
The edep for each bar was summed up and printed to this file. The only math operation done has been addition.

  id      edep
   0    0
   1    0
   2    0
   3    0
   4    0
   5    0
   6    0
   7    0
   8    0.0563
   9    0
  10    0
  11    1.4136
  12    0.3267
  13    0
  14    0
  15    0
  16    0
  17    0
  18    0
  19    0
  20    0
  21    0
  22    0
  23    0
  24    0
  25    0
  26    2.72
  27    0
  28    0.6314
  29   11.493
  30   13.4085
  31    0
  32    0
  33    0
  34    1.1968
  35    1.7408
  36    0
  37    0
  38    0
  39    0
  40    0
  41    0
  42   22.4235
  43    0.3084
  44    0
  45    0.9685
  46    0
  47    0
  48    0.0899
  49    0
  50    0.7093
  51    0
  52    0
  53    0
  54    0
  55    0
  56    0
  57    0
  58    0
  59    0
  60    0
  61    0
  62    0
  63    0
  64    0
  65    5.2867
  66    0
  67    0
  68    0
  69    0
  70    0
  71    0
  72    0
  73   21.9075
  74   20.0025
  75    0
  76    0
  77    0
  78    0
  79    0
  80   10.219
  81    6.8238
  82    0
  83    0
  84    7.0235
  85    0
  86    0
  87    0
  88   13.0144
  89   17.122
  90   16.9412
  91   17.0377
  92   24.7594
  93   24.9614
  94    0
  95    0
  96   34.7063
  97   35.2295
  98   12.4517
  99   30.674
 100   16.0156
 101    1.2173
 102    0.6039
 103    0.8731
 104   32.0513
 105   22.4793
 106    7.4041
 107   12.4575
 108    0
 109    0
 110    0
 111    0
 112    0
 113    0.5221
 114    0.4325
 115    0
 116    0
 117    0
 118    0
 119    0
 120    0
 121   14.3203
 122    0.4325
 123    0
 124    0
 125    0
 126    0
 127    0
 128    0
 129    1.6407
 130    0.7932
 131    0
 132    0.6378
 133    0
 134    0
 135    0.1779
 136   31.2504
 137   45.0467
 138    9.256
 139    1.1719
 140    0
 141    0
 142    0
 143    0
 144   64.3341
 145   77.7177
 146   48.5952
 147   38.1535
 148   44.1756
 149    1.5764
 150    0
 151    0
 152  192.504
 153  202.208
 154  125.334
 155  111.056
 156   77.9914
 157   88.0151
 158   68.6971
 159   14.9775
 160  283.004
 161  208.504
 162  167.745
 163  194.969
 164   97.6324
 165  106.446
 166   81.6245
 167   46.2433
 168   74.1113
 169   41.6952
 170   56.2598
 171   59.2144
 172   30.4008
 173   19.7911
 174   34.5145
 175   12.3377
 176    2.8687
 177   24.5817
 178   20.4549
 179   30.079
 180   11.8781
 181    0
 182    0
 183    0
 184    0
 185   12.0592
 186    3.0148
 187    0
 188    0.4762
 189    0.4762
 190    0
 191    0.1419
 192    0
 193    5.3575
 194    0
 195    0
 196    0
 197    0
 198    0
 199    0
 200   53.612
 201   42.75
 202   24.0216
 203    7.6145
 204   44.963
 205   13.4944
 206    0.136
 207    0.048
 208  135.979
 209  241.896
 210  175.972
 211  145.743
 212  148.075
 213   63.1694
 214   30.2012
 215   29.0925
 216  245.322
 217  270.395
 218  251.621
 219  155.674
 220  165.401
 221  136.903
 222   70.2251
 223   24.4479
 224  258.178
 225  298.445
 226  285.305
 227  251.756
 228  229.898
 229  148.544
 230  117.289
 231   54.6564
 232  278.728
 233  236.794
 234  191.679
 235  220.582
 236  153.399
 237  125.111
 238  102.564
 239   93.6522
 240  108.678
 241   89.7806
 242   39.5928
 243   39.9049
 244   58.9726
 245   50.9358
 246    6.019
 247    5.7975
 248   20.7696
 249    0.7306
 250    0
 251    0
 252    0
 253    0
 254    0
 255    0.0821
 256    0
 257    0
 258   22.65
 259   13.6816
 260    0
 261    0
 262    0
 263    0
 264   15.1663
 265    3.6044
 266   35.3522
 267   38.5654
 268   37.4562
 269   41.6091
 270    7.3828
 271    0.0892
 272  169.663
 273  207.354
 274  140.494
 275  105.322
 276  160.895
 277  103.579
 278   60.9419
 279   13.6437
 280  325.022
 281  330.818
 282  258.966
 283  215.783
 284  187.971
 285  136.419
 286   68.9708
 287   18.4932
 288  321.217
 289  262.856
 290  295.888
 291  321.048
 292  355.948
 293  206.384
 294  138.975
 295   94.0358
 296  255.091
 297  229.335
 298  158.733
 299  152.296
 300  124.325
 301   69.6141
 302   65.5828
 303   52.4882
 304   46.3313
 305   25.3185
 306    4.4006
 307    4.9992
 308    4.061
 309    6.1136
 310    0
 311    0
 312    8.0744
 313    0
 314    1.0144
 315    0
 316    0
 317    0
 318    0
 319    0
 320    0
 321    0.4448
 322    0
 323    0
 324    0
 325    0
 326    0
 327    0
 328    8.9189
 329    5.4186
 330    0
 331    0.6536
 332    0.2667
 333    0
 334    0.7932
 335    0
 336   63.5273
 337  100.136
 338  106.206
 339   36.6703
 340   49.2468
 341   20.0956
 342   13.7691
 343    3.317
 344  180.448
 345  248.687
 346  205.595
 347  130.767
 348  118.324
 349  108.921
 350   84.9318
 351   23.0395
 352  169.916
 353  227.904
 354  133.798
 355  108.136
 356   80.808
 357   69.6261
 358   84.8183
 359   29.5846
 360   56.6938
 361   40.2
 362   75.0165
 363   38.3078
 364   10.3953
 365   20.5798
 366   39.4176
 367    0
 368    5.7311
 369    0.6997
 370    4.4122
 371   21.1326
 372    0
 373    0
 374    0
 375    0
 376    6.5648
 377    0
 378    6.5936
 379   12.3554
 380    0
 381    0
 382    0
 383    0.8073
 384    0
 385    0
 386    0
 387    0
 388    0
 389    0
 390    0
 391    0
 392   18.9408
 393   12.087
 394   16.353
 395    0
 396    0.9168
 397    0
 398    0
 399    0.2635
 400   25.1726
 401   15.5623
 402   16.6432
 403   12.6828
 404    4.0433
 405   15.6701
 406    0
 407    1.4743
 408    8.8347
 409   14.7989
 410   42.2275
 411   41.363
 412   52.5687
 413   26.6438
 414    2.7524
 415    0.8918
 416   27.2701
 417    0.6256
 418    6.6307
 419   10.1905
 420   12.8086
 421    0.6319
 422    0.6068
 423    0
 424   24.9363
 425   16.2475
 426    8.7285
 427    3.8994
 428    0.4762
 429    0
 430    0
 431    0
 432    4.2978
 433    2.9406
 434    1.1548
 435    0
 436    0
 437    0
 438    0.9385
 439    0
 440    0
 441    0
 442    0
 443    0
 444    0
 445    0
 446    0
 447    0
 448    0
 449    0
 450    0
 451    0
 452    0
 453    0
 454    0
 455    0
 456    0
 457    0
 458    0
 459    0
 460    0
 461    0
 462    0
 463    0
 464    0.2815
 465    0
 466    0
 467    0
 468    0.0563
 469    0
 470    0
 471    0
 472    0
 473   16.0083
 474   13.8455
 475    0
 476    0
 477    0
 478    0.735
 479    0
 480    0
 481    0.856
 482    5.5862
 483    0
 484    0
 485    0
 486    0
 487    0.8306
 488    0
 489    0
 490    0
 491    0
 492    0
 493    0.8061
 494    0
 495    0
 496    0
 497    0
 498    0
 499    0
 500    0.3515
 501    0
 502    0
 503    0
 504    0
 505    0
 506    0
 507    0
 508    0
 509    0
 510    0
 511    0
