This file was gnenerated on 2021-06-23 11:50:23.253824 by Grant Finneman. This contains the extracted data from the Gate simulations
The edep for each bar was summed up and printed to this file. The only math operation done has been addition.

  id        edep
   0     3.8154
   1    28.1254
   2    11.767
   3    10.7254
   4     7.13373
   5     0.75186
   6     0.60085
   7     0
   8    18.3169
   9    23.7317
  10    23.1569
  11     0
  12    31.6615
  13     0.1018
  14     2.33285
  15     1.17288
  16   180.145
  17   107.92
  18    27.8083
  19    62.4614
  20    27.2515
  21    13.9349
  22     0
  23     0
  24   244.409
  25   192.397
  26   153.517
  27    88.2564
  28    27.3938
  29    67.6141
  30    21.3186
  31     7.59171
  32   103.363
  33   116.079
  34   128.745
  35    93.6496
  36    43.7657
  37    66.1746
  38    15.6255
  39    14.7701
  40    55.1127
  41   119.688
  42    75.6376
  43    50.3589
  44    69.9158
  45    22.1969
  46     0.7206
  47    14.6511
  48    10.7127
  49     2.51222
  50     1.89813
  51     0.95873
  52     1.7669
  53     0
  54     0.47931
  55     0
  56     0.65995
  57     2.11943
  58     0.98456
  59     1.1695
  60     0.94741
  61     0.08255
  62     0.26116
  63     1.64001
  64    21.5788
  65    60.616
  66     0
  67     8.13068
  68     8.96189
  69     6.73632
  70     3.68472
  71     0
  72    92.6869
  73    66.9423
  74    65.9683
  75    24.5415
  76    15.3915
  77    12.3596
  78    10.0983
  79    11.4999
  80   412.917
  81   413.629
  82   374.804
  83   251.528
  84   192.814
  85   115.541
  86    42.5182
  87     8.35715
  88  1468.74
  89  1372.01
  90  1371.23
  91  1184.06
  92   941.431
  93   754.718
  94   475.351
  95   192.791
  96  1494.33
  97  1614.2
  98  1344.11
  99  1169.13
 100   981.625
 101   808.62
 102   396.492
 103   163.059
 104   242.143
 105   384.014
 106   359.739
 107   198.235
 108   145.591
 109   121.526
 110    24.0754
 111    12.1028
 112    99.1894
 113   110.746
 114    39.6201
 115    24.1872
 116    13.2955
 117     4.40025
 118     1.00792
 119     0.50755
 120    59.7456
 121    25.0193
 122     0.61955
 123     1.01045
 124     0.96194
 125     0.93427
 126     0.07858
 127     0.44721
 128     1.45584
 129    47.1703
 130    16.7112
 131    33.864
 132     0.36174
 133     0.92215
 134     0
 135     0
 136   155.642
 137   146.489
 138   101.989
 139    27.3553
 140    16.0229
 141     7.92585
 142     5.71576
 143     1.03983
 144   734.306
 145   598.085
 146   598.055
 147   438.37
 148   253.644
 149   138.276
 150    83.9723
 151    41.5584
 152  2898.5
 153  2545.88
 154  2203.67
 155  2006.25
 156  1926.26
 157  1419.22
 158   995.657
 159   405.599
 160  2849.31
 161  2945.22
 162  2608.37
 163  2260.19
 164  1853.7
 165  1442.83
 166   879.376
 167   340.041
 168   759.344
 169   786.09
 170   596.175
 171   370.661
 172   274.644
 173   125.592
 174    90.951
 175    37.0235
 176   128.564
 177   124.802
 178    80.004
 179    48.8923
 180     9.26931
 181    16.6636
 182     4.06397
 183     8.66694
 184    16.3642
 185    11.1531
 186     0.37177
 187     8.16438
 188    16.3099
 189     0
 190     0.95433
 191     0.72812
 192    39.5915
 193     5.12841
 194    12.2336
 195     3.29913
 196     0.55028
 197     0.85383
 198     0.30761
 199     0.62458
 200   167.598
 201   177.226
 202   102.21
 203    77.2755
 204     6.75427
 205    44.8643
 206     8.48204
 207     2.57717
 208   969.481
 209   775.988
 210   677.524
 211   626.121
 212   301.838
 213   187.049
 214    55.7629
 215     7.63693
 216  3231.95
 217  3197.96
 218  2755.6
 219  2458.14
 220  1946.17
 221  1548.63
 222   898.9
 223   320.17
 224  3071.72
 225  2793.5
 226  2459.3
 227  2401.19
 228  1824.84
 229  1507.54
 230   760.182
 231   280.63
 232   705.055
 233   733.262
 234   503.443
 235   408.849
 236   275.626
 237   161.329
 238    68.1991
 239    15.6573
 240   167.262
 241   117.633
 242   105.557
 243    97.3027
 244    57.6057
 245    46.51
 246    55.9389
 247     8.2515
 248    35.5536
 249     0.65
 250     0.49696
 251     2.5802
 252    29.9331
 253     6.98274
 254     1.2005
 255     1.21629
 256     0.77647
 257    39.1463
 258    32.9506
 259    16.0804
 260     0.84652
 261     2.52124
 262     0.77565
 263     0.36873
 264    87.348
 265   113.066
 266    77.2472
 267    84.0825
 268    12.9964
 269    34.5536
 270     3.00492
 271     1.753
 272   885.101
 273   897.912
 274   603.376
 275   342.93
 276   281.642
 277   224.61
 278   116.315
 279    27.1501
 280  3139.73
 281  3039.68
 282  2953.72
 283  2345.92
 284  2054.91
 285  1423.39
 286   927.741
 287   361.04
 288  2786.56
 289  2842.9
 290  2658.19
 291  2334.08
 292  2029.81
 293  1415.1
 294   939.32
 295   401.127
 296   936.409
 297   854.98
 298   629.556
 299   410.403
 300   322.788
 301   187.815
 302   125.043
 303    35.4787
 304   164.875
 305   139.928
 306   107.843
 307    23.7969
 308    47.7435
 309    19.255
 310     0
 311     0
 312    36.2837
 313     1.64148
 314    12.4411
 315     1.42905
 316     3.5531
 317     0.50508
 318     1.23827
 319     0
 320    17.5289
 321     9.02178
 322     9.42857
 323    13.5235
 324    16.6508
 325     0
 326     0
 327     0
 328   109.05
 329   128.716
 330    73.3207
 331    15.4972
 332    20.8304
 333    41.0446
 334     0.26133
 335     2.55124
 336   742.885
 337   694.532
 338   554.749
 339   496.616
 340   260.802
 341   272.704
 342   101.057
 343    15.1095
 344  2800.02
 345  2836.8
 346  2551.28
 347  2005.03
 348  1867.28
 349  1348.51
 350   948.249
 351   326.833
 352  2801.72
 353  2674.2
 354  2350.43
 355  2410.76
 356  2068.72
 357  1623.95
 358   977.02
 359   409.022
 360   609.515
 361   632.627
 362   564.057
 363   459.421
 364   358.692
 365   267.498
 366    94.5237
 367    37.7527
 368    85.368
 369    68.8145
 370   103.569
 371    41.6933
 372    17.8957
 373    36.9269
 374    29.8222
 375     0
 376     1.3683
 377     7.95381
 378     6.53169
 379     0.35474
 380     0.92366
 381     0
 382     1.30082
 383     0
 384     1.55882
 385     3.89268
 386    26.6915
 387     8.52536
 388     0.89715
 389    18.8801
 390    10.62
 391     1.68865
 392    41.1801
 393    22.4515
 394    43.1386
 395     9.16154
 396    22.1932
 397    50.4874
 398    14.9484
 399     8.4131
 400   316.58
 401   432.773
 402   421.561
 403   203.072
 404   116.741
 405    56.681
 406    33.8124
 407    16.8379
 408  1592.4
 409  1412.7
 410  1146.95
 411  1155.3
 412   862.123
 413   640.067
 414   513.525
 415   232.212
 416  1556.48
 417  1551.82
 418  1476.78
 419  1301.19
 420   938.931
 421   749.663
 422   440.048
 423   153.38
 424   494.726
 425   517.541
 426   401.689
 427   290.79
 428   115.639
 429    73.9509
 430    51.13
 431     7.9525
 432    60.2557
 433    93.3536
 434    78.0409
 435    41.2733
 436    23.0559
 437     3.6764
 438     9.52617
 439     1.76178
 440     0.3201
 441     0.91566
 442    16.2807
 443    21.264
 444     0
 445     0.19271
 446     0
 447     0.28228
 448     0
 449     3.7101
 450     3.28022
 451     0.54648
 452     0.41761
 453     0
 454     0.98062
 455     0.66459
 456    44.375
 457     4.10284
 458     1.6724
 459     0.05743
 460     0.65435
 461     6.30656
 462     0
 463     0.67988
 464   104.047
 465    73.0543
 466    70.7322
 467    50.5421
 468    30.1217
 469     3.63735
 470     1.65924
 471     0.64513
 472   182.777
 473   121.853
 474   113.666
 475    85.702
 476    30.8587
 477     2.6989
 478     4.88066
 479     3.58443
 480   163.638
 481    92.5654
 482   155.701
 483    84.1617
 484    46.5206
 485    12.1354
 486     4.55945
 487    11.8612
 488    74.1093
 489    26.7728
 490    44.3171
 491    39.227
 492    43.3992
 493    16.8791
 494     0
 495     1.9467
 496    33.0198
 497    29.3437
 498    13.4679
 499    29.8486
 500     0
 501    10.0306
 502     0.99014
 503     1.5602
 504     5.4249
 505     0.4313
 506     1.08254
 507     0
 508     1.73996
 509     0
 510     0.13536
 511     0
