This file was gnenerated on 2021-06-17 21:35:39.125936 by Grant Finneman. This contains the extracted data from the Gate simulations
The edep for each bar was summed up and printed to this file. The only math operation done has been addition.

  id      edep
   1    0.2815
  29    0.887
  34    7.463
  35    0.9494
  47    0.4903
  51    0.8419
  57    0.0093
  64    0.5809
  65    0.5073
  68    1.665
  74    0.0143
  78    0.5317
  83    3.0875
  84   10.45
  89   33.27
  92    2.9336
  97   15.099
  98    1.756
  99    4.39
 100   29.4016
 105    2.273
 106    0.964
 107    1.1965
 108    0.6856
 113    4.59
 114    0.964
 115    7.0014
 117    0.4903
 120    0.8134
 124   10.413
 132    0.333
 137    0.8473
 139    0.666
 140    0.555
 143    1.4485
 144   36.0364
 145   44.8121
 146   13.137
 147   22.6305
 148    0.2192
 151   11.1272
 152   53.1581
 153   89.6418
 154   66.5155
 155   31.4022
 156   21.8774
 157    2.7019
 158    1.5748
 159    0.8353
 160   55.3824
 161   54.7459
 162   52.5483
 163   31.9922
 164   48.8535
 165    3.2904
 166    4.5374
 167    0.5305
 168   51.7439
 169   31.9052
 170   22.5046
 171   41.135
 172    0.6402
 174    5.2697
 175    8.4266
 177   13.1077
 178   22.1519
 179   22.452
 181    4.5984
 182    6.4475
 184    0.9355
 188   12.816
 189    6.408
 190    0.5649
 191    0.8909
 193    0.7582
 194   16.2632
 195    9.0012
 199    0.203
 200    4.827
 201   15.2361
 202    0.212
 203   13.848
 204    6.2316
 207    0.1693
 208  150.989
 209  111.301
 210   80.9927
 211   27.5652
 212   42.1374
 213   61.888
 214   28.2946
 215   17.7534
 216  692.054
 217  592.443
 218  562.01
 219  472.473
 220  364.209
 221  295.094
 222  228.784
 223  160.737
 224  539.404
 225  625.049
 226  610.03
 227  594.992
 228  419.019
 229  288.13
 230  169.884
 231   80.4989
 232  153.567
 233  185.139
 234  190.659
 235  132.617
 236   63.2307
 237   32.1141
 238   12.7254
 239    2.7
 240   40.024
 241    7.989
 242   20.8023
 244    4.806
 245    6.1472
 253    4.806
 257    0.7989
 262    0.2577
 263   14.2317
 264    2.7702
 266    0.0013
 267   28.7477
 268    2.359
 269   16.4789
 270    8.3403
 271    4.7439
 272  130.272
 273  169.273
 274   57.7009
 275   86.9331
 276  100.31
 277   49.3053
 278    6.2169
 280  657.688
 281  598.701
 282  593.394
 283  576.324
 284  416.958
 285  348.629
 286  278.031
 287   93.7901
 288  697.568
 289  522.964
 290  634.921
 291  604.526
 292  513.008
 293  359.619
 294  213.398
 295   68.6479
 296  111.91
 297  125.031
 298   85.6757
 299   52.9355
 300  117.062
 301   54.1861
 302   29.3067
 303    8.4325
 304   18.9459
 305   13.7475
 306    8.1405
 307   28.4101
 308   16.887
 312   19.9725
 313    0.0093
 315    1.0316
 320    6.8796
 322    0.5423
 328    0.6873
 334    0.2079
 336    7.2895
 337   38.6208
 338   51.5088
 339   18.2038
 340   40.4288
 341   16.3368
 342   19.9672
 344   27.2095
 345   45.1807
 346   13.1484
 347   69.1595
 348   24.0985
 349    9.076
 350    8.1684
 352   48.4379
 353   84.5926
 354  128.87
 355  144.983
 356   33.6085
 357   19.9632
 358    0.884
 359    4.7
 360    0.9109
 361   16.5888
 362    8.1849
 363   12.5359
 364    3.8882
 369   12.9024
 370   17.7291
 371    9.9214
 381    0.8318
 400    0.887
 402    0.9921
 403   11.532
 404   14.6072
 408    7.3078
 409   17.3759
 410    9.2781
 411    3.7233
 416    8.4345
 417    7.3099
 418    2.3936
 419    1.2775
 428    1.5285
 429    1.3435
 430    0.45
 437    0.2234
 438    0.8603
 451    0.7473
 464    0.4948
 466    0.5423
 470    0.7688
 474    7.5012
 480    0.7351
 495    0.7424
 498    0.2877
 502    0.3712
