This file was gnenerated on 2021-06-23 11:36:01.709774 by Grant Finneman. This contains the extracted data from the Gate simulations
The edep for each bar was summed up and printed to this file. The only math operation done has been addition.

  id        edep
   0     0.58606
   1     1.10898
   2     0.97948
   3     0.08429
   4     0
   5     0.73184
   6     0.90149
   7     0
   8     0.57548
   9     5.14029
  10     0
  11     0.95458
  12     0.95458
  13     0.05044
  14     0
  15     0
  16     0.5901
  17     3.4597
  18     0
  19     0.15941
  20     0
  21     1.87708
  22     0.01177
  23     0
  24    13.6215
  25     2.49836
  26     1.5603
  27     0.60855
  28     0.56476
  29     0
  30     2.92104
  31     3.66028
  32     2.58765
  33    25.373
  34    17.4705
  35     0.95456
  36     1.02474
  37     0.10341
  38     0.24609
  39     1.23145
  40    23.1114
  41     0.13053
  42    19.2554
  43     0
  44     0.82519
  45     0.85133
  46     0
  47     1.25676
  48    12.0013
  49     3.23241
  50     0.92903
  51     0
  52     0.43366
  53     0
  54     0.72621
  55     0.10521
  56     2.15408
  57     0.43552
  58     0.60221
  59     0.10512
  60     0.5055
  61     0.68917
  62     0
  63     1.33041
  64     1.46622
  65     0.825
  66     0.54278
  67     0
  68     0.46183
  69     0.05044
  70     0
  71     0
  72     0
  73    17.8023
  74    13.5385
  75     0
  76    17.2237
  77     0.66245
  78     2.49775
  79     0.73744
  80    69.2593
  81   116.745
  82   117.232
  83    20.8311
  84    28.046
  85     0.69274
  86     3.20019
  87     9.31309
  88   242
  89    51.4743
  90   111.135
  91    21.2516
  92    26.3979
  93     0.83426
  94     1.84313
  95     2.2943
  96   121.8
  97   123.281
  98    86.2179
  99    33.8033
 100    34.4655
 101     7.52912
 102    15.8051
 103     3.892
 104   121.374
 105    59.5416
 106    38.9171
 107    11.6633
 108    10.2084
 109     2.5135
 110     0.9859
 111     0
 112    16.849
 113     1.41676
 114    18.2412
 115    53.5104
 116     9.07398
 117     1.55012
 118     0.79632
 119     1.55482
 120     0.42013
 121     0.16077
 122     0
 123     0
 124     0
 125     0
 126     0
 127     0
 128     1.24619
 129    10.8632
 130     4.66259
 131     0.37114
 132     0
 133     0
 134     0.16938
 135     0.00202
 136   105.397
 137   103.287
 138    83.6899
 139    26.4149
 140    11.7885
 141     0.75178
 142     0.1853
 143     0
 144   355.396
 145   456.872
 146   285.093
 147   150.048
 148    60.5039
 149    36.7305
 150    31.0144
 151    19.9109
 152   867.139
 153   836.835
 154   706.777
 155   392.676
 156   163.366
 157   145.444
 158    34.2212
 159    16.0991
 160   957.241
 161   831.648
 162   558.914
 163   329.763
 164   162.109
 165   110.166
 166    38.5279
 167    28.2524
 168   354.201
 169   394.125
 170   226.765
 171   114.823
 172    49.7755
 173    27.0287
 174    16.998
 175     3.19123
 176    77.4489
 177    50.3102
 178    19.9799
 179    55.9662
 180    23.948
 181     0
 182     1.13623
 183     2.0647
 184    12.9278
 185     4.08086
 186    17.5443
 187    10.121
 188     0.72689
 189     0
 190     0
 191     0
 192    20.0484
 193    26.3288
 194     0.69429
 195    11.8735
 196     1.36378
 197     1.61774
 198     1.12385
 199     0
 200   121.185
 201   126.673
 202    70.0343
 203    43.7768
 204    15.6183
 205    25.0288
 206     0.74398
 207     0
 208   871.153
 209  1005.48
 210   651.778
 211   434.715
 212   274.526
 213   178.337
 214    48.882
 215    10.3969
 216  7160.1
 217  7148.04
 218  6418.7
 219  5821.98
 220  4630.2
 221  3670.71
 222  2257
 223   883.199
 224  6964.89
 225  7259.78
 226  6663.82
 227  5744.78
 228  4781.62
 229  3770.73
 230  2176.48
 231   934.412
 232  1065.22
 233  1004.18
 234   744.796
 235   575.666
 236   320.032
 237   274.094
 238    79.9121
 239    17.4937
 240   113.319
 241    71.8189
 242    92.56
 243    27.2444
 244    32.0979
 245     2.5921
 246     4.01698
 247     3.96159
 248     7.70208
 249     1.74454
 250    10.9737
 251    48.7166
 252    22.9497
 253     9.6971
 254     2.20102
 255     0
 256    23.0966
 257    31.72
 258     1.27173
 259    16.1426
 260    10.6685
 261     0.91977
 262     1.10441
 263     0.12108
 264   147.866
 265    82.3168
 266   105.099
 267    63.7058
 268    19.915
 269    20.3282
 270    13.4171
 271     0
 272   943.01
 273   967.875
 274   691.298
 275   540.426
 276   371.829
 277   230.563
 278    70.462
 279    15.0553
 280  7424.59
 281  6968.2
 282  6338.21
 283  6063.26
 284  5407.51
 285  3750.15
 286  2408.52
 287  1028.88
 288  7438.1
 289  7114.17
 290  6790.31
 291  5969.26
 292  5083.76
 293  3869.06
 294  2145.31
 295   807.418
 296   905.088
 297   939.8
 298   920.114
 299   622.874
 300   345.856
 301   191.528
 302   110.668
 303    19.9877
 304   116.452
 305   171.411
 306   126.82
 307    49.8841
 308    50.5661
 309    15.7332
 310     5.14774
 311     4.97052
 312     1.79718
 313     6.18866
 314     1.09039
 315     1.76336
 316    10.6297
 317    13.3021
 318     1.53065
 319     0.78014
 320     7.62489
 321     3.55615
 322     0.23489
 323    19.889
 324     0.04705
 325     0.53244
 326     1.34732
 327     0.75685
 328   130.998
 329    66.7723
 330    47.3216
 331    32.7571
 332    15.6957
 333    17.1225
 334    19.1736
 335     0.64105
 336   243.985
 337   269.31
 338   105.151
 339   186.985
 340   119.025
 341    10.1046
 342    35.2023
 343     1.17012
 344   882.397
 345   727.887
 346   650.52
 347   536.536
 348   215.809
 349    97.6832
 350    45.9068
 351    14.1815
 352   899.781
 353   858.333
 354   630.586
 355   401.203
 356   132.447
 357   139.035
 358    25.4183
 359    12.8747
 360   218.277
 361   244.765
 362   106.916
 363   153.563
 364    50.2296
 365    43.8694
 366    21.0056
 367    12.4441
 368    94.4456
 369    71.4572
 370    76.6624
 371    59.3038
 372    98.394
 373    13.7961
 374     1.49363
 375     0.84118
 376     8.67534
 377     6.44631
 378    25.56
 379    19.7981
 380    32.4149
 381     1.00595
 382     0
 383     0
 384     3.90525
 385     0.8243
 386     0.29154
 387    16.1483
 388     0.71965
 389     0.34208
 390     0
 391     0.97039
 392    22.8079
 393    26.8897
 394     0
 395     9.46843
 396     1.12332
 397     0
 398     0.97484
 399     0
 400    40.832
 401    49.467
 402    21.5949
 403    15.5695
 404     0.22032
 405     1.47298
 406     1.07398
 407     0.65387
 408   154.179
 409   140.33
 410    99.2099
 411    33.6901
 412    44.6494
 413     4.6571
 414     0
 415     0.37772
 416   166.692
 417   105.943
 418    81.3578
 419    57.5843
 420    30.2562
 421    16.6677
 422     2.15474
 423     0.77804
 424     8.45168
 425    25.9758
 426     1.27651
 427    11.2509
 428    28.1448
 429    16.8606
 430     1.37407
 431     0
 432     0.60982
 433     2.3436
 434     5.47104
 435     0.60129
 436     3.10963
 437     1.58067
 438     0
 439     0.48766
 440     3.48071
 441     0.31827
 442    12.3314
 443     1.23923
 444     0.73027
 445     0.66374
 446     0
 447     0
 448    26.892
 449     0.35918
 450     0
 451     1.27997
 452     0
 453     0
 454     0.56205
 455     0.91988
 456    32.6616
 457    11.724
 458     0.04208
 459     0
 460     1.52922
 461     0
 462     0.92856
 463     0
 464    16.212
 465     7.84452
 466     8.53659
 467     0.644
 468     1.15358
 469     0
 470     0.91819
 471     0.27382
 472    24.4437
 473     8.77
 474     2.39686
 475     0.77101
 476     1.07283
 477     0.19901
 478     1.37155
 479     0.95428
 480    20.445
 481     1.12703
 482     0.06496
 483     0.84426
 484     0
 485     0.67418
 486     1.15582
 487     0.13676
 488     2.05277
 489     0.94598
 490     0
 491     0.33039
 492     0
 493     0
 494     0.83426
 495     0
 496     0.85536
 497     0.8074
 498     0.9761
 499     0.89976
 500     0
 501     0
 502     0
 503     1.13972
 504     0.38853
 505     0.41371
 506     0.29997
 507     0
 508     0
 509     0
 510     0
 511     0.46493
