This file was gnenerated on 2021-06-21 17:05:42.181403 by Grant Finneman. This contains the extracted data from the Gate simulations
The edep for each bar was summed up and printed to this file. The only math operation done has been addition.

  id      edep
   0    0
   1    0
   2    0
   3    0
   4    0
   5    0
   6    0
   7    0
   8    0
   9    0
  10    0
  11    0
  12    0
  13    0
  14    0
  15    0
  16    0
  17    0.3738
  18    6.8755
  19    0
  20    1.1549
  21    0
  22    0
  23    0
  24    8.8632
  25   30.5288
  26    0
  27    0
  28    0
  29    0
  30    0
  31    0
  32    0
  33   27.5744
  34    0
  35    0
  36    0
  37    0
  38    0.1211
  39    0
  40    0
  41    0.836
  42    0
  43    0
  44    0
  45    0
  46    0
  47    0
  48    0
  49    0
  50    0
  51    0
  52    0
  53    0
  54    0
  55    0
  56    1.6762
  57    0
  58    0
  59    0
  60    0
  61    0
  62    0
  63    0
  64    2.2332
  65    0.5688
  66   14.5337
  67    0
  68    0
  69    0
  70    0
  71    0
  72    7.9716
  73    5.0454
  74    7.5828
  75   14.5283
  76    0
  77    0
  78    0
  79    0
  80    0.2144
  81    5.0454
  82   42.7928
  83   20.9636
  84    0
  85    0
  86    0
  87    0
  88    8.8632
  89   29.5576
  90    7.1668
  91    1.4952
  92    0.4035
  93    0.4035
  94    0
  95    0
  96    0.9582
  97   19.04
  98    7.5673
  99    0
 100    0
 101    0
 102    0
 103    0
 104    0.0181
 105    0
 106    0.7824
 107    0
 108    0
 109    0
 110    0.7414
 111    0
 112    0
 113    0
 114    0.5093
 115    0
 116    0
 117    0
 118    0
 119    0
 120    0
 121    0
 122    0.8913
 123    0
 124    0
 125    0
 126    0
 127    0
 128    5.7888
 129    0.948
 130    0
 131    0
 132    0
 133    0
 134    0
 135    0
 136   10.835
 137    9.842
 138   22.5984
 139   35.6686
 140   25.1191
 141    8.7605
 142    3.7085
 143    6.9762
 144   86.7506
 145   64.8341
 146   76.6705
 147  112.852
 148   33.6149
 149    8.7364
 150    3.9392
 151    0
 152   80.1062
 153  125.726
 154   68.3093
 155   19.378
 156    3.8965
 157    5.4621
 158    0
 159    0
 160   45.2565
 161   31.205
 162   25.523
 163   16.1753
 164    3.9423
 165    6.3654
 166    0.8055
 167    0
 168   53.1934
 169   15.1144
 170   10.5104
 171    9.2764
 172    2.9817
 173    8.8063
 174    0
 175    0
 176    0
 177    0
 178    0.7084
 179    0.6006
 180    0
 181    0
 182    0.7252
 183    0
 184    0.1347
 185    0
 186    0
 187    0
 188    0
 189    0
 190    0
 191    0
 192   30.4651
 193   21.4356
 194    0.5292
 195    0.035
 196    0.9118
 197   20.2208
 198    0
 199    0
 200  217.081
 201  154.216
 202  102.186
 203   63.7283
 204   49.6093
 205   58.76
 206   38.241
 207   25.4296
 208  595.002
 209  473.095
 210  457.675
 211  467.324
 212  351.159
 213  252.319
 214  171.991
 215   60.4748
 216  422.784
 217  422.982
 218  382.067
 219  334.78
 220  243.606
 221  172.256
 222  140.683
 223   43.8629
 224  365.813
 225  307.189
 226  247.344
 227  202.558
 228  151.522
 229  144.687
 230   64.8584
 231   28.7329
 232  152.329
 233  135.178
 234  115.301
 235   95.2805
 236   97.9912
 237   79.8984
 238   51.8002
 239   12.3276
 240   30.2341
 241    8.366
 242   10.9486
 243   13.9038
 244    7.06
 245   17.3215
 246   39.49
 247    0
 248    9.3857
 249    9.0662
 250    3.2968
 251    0
 252    0
 253    0
 254    0.352
 255    0
 256   15.7256
 257    6.1744
 258    0.3357
 259    8.6442
 260    0
 261    0.3667
 262    0
 263    0
 264   56.092
 265   66.8298
 266   56.0285
 267   16.5048
 268   13.2461
 269    1.658
 270    3.953
 271    0
 272  215.967
 273  209.754
 274  194.918
 275  143.807
 276  123.691
 277   73.4873
 278   40.8417
 279   15.5232
 280  229.892
 281  298.156
 282  277.419
 283  209.996
 284  222.414
 285  135.863
 286  108.239
 287   52.5048
 288  350.534
 289  458.608
 290  425.598
 291  318.746
 292  250.755
 293  261.054
 294  146.92
 295   66.2773
 296  431.165
 297  563.011
 298  471.612
 299  347.45
 300  342.768
 301  306.891
 302  145.138
 303   49.801
 304  130.787
 305  211.023
 306  150.958
 307  115.028
 308   89.151
 309   81.9297
 310  110.539
 311    9.2787
 312    8.0606
 313   16.8318
 314   10.5978
 315    0
 316    1.3805
 317    0
 318    0
 319    0
 320    0
 321    0
 322    0
 323    0.8656
 324    0
 325    0
 326    0
 327    0.3604
 328   30.06
 329    3.184
 330    9.2114
 331    0
 332   11.5
 333    0
 334    0
 335    0
 336   29.1785
 337   30.7366
 338   36.1336
 339   16.9464
 340   15.1332
 341   12.5622
 342    0.1822
 343    0.8867
 344   71.3145
 345   43.7712
 346   17.6893
 347   33.6332
 348   39.0706
 349   10.3125
 350    0
 351    0.2868
 352   91.8435
 353   77.5854
 354   33.4695
 355   78.4207
 356   63.9968
 357   13.4702
 358   16.8406
 359    0
 360  103.008
 361   69.3357
 362   60.3469
 363   61.7646
 364   30.5249
 365   50.1932
 366   22.7442
 367   58.0945
 368   11.2432
 369    3.6131
 370   11.7749
 371   30.2155
 372   16.7586
 373   17.504
 374    8.3115
 375   13.144
 376    0
 377    0
 378    0
 379    0.8957
 380    6.6264
 381    4.9698
 382    0
 383    0
 384    0
 385    0
 386    0
 387    0
 388    0
 389    0
 390    0
 391    0
 392    0
 393    0
 394    0
 395    0
 396    0
 397    0
 398    0
 399    0
 400    0.9336
 401    2.4896
 402    0.682
 403    3.069
 404    1.8198
 405    0
 406    0.9621
 407    0
 408    3.7344
 409    6.8802
 410   14.482
 411    0
 412    1.0945
 413    0.7749
 414    0
 415    0
 416   23.2161
 417   26.8482
 418   18.1717
 419   37.3875
 420    1.2284
 421    0.552
 422    0
 423    0.6852
 424    1.8817
 425    0.8336
 426   14.9414
 427   15.8095
 428    0
 429    0
 430    0
 431    0
 432    3.5244
 433    0
 434   21.789
 435   20.175
 436    0
 437    0
 438    0.1587
 439    0
 440    0
 441    0
 442    0
 443    0
 444    0
 445    0
 446    0
 447    0
 448    0
 449    0
 450    0
 451    0
 452    0
 453    0
 454    0
 455    0
 456    0
 457    0
 458    0
 459    0.6234
 460    0
 461    0
 462    0
 463    0
 464    0.0143
 465    0
 466    0
 467    0
 468    0
 469    0.4383
 470    0
 471    0
 472    0
 473    0
 474    0.4114
 475    0
 476    0.9494
 477    0
 478    0
 479    0
 480    0
 481    0
 482    0
 483    0
 484    0
 485    0.6234
 486    0
 487    0
 488    0
 489    0.4968
 490    0
 491   10.776
 492   20.1152
 493    0
 494    0.4968
 495    0.4968
 496    0
 497    0.4165
 498    0.8838
 499    0
 500    0
 501    0
 502    0
 503    0
 504    0
 505    0
 506    0
 507    0
 508    0
 509    0
 510    0
 511    0
