This file was gnenerated on 2021-06-21 17:04:08.956885 by Grant Finneman. This contains the extracted data from the Gate simulations
The edep for each bar was summed up and printed to this file. The only math operation done has been addition.

  id      edep
   0    0
   1    0
   2    0
   3    0
   4    0
   5    0
   6    0
   7    0
   8    0
   9    0
  10    0
  11    0.5621
  12    0.8129
  13    0
  14    0
  15    0
  16    3.8115
  17   21.77
  18    0
  19    0
  20    0
  21    0
  22    0
  23    0
  24   22.0706
  25    0
  26    0
  27    0
  28    0
  29    0
  30    0
  31    0
  32    0
  33    9.6576
  34   12.462
  35   14.3467
  36    4.349
  37    0
  38    0
  39    0
  40    0
  41    0
  42    0
  43    7.3883
  44    5.2188
  45    0.8578
  46    0.3405
  47    0
  48    0.2243
  49    0
  50    0
  51    0.6498
  52    0
  53    0
  54    0
  55    0
  56    0
  57    0.5629
  58    0
  59    0.0462
  60    0
  61    0
  62    0
  63    0
  64    0
  65    0
  66    0
  67    0
  68    0
  69    0
  70    0
  71    0.5386
  72    4.4892
  73   31.4244
  74    0.1846
  75    0
  76    0
  77    0
  78    0
  79    0
  80   15.6675
  81   24.7628
  82   13.7675
  83    3.366
  84    0
  85    0
  86    5.3018
  87    0
  88   29.1362
  89   11.3833
  90   14.5197
  91    0.5701
  92    0
  93    0
  94    0
  95    0.0732
  96   50.632
  97   19.9938
  98   34.7696
  99   22.756
 100    4.0536
 101    0
 102    0
 103    0
 104    6.837
 105    3.8748
 106    0
 107   15.76
 108    8.698
 109    0.6175
 110    0
 111    0
 112    4.8435
 113    0
 114    8.0478
 115    0
 116    0
 117    0
 118    0
 119    0
 120    0
 121    0.6498
 122    0
 123    0
 124    0
 125    0
 126    0
 127    0.2607
 128    0
 129    0
 130    0.5728
 131    0
 132    0
 133    0
 134    0
 135    0
 136   18.9935
 137    0
 138    0
 139    0
 140    0
 141    0
 142    0
 143    0
 144   15.0964
 145   43.8847
 146   19.3913
 147    7.2588
 148    5.3242
 149    9.9808
 150    3.8522
 151    0
 152  186.014
 153  139.79
 154  114.975
 155   83.7665
 156   92.982
 157   79.5701
 158   50.4429
 159   33.655
 160  257.535
 161  308.205
 162  223.703
 163  198.165
 164  153.209
 165  116.38
 166   84.7765
 167   38.9612
 168  103.674
 169   51.5897
 170   57.1572
 171   12.7831
 172   29.8124
 173    7.6174
 174    2.7272
 175    0
 176    0
 177   15.0658
 178   17.0856
 179   27.4479
 180   27.48
 181    4.437
 182    0
 183    0
 184    0.3988
 185    0
 186    0
 187    0
 188    0
 189    0
 190    0
 191    0
 192    0
 193    0
 194    0
 195    0
 196    0
 197    0
 198    0
 199    0
 200   64.636
 201   17.0502
 202    4.107
 203    0
 204    0
 205    0
 206    0
 207    0
 208   85.9649
 209   45.4334
 210   68.7398
 211   54.3194
 212   31.6416
 213   17.604
 214   20.9805
 215   24.085
 216  428.681
 217  449.187
 218  359.822
 219  353.556
 220  391.275
 221  340.541
 222  129.716
 223   59.9062
 224  517.458
 225  480.522
 226  426.814
 227  318.406
 228  316.36
 229  197.791
 230  145.216
 231   89.4622
 232  127.616
 233  148.13
 234   92.4884
 235   49.2289
 236   62.0206
 237   26.655
 238    8.0356
 239   20.9168
 240    0
 241    7.315
 242    0
 243   23.0655
 244   20.4
 245    0
 246    0
 247    0
 248    0
 249    0
 250    0
 251    0
 252    0
 253    0
 254    0
 255    0
 256    0
 257    0
 258    0
 259    0
 260    0.178
 261    0
 262    0.4941
 263    0.6914
 264    4.584
 265   19.875
 266   30.0636
 267   11.9814
 268    0
 269    0
 270    0.4126
 271    0.244
 272   84.9523
 273   99.3359
 274   96.2068
 275   51.8263
 276   55.7366
 277   26.1675
 278    7.8144
 279    3.5478
 280  448.49
 281  395.262
 282  350.421
 283  396.75
 284  314.835
 285  277.662
 286  139.824
 287   62.1944
 288  593.725
 289  413.599
 290  457.114
 291  390.91
 292  356.151
 293  346.965
 294  140.861
 295   51.6733
 296  111.186
 297   95.9929
 298   45.5894
 299   59.4764
 300   37.7277
 301    3.8496
 302   11.8311
 303    2.6404
 304    0.476
 305   19.8895
 306    0.816
 307   17.7473
 308   18.972
 309    0
 310    0
 311    0
 312    0
 313   18.612
 314   22.2329
 315    0
 316    0
 317    0
 318    0
 319    1.0578
 320    0
 321    0
 322    0
 323    0.135
 324    0
 325    0
 326    0.7864
 327    0
 328   33.1458
 329    4.628
 330    1.068
 331   12.0616
 332    1.5288
 333    6.2986
 334    0
 335    0
 336  102.623
 337   58.6785
 338   26.8126
 339   55.7555
 340   40.7481
 341   19.8037
 342    0.5526
 343    0
 344  274.035
 345  308.975
 346  208.746
 347  198.058
 348  179.822
 349  159.388
 350  117.321
 351   71.6995
 352  336.506
 353  348.301
 354  323.725
 355  155.026
 356  108.494
 357  117.989
 358   57.1743
 359   22.1375
 360   89.5843
 361   72.2405
 362   57.3204
 363   69.8989
 364   32.1264
 365   40.6707
 366    6.1005
 367    0
 368    0
 369    0
 370    0
 371    0.5869
 372    0.8586
 373    0
 374    0
 375    0
 376    0
 377    0
 378    0
 379    0
 380    0
 381    0
 382    0
 383    0.5774
 384    0.33
 385    0.6498
 386    0
 387    0.4801
 388    0
 389    0
 390    0
 391    0
 392   21.4529
 393    0
 394    0
 395    0
 396    0
 397    0
 398    0
 399    0
 400   11.7988
 401    0
 402    1.274
 403    6.9439
 404    1.7178
 405    0
 406    0.1652
 407    0
 408   39.1149
 409   52.0318
 410   11.6456
 411    6.3529
 412    2.2904
 413    0
 414   12.0222
 415    0
 416   41.3206
 417   38.6405
 418   15.7892
 419    0.1904
 420    8.377
 421    4.1885
 422    0
 423    0
 424   19.9251
 425   27.6985
 426   16.6624
 427    0.3905
 428    1.7921
 429    0.1904
 430    0
 431    0.7055
 432    0
 433    0
 434    0
 435    0
 436    2.0306
 437    0.7056
 438    0.4853
 439    0
 440    0
 441    0
 442    0
 443    0
 444    0
 445    0.6236
 446    0.6236
 447    0
 448    0.3028
 449    0
 450    0
 451    0
 452    0
 453    0
 454    0
 455    0
 456    0
 457    0
 458    0
 459    1.2576
 460    0
 461    0
 462    0.5913
 463    0
 464    0
 465    0.6748
 466    0
 467    0
 468    0
 469    0
 470    0
 471    0
 472    8.9259
 473   15.581
 474    0
 475    0
 476    0
 477    0
 478    0
 479    0
 480   18.1462
 481    6.948
 482    0
 483    0
 484   12.5655
 485    0
 486    0
 487    0
 488    6.5317
 489    0
 490    0
 491    0
 492    0
 493    0
 494    0
 495    0
 496    0
 497    0
 498    0
 499    0
 500    0
 501    0
 502    0
 503    0
 504    0
 505    0.8114
 506    0
 507    0
 508    0.7905
 509    0
 510    0
 511    0
