This file was gnenerated on 2021-06-21 17:03:01.728218 by Grant Finneman. This contains the extracted data from the Gate simulations
The edep for each bar was summed up and printed to this file. The only math operation done has been addition.

  id      edep
   0   17.1828
   1    0
   2    1.2121
   3    0.4901
   4    0
   5    0
   6    0
   7    0
   8    5.96
   9    0
  10    0
  11    0.5757
  12    0
  13    0
  14    0
  15    0
  16    0
  17    0
  18    0
  19    0
  20    0
  21    0
  22    0
  23    0
  24    0
  25    0.9988
  26   13.7984
  27    0.7983
  28    0
  29    0
  30    0
  31    0
  32    7.2192
  33    0
  34    0.989
  35    0
  36    0
  37    0
  38    0
  39    0
  40    0
  41    0.4325
  42    0
  43    0
  44    0
  45    0
  46    0
  47    0
  48    0.9909
  49    0
  50    0
  51    0.8376
  52    0
  53    0
  54    0
  55    0
  56    0
  57    0
  58    0.2818
  59    0
  60    0
  61    0.8833
  62    0
  63    0
  64    0
  65    0
  66    0
  67    0
  68    0
  69    0
  70    0
  71    0
  72   17.348
  73    0
  74   13.2411
  75    0.9949
  76    0
  77    0
  78    0
  79    0
  80    6.2256
  81    0.8688
  82    0
  83    0
  84    0
  85    0
  86    0
  87    0
  88    6.8546
  89    0.5884
  90   15.588
  91    4.5615
  92    0
  93    0.4698
  94    0
  95    0
  96   35.476
  97    9.9802
  98   28.2065
  99    0
 100    0
 101    0
 102    0
 103    0
 104    2.4
 105   31.7283
 106   21.8176
 107    0
 108   25.5677
 109    0
 110    0
 111    0.4058
 112   15.5016
 113   14.1374
 114    0.2619
 115    0
 116    0
 117    0
 118    0
 119    0
 120    0
 121    0
 122    0
 123    0
 124    0
 125    0
 126    0.4058
 127    0
 128    0
 129    0
 130    0
 131    0
 132    0.5398
 133    0
 134    0
 135    0
 136    3.092
 137   35.8203
 138   32.5077
 139    0.2906
 140    0
 141    6.5127
 142    0
 143   10.9439
 144   47.487
 145   75.089
 146   34.3109
 147    0
 148    0
 149    5.2075
 150    3.5411
 151    0
 152  136.457
 153  161.897
 154  113.403
 155  102.059
 156   49.1136
 157   27.9836
 158   13.7864
 159    6.765
 160  108.405
 161  130.607
 162   86.3939
 163   59.6027
 164   26.0713
 165   54.5273
 166   33.2717
 167   13.0123
 168   38.6688
 169  108.168
 170   34.1004
 171    6.866
 172   13.8771
 173    7.7337
 174    0.2059
 175    3.4988
 176   18.5086
 177   34.6383
 178    0
 179    0
 180    0
 181    0
 182    0
 183    0
 184    0
 185    0
 186    0.3489
 187    0
 188    0
 189    0
 190    0.7983
 191    0
 192    0
 193    0
 194    0
 195    0
 196    0
 197    0
 198   25.8674
 199    8.5732
 200   51.2854
 201   21.4657
 202    0.5398
 203    0.8233
 204    0
 205    2.6154
 206    0
 207    9.949
 208  140.806
 209  208.094
 210  260.678
 211  150.309
 212   46.1223
 213   17.9295
 214   21.323
 215   15.9506
 216  491.865
 217  438.014
 218  477.558
 219  433.642
 220  316.942
 221  234.472
 222  190.447
 223   65.4619
 224  422.723
 225  487.183
 226  493.687
 227  321.763
 228  218.466
 229  232.01
 230  170.052
 231   54.042
 232  169.766
 233  119.949
 234   89.9257
 235   68.5269
 236   79.1419
 237   67.2195
 238   10.163
 239   17.6544
 240    9.408
 241   10.5106
 242    8.5248
 243    3.996
 244    1.6054
 245    1.0426
 246    0
 247    0.9861
 248    0
 249    0
 250    0
 251    0.7692
 252    0
 253    0
 254    0
 255    0
 256    0
 257    0
 258   20.305
 259    0
 260    0
 261    0
 262    0
 263    0
 264   49.1395
 265   42.8251
 266   15.5073
 267   21.6672
 268    9.9308
 269    0
 270    0
 271    0
 272  234.895
 273  291.609
 274  214.302
 275  163.572
 276  119.424
 277   80.0838
 278   44.2363
 279   18.3824
 280  563.353
 281  649.512
 282  670.707
 283  589.572
 284  437.908
 285  378.258
 286  210.848
 287   49.1475
 288  682.109
 289  640.829
 290  482.355
 291  374.236
 292  310.698
 293  371.063
 294  249.681
 295  101.21
 296  188.238
 297  141.543
 298  115.297
 299  114.241
 300  105.446
 301   83.6231
 302   17.6492
 303   14.6653
 304   26.0273
 305   40.3687
 306    0.0689
 307    0
 308    0
 309    0
 310    0
 311    0
 312    0
 313    0
 314    0
 315    0
 316    0
 317    0
 318    0
 319    0
 320    0
 321    0
 322    0
 323    0
 324    0
 325    0
 326    0
 327    0
 328    4.573
 329   22.1933
 330   25.1888
 331    0
 332    0
 333    0
 334    0
 335    0
 336   56.108
 337   52.3101
 338   42.2456
 339    9.9831
 340   35.6718
 341    7.3527
 342    5.58
 343    2.8513
 344  172.305
 345  183.511
 346  173.728
 347   78.5574
 348   37.4092
 349   37.4684
 350   37.0363
 351   13.7367
 352  204.383
 353  153.943
 354  150
 355   75.9469
 356   71.0993
 357   61.275
 358   27.422
 359   16.4831
 360   37.2124
 361   39.2388
 362    9.9231
 363   10.7424
 364    9.1574
 365    0
 366    7.0334
 367    4.7955
 368   29.8339
 369   10.0621
 370    0
 371    0
 372   24.7104
 373    0
 374    0
 375    0
 376   64.3787
 377   42.3312
 378    0
 379    0
 380    0
 381    0
 382    0
 383    0
 384    0
 385    0
 386    0
 387    0
 388    0
 389    0
 390    0
 391    0
 392    0
 393   29.7259
 394    0
 395    0
 396    0
 397    0
 398    0
 399    0
 400    0
 401   31.0488
 402   24.9047
 403   21.8808
 404    0
 405    3.5273
 406    8.1625
 407    0
 408   21.7937
 409    0
 410   24.5545
 411    4.3483
 412    0
 413    1.5528
 414    0.8256
 415    1.8281
 416   39.9713
 417    0.3654
 418   12.7321
 419   32.4465
 420   18.8559
 421    0
 422    0
 423    0
 424   22.3264
 425   13.736
 426    4.3755
 427   31.6523
 428    0.1436
 429    0
 430    0
 431    0
 432    0.8888
 433    0
 434    0
 435    0
 436    1.4719
 437    1.0052
 438    0
 439    0
 440    0
 441    1.515
 442    0
 443    0
 444    0
 445    0
 446    0
 447    0
 448    0
 449    0
 450    0
 451    0
 452    0
 453    0
 454    0
 455    0
 456    0
 457    0
 458    0.9859
 459    0
 460    0
 461    0
 462    0.4465
 463    0
 464    0.2981
 465    0
 466    0
 467    0
 468    0
 469    0
 470   16.6287
 471    0
 472    0
 473    0
 474    0
 475    0
 476    0.8256
 477    2.3736
 478    0.6192
 479    0
 480    0
 481    0
 482    0
 483    0
 484    0
 485    0.392
 486    0
 487    0
 488    0
 489    0
 490    0
 491   27.552
 492   11.808
 493    0
 494    0.7253
 495    0
 496    0.8888
 497    0
 498    0
 499    0
 500    0
 501    0
 502    0
 503    0
 504    0
 505    0
 506    0
 507    0.7983
 508    0
 509    0
 510    0
 511    0
