This file was gnenerated on 2021-06-17 21:36:24.884271 by Grant Finneman. This contains the extracted data from the Gate simulations
The edep for each bar was summed up and printed to this file. The only math operation done has been addition.

  id      edep
   2    0.936
   5    1.3836
   7    0.9359
  10    0.1953
  11    0.3547
  19    0.0691
  28    0.7009
  32   10.806
  40    6.3035
  41    4.5025
  43    1.453
  48    0.0384
  72    0.4467
  80   14.826
  81    0.9359
  88    9.65
  89    2.6219
  90    7.7574
  94   13.6584
  96   49.1562
  97   29.8801
  98   19.6833
  99   12.8144
 100   15.7664
 101   22.1155
 102   12.706
 104    4.7755
 105    6.6899
 106    5.535
 107   11.041
 108    5.6665
 109    0.2765
 111    0.7393
 112    9.2619
 113    7.4739
 114    0.8718
 115    3.6325
 129    4.68
 136    2.3412
 137   77.5817
 138   24.7284
 139   18.615
 141    0.8304
 144   13.2172
 145   27.1194
 146    2.7944
 149    0.7667
 150    2.3733
 152  112.614
 153   55.5952
 154   31.6995
 155    8.7947
 156    8.2135
 157   11.3315
 158   10.7316
 160  324.487
 161  238.214
 162  213.752
 163  264.325
 164  209.539
 165  148.444
 166   63.0539
 167   49.3991
 168  122.573
 169  134.137
 170  135.353
 171   77.6123
 172   45.7001
 173   73.2214
 174   53.2864
 175   24.7324
 176   18.5827
 177   24.0949
 178   33.968
 179   10.7642
 180   19.2947
 181    0.745
 184    0.706
 185    3.785
 186    5.5376
 187    3.7105
 195    1.5621
 200   28.0106
 201   49.7118
 202   12.5878
 203    0.7239
 207   11.3766
 208  107.726
 209   74.4793
 210   84.1512
 211   23.0773
 212   19.0936
 213   16.7922
 214    8.6556
 215   10.154
 216  348.972
 217  254.834
 218  291.236
 219  346.627
 220  247.319
 221  137.158
 222  119.617
 223   42.9872
 224  438.45
 225  487.649
 226  493.835
 227  443.234
 228  311.766
 229  265.734
 230  154.252
 231   40.7561
 232  161.368
 233  262.783
 234  234.262
 235  194.601
 236  198.895
 237  130.001
 238  142.867
 239   44.313
 240   21.848
 241   38.2417
 242   30.0658
 243   17.546
 244   12.9163
 245    0.596
 246    0.4785
 248    6.3441
 249   37.8542
 250   10.107
 256   21.8818
 257    3.266
 259    0.8008
 261   10.1625
 264   51.7702
 265   38.5549
 266    8.3882
 267   17.8283
 268    8.0799
 269    5.736
 271    3.9872
 272  221.982
 273  201.755
 274  205.998
 275  223.339
 276  162.146
 277   91.2187
 278   76.8784
 279   46.8404
 280  421.366
 281  285.656
 282  389.939
 283  342.077
 284  325.689
 285  236.436
 286  193.862
 287   66.1747
 288  368.518
 289  253.288
 290  246.212
 291  264.003
 292  277.914
 293  126.037
 294   80.8854
 295   51.8702
 296   88.8065
 297   85.2669
 298   50.2725
 299   42.8771
 300    5.1085
 301    2.1717
 302    0.0806
 303    1.498
 304    6.2397
 305    1.8949
 306   13.8796
 307   15.625
 308   10.0708
 310    1.7936
 325    5.691
 328   29.7536
 329   34.2234
 330   31.4394
 331    7.0703
 332    4.065
 333    4.065
 334    0.6896
 336  150.311
 337  149.78
 338  153.992
 339  137.417
 340   78.3253
 341   51.7977
 342   53.5669
 343   20.2217
 344  180.887
 345  189.201
 346  215.833
 347  162.362
 348  201.068
 349  110.556
 350   61.7365
 351   12.3326
 352   56.6679
 353   57.1438
 354   83.9897
 355   72.8065
 356   36.5472
 357    4.7516
 358   38.7946
 359    4.1146
 360    6.0946
 361    0.8704
 362   22.6625
 363   51.5253
 364    2.848
 365    0.8158
 366    0.6911
 370   10.8728
 371   30.5228
 372   25.3876
 373    7.9332
 374    4.6277
 375    2.6444
 378    4.6277
 379   24.4607
 380    5.9499
 384   18.5706
 385    4.887
 392    7.8258
 393   12.7083
 394   12.7062
 400   58.2838
 401   87.9724
 402   12.78
 403    5.8644
 404    2.4433
 405    3.228
 406    0.1628
 408   39.9803
 409   43.2207
 410   19.5401
 411   25.443
 412    4.5491
 413   13.1796
 414   22.5936
 416   17.2036
 417    1.4669
 418   25.626
 421    0.5201
 424    3.3745
 425    3.2991
 426    0.5201
 427   12.5312
 428   17.088
 429    0.9303
 433   20.4911
 434   13.8644
 435   10.3833
 436    5.2888
 437    0.9303
 444    2.6444
 447    0.8335
 472    5.7872
 473    2.5319
 475    0.9222
 482    0.3559
 486    0.9414
 488    1.2969
 491    0.3965
