This file was gnenerated on 2021-06-21 17:06:25.011633 by Grant Finneman. This contains the extracted data from the Gate simulations
The edep for each bar was summed up and printed to this file. The only math operation done has been addition.

  id      edep
   0    0
   1    0
   2    0
   3    0.8391
   4    0
   5    0
   6    0
   7    0
   8    0
   9    0
  10    0
  11    0.2832
  12    0
  13    0
  14    0
  15    0
  16   30.5525
  17   15.4464
  18    6.3353
  19    0.6813
  20    0
  21    0
  22    0
  23   16.1379
  24   13.8161
  25   13.1127
  26    1.4517
  27    1.1291
  28   15.9379
  29   17.7025
  30    0
  31    0
  32    0
  33    0
  34   16.8168
  35    9.0318
  36    0
  37    5.8445
  38    0
  39    0
  40   14.3558
  41    6.281
  42   43.3776
  43    7.2711
  44    0
  45    0
  46    0
  47    0
  48    0
  49    7.8683
  50    0
  51    0
  52    0
  53    0
  54    0.7022
  55    0
  56    0
  57    0
  58    0
  59    0
  60    0
  61    0
  62    0
  63    0
  64    0
  65    0
  66    0
  67    0
  68    0
  69    0
  70    0
  71    0
  72    0
  73    0
  74    0
  75    0
  76    0
  77    0
  78    0
  79    0
  80   32.4101
  81   21.9048
  82   37.4328
  83    0.9645
  84    0.4453
  85    0
  86    0
  87    4.1839
  88  143.941
  89  134.562
  90   97.9066
  91   73.7503
  92   58.8458
  93   38.0327
  94   22.5387
  95   11.7473
  96  177.201
  97  111.194
  98  105.606
  99   80.1919
 100   98.2986
 101   63.8945
 102   59.7258
 103   20.3223
 104   98.8034
 105   50.713
 106   56.1991
 107   51.2168
 108   58.0601
 109   13.2835
 110   12.6816
 111    3.1526
 112    8.8848
 113   10.0448
 114   13.9849
 115   16.2691
 116    4.8213
 117    1.6491
 118    0.6429
 119    0
 120    0.0908
 121    0
 122    0
 123    0
 124    0
 125    0
 126    0
 127    0
 128    0
 129    0
 130    0
 131    0
 132    0
 133    0
 134    0
 135    0
 136    0
 137    1.052
 138    0
 139    0
 140    0
 141    0
 142    1.7199
 143    0
 144   52.1271
 145   27.2694
 146   25.2341
 147    5.3418
 148    4.8198
 149    1.566
 150    1.566
 151    0
 152  138.893
 153  186.073
 154  169.664
 155  154.525
 156   72.8853
 157   68.9208
 158   81.2872
 159   33.6866
 160  303.278
 161  322.005
 162  358.728
 163  254.17
 164  189.639
 165  139.267
 166   90.3056
 167   72.8495
 168  214.192
 169  149.089
 170  115.556
 171  176.173
 172  199.635
 173  137.438
 174   61.0215
 175   43.3102
 176   39.8063
 177   25.3588
 178    7.6528
 179   24.4612
 180    6.7935
 181    0
 182    0.4629
 183    0
 184   11.1413
 185   10.1493
 186   30.0855
 187    0
 188    0.7339
 189    0.6086
 190    0
 191    0
 192    0
 193    0.4713
 194    0
 195    0
 196    0
 197    0
 198    0
 199    0
 200    0
 201   27.5562
 202    4.415
 203    0
 204    0
 205    0
 206    0.2093
 207    0
 208   45.2651
 209   73.8175
 210   61.5089
 211   25.8396
 212   20.5081
 213    9.0482
 214    6.3243
 215    3.5851
 216  194.439
 217  173.385
 218  149.967
 219  179.76
 220  182.05
 221  114.01
 222   93.7972
 223   28.8958
 224  311.75
 225  339.97
 226  165.623
 227  195.269
 228  178.062
 229  148.173
 230  116.221
 231   30.1436
 232  109.63
 233  143.203
 234  153.165
 235   82.0288
 236   59.4217
 237   56.0121
 238   53.5359
 239   18.5589
 240   31.4266
 241   14.5575
 242   17.2308
 243   18.558
 244    4.2588
 245   12.7764
 246   14.196
 247    0
 248    8.9097
 249    4.2075
 250    9.137
 251    4.5685
 252    0
 253    0
 254    0.2947
 255    0
 256    0
 257    0.0355
 258    6.456
 259    0
 260    0
 261    0
 262    0
 263    0
 264   16.7144
 265   51.5344
 266    2.959
 267    3.8779
 268    5.5378
 269    2.4458
 270    0
 271    0.8775
 272  153.874
 273  203.444
 274  126.725
 275  182.471
 276   93.9914
 277   87.2549
 278   36.9492
 279   14.1611
 280  314.16
 281  372.253
 282  262.32
 283  203.116
 284  184.767
 285   98.3442
 286   80.0932
 287   26.716
 288  311.076
 289  375.496
 290  250.181
 291  221.479
 292  193.271
 293  158.198
 294  107.75
 295   31.5785
 296  111.192
 297   85.7001
 298   99.8372
 299   50.7226
 300   52.0163
 301   56.5107
 302   13.4856
 303    9.2979
 304   27.8549
 305   13.3089
 306    6.0296
 307    0
 308    0
 309    0
 310    0
 311    0
 312    0
 313    3.0148
 314    9.137
 315   21.9288
 316    0
 317    0.3947
 318    0.5026
 319    0.381
 320    0
 321    0
 322    0.2708
 323    0
 324    0
 325    0.4753
 326    0
 327    0.0526
 328   25.2817
 329   15.1501
 330   13.8195
 331   12.1151
 332   14.9028
 333    1.883
 334    4.0208
 335    0
 336  194.083
 337  144.957
 338  156.625
 339  198.291
 340  155.447
 341   97.3168
 342   52.7852
 343   16.3102
 344  323.149
 345  306.543
 346  292.053
 347  228.728
 348  186.873
 349  155.117
 350  129.57
 351   36.5491
 352  178.86
 353  173.684
 354  132.177
 355  123.004
 356   72.8325
 357   47.6557
 358   58.4209
 359   23.1448
 360   92.7877
 361   45.2483
 362   37.9119
 363   20.5592
 364   31.5801
 365    0
 366    0.6813
 367    0.3196
 368    7.376
 369   13.1934
 370    4.5222
 371    0
 372    0
 373    0
 374    0
 375    0
 376    0
 377   16.7329
 378    0
 379    0
 380    0.0958
 381    0
 382    0
 383    0
 384    0
 385    0
 386    0
 387    0
 388    0
 389    0
 390    0
 391    0
 392    0.2924
 393    2.9902
 394   18.07
 395    0
 396    0
 397    0
 398   12.0624
 399    0
 400   61.9569
 401   59.6207
 402   78.4294
 403   62.4683
 404   22.2711
 405   11.0857
 406   12.5372
 407    4.5242
 408  144.709
 409  235.523
 410  119.228
 411   69.4162
 412   50.8773
 413   37.472
 414   11.4656
 415    2.4018
 416  146.347
 417   85.7167
 418   73.5559
 419   85.9184
 420   88.4673
 421   60.6049
 422   36.6918
 423   22.9141
 424    7.9504
 425    8.9442
 426    7.2325
 427   14.2895
 428   16.8126
 429    5.2361
 430    0.3117
 431    0
 432    0
 433    0
 434    0
 435    0
 436    8.4063
 437    0
 438    0
 439    0
 440    0.8251
 441    0
 442    0.8251
 443    0
 444    0
 445    0
 446    0
 447    0
 448    0
 449    0
 450    0
 451    0
 452    0.3308
 453    0
 454    0
 455    0.6616
 456    0
 457    0
 458    0
 459    0
 460    0
 461    1.9986
 462    0
 463    0.3308
 464   14.2324
 465   28.3359
 466    0.461
 467    0.4097
 468    6.2361
 469   11.9225
 470   11.5128
 471    0
 472   22.398
 473   30.6346
 474   11.6581
 475    0.214
 476    0.789
 477    0
 478    0
 479    0
 480    3.8712
 481    1.5395
 482   13.155
 483    7.893
 484    3.1572
 485    0
 486    0
 487    0
 488    0.2983
 489    0
 490   16.8384
 491    0
 492    0.7634
 493    0
 494    0
 495    0
 496    0
 497    0
 498    0.6429
 499    0
 500    0
 501    0.6
 502    0
 503    0
 504    0
 505    0
 506    0
 507    0
 508    0
 509    0
 510    0
 511    0
