This file was gnenerated on 2021-06-21 17:04:25.691404 by Grant Finneman. This contains the extracted data from the Gate simulations
The edep for each bar was summed up and printed to this file. The only math operation done has been addition.

  id      edep
   0    0
   1    0
   2    0
   3    0
   4    0.5604
   5    0
   6    0.2329
   7    0
   8    0
   9    0
  10    0.9071
  11    0
  12    0
  13    0
  14    0
  15    0
  16    0
  17    0
  18    8.406
  19   14.01
  20    0
  21    0.5387
  22    0.4794
  23    0
  24    0
  25    0
  26   26.3358
  27    0
  28    0
  29    0
  30    0
  31    0.261
  32    0
  33    0
  34   20.4834
  35    0
  36    0
  37    0
  38    0
  39    0
  40    0
  41    0
  42    0
  43    0.0739
  44    6.1715
  45    1.2257
  46    0
  47    0
  48    0.1097
  49    0
  50    0
  51    0
  52    0
  53    0
  54    0
  55    0
  56    0
  57    0
  58    0
  59    0
  60    0
  61    0
  62    0
  63    0
  64   17.904
  65    0
  66    0
  67    0
  68    0
  69    0
  70    0
  71    0
  72   22.4084
  73    7.4447
  74    2.1205
  75    0
  76    0
  77    0
  78    0
  79    0
  80   12.7628
  81    9.5576
  82   25.7814
  83    0
  84    0
  85    0
  86    0
  87    1.2452
  88   32.6874
  89   24.194
  90   35.166
  91    2.0685
  92    0
  93    0
  94    0
  95    0
  96   14.927
  97   10.9112
  98    7.9207
  99    1.3666
 100    0.66
 101    1.5759
 102    0
 103    0
 104   25.9874
 105    0
 106    0
 107    0
 108    0
 109    2.6265
 110    0
 111    0
 112    0
 113    6.8256
 114    4.6176
 115    0
 116    0
 117    0
 118    0
 119    0.275
 120    2.5067
 121    0
 122    0
 123    0
 124    0
 125    0
 126    0
 127    0
 128    5.2565
 129    0
 130    0
 131    0.594
 132    0
 133    0
 134    0.0421
 135    0.6793
 136   45.4741
 137   60.9193
 138   76.8405
 139   49.3156
 140   77.4163
 141   51.3482
 142   17.6667
 143    0.0208
 144  178.017
 145  195.604
 146  181.486
 147  146.343
 148   92.8983
 149   78.4711
 150   55.539
 151   20.5319
 152  261.666
 153  248.9
 154  139.245
 155  115.396
 156  105.072
 157   79.282
 158   27.533
 159    6.1822
 160  130.378
 161  170.821
 162  173.778
 163  134.071
 164   79.7412
 165   88.5182
 166   52.3445
 167    7.93
 168   79.092
 169  106.394
 170   94.7339
 171  111.342
 172   40.9963
 173   62.3847
 174   18.2746
 175   24.955
 176   23.975
 177   59.9643
 178   36.2482
 179   11.9146
 180   15.156
 181    3.1071
 182    0
 183    0
 184   34.8254
 185    2.475
 186    4.1238
 187    0.1441
 188    0
 189    0
 190    0
 191    0
 192    8.359
 193   14.1399
 194   22.1333
 195    9.8862
 196    0
 197    0.5562
 198    0
 199    0.6793
 200   77.6892
 201   76.081
 202   78.2777
 203   86.9309
 204   73.5134
 205   43.9326
 206   30.9285
 207   13.0155
 208  200.854
 209  188.384
 210  173.495
 211  229.033
 212  157.499
 213   61.2127
 214   27.0194
 215   19.3112
 216  250.097
 217  300.12
 218  307.016
 219  205.296
 220  122.187
 221  148.022
 222   73.342
 223   24.6723
 224  277.286
 225  272.666
 226  314.861
 227  263.082
 228  169.408
 229  114.359
 230  105.874
 231   82.0739
 232  161.244
 233  146.715
 234  187.205
 235  148.147
 236  146.632
 237  121.848
 238   39.3064
 239   45.0002
 240   80.6185
 241   79.5228
 242   96.0674
 243   40.8103
 244   54.3635
 245   31.3081
 246    3.4694
 247    1.4382
 248    2.8838
 249    0.2648
 250    8.6587
 251    5.7697
 252    0
 253   15.9993
 254    0
 255    0
 256    9.5277
 257   12.5629
 258   35.1009
 259    0.8502
 260    0
 261    0
 262    0
 263    0.4041
 264  144.101
 265  126.464
 266  134.29
 267  109.332
 268   33.3318
 269   22.9365
 270   22.4916
 271    6.1316
 272  220.093
 273  249.687
 274  256.621
 275  207.36
 276  182.626
 277  147.231
 278   80.9911
 279   23.4556
 280  298.786
 281  286.395
 282  243.291
 283  210.724
 284  199.016
 285  118.348
 286   84.4183
 287   15.2972
 288  279.755
 289  302.019
 290  276.222
 291  269.229
 292  232.695
 293  172.575
 294   73.8486
 295   50.8785
 296  215.905
 297  229.869
 298  233.473
 299  155.862
 300  194.723
 301  146.47
 302   85.9591
 303   67.1166
 304   91.2129
 305   67.7851
 306   61.2243
 307   61.3806
 308   44.6743
 309   33.3339
 310   12.9376
 311    7.8676
 312   32.9659
 313   13.8088
 314   18.1183
 315    6.0399
 316    0.2639
 317    0
 318    0
 319    0.2681
 320    0
 321   17.9208
 322   14.2734
 323   11.18
 324    0
 325    0
 326    0
 327    0
 328   51.4801
 329   48.25
 330   19.2571
 331   24.8982
 332   10.3379
 333    5.4953
 334    6.8898
 335    2.838
 336  176.933
 337  167.248
 338  161.613
 339   95.439
 340   83.7923
 341   63.5693
 342   14.3292
 343    3.4522
 344  175.133
 345  202.498
 346  160.834
 347   98.3624
 348   69.9097
 349   65.2525
 350   33.9914
 351   16.27
 352  134.434
 353  189.164
 354  173.987
 355  146.873
 356   96.8634
 357   77.9516
 358   42.5241
 359   10.8456
 360  187.099
 361  181.362
 362  129.083
 363  128.401
 364  107.466
 365   57.3344
 366   19.6091
 367    2.8396
 368   63.3326
 369   45.6707
 370   33.1507
 371   46.0071
 372   15.7514
 373   21.2819
 374    6.6767
 375   22.148
 376   34.7961
 377    5.952
 378   16.1728
 379    0
 380    0
 381    0
 382    0
 383    0
 384    0
 385   20.4867
 386    6.324
 387    0
 388    0
 389    0
 390    0
 391    0
 392    0
 393    0
 394    4.743
 395    0
 396    0
 397    0.5163
 398    0
 399    0
 400   21.6489
 401   23.6484
 402   11.6864
 403   19.7397
 404    0
 405    0.9148
 406    0.8409
 407    0
 408   33.6679
 409   27.0936
 410    4.715
 411   26.7644
 412    8.766
 413    0
 414    0
 415    0
 416    3.6558
 417    4.5306
 418   25.1888
 419   15.9776
 420    0.615
 421    0
 422    0
 423    0
 424    4.748
 425   26.1222
 426   27.73
 427    8.992
 428    0.8224
 429    0
 430    0
 431    0
 432    0.2678
 433    0
 434   12.5416
 435    3.6458
 436    0
 437    0
 438    0
 439    0
 440    0
 441    0
 442    4.8981
 443    1.1823
 444    0
 445    0.9572
 446    0
 447    0
 448    0
 449    0
 450    0
 451    0
 452    0
 453    0
 454    0
 455    0
 456    0
 457    0
 458    0.6629
 459    0
 460    0
 461    0
 462    0
 463    0
 464    0
 465   25.461
 466   17.917
 467    0.3645
 468    0.3561
 469    0.8554
 470    0
 471    0
 472   27.0172
 473    0
 474    0
 475    0.1817
 476    0
 477    0
 478    0
 479    0
 480    0
 481    0
 482    0
 483    0
 484    0.3949
 485    0
 486    0
 487    0
 488    0.2678
 489    0
 490    0.2865
 491    0
 492    0
 493    0
 494    0
 495    0
 496    0
 497    0
 498    0
 499    0
 500    0
 501    0
 502    0
 503    0.261
 504    0
 505    0
 506    0
 507    0
 508    1.9144
 509    0.9949
 510    0.5617
 511    0
