This file was gnenerated on 2021-06-23 11:58:59.304210 by Grant Finneman. This contains the extracted data from the Gate simulations
The edep for each bar was summed up and printed to this file. The only math operation done has been addition.

  id        edep
   0     0.79957
   1     2.26143
   2     0
   3     1.22855
   4     0
   5     0
   6     0.43355
   7     0
   8     1.17793
   9    10.1802
  10     3.72526
  11     2.2588
  12     1.78214
  13     1.20308
  14     0.83146
  15     1.74975
  16    13.6924
  17    13.1714
  18    42.0447
  19    27.1775
  20     5.65397
  21     9.82095
  22     1.79196
  23     0
  24   111.193
  25    64.0482
  26    61.7622
  27    24.105
  28    17.2388
  29     0
  30     0.30662
  31     0.7715
  32    57.4582
  33    34.531
  34     4.85441
  35    16.2807
  36    13.9291
  37    55.5749
  38    18.55
  39     8.10703
  40     6.70097
  41    19.9679
  42    34.471
  43     0.92819
  44     9.73715
  45    17.2016
  46    25.4974
  47     1.88427
  48     5.02648
  49     7.72128
  50     2.69908
  51     0.97725
  52     0
  53     0
  54     0.81936
  55     0
  56     3.3839
  57     0.9144
  58     0.38673
  59     0.12549
  60     0.36374
  61     0
  62     0
  63     0.38673
  64     3.7134
  65     0.82862
  66     0
  67    10.9374
  68     0.94084
  69     0
  70     0.78194
  71     0.40034
  72    60.5845
  73    28.8224
  74    22.0008
  75    31.8398
  76     0.95262
  77     0.37593
  78     0.64186
  79     0.33936
  80   189.754
  81   183.964
  82   151.245
  83   126.517
  84   123.61
  85    53.0893
  86     1.09999
  87     1.54814
  88   564.244
  89   457.003
  90   425.644
  91   310.675
  92   247.94
  93   207.422
  94    85.9827
  95    37.3976
  96   340.841
  97   249.388
  98   241.669
  99   180.933
 100    96.3092
 101    98.1619
 102    29.6761
 103    13.567
 104   118.251
 105   128.106
 106   194.451
 107    66.7018
 108    41.7563
 109    45.9375
 110     5.01431
 111    11.0211
 112    72.0509
 113    51.7577
 114    20.3534
 115    23.9957
 116    15.744
 117     0
 118     1.84552
 119     2.18459
 120    11.8919
 121    11.8483
 122    11.6357
 123    11.21
 124     0.46655
 125     0
 126     0
 127     0
 128    33.5974
 129    28.4968
 130    61.9661
 131     2.36513
 132     0.40902
 133     0
 134     1.06661
 135     0.43111
 136   212.229
 137   198.464
 138   150.63
 139   148.289
 140    86.5264
 141    33.2266
 142     3.17566
 143     1.12022
 144  1073.43
 145   896.95
 146   790.061
 147   581.445
 148   450.934
 149   350.125
 150   205.015
 151   101.818
 152  2435.22
 153  2335.25
 154  2192.28
 155  2053.86
 156  1613.87
 157  1319.69
 158   894.419
 159   391.429
 160  1521.4
 161  1411.22
 162  1374.58
 163  1173.47
 164   963.4
 165   730.017
 166   475.266
 167   204.513
 168   615.125
 169   625.277
 170   531.859
 171   330.453
 172   229.191
 173   119.513
 174    73.7155
 175     9.43673
 176   210.825
 177   138.714
 178    77.8292
 179    36.966
 180    72.7625
 181    26.8853
 182    20.1011
 183     2.984
 184    35.8931
 185    64.1592
 186     0.39196
 187     9.04348
 188     8.05271
 189     0.45801
 190     0.96534
 191     0
 192    45.2262
 193    29.7973
 194    45.0107
 195    14.2246
 196    10.3835
 197     5.71014
 198     5.69275
 199     0.63107
 200   422.913
 201   408.126
 202   271.673
 203   212.201
 204   103.203
 205    24.7334
 206    23.4725
 207    13.6429
 208  2070.22
 209  2085.1
 210  1951.65
 211  1707
 212  1292.35
 213  1154.95
 214   546.047
 215   238.741
 216  3309.56
 217  3133.38
 218  2954.93
 219  2252.34
 220  1844.22
 221  1471.78
 222   927.936
 223   370.748
 224  3295.99
 225  3101.87
 226  2796.27
 227  2350.33
 228  1823.47
 229  1258
 230   770.983
 231   281.575
 232  2123.73
 233  2196.89
 234  1960.34
 235  1801.28
 236  1445.7
 237  1008.36
 238   537.432
 239   223.646
 240   620.305
 241   691.719
 242   434.88
 243   390.918
 244   361.76
 245   204.792
 246   168.474
 247    61.676
 248    48.4941
 249    81.8462
 250    14.8337
 251     4.91442
 252     2.23659
 253     0.94931
 254     1.13674
 255     0.14797
 256    61.6242
 257    83.8455
 258    12.9296
 259    13.5768
 260     9.61304
 261     7.47093
 262     0.5969
 263     1.11258
 264   538.883
 265   453.107
 266   376.893
 267   297.285
 268   283.909
 269   143.25
 270    47.0235
 271    23.7206
 272  2339.73
 273  2255.04
 274  2322.37
 275  1924.38
 276  1516.05
 277  1100.17
 278   664.993
 279   295.228
 280  3254.23
 281  2763.75
 282  2553.17
 283  2278.78
 284  1931.74
 285  1402.36
 286   874.024
 287   377.42
 288  3289.03
 289  3206.5
 290  2845.68
 291  2108.05
 292  1822.95
 293  1471.47
 294   774.688
 295   297.786
 296  2240.68
 297  1989.75
 298  2130.15
 299  1823.78
 300  1389.37
 301  1009.6
 302   661.007
 303   276.415
 304   470.585
 305   514.797
 306   413.152
 307   211.191
 308   211.396
 309    92.152
 310    17.4412
 311    13.9736
 312    51.4661
 313    70.2384
 314   114.432
 315    28.4381
 316     3.25097
 317     0.83207
 318     0.7894
 319     0
 320    28.4253
 321    40.98
 322     3.94746
 323     2.12044
 324     3.57045
 325    12.5753
 326    24.8328
 327    23.9525
 328   214.122
 329   102.973
 330    69.5088
 331   140.756
 332    70.356
 333    48.5127
 334    40.1791
 335     2.18918
 336   597.403
 337   576.289
 338   360.968
 339   493.672
 340   300.066
 341   170.871
 342    73.9166
 343    31.7352
 344  1654.36
 345  1676.05
 346  1285.06
 347  1179.74
 348  1080.68
 349   708.574
 350   434.599
 351   118.7
 352  2228.13
 353  2059.13
 354  2207.44
 355  1880.35
 356  1550.39
 357  1177.16
 358   571.373
 359   201.588
 360  1069.07
 361   911.217
 362   841.696
 363   726.444
 364   542.172
 365   342.246
 366   166.036
 367    48.5546
 368   135.273
 369   195.991
 370   114.721
 371   181.043
 372    68.2961
 373    53.9944
 374    22.887
 375    36.6323
 376    56.094
 377    37.0169
 378    79.8108
 379    26.1265
 380     2.78084
 381     1.04074
 382    20.2782
 383    24.6865
 384     0
 385     0
 386     0
 387     0.67751
 388     0.13714
 389     0.45516
 390     4.52591
 391     4.90875
 392    20.0584
 393    11.5636
 394    53.0397
 395    28.8205
 396     3.6787
 397    14.3774
 398    11.8083
 399    35.124
 400   141.18
 401    60.9788
 402    86.7595
 403    30.1149
 404    24.9484
 405    31.0407
 406     1.49681
 407     4.0045
 408   216.449
 409   142.803
 410   128.357
 411   169.002
 412   146.396
 413   128.401
 414    17.9868
 415     8.33192
 416   482.022
 417   444.003
 418   384.402
 419   342.892
 420   255.315
 421   123.29
 422    25.97
 423     9.48587
 424   210.926
 425   105.051
 426   136.618
 427   199.52
 428    76.9495
 429    30.0251
 430    36.309
 431     3.97023
 432    83.2814
 433   117.45
 434    77.4999
 435    38.7413
 436    23.8112
 437    15.4138
 438     1.84377
 439     0
 440    23.8765
 441     0.71918
 442    12.2524
 443    30.8595
 444     0.32404
 445     0.31819
 446     0.04977
 447     0
 448     2.18807
 449     0
 450     0.77781
 451     1.65552
 452     0.6828
 453     0
 454     0.16286
 455     0
 456     1.52759
 457     3.69228
 458     1.14807
 459     1.85277
 460     0.69477
 461     0
 462     1.29894
 463     0
 464     3.82204
 465     1.46519
 466     2.95757
 467     1.05861
 468     1.63408
 469     0.39978
 470     0.0074
 471     0
 472    30.9665
 473    26.4903
 474    10.1915
 475    14.7713
 476     1.53105
 477    10.1942
 478     0.65941
 479     0
 480    42.1737
 481    44.6803
 482    13.8968
 483    31.6362
 484     0.87477
 485    18.6965
 486     0.70311
 487     0
 488    38.7784
 489    30.8253
 490    13.1749
 491    10.631
 492     6.27493
 493     0.19913
 494    19.1865
 495     0.23068
 496     2.03635
 497    17.05
 498    33.7993
 499     8.48696
 500     0.43416
 501     0.38243
 502     0
 503     0.53711
 504     0
 505     0.07072
 506     7.47518
 507     5.49394
 508     0.22952
 509     0
 510     0
 511     0
