This file was gnenerated on 2021-06-23 12:18:08.665753 by Grant Finneman. This contains the extracted data from the Gate simulations
The edep for each bar was summed up and printed to this file. The only math operation done has been addition.

  id        edep
   0     0.0799
   1     0
   2     0.13964
   3     0
   4     0.24268
   5     0
   6     0
   7     0
   8     1.44589
   9     2.86137
  10     0.78602
  11     1.70848
  12     8.75932
  13     0.85649
  14     0.61527
  15     0
  16   157.224
  17   110.205
  18    67.865
  19    24.0407
  20    25.9566
  21     0.58707
  22     0.37622
  23     0.56592
  24   171.272
  25   205.627
  26   113.218
  27    58.6607
  28    65.7663
  29    61.2249
  30    40.7099
  31    16.9851
  32   172.684
  33   234.086
  34   146.03
  35    34.0156
  36    45.3228
  37    16.0171
  38     0.45065
  39     0.06273
  40   147.043
  41   150.648
  42    78.1523
  43    11.7861
  44    29.3788
  45    25.3146
  46    30.5732
  47     0.09785
  48    88.5365
  49    18.7465
  50    26.9361
  51    54.1818
  52    18.558
  53     0
  54     0.44123
  55     0
  56    27.6659
  57    16.2717
  58     2.268
  59     1.7955
  60     1.40106
  61     0
  62     0.96577
  63     0.76531
  64     1.54299
  65     5.13398
  66     0.21839
  67     0.08822
  68     0.24268
  69     0
  70     0
  71     0
  72    41.2028
  73    76.9211
  74    63.0619
  75     1.2932
  76     5.57127
  77     0.94789
  78     0.341
  79     0
  80   260.646
  81   264.027
  82   322.811
  83   196.168
  84   135.185
  85    48.4766
  86    11.1108
  87     9.99991
  88  1298.39
  89  1112.94
  90   969.95
  91   851.43
  92   722.486
  93   682.779
  94   407.056
  95   204.99
  96  1160.5
  97  1087.75
  98  1189.69
  99   983.818
 100   666.753
 101   470.946
 102   309.24
 103   121.292
 104   659.836
 105   772.17
 106   665.717
 107   622.748
 108   420.586
 109   222.342
 110   155.49
 111    49.095
 112   189.429
 113   130.776
 114   105.616
 115   123.281
 116    48.187
 117    33.8147
 118    18.3087
 119     6.65666
 120    45.726
 121    15.9578
 122    16.3096
 123     2.26799
 124     0.67816
 125     0.45478
 126     0
 127     0.33393
 128    31.2416
 129    11.5191
 130     0.68525
 131     4.03549
 132     1.51062
 133     1.09061
 134     0.91264
 135     0.85114
 136    39.2184
 137    81.9818
 138   114.773
 139    76.3332
 140    36.093
 141     3.5141
 142     3.66184
 143     0
 144   562.499
 145   706.879
 146   533.149
 147   432.29
 148   397.409
 149   157.818
 150   102.462
 151    34.2975
 152  2152.24
 153  2300.39
 154  2179.52
 155  1553.6
 156  1514.27
 157   927.566
 158   606.348
 159   242.104
 160  2336.78
 161  2445.32
 162  2329.48
 163  1878.25
 164  1340.28
 165  1058.64
 166   675.482
 167   304.706
 168  1697.15
 169  2010.73
 170  1770.7
 171  1575.78
 172  1199.84
 173   929.395
 174   546.661
 175   210.229
 176   425.936
 177   382.72
 178   207.043
 179   173.948
 180    75.0713
 181    82.9344
 182    60.3965
 183     4.97384
 184    33.9791
 185    28.1764
 186    37.638
 187    32.7393
 188    12.5664
 189     0.9033
 190     0.25571
 191     0.63785
 192    29.3358
 193    25.9877
 194     2.42905
 195     0.93795
 196    22.914
 197     0.38247
 198     0
 199     0
 200   190.358
 201   181.942
 202    65.18
 203   103.503
 204    63.8881
 205    45.3274
 206    27.948
 207     0.17824
 208  1268.8
 209   951.506
 210   903.573
 211   720.398
 212   608.114
 213   450.786
 214   240.606
 215   133.216
 216  2255.29
 217  2538.89
 218  2224.13
 219  1772.57
 220  1417.65
 221  1166.43
 222   721.33
 223   291.783
 224  2320.41
 225  2161.07
 226  1943.58
 227  1704.18
 228  1584.74
 229  1026.79
 230   628.779
 231   270.431
 232  1618.67
 233  1496.66
 234  1281.21
 235  1205.55
 236  1007.23
 237   713.665
 238   507.176
 239   209.024
 240   371.761
 241   361.287
 242   215.765
 243    99.6294
 244    69.2446
 245    58.0338
 246    76.7669
 247     1.352
 248    24.4218
 249    13.8379
 250    13.8974
 251     7.62242
 252     5.02139
 253     2.11064
 254     0
 255     0.25571
 256    49.9941
 257    74.0787
 258    15.1285
 259     0.60605
 260    27.3488
 261     0.95313
 262     0.03035
 263     0
 264   245.22
 265   139.494
 266   174.064
 267   167.778
 268   113.114
 269    54.6909
 270     1.53897
 271     3.12908
 272  1610.97
 273  1522.92
 274  1520.08
 275  1280.25
 276   911.828
 277   651.682
 278   486.717
 279   164.094
 280  2453.38
 281  2230.94
 282  1913.12
 283  1887.88
 284  1418.87
 285   907.687
 286   653.381
 287   223.885
 288  2249.77
 289  2313.61
 290  1854.4
 291  1618.18
 292  1667.15
 293  1041.03
 294   642.237
 295   188.398
 296  1020.47
 297  1117.18
 298   840.667
 299   841.454
 300   724.92
 301   474.862
 302   265.495
 303    98.7431
 304   226.561
 305   175.033
 306    91.0614
 307   126.642
 308    36.273
 309     2.37842
 310    30.5398
 311     0.587
 312    11.1719
 313    63.3658
 314    29.6095
 315    54.1289
 316     1.24589
 317     2.0484
 318     1.66785
 319     0.36592
 320    54.2144
 321    14.2125
 322    17.1613
 323    35.7618
 324     1.79361
 325     1.9151
 326     2.21909
 327     0.91506
 328   309.686
 329   354.521
 330   359.292
 331   209.868
 332   116.572
 333   100.353
 334    46.6946
 335     6.7991
 336  1954.65
 337  1833.08
 338  1754.97
 339  1548
 340  1230.7
 341  1081.78
 342   687.348
 343   247.412
 344  2230.44
 345  2175.64
 346  1880.54
 347  1775.67
 348  1368.22
 349   964.984
 350   617.413
 351   217.195
 352  2088.33
 353  2042.77
 354  1914.44
 355  1678.1
 356  1461.23
 357  1040.55
 358   736.479
 359   202.2
 360   580.192
 361   813.488
 362   589.265
 363   586.958
 364   415.688
 365   290.524
 366   184.185
 367    59.9757
 368    79.2791
 369   122.835
 370    91.4836
 371    69.9579
 372    16.2162
 373     6.53891
 374     6.63809
 375    26.6951
 376     7.49092
 377     5.72744
 378    20.2524
 379    21.2225
 380     0
 381     0.98775
 382     0.64343
 383     0.26444
 384    35.6375
 385    27.9975
 386     0.63469
 387     8.71899
 388     0.72998
 389     0
 390     1.88687
 391     3.24679
 392   260.608
 393   240.56
 394   151.964
 395   159.392
 396   131.663
 397    54.2049
 398     0.92223
 399     3.60705
 400   652.242
 401   734.459
 402   705.708
 403   610.18
 404   375.836
 405   297.071
 406   211.155
 407    28.6898
 408  1168.67
 409  1173.19
 410  1118.55
 411  1085.44
 412   747.418
 413   458.592
 414   403.349
 415   120.066
 416  1287.26
 417  1203.06
 418  1113.64
 419  1093.7
 420   853.018
 421   592.481
 422   466.122
 423   192.53
 424   190.967
 425   325.069
 426   225.024
 427   124.178
 428    68.5526
 429    60.8716
 430    76.717
 431     4.81016
 432    38.6884
 433    72.7111
 434    13.7841
 435    21.5882
 436     0
 437     9.2477
 438     0.45442
 439     0
 440     1.88643
 441     3.02604
 442    20.0907
 443    11.7459
 444     2.0392
 445     1.76386
 446     1.76883
 447     0.87601
 448    37.3124
 449    16.7423
 450     0.98478
 451    10.1042
 452     1.2175
 453     0
 454     0
 455     0
 456    30.6432
 457    11.9802
 458    34.0501
 459    15.99
 460    13.7222
 461    11.4109
 462     1.1661
 463     2.41746
 464   166.225
 465   117.373
 466    60.7375
 467    52.7254
 468    44.6334
 469     0.89803
 470     0.6052
 471     0.82865
 472   207.85
 473   214.292
 474   144.761
 475   173.461
 476   159.124
 477     0
 478    32.2396
 479     0.14796
 480   134.269
 481   171.013
 482   113.453
 483   126.124
 484    91.8005
 485    33.6927
 486    30.4452
 487     0
 488    65.3672
 489    67.1546
 490    54.8547
 491    45.4856
 492    17.7529
 493    33.8827
 494     0.81382
 495    10.2216
 496    37.2981
 497     8.01004
 498     3.36339
 499     1.58502
 500     0.63469
 501     7.50466
 502    19.0594
 503    18.0381
 504     0.50166
 505     0
 506     0.53636
 507     0.96224
 508     0.36673
 509     0
 510     0
 511     0
