This file was gnenerated on 2021-06-11 10:59:37.524371 by Grant Finneman. This contains the extracted data from the Gate simulations
The edep for each cube was summed up and printed to this file. The only math operation done has been addition.

  id        edep
   0      1.3292
   1      2.4247
   2      1.121
   3      6.1085
   4      5.1483
   5      4.3419
   6      7.8014
   7      4.1528
   8      0.9772
   9      5.2762
  10      3.5022
  11      4.7258
  12     10.1071
  13     12.1749
  14      8.5049
  15      3.8142
  16     22.4191
  17     14.1131
  18     11.8832
  19     22.8117
  20     10.1611
  21     15.1069
  22      9.225
  23      6.8432
  24      4.5046
  25      8.6397
  26     10.4163
  27     13.6171
  28     15.0288
  29     33.5223
  30      8.3611
  31      7.3612
  32      5.5538
  33     16.7775
  34      9.766
  35     41.1661
  36     17.5829
  37     19.3185
  38      8.7085
  39     10.9466
  40      6.5354
  41     11.4777
  42     14.1433
  43     12.091
  44     11.345
  45      7.8152
  46      7.5384
  47      7.4574
  48      2.7466
  49      4.934
  50      4.4718
  51      8.5826
  52      5.2061
  53     10.1473
  54      7.518
  55      7.4244
  56      2.4079
  57      2.372
  58      2.5377
  59      3.2852
  60      3.1357
  61      5.6281
  62      8.5811
  63      5.3047
  64      9.1113
  65      3.618
  66      8.9017
  67     20.8704
  68     38.3476
  69     28.6799
  70      5.4008
  71      9.6803
  72     10.5907
  73      6.1643
  74     27.5047
  75     16.3651
  76     29.1351
  77     24.1412
  78     19.0963
  79     11.4003
  80      9.8964
  81     19.1192
  82     22.0255
  83     20.5749
  84     60.1272
  85     32.9666
  86     26.6139
  87     42.7974
  88     17.0045
  89     67.2167
  90     51.4491
  91     52.22
  92     77.1958
  93     36.7707
  94     44.878
  95     30.2788
  96     19.9847
  97     55.9022
  98     49.1198
  99     36.8526
 100     47.7595
 101     46.9784
 102     34.7225
 103     39.0901
 104     16.7265
 105     20.2855
 106     21.9791
 107     24.9146
 108     38.5242
 109     32.2216
 110     31.3709
 111     27.6874
 112      8.7271
 113     20.3504
 114     23.2144
 115     12.9646
 116     14.8626
 117     11.5814
 118     15.6688
 119     12.2553
 120      6.9889
 121      6.2518
 122      1.9868
 123      6.243
 124      6.6685
 125      8.2885
 126      8.7006
 127      8.4191
 128      8.4668
 129      4.1316
 130     14.8602
 131     16.9249
 132     18.9463
 133      7.0307
 134     24.4547
 135     16.1502
 136     11.2232
 137     13.8944
 138     21.6956
 139     35.4457
 140     52.5524
 141     81.9064
 142     37.8545
 143     37.7999
 144     55.1515
 145     68.8413
 146    144.489
 147    239.235
 148    113.877
 149    168.306
 150    162.132
 151     87.4013
 152   2861.01
 153   4761.38
 154   2648.39
 155   1298.17
 156    808.029
 157    439.281
 158    521.366
 159    211.961
 160   2742.49
 161   4328.94
 162   2607.05
 163   1102.43
 164    712.178
 165    511.213
 166    514.329
 167    277.905
 168     48.7312
 169     68.2038
 170    189.586
 171    112.814
 172    168.998
 173    122.235
 174    108.834
 175     60.2136
 176     20.1606
 177     21.2777
 178     24.8023
 179     27.1479
 180     58.1982
 181     44.8505
 182     44.8112
 183     26.2706
 184      7.0402
 185     10.8926
 186     12.4294
 187     10.1457
 188     36.0598
 189     13.2151
 190      9.4634
 191     59.1312
 192     10.8395
 193     18.8136
 194     28.6495
 195     22.675
 196     24.8218
 197     20.2088
 198     42.4638
 199     46.8979
 200     33.7184
 201     30.9554
 202     38.8244
 203     69.7865
 204     82.8297
 205    153.224
 206    168.616
 207    101.051
 208     60.8359
 209    157.897
 210    353.871
 211    443.844
 212    633.154
 213    820.185
 214    803.212
 215    471.475
 216   4314.83
 217  15297.4
 218  25086.8
 219  26235
 220  20608.8
 221  12937.6
 222   6477.65
 223   3344.82
 224   4299
 225  14491.5
 226  25074.7
 227  25960.4
 228  21366.8
 229  12461.1
 230   5878.24
 231   2997.53
 232     52.3172
 233    117.937
 234    422.238
 235    589.974
 236    695.844
 237    719.144
 238    669.254
 239    575.573
 240     19.4693
 241     28.7676
 242     53.8213
 243     97.5361
 244    131.866
 245     90.4969
 246    162.333
 247    130.692
 248      5.74
 249     25.6853
 250     15.4908
 251     29.8698
 252     44.2631
 253     29.0113
 254     24.202
 255     32.7099
 256     12.6215
 257      8.9677
 258     10.2952
 259     32.2142
 260     49.2716
 261     63.5951
 262     29.0616
 263     46.7365
 264     19.2061
 265     32.4823
 266     53.207
 267     86.6419
 268    104.897
 269    124.513
 270    181.857
 271    181.017
 272     67.7093
 273    148.617
 274    295.72
 275    566.112
 276   1141.59
 277   1345.75
 278   1332.44
 279   1369.84
 280    379.311
 281   1868.41
 282   8299.72
 283  20192.2
 284  32294.8
 285  39698.7
 286  37293.1
 287  27158.3
 288    371.179
 289   1826.86
 290   8175.18
 291  20287.5
 292  32656.4
 293  38817.4
 294  36672
 295  26485.8
 296     53.6765
 297    149.933
 298    365.435
 299    654.852
 300    875.686
 301   1461.97
 302   1611.37
 303   1446.48
 304     22.0536
 305     27.5894
 306     82.4999
 307     81.7892
 308    147.527
 309     96.8667
 310    149.845
 311    113.479
 312      8.5979
 313     23.3418
 314     31.2088
 315     42.1472
 316     17.8139
 317     27.9059
 318     48.0946
 319     53.1076
 320      8.2918
 321     13.5712
 322     16.0896
 323     16.4285
 324     19.3009
 325     84.4194
 326     91.0087
 327     58.9449
 328     17.4495
 329     56.2219
 330     51.3191
 331     60.9566
 332    114.736
 333    169.977
 334    167.012
 335    189.786
 336     49.7808
 337     63.4084
 338    127.155
 339    270.576
 340    534.977
 341    803.483
 342   1335.24
 343   1535.32
 344     56.5621
 345    175.285
 346    484.839
 347   1253.72
 348   3471.56
 349   8872.21
 350  17785.8
 351  22799
 352     80.1606
 353    263.125
 354    709.139
 355   1275.61
 356   4205.24
 357   8766.65
 358  18102.2
 359  24090.1
 360     39.5882
 361     70.9757
 362    153.732
 363    329.467
 364    718.121
 365   1010.62
 366   1341.78
 367   1652.94
 368     22.4411
 369     35.5183
 370     41.4312
 371     64.9039
 372     96.5264
 373    118.174
 374    175.138
 375    191.815
 376      5.7499
 377      8.6616
 378     15.8686
 379     28.3806
 380     23.6827
 381     38.1159
 382     28.6853
 383     41.5396
 384      5.3114
 385      7.7553
 386      6.5383
 387     11.2731
 388     13.9843
 389     20.2726
 390     72.8985
 391     61.7515
 392      9.5817
 393     23.9922
 394     19.3641
 395     31.1018
 396     76.032
 397     87.0553
 398    139.183
 399    117.942
 400     20.2535
 401     32.2665
 402     53.2031
 403    112.376
 404    163.56
 405    258.764
 406    535.272
 407    619.766
 408     33.3366
 409     61.8833
 410    125.639
 411    220.38
 412    428.615
 413    835.577
 414   1582.96
 415   2811.18
 416     48.6344
 417     97.1796
 418    165.632
 419    249.606
 420    507.687
 421    879.374
 422   1657.88
 423   2863.06
 424     20.0259
 425     57.6849
 426     79.2935
 427    113.876
 428    222.407
 429    297.058
 430    541.806
 431    521.554
 432      8.3817
 433     31.8442
 434     24.1544
 435     45.7485
 436     56.5652
 437     59.8678
 438     84.683
 439    123.675
 440     12.1897
 441     11.3362
 442     14.9794
 443     13.6278
 444     12.8406
 445     20.2325
 446     28.365
 447     43.8316
 448      4.7
 449      9.6265
 450      8.0071
 451     16.8703
 452     16.1809
 453      9.1977
 454     16.6206
 455     18.1606
 456      8.222
 457     10.5782
 458     29.263
 459     14.5142
 460     17.7257
 461     32.1349
 462     33.4046
 463     63.6254
 464     14.5595
 465     39.8411
 466     51.9865
 467     83.7881
 468    107.13
 469    173.531
 470    165.026
 471    182.977
 472     11.3674
 473     26.3994
 474     61.2733
 475     96.8823
 476    121.134
 477    198.983
 478    200.151
 479    259.976
 480     26.5679
 481     17.9487
 482     24.8127
 483     63.0861
 484    114.928
 485    172.482
 486    229.065
 487    345.426
 488     14.3486
 489     13.8688
 490     27.0111
 491     62.8439
 492    105.041
 493    112.617
 494    117.056
 495    204.981
 496     19.2249
 497     11.1765
 498     16.3904
 499     33.9544
 500     23.9481
 501     50.2124
 502     32.9412
 503     93.0122
 504     22.4342
 505      8.8114
 506     17.5158
 507      9.266
 508     16.7227
 509     20.3006
 510     11.6326
 511     19.8268
