This file was gnenerated on 2021-06-09 13:54:57.092330 by Grant Finneman. This contains the extracted data from the Gate simulations
The edep for each cube was summed up and printed to this file. The only math operation done has been addition.

  id        edep
   0      0
   1      5.768
   2      3.5151
   3      5.692
   4     29.6091
   5      3.5946
   6     17.5039
   7      2.4222
   8      5.1586
   9      9.0553
  10     13.8293
  11      7.2799
  12     19.2613
  13     36.9876
  14     30.7225
  15     16.7163
  16      2.0182
  17     11.1775
  18      8.467
  19     11.9324
  20     13.0689
  21     18.4731
  22     30.5319
  23     12.4381
  24     25.2728
  25     12.2353
  26     17.8819
  27     25.7881
  28     41.1355
  29     38.8573
  30     30.9418
  31     36.3118
  32     14.5334
  33      6.8819
  34     17.7047
  35     17.0079
  36     24.8459
  37     25.2616
  38     18.1076
  39     61.1424
  40     13.7826
  41      6.6412
  42     12.9146
  43     10.0612
  44     20.5226
  45     24.1561
  46     26.4651
  47     19.0817
  48      3.9066
  49      2.4093
  50      8.6509
  51     10.473
  52     22.5601
  53     63.9013
  54     25.5072
  55     11.4385
  56      2.576
  57      1.2822
  58      0.61
  59      3.7803
  60      3.0413
  61      4.4523
  62     32.0953
  63     12.6879
  64      2.161
  65     11.5284
  66     11.557
  67      6.5812
  68     19.2488
  69      9.1889
  70     10.3925
  71      9.3833
  72      5.3156
  73     10.2249
  74     19.2493
  75      9.587
  76     20.5829
  77     28.309
  78     58.6349
  79     47.4749
  80     15.2917
  81     24.145
  82     29.4213
  83     48.6824
  84     50.7684
  85     74.745
  86     96.4432
  87    114.762
  88     26.0492
  89     47
  90     82.1293
  91    143.96
  92    142.795
  93    148.186
  94    175.396
  95    268.389
  96     21.5083
  97     44.6024
  98     82.1393
  99     87.3554
 100    159.246
 101    152.503
 102    268.075
 103    244.346
 104     14.6403
 105     38.282
 106     36.6863
 107     56.6243
 108     44.7157
 109     55.0675
 110     69.3689
 111     98.975
 112      6.538
 113     12.9272
 114      9.5164
 115     13.6908
 116     56.1368
 117     22.1441
 118     19.2153
 119     34.7862
 120      7.8846
 121      3.2518
 122     24.1042
 123      5.1261
 124      7.268
 125     11.8874
 126     11.1285
 127     12.6478
 128     13.4921
 129     21.9775
 130     23.0453
 131      9.8588
 132      8.2936
 133     17.6101
 134     32.3013
 135     11.3237
 136     35.7618
 137     49.9994
 138     29.2409
 139     62.8328
 140     36.6541
 141     49.8949
 142     67.7404
 143     71.8501
 144     18.8153
 145     32.0701
 146     84.4083
 147    206.389
 148    198.101
 149    262.517
 150    408.054
 151    384.996
 152    120.899
 153    481.293
 154   1113.15
 155   1996.37
 156   2606.37
 157   3222.33
 158   3643.45
 159   3482
 160    195.593
 161    673.174
 162   1183.11
 163   1859.68
 164   2827.65
 165   3521.15
 166   4230.62
 167   3765.07
 168     34.3123
 169     35.3584
 170     82.3046
 171    166.921
 172    201.735
 173    341.272
 174    368.059
 175    515.941
 176      5.3741
 177     13.7863
 178     27.8586
 179     25.5428
 180     32.7512
 181     38.8058
 182     48.4151
 183     64.4282
 184      9.3348
 185      9.4787
 186     16.4555
 187     17.3428
 188     16.2548
 189     10.9266
 190     16.0025
 191     29.7277
 192     10.0611
 193      5.6233
 194     17.3511
 195      9.4995
 196     10.888
 197     29.4177
 198     22.0323
 199     33.0992
 200     20.0266
 201     24.4837
 202     33.2924
 203     36.7988
 204     86.3522
 205     73.6967
 206     85.776
 207    136.71
 208     60.1797
 209     77.3905
 210    156.734
 211    410.691
 212    702.411
 213    974.048
 214    885.515
 215    877.206
 216   2843.51
 217   6939.65
 218  11557.4
 219  15861.4
 220  19668.4
 221  22374.9
 222  22127
 223  21054.3
 224   2718.56
 225   7091.49
 226  11659.8
 227  16240.9
 228  20491.2
 229  22427.2
 230  22813.2
 231  21062.2
 232     87.3385
 233    110.676
 234    245.749
 235    345.833
 236    582.165
 237    962.488
 238   1244.02
 239   1274.73
 240      9.6323
 241     12.6136
 242     23.2506
 243     76.0781
 244    107.078
 245    143.557
 246    128.959
 247     75.8695
 248     10.2106
 249      9.9292
 250     13.9079
 251     21.7188
 252     20.764
 253     57.3285
 254     56.0915
 255     19.6279
 256      3.4645
 257      8.4765
 258      7.1678
 259     36.2359
 260     27.352
 261     22.6439
 262     32.3875
 263     16.9994
 264     21.1792
 265     15.2066
 266     33.5454
 267     40.8723
 268     67.9042
 269     69.9152
 270     76.3374
 271    173.632
 272     47.6091
 273    120.812
 274    168.087
 275    433.724
 276    536.863
 277    648.158
 278   1071.33
 279   1217.45
 280   2384.14
 281   6995.66
 282  12142
 283  16491.2
 284  20310.8
 285  21952.5
 286  23448.7
 287  22407.3
 288   2511.12
 289   7241.46
 290  11803.2
 291  15840.9
 292  18947.6
 293  21729.3
 294  24129.5
 295  22337.9
 296     38.0898
 297    106.721
 298    184.558
 299    438.136
 300    603.785
 301    943.584
 302   1179.75
 303    955.382
 304     12.3239
 305     14.4089
 306     33.0037
 307     76.8127
 308     67.7482
 309     77.6896
 310     79.0633
 311    142.975
 312      2.7596
 313     36.6221
 314     26.4018
 315     20.1393
 316     15.3945
 317     30.5007
 318     31.5343
 319     17.7814
 320      7.0805
 321     12.763
 322     11.0018
 323     17.9902
 324     21.8213
 325      6.6796
 326     14.4479
 327      6.7083
 328     12.6213
 329     12.0666
 330     26.3893
 331     31.0944
 332     34.1382
 333     47.5048
 334     55.0647
 335    128.015
 336     23.828
 337     30.814
 338     56.839
 339    136.021
 340    278.317
 341    369.933
 342    531.65
 343    655.743
 344    136.635
 345    430.045
 346    905.255
 347   1808.39
 348   3108.63
 349   3314.46
 350   4341.2
 351   4103.17
 352    152.826
 353    491.709
 354    966.293
 355   1685.26
 356   2449.16
 357   3167.19
 358   3852.46
 359   3394.79
 360     49.4745
 361     45.4873
 362     87.245
 363    156.361
 364    224.448
 365    269.819
 366    352.059
 367    349.635
 368     14.0336
 369     12.9226
 370     37.865
 371     50.135
 372     31.3288
 373     60.4773
 374     97.6702
 375     60.7529
 376      4.8774
 377      9.5707
 378      7.3121
 379      9.736
 380      6.9348
 381     27.1521
 382     22.5851
 383     20.6033
 384     24.2613
 385      4.5384
 386      4.9276
 387     23.5253
 388      5.9168
 389      8.0517
 390      4.6736
 391     13.1097
 392      5.7578
 393      3.6147
 394      9.1487
 395     15.2809
 396     14.6373
 397     21.3191
 398     62.7342
 399     64.3051
 400     12.7559
 401     18.0444
 402     41.1775
 403     56.1145
 404     46.9953
 405     92.9964
 406    103.781
 407     79.6275
 408     18.3327
 409     25.908
 410     94.8597
 411     61.3229
 412     73.9278
 413    141.053
 414    361.499
 415    264.859
 416     17.3792
 417     26.5956
 418     48.0891
 419     70.7425
 420    123.95
 421    205.969
 422    156.007
 423    235.432
 424      8.6133
 425     31.8342
 426     30.8354
 427     63.8705
 428     87.6706
 429     88.017
 430     63.3285
 431     59.4584
 432      4.8472
 433      8.3354
 434     31.1666
 435     83.0835
 436     41.5207
 437     56.198
 438     58.4676
 439     29.1742
 440      5.46
 441     14.4004
 442      9.673
 443      5.9774
 444      9.0636
 445     46.6834
 446     11.5857
 447      8.1507
 448      7.9059
 449      3.9791
 450     21.6073
 451      3.8832
 452      4.0474
 453      3.6028
 454     17.3921
 455     18.0978
 456      3.0911
 457      4.7423
 458      7.2986
 459      6.4573
 460     11.0531
 461      5.6243
 462     12.0166
 463      6.6646
 464      6.3547
 465     10.1983
 466     10.4576
 467     17.5535
 468     19.2952
 469     15.9478
 470     20.5985
 471     32.9898
 472      5.7262
 473      3.6506
 474     13.429
 475     18.9711
 476     20.1538
 477     30.3547
 478     28.7473
 479     19.872
 480      7.4283
 481      7.9455
 482     11.0462
 483     28.7075
 484     28.687
 485     21.9126
 486     31.6665
 487     18.3571
 488      3.023
 489      7.1064
 490      6.7029
 491     13.4123
 492     21.3069
 493     11.6554
 494     24.0804
 495     22.2475
 496      2.8593
 497      0.9316
 498      4.6946
 499     11.5683
 500      8.4384
 501     10.611
 502     48.9476
 503     23.7993
 504      1.0733
 505      5.2125
 506      5.2866
 507      2.7704
 508      3.8829
 509     18.3955
 510      2.729
 511      4.1367
