This file was gnenerated on 2021-06-11 11:10:19.329997 by Grant Finneman. This contains the extracted data from the Gate simulations
The edep for each cube was summed up and printed to this file. The only math operation done has been addition.

  id        edep
   0      1.3132
   1      1.8733
   2      6.0648
   3     12.3379
   4      6.1149
   5      6.3673
   6      5.2648
   7      6.2399
   8      7.1406
   9     15.7341
  10     10.9296
  11      9.0635
  12     16.8349
  13     10.7303
  14     17.3314
  15      5.4352
  16     25.9358
  17     23.0632
  18     21.3152
  19     18.0326
  20     16.2226
  21     11.3261
  22     13.0905
  23     17.5937
  24     67.3567
  25     29.2034
  26     45.1629
  27     45.7867
  28     28.8826
  29     41.9163
  30     16.3795
  31     19.5681
  32     73.8603
  33     27.679
  34     46.9111
  35     30.5168
  36     29.2611
  37     25.8313
  38     25.3149
  39     16.067
  40      9.9732
  41     22.6375
  42     16.7768
  43     23.1549
  44     38.9229
  45     19.1599
  46     16.4096
  47     16.3901
  48     16.5279
  49     18.0758
  50     17.4188
  51     11.2972
  52     13.3913
  53      8.2174
  54     13.2419
  55     25.3227
  56      0.7532
  57      5.4032
  58      7.0932
  59      3.3181
  60      5.416
  61     12.3301
  62      3.5353
  63      7.3711
  64      8.1604
  65      5.5403
  66      5.6683
  67      9.9954
  68      6.1454
  69     12.3457
  70      7.322
  71     23.5295
  72     15.9484
  73     24.7353
  74     30.6687
  75     22.3734
  76     43.1655
  77     23.6497
  78     24.283
  79     18.7911
  80     52.8555
  81     97.2798
  82     91.8489
  83    106.972
  84     73.8268
  85     48.0031
  86     51.4347
  87     42.8853
  88   4496.59
  89   4828.9
  90    984.413
  91    387.23
  92    182.805
  93    197.361
  94     78.8577
  95     34.2139
  96   4565.67
  97   4596.64
  98    966.943
  99    339.159
 100    251.482
 101    119.47
 102     98.4902
 103     60.5608
 104     67.7356
 105    128.009
 106    110.891
 107    115.64
 108    112.771
 109     66.2767
 110     37.3701
 111     24.4724
 112     42.372
 113     25.7826
 114     20.6687
 115     35.77
 116     27.872
 117     33.1918
 118     32.9152
 119     36.1278
 120     17.711
 121     13.5317
 122      5.8734
 123      8.6592
 124      4.2962
 125     17.1794
 126      6.5674
 127      7.53
 128     10.4917
 129     10.425
 130     11.0591
 131     17.8974
 132     17.6216
 133     16.4362
 134     28.617
 135     22.8325
 136     31.2922
 137     57.6291
 138     68.11
 139     64.7501
 140     57.0611
 141     64.3378
 142    101.65
 143     80.1191
 144    150.884
 145    433.677
 146    436.812
 147    659.911
 148    433.822
 149    278.286
 150    281.711
 151    180.962
 152   7250.89
 153  19125
 154  18951.1
 155   9501.66
 156   2761.28
 157   1006.89
 158    354.602
 159    203.764
 160   7405.94
 161  19753.6
 162  19307.3
 163   9256.32
 164   2649.6
 165    958.411
 166    433.1
 167    210.341
 168    110.381
 169    325.805
 170    554.126
 171    449.908
 172    343.547
 173    240.964
 174    185.553
 175    133.489
 176     44.2126
 177     46.3879
 178     36.6209
 179     55.4999
 180     48.2636
 181     52.274
 182     64.2548
 183     36.2397
 184      8.2314
 185     17.442
 186     20.8353
 187     19.7937
 188     13.8141
 189     20.6872
 190     20.5211
 191     16.4387
 192     14.5924
 193     15.7533
 194     31.7285
 195     50.9395
 196     55.0174
 197     34.5431
 198     24.0649
 199     36.4976
 200     28.5096
 201     76.2229
 202    112.945
 203    115.739
 204    188.026
 205    247.196
 206    125.734
 207     89.9748
 208    244.337
 209    479.119
 210    971.831
 211   1289.58
 212   1351.36
 213   1049.3
 214    632.705
 215    483.643
 216   1628.47
 217  12008.3
 218  28836.2
 219  35124.7
 220  23150.9
 221   9869.11
 222   3451.32
 223   1344.52
 224   1756.39
 225  11968.8
 226  29671.2
 227  35791.9
 228  24261.8
 229  10255.5
 230   3950.46
 231   1446.04
 232    153.637
 233    561.368
 234    932.399
 235   1704.81
 236   1393
 237    811.238
 238    611.732
 239    394.26
 240     55.8062
 241     98.6819
 242     74.3341
 243    111.901
 244    164.893
 245     94.6038
 246    120.162
 247     98.7954
 248     18.5981
 249     16.0612
 250     28.2288
 251     33.3861
 252     27.5702
 253     44.949
 254     51.6784
 255     37.216
 256     30.8977
 257     19.7392
 258     20.3828
 259     79.4081
 260    117.602
 261     46.4164
 262     63.2933
 263     85.2518
 264     63.4154
 265     77.3182
 266    140.35
 267    237.874
 268    352.215
 269    236.5
 270    206.522
 271    146.28
 272    122.794
 273    302.852
 274    848.578
 275   1776.7
 276   2392.23
 277   2366.15
 278   1876.37
 279   1151.82
 280    465.651
 281   1678.03
 282   8284.15
 283  23455.2
 284  37154.5
 285  34119.9
 286  19126
 287   7616.66
 288    540.7
 289   1866.92
 290   7805.83
 291  24649.9
 292  38149
 293  35234.5
 294  19716.6
 295   6995.41
 296    144.18
 297    445.962
 298    871.662
 299   1333.92
 300   2151.34
 301   2554.75
 302   2214.03
 303   1304.17
 304     31.0467
 305     64.3645
 306     77.3954
 307    154.441
 308    238.202
 309    230.878
 310    239.367
 311    243.894
 312     25.3889
 313     32.7025
 314     23.7751
 315     26.7255
 316     70.3479
 317     89.8301
 318     40.6424
 319     35.4733
 320     12.4601
 321     20.8441
 322     54.2313
 323     93.8689
 324    113.848
 325     60.5908
 326     44.8235
 327    100.198
 328     36.614
 329     54.4869
 330    110.939
 331    310.232
 332    270.156
 333    266.216
 334    296.422
 335    311.418
 336     71.121
 337    188.354
 338    390.014
 339    849.108
 340   1794.58
 341   2182.06
 342   2858.35
 343   2439.18
 344    236.577
 345    579.385
 346   1320.01
 347   4376.06
 348  12839.8
 349  27451.4
 350  32813.4
 351  23173
 352    241.593
 353    483.111
 354   1302.02
 355   4462.62
 356  12784
 357  27557.1
 358  32412.2
 359  24471.8
 360    149.521
 361    234.005
 362    339.209
 363    812.787
 364   1485.29
 365   2330.5
 366   2963.07
 367   2311.21
 368     66.6812
 369    100.884
 370    102.103
 371    107.996
 372    220.305
 373    255.736
 374    330.139
 375    232.211
 376     15.5557
 377     33.9784
 378     87.3209
 379     49.5353
 380     80.4977
 381     39.8298
 382     60.7888
 383     81.8164
 384     13.72
 385     28.8515
 386     17.4275
 387     65.5281
 388     59.1138
 389     95.9032
 390    173.396
 391    149.403
 392     25.2836
 393     63.1588
 394     65.1023
 395    103.214
 396    192.714
 397    265.003
 398    297.741
 399    239.47
 400     37.4439
 401    123.187
 402    230.303
 403    480.909
 404    868.065
 405   1128
 406   2132.7
 407   2313.19
 408     90.9574
 409    195.735
 410    322.913
 411   1053.29
 412   2682.4
 413   6511.69
 414  14127.7
 415  20800
 416     86.6532
 417    171.326
 418    344.494
 419   1132.2
 420   2383.14
 421   5698.8
 422  14967.6
 423  20832.1
 424     73.2785
 425    103.375
 426    259.271
 427    406.842
 428    740.566
 429   1212.62
 430   2126.6
 431   2278.7
 432     32.8725
 433     82.3259
 434    132.382
 435    151.474
 436    143.318
 437    157.749
 438    276.597
 439    304.415
 440     14.314
 441     60.0179
 442     34.9366
 443     61.4253
 444     75.454
 445     43.0897
 446    100.413
 447     75.7858
 448     16.1764
 449     12.5721
 450     19.5664
 451     19.5571
 452     61.0842
 453    105.594
 454     80.1746
 455     97.9149
 456     25.3968
 457    124.067
 458     69.6491
 459     94.6506
 460    163.174
 461    163.394
 462    180.38
 463    220.774
 464     31.2447
 465     49.1706
 466    138.442
 467    220.593
 468    421.809
 469    470.349
 470    833.668
 471   1295.38
 472     86.6598
 473     97.314
 474    101.954
 475    285.956
 476    711.342
 477   1271.34
 478   2878.2
 479   4887.36
 480     57.2616
 481     98.3804
 482    126.867
 483    353.244
 484    533.287
 485   1287.69
 486   3100.4
 487   4982.65
 488     35.3847
 489     67.3114
 490     93.0002
 491    150.704
 492    325.399
 493    417.89
 494   1070.87
 495   1067.28
 496     31.2462
 497     38.0713
 498     51.304
 499     72.8855
 500    175.04
 501    164.272
 502    181.675
 503    231.673
 504     15.6013
 505     22.7978
 506     24.7048
 507     26.8883
 508     39.238
 509     75.7722
 510    110.661
 511     67.6961
