This file was gnenerated on 2021-06-11 11:16:40.292655 by Grant Finneman. This contains the extracted data from the Gate simulations
The edep for each cube was summed up and printed to this file. The only math operation done has been addition.

  id        edep
   0      1.9177
   1      6.4372
   2      5.1717
   3      4.4269
   4      4.9044
   5      7.7745
   6      3.0685
   7      5.3257
   8     13.1845
   9      7.7695
  10     11.0798
  11     21.6856
  12     10.8478
  13      8.0813
  14     23.2405
  15      3.0884
  16     22.4117
  17     22.2861
  18     21.466
  19     27.325
  20     28.5619
  21     20.1038
  22     36.1902
  23     11.2768
  24     30.3694
  25     66.7944
  26     84.7071
  27     45.2849
  28    133.104
  29    222.749
  30    170.455
  31    236.887
  32     19.9703
  33     51.862
  34     44.6282
  35     62.9969
  36    110.844
  37    112.061
  38    260.552
  39    314.815
  40     18.2835
  41     22.5453
  42     34.9795
  43     18.1003
  44     32.8022
  45     15.3602
  46     23.4083
  47     21.0946
  48     18.7282
  49      9.5112
  50     33.3866
  51     11.3853
  52      7.9629
  53      9.5762
  54      5.7793
  55      8.4954
  56      3.6023
  57      6.8612
  58      5.1439
  59      9.3622
  60      2.0213
  61      3.4588
  62      3.5626
  63      3.3423
  64      9.9336
  65      6.0648
  66     10.5159
  67      9.4247
  68      7.2756
  69     15.884
  70     19.0694
  71      9.9446
  72     20.194
  73     31.1666
  74     28.1666
  75     51.8599
  76     24.0839
  77     32.61
  78     18.2332
  79      9.044
  80     68.4242
  81    122.717
  82    172.111
  83    216.673
  84    186.599
  85    105.02
  86    148.021
  87     90.7675
  88    380.721
  89    695.2
  90   1311.28
  91   2940.1
  92   4079.94
  93   4254.72
  94   3122.45
  95   1353.13
  96    341.392
  97    493.532
  98   1006.24
  99   2313.36
 100   3837.52
 101   4203.19
 102   3109.8
 103   1352.33
 104    143.579
 105    162.504
 106    172.051
 107    128.263
 108    197.887
 109     61.4713
 110     97.5933
 111     22.9243
 112     69.1468
 113     22.0128
 114     25.1766
 115     17.837
 116     25.3958
 117     16.8697
 118     45.1219
 119     19.7109
 120     10.4839
 121     12.5241
 122      9.9631
 123     11.1469
 124      8.465
 125     15.3534
 126      3.6212
 127      3.1964
 128     11.2475
 129     25.0874
 130     13.1994
 131     11.5187
 132     14.1583
 133     10.9008
 134      7.0521
 135     16.633
 136    109.696
 137     80.9343
 138     92.8066
 139     41.5878
 140     27.807
 141     18.0798
 142     19.7438
 143     11.8418
 144    516.118
 145    570.318
 146    656.116
 147    552.338
 148    319.314
 149    192.498
 150    112.752
 151     65.1842
 152   4936.03
 153   7775.54
 154  10136.3
 155  10812.7
 156   9463.55
 157   6817.62
 158   4121.47
 159   1476.79
 160   4657.83
 161   7178.5
 162   9895.87
 163  10149.1
 164   9107.68
 165   6935.36
 166   4400.32
 167   1567.84
 168    343.038
 169    675.233
 170    582.538
 171    438.768
 172    387.413
 173    180.473
 174     71.2114
 175     54.4055
 176     68.1052
 177    116.129
 178    155.187
 179     32.4759
 180     44.6843
 181     25.0778
 182     17.1858
 183     22.5308
 184     10.9071
 185     18.9075
 186     18.6643
 187     16.3021
 188     24.852
 189     22.2867
 190      7.7219
 191      7.9732
 192     35.3868
 193     27.3314
 194     15.6614
 195     12.7096
 196     14.3217
 197     23.1462
 198     15.9318
 199      7.583
 200    143.938
 201    100.339
 202     94.2133
 203     56.2751
 204     56.5697
 205     31.313
 206     31.0278
 207     19.2505
 208   1152.65
 209   1165.89
 210   1042.22
 211    605.504
 212    406.054
 213    301.356
 214    156.095
 215     69.9657
 216  11047.9
 217  13927.6
 218  13531.1
 219  12107.5
 220  10695.9
 221   7581.36
 222   4760.08
 223   1534.38
 224  10596.3
 225  12958.1
 226  12768
 227  12513.7
 228  10290.1
 229   8106.58
 230   4926.29
 231   1915.94
 232    810.358
 233    868.578
 234    864.724
 235    551.555
 236    356.728
 237    245.616
 238     86.4711
 239     40.8224
 240    125.256
 241    122.274
 242     79.2601
 243     64.6493
 244     47.4069
 245     37.6678
 246     28.8797
 247     30.1693
 248     45.5166
 249     19.8159
 250     18.6762
 251     16.1151
 252     22.548
 253     15.9472
 254      8.0878
 255      6.6409
 256     53.4608
 257     22.326
 258     28.6974
 259     15.1126
 260     15.1743
 261     26.7688
 262     11.5493
 263      7.0573
 264    121.726
 265    134.636
 266     87.8059
 267     74.148
 268     40.1329
 269     31.3568
 270     22.8815
 271     16.5996
 272   1187.78
 273   1144.28
 274   1060.07
 275    753.691
 276    443.965
 277    289.457
 278    154.556
 279     61.6641
 280  12334
 281  14119.1
 282  13383
 283  11978.9
 284  10584
 285   7382.36
 286   4701.9
 287   1692.27
 288  11748.6
 289  13369.9
 290  13357.1
 291  12407.7
 292  10601.4
 293   7926.22
 294   5120.57
 295   1566.31
 296   1039.65
 297   1077.36
 298   1005.89
 299    782.235
 300    673.78
 301    290.743
 302    190.039
 303     68.3911
 304    110.838
 305    128.29
 306    160.998
 307    202.709
 308     74.8577
 309     79.8042
 310     54.7271
 311     25.0733
 312     36.0063
 313     23.3605
 314     29.7198
 315     24.8147
 316     16.089
 317     21.0226
 318     10.6466
 319     11.9752
 320     36.2532
 321     25.8526
 322     53.8337
 323     55.9403
 324     51.1689
 325     21.3814
 326     11.0243
 327     13.7391
 328    143.885
 329    149.006
 330    116.139
 331     90.9741
 332     49.6544
 333     73.175
 334     49.4837
 335     13.3239
 336    934.612
 337   1110.64
 338    839.916
 339    660.088
 340    583.794
 341    269.665
 342    104.208
 343     37.8145
 344  11185.5
 345  12511.8
 346  12687
 347  11139.9
 348   9434.37
 349   6606.9
 350   2895.39
 351    872.258
 352  11682.7
 353  12914.9
 354  12928.4
 355  11923.3
 356   9772.76
 357   6187.89
 358   2927.04
 359    774.481
 360   1121.9
 361   1142.24
 362    999.356
 363    792.671
 364    392.151
 365    322.896
 366    135.374
 367     52.9701
 368    121.954
 369    144.198
 370    195.873
 371    138.235
 372     90.2271
 373    100.153
 374     61.2176
 375     42.481
 376     50.0537
 377     63.2983
 378     20.5129
 379     31.2704
 380     27.7763
 381     38.2932
 382      7.9959
 383      8.7935
 384     70.8
 385     43.2002
 386     32.2009
 387     23.2929
 388     42.2725
 389     16.9485
 390      9.8541
 391      5.1244
 392    169.44
 393    125.133
 394    185.949
 395     64.6367
 396     59.0154
 397     33.7549
 398     40.3094
 399     15.1293
 400    670.31
 401    859.758
 402    708.872
 403    511.277
 404    213.806
 405     95.7615
 406     51.5124
 407     33.6707
 408  10477.1
 409  10054.3
 410   8267.93
 411   5877.32
 412   3210.7
 413    956.877
 414    196.343
 415     78.7496
 416  10231.4
 417  10776.1
 418   8591.3
 419   5874.4
 420   3480.56
 421    867.485
 422    293.068
 423     60.4915
 424    971.152
 425    964.642
 426    592.611
 427    462.214
 428    184.857
 429     75.0277
 430     45.217
 431     47.3579
 432    146.113
 433    124.767
 434    111.796
 435     98.8506
 436     74.4768
 437     27.9547
 438     22.7016
 439     20.5782
 440     42.0655
 441     86.0309
 442     20.0242
 443     62.3465
 444     22.0494
 445     15.4478
 446     11.6719
 447      6.0678
 448     37.6413
 449     50.8386
 450     19.8645
 451     36.4784
 452     17.4977
 453      1.993
 454      8.5427
 455      7.9885
 456    150.406
 457    102.225
 458     64.7662
 459     38.4611
 460     24.5165
 461     34.1467
 462     19.8198
 463      7.281
 464    436.131
 465    367.345
 466    265.488
 467    165.786
 468     46.9911
 469    108.312
 470     76.3949
 471     31.8993
 472   3790.95
 473   2210.87
 474   1040.62
 475    527.455
 476    247.556
 477    159.723
 478     59.4326
 479     24.3619
 480   3596.22
 481   2070.67
 482    997.302
 483    486.838
 484    249.845
 485     96.8853
 486     88.6315
 487     25.0534
 488    570.036
 489    321.603
 490    156.357
 491    135.591
 492    144.248
 493     94.0689
 494     11.6096
 495     21.4666
 496    109.563
 497     41.4003
 498     41.8543
 499     36.4765
 500     28.5381
 501     43.1223
 502     14.4612
 503     18.9847
 504     20.9041
 505     41.9566
 506     37.9579
 507     23.6213
 508      6.8714
 509     16.7365
 510      7.5342
 511      1.8574
