This file was gnenerated on 2021-02-06 23:49:54.123625 by Grant Finneman. This contains the extracted data from the Gate simulations
The edep for each cube was summed up and printed to this file. The only math operation done has been addition.

  id        edep
   0      7.9755
   1      7.5658
   2     14.225
   3      1.1759
   4      7.3335
   5     10.5912
   6      2.9329
   7      3.8117
   8     11.3109
   9     29.591
  10      7.4098
  11     14.7315
  12     16.3645
  13      4.426
  14      1.7087
  15      4.719
  16     73.9197
  17     69.0896
  18     27.1207
  19     20.7977
  20     23.6386
  21     10.5551
  22      9.4478
  23      9.04
  24    129.29
  25    126.941
  26    100.681
  27     36.7947
  28     27.2767
  29     19.2907
  30     20.7561
  31     10.0254
  32     77.4088
  33     74.9371
  34    100.435
  35     61.2642
  36     41.1309
  37     23.865
  38     17.5315
  39      9.1347
  40     33.4072
  41     35.9176
  42     22.2282
  43     33.0696
  44     15.7532
  45     23.3531
  46     11.8304
  47      7.6947
  48     23.7712
  49     15.9917
  50      8.8727
  51      4.5411
  52      9.69
  53     12.8936
  54      8.3043
  55      5.0433
  56     19.4848
  57     23.4056
  58     30.7693
  59      8.0821
  60     14.7169
  61      3.3111
  62      2.6546
  63      0
  64      6.5505
  65     18.957
  66      8.1508
  67      4.8855
  68      9.9311
  69     12.9927
  70     10.896
  71      2.5562
  72     24.3701
  73     30.3419
  74     31.1421
  75     24.6563
  76     26.9321
  77     27.4404
  78      9.7721
  79      7.4683
  80    221.697
  81    138.314
  82    146.877
  83     74.4201
  84     64.735
  85     38.1534
  86     49.7043
  87     38.1191
  88    897.69
  89   1298.54
  90    986.452
  91    613.486
  92    434.939
  93    233.737
  94     61.4005
  95     63.2034
  96    958.65
  97    988.748
  98    959.195
  99    677.271
 100    353.694
 101    251.906
 102     68.2117
 103     31.1789
 104    303.965
 105    234.37
 106    196.998
 107    129.649
 108     79.642
 109     26.1905
 110     56.397
 111     14.2602
 112     29.0874
 113     45.0165
 114     38.3023
 115     30.2412
 116     16.4136
 117     17.1415
 118     17.7293
 119      5.6859
 120     13.7307
 121      5.5103
 122      8.8652
 123      4.603
 124     10.0686
 125      3.7628
 126      4.0336
 127      2.6459
 128     11.0381
 129     19.8042
 130     29.4662
 131     13.0768
 132     11.2093
 133      5.8161
 134      5.9874
 135      9.3129
 136    109.911
 137    111.212
 138     57.702
 139    103.735
 140     36.4167
 141     43.2701
 142     20.7646
 143     30.399
 144    628.201
 145    704.086
 146    566.106
 147    319.914
 148    171.072
 149    162.52
 150     83.7752
 151     36.6267
 152   9347.12
 153  10525
 154  10022.7
 155   9041.81
 156   6858.55
 157   4870.89
 158   2891.48
 159   1067.02
 160   8916.72
 161   9334.21
 162   9712.4
 163   9069.51
 164   7281.6
 165   5465.97
 166   2905.93
 167   1034.56
 168    653.147
 169    522.957
 170    403.462
 171    476.82
 172    259.851
 173    256.432
 174    100.845
 175     33.2099
 176     32.359
 177     65.1912
 178     54.2404
 179     41.3676
 180     38.7264
 181     31.9779
 182     39.3871
 183     21.1558
 184     18.9772
 185     15.0891
 186     15.7353
 187      9.5228
 188     10.871
 189     13.556
 190      5.7258
 191      6.3031
 192     48.6135
 193     17.275
 194     19.6267
 195     13.1887
 196     29.8112
 197      8.7036
 198     15.1962
 199      4.8407
 200     92.054
 201    146.872
 202     44.2996
 203     91.6356
 204     27.5796
 205     47.4211
 206     39.3981
 207     13.7676
 208   1148.9
 209    949.057
 210    872.461
 211    539.683
 212    232.036
 213    261.044
 214     79.3134
 215     28.5976
 216  13326.9
 217  14856.4
 218  13532.4
 219  11828.4
 220   9660.22
 221   7239.56
 222   4092.74
 223   1441.45
 224  12965
 225  13765
 226  13717.2
 227  12111.9
 228  10340.6
 229   7546.35
 230   4289.64
 231   1413.11
 232    860.733
 233    830.885
 234    715.528
 235    582.848
 236    354.159
 237    263.331
 238    140.935
 239     39.5008
 240     79.1308
 241    139.631
 242    107.46
 243     83.481
 244     36.9089
 245     28.6012
 246     21.7116
 247     16.4271
 248     37.6702
 249     30.2187
 250     21.0662
 251     23.4817
 252     10.6861
 253     11.7041
 254      9.8096
 255      5.6261
 256     18.1284
 257     25.3742
 258      9.4
 259     20.6019
 260     21.2585
 261     13.3184
 262      4.4966
 263      3.8588
 264     67.773
 265    112.812
 266     42.7631
 267     80.8965
 268     69.1524
 269     42.4272
 270     18.3553
 271     11.9267
 272    842.191
 273   1039.55
 274    790.372
 275    469.168
 276    395.295
 277    167.002
 278    141.888
 279     37.1345
 280  14869.7
 281  15708
 282  14824.4
 283  12828.5
 284  10197.7
 285   6932.88
 286   4179.85
 287   1488.3
 288  13773.2
 289  14555.1
 290  14622.4
 291  12639.3
 292  10132.3
 293   7713.7
 294   4428.32
 295   1496.11
 296   1069.65
 297   1278.34
 298    822.396
 299    768.33
 300    459.453
 301    180.988
 302     59.8069
 303     59.2197
 304    147.795
 305    103.516
 306    121.125
 307     93.1382
 308     61.0292
 309     21.6251
 310     13.6575
 311     10.958
 312     54.7578
 313     41.9874
 314     18.9545
 315     10.4965
 316     11.597
 317     14.7835
 318      7.2997
 319      7.6291
 320     15.1646
 321     38.7063
 322     27.7755
 323     25.144
 324     15.1187
 325      6.5755
 326      5.4855
 327      3.2678
 328     66.3746
 329     72.7063
 330     51.1733
 331    106.007
 332     28.3216
 333     28.7058
 334     17.8044
 335      7.9792
 336    831.464
 337    831.625
 338    734.559
 339    363.968
 340    213.828
 341     85.2112
 342    100.039
 343     59.2384
 344  10580.7
 345  10524.3
 346  10354.5
 347   9707.98
 348   7926.45
 349   5693.19
 350   3193.58
 351   1093.53
 352  10047.4
 353  10635.1
 354  10271.6
 355   9192.66
 356   7726.89
 357   5661.39
 358   3230.05
 359    997.108
 360    599.545
 361    867.126
 362    718.284
 363    468.15
 364    305.694
 365    304.86
 366     76.2079
 367     24.2082
 368     42.2564
 369     47.5096
 370     61.7909
 371     30.0734
 372     35.0554
 373     30.3492
 374     16.0317
 375     23.9353
 376     11.0927
 377     63.9186
 378     32.323
 379      9.4025
 380     11.3617
 381     18.1455
 382      9.3354
 383      6.6643
 384     31.4611
 385     22.2489
 386     13.0886
 387     10.0203
 388     16.6642
 389      6.1593
 390      4.5891
 391      2.268
 392     50.3255
 393     53.7789
 394     46.1618
 395     20.3309
 396     20.2239
 397     22.7607
 398     11.9637
 399      6.061
 400    277.324
 401    156.38
 402    187.162
 403    173.536
 404    123.372
 405     74.3722
 406     18.8767
 407     19.8294
 408    988.707
 409    865.06
 410    809.329
 411    744.699
 412    360.417
 413    262.48
 414     92.7035
 415     21.6639
 416   1109.91
 417   1076.21
 418    962.061
 419    763.073
 420    544.372
 421    313.617
 422     82.8453
 423     47.3777
 424    215.839
 425    258.069
 426    212.122
 427    144.78
 428     55.7451
 429     39.3082
 430     22.3758
 431     16.9298
 432     44.2728
 433     18.6772
 434     20.8873
 435     20.0432
 436     37.3924
 437     20.7366
 438     13.1408
 439     10.4377
 440      4.3113
 441     22.0317
 442     12.2624
 443      9.8809
 444      6.4318
 445      8.2383
 446      5.2101
 447      5.1539
 448     11.0349
 449      5.8064
 450      3.7887
 451      4.2492
 452      4.4653
 453      4.8003
 454      1.1069
 455      2.4454
 456      8.4543
 457     37.9604
 458     22.1154
 459      8.4549
 460     11.7975
 461     13.8718
 462      5.4891
 463      2.8776
 464     62.0441
 465     35.7072
 466     16.3873
 467     22.5945
 468     30.8044
 469     15.3652
 470     10.4117
 471      8.2504
 472     81.8184
 473     97.1573
 474     43.5238
 475     51.0422
 476     43.4659
 477     26.0757
 478     10.3545
 479      6.3004
 480     76.1613
 481     81.1127
 482     34.6712
 483     52.1259
 484     24.9168
 485     17.5723
 486     13.2876
 487      5.0043
 488     17.295
 489     36.514
 490     20.4113
 491     46.3242
 492     17.786
 493     15.256
 494      8.1792
 495     14.6829
 496     10.4741
 497     15.619
 498      9.0188
 499     16.3933
 500     27.1117
 501     28.6411
 502      5.9691
 503      6.1871
 504     13.4256
 505     17.7633
 506      7.1171
 507     27.4609
 508      6.6537
 509      5.1897
 510      6.5147
 511      2.119
