This file was gnenerated on 2021-06-11 11:09:09.188752 by Grant Finneman. This contains the extracted data from the Gate simulations
The edep for each cube was summed up and printed to this file. The only math operation done has been addition.

  id        edep
   0      3.1095
   1      5.0555
   2     18.831
   3      1.4921
   4      5.0996
   5      3.59
   6      2.0986
   7     13.6653
   8      0.8803
   9      6.5361
  10      4.1932
  11     12.4246
  12     11.3553
  13     26.6336
  14      9.4815
  15      6.1633
  16      5.8548
  17      4.4876
  18     10.6243
  19     12.0984
  20     10.8119
  21     10.6334
  22     20.8133
  23     11.3447
  24      6.7076
  25     13.054
  26     10.5444
  27     18.1062
  28     13.3208
  29     12.1496
  30     35.4047
  31     18.9238
  32      3.3293
  33      6.8432
  34     11.0359
  35      7.7458
  36     18.0169
  37     16.8418
  38     17.0251
  39     16.0921
  40      4.7263
  41      4.0918
  42      5.8245
  43      7.24
  44     10.8117
  45      5.5943
  46      7.4041
  47     23.1368
  48      1.0011
  49     10.349
  50      5.6777
  51      4.4937
  52     13.5048
  53     17.0409
  54      5.0104
  55      7.1024
  56      2.8495
  57      0.2064
  58     17.0746
  59     20.343
  60      2.88
  61      5.3029
  62      5.9354
  63     17.0697
  64      5.16
  65      6.6404
  66      3.794
  67      3.9723
  68      7.9846
  69      8.3649
  70     10.3198
  71     17.0465
  72      3.2429
  73      8.5681
  74     13.3667
  75     26.3929
  76     14.4532
  77     17.775
  78     20.7686
  79     20.6619
  80     11.0215
  81     15.5778
  82     44.1777
  83     37.8136
  84     28.0533
  85     40.5583
  86     58.9991
  87     32.3713
  88     21.4443
  89     26.683
  90     52.6949
  91     28.4173
  92     35.8563
  93     68.2249
  94     98.3737
  95     81.2224
  96     13.8552
  97     27.1879
  98     17.9276
  99     29.5514
 100     49.175
 101     69.586
 102     87.4191
 103     68.2783
 104      9.3386
 105     10.1472
 106     40.1043
 107     45.8217
 108     38.6351
 109     43.0055
 110     69.314
 111     45.1049
 112     11.9754
 113      9.4071
 114     22.519
 115     10.727
 116     15.0149
 117     45.2598
 118     65.6454
 119     19.1127
 120     14.3221
 121      9.6791
 122     19.3865
 123      8.9911
 124      8.9075
 125      9.197
 126     13.1027
 127     28.6815
 128      4.8118
 129      8.2335
 130     11.5815
 131     23.0508
 132      9.5367
 133     11.4111
 134     18.04
 135     18.5083
 136     19.5897
 137     23.4113
 138     30.7002
 139     47.6485
 140     39.89
 141     38.0812
 142     46.4998
 143     54.2511
 144     23.2696
 145     39.7482
 146     67.3834
 147    136.827
 148    207.927
 149    177.618
 150    186.145
 151    148.3
 152     43.3572
 153     90.7001
 154    364.476
 155    387.409
 156    432.671
 157    510.519
 158    642.215
 159    492.221
 160     65.5764
 161    175.466
 162    242.835
 163    357.717
 164    515.774
 165    586.283
 166    606.241
 167    506.831
 168     23.5036
 169     84.93
 170     74.1811
 171    156.553
 172    131.715
 173    111.28
 174    209.759
 175    206.102
 176      8.6932
 177     17.9674
 178     19.9554
 179     29.0072
 180     36.5457
 181     58.751
 182     37.124
 183     32.3136
 184      9.2325
 185      9.336
 186     14.3497
 187     15.6219
 188     35.7856
 189     23.9836
 190     38.3086
 191     11.5017
 192      3.7089
 193     12.3743
 194     16.4514
 195     18.9574
 196     19.7008
 197     20.6276
 198     12.8139
 199     32.038
 200     15.588
 201     19.9935
 202     26.8855
 203     59.3953
 204     48.6023
 205     74.711
 206     72.8505
 207    124.852
 208     67.7458
 209    197.346
 210    323.452
 211    693.089
 212    820.318
 213   1079.42
 214   1023.87
 215   1018
 216   4670.96
 217  11945
 218  17804.9
 219  19804.8
 220  18867.3
 221  17066.5
 222  13858
 223   9900.43
 224   5163.11
 225  12784.2
 226  18060.3
 227  20276.4
 228  20475.8
 229  17141.1
 230  13429.3
 231   9715.95
 232     78.3233
 233    159.683
 234    254.236
 235    469.904
 236    928.415
 237   1014.11
 238   1336.57
 239   1034.42
 240     21.7976
 241     18.5652
 242     46.1399
 243     55.4452
 244     96.4199
 245     90.7875
 246    114.812
 247    140.045
 248      5.5649
 249     16.8808
 250     14.1771
 251     14.486
 252     17.9369
 253     17.9573
 254     39.9942
 255     61.2029
 256     15.8538
 257     13.3378
 258     12.1106
 259     10.2731
 260     24.9149
 261     24.6757
 262     33.2951
 263     21.2501
 264     14.367
 265     23.3234
 266     43.8024
 267     58.8368
 268     70.0502
 269    173.577
 270    179.112
 271    216.739
 272     47.0866
 273    111.41
 274    375.903
 275    570.893
 276   1133.55
 277   1556.36
 278   1752.09
 279   1977.86
 280    509.643
 281   3810.88
 282   9460.64
 283  16998.3
 284  24152.2
 285  31606.3
 286  36109.2
 287  35435.8
 288    350.138
 289   3331.98
 290   9532.84
 291  17682.4
 292  27270.3
 293  35081.2
 294  37328.3
 295  35716.6
 296     78.7133
 297    153.746
 298    356.286
 299    704.22
 300   1152.4
 301   1558.38
 302   2078.05
 303   2007.97
 304     12.6215
 305     38.6759
 306     59.6578
 307    202.521
 308    145.379
 309    112.062
 310    114.572
 311     92.1435
 312      4.5968
 313      8.6661
 314     23.4564
 315     39.9067
 316     20.6278
 317     17.4936
 318     46.7033
 319     50.1493
 320      6.7112
 321     15.9938
 322     17.8818
 323     10.0836
 324     13.9983
 325     16.7068
 326     16.2421
 327     17.1602
 328     18.6627
 329     24.2698
 330     21.0673
 331     52.1206
 332     54.1174
 333     69.8789
 334    108.496
 335    142.619
 336     47.2107
 337     43.2213
 338    101.592
 339    171.695
 340    305.532
 341    406.914
 342    514.835
 343    582.842
 344    106.468
 345    135.038
 346    215.618
 347    443.495
 348   1092.02
 349   1698.72
 350   2598.42
 351   2744.77
 352     63.1187
 353     82.7358
 354    237.878
 355    454.651
 356    878.348
 357   1576.94
 358   2624.39
 359   3000.2
 360     17.7398
 361     43.5576
 362    107.301
 363    169.145
 364    272.385
 365    352.575
 366    624.108
 367    637.842
 368     17.3592
 369     31.5952
 370     53.4636
 371     45.4577
 372     85.7418
 373     94.317
 374    139.071
 375    131.117
 376     13.239
 377      6.2987
 378     15.7242
 379     12.2185
 380     17.0275
 381     17.1837
 382     46.6298
 383     34.4171
 384     14.2607
 385      6.1239
 386      6.0864
 387      7.7187
 388     12.3188
 389      8.7175
 390      7.2242
 391     15.5811
 392     10.4751
 393      9.2109
 394     31.0294
 395     21.0367
 396     41.2119
 397     22.3805
 398     18.0669
 399     50.5511
 400     13.162
 401     42.522
 402     51.6107
 403     42.5735
 404     87.7926
 405    154.462
 406    177.561
 407    126.499
 408     15.2349
 409     48.8658
 410     27.9072
 411    115.987
 412    187.758
 413    218.294
 414    316.534
 415    306.139
 416     18.6594
 417     24.3531
 418     49.7286
 419     77.0171
 420    174.102
 421    221.116
 422    189.818
 423    303.755
 424     12.1355
 425     21.7648
 426     27.2068
 427     22.6922
 428     73.9992
 429     71.4763
 430     89.117
 431     94.9607
 432     12.611
 433     20.1148
 434     42.3652
 435     24.9278
 436     27.8115
 437     54.3812
 438     40.4776
 439     60.7956
 440      9.8643
 441      8.9355
 442     10.1423
 443      8.0847
 444      5.9477
 445     25.6046
 446      9.1372
 447     10.6875
 448      1.6259
 449      5.1891
 450     10.3216
 451      2.5354
 452      6.1499
 453      6.4571
 454      6.7515
 455      5.5386
 456      2.3364
 457      7.1565
 458     11.1154
 459     13.9973
 460     15.9937
 461     31.5433
 462     17.3361
 463     20.4066
 464     10.0649
 465      6.7135
 466     13.8695
 467     16.4979
 468     27.8843
 469     54.6106
 470     39.1844
 471     27.0697
 472     20.207
 473     15.0427
 474     17.0828
 475     23.9591
 476     26.0654
 477     33.8148
 478     29.6826
 479     98.0937
 480      6.4518
 481     16.1536
 482     13.9218
 483     17.6757
 484     35.8211
 485     48.3136
 486     42.5562
 487     65.5874
 488      3.5256
 489      5.7406
 490     14.3638
 491     17.6548
 492     36.7394
 493     22.0063
 494     58.4835
 495     40.5207
 496      2.9872
 497      9.6319
 498      5.7584
 499     17.2292
 500     22.9564
 501      8.9449
 502     13.5062
 503     47.435
 504      2.3755
 505      4.2012
 506      9.5098
 507      3.0974
 508      5.9114
 509      8.9522
 510     12.9033
 511      6.504
