This file was gnenerated on 2021-06-11 11:15:15.300695 by Grant Finneman. This contains the extracted data from the Gate simulations
The edep for each cube was summed up and printed to this file. The only math operation done has been addition.

  id        edep
   0     14.5645
   1      3.6211
   2      5.7638
   3      6.7044
   4      4.2272
   5      4.8975
   6      7.0411
   7      2.6582
   8     76.1049
   9      7.6038
  10     11.7908
  11     25.8369
  12     14.3274
  13      7.3635
  14     30.9326
  15      8.1639
  16     23.2413
  17     38.3738
  18     20.4903
  19     23.3339
  20     36.0751
  21     40.6615
  22     59.6032
  23     47.7408
  24     50.2082
  25     20.6932
  26     23.9929
  27     27.488
  28     35.3208
  29     50.4105
  30     25.6437
  31     55.9918
  32     75.535
  33     25.6186
  34     71.0226
  35     57.433
  36     23.0331
  37     66.8338
  38     24.6682
  39     16.9951
  40     11.891
  41     16.7166
  42     17.0566
  43     20.5741
  44     19.4808
  45     29.4907
  46     86.7328
  47     17.795
  48      9.4044
  49      7.2271
  50      9.9002
  51      8.6435
  52      8.9107
  53      7.9859
  54      8.1845
  55      9.5812
  56      3.1156
  57      4.6468
  58      5.2995
  59     13.6967
  60      5.1678
  61      5.688
  62      2.7773
  63      7.7335
  64      9.7864
  65      3.9131
  66      6.2665
  67     11.6035
  68      9.2958
  69     26.7912
  70     20.4294
  71      8.9963
  72     20.8778
  73     15.2889
  74     17.8357
  75     14.1576
  76     12.7612
  77     25.4212
  78     26.3471
  79     14.0438
  80     28.7451
  81     43.6965
  82    123.296
  83    152.386
  84    142.062
  85    215.297
  86     77.3128
  87     90.5327
  88   1535.43
  89   3076.38
  90   3225.4
  91   2279.62
  92    978.691
  93    753.509
  94    484.429
  95    153.917
  96   1467.04
  97   2675.85
  98   3344.94
  99   2528.78
 100   1209.52
 101    691.46
 102    367.975
 103    279.141
 104     19.7478
 105     59.6757
 106     62.0937
 107    105.279
 108    149.202
 109    174.542
 110    140.976
 111     71.3497
 112     18.0071
 113     14.1797
 114     17.8498
 115     18.3239
 116     18.3709
 117     42.2848
 118     43.3904
 119     22.7831
 120      4.7418
 121      5.2075
 122      6.0646
 123      8.014
 124     10.6321
 125      6.9208
 126      9.2429
 127     23.3385
 128      4.6308
 129     20.6119
 130     21.1813
 131     17.8504
 132     15.6888
 133     15.6152
 134     17.9662
 135     12.7016
 136     16.1038
 137     23.2687
 138     65.3304
 139    130.793
 140     34.2299
 141     45.9426
 142     61.9191
 143     58.2441
 144     37.9602
 145     87.3881
 146    266.789
 147    348.694
 148    601.093
 149    563.016
 150    385.483
 151    352.85
 152   1908.7
 153   5304.19
 154   8885.98
 155  10984.1
 156  11367.7
 157   8775.81
 158   5634.4
 159   2791.39
 160   2144.02
 161   4943.63
 162   8312.74
 163  10821
 164  10223.8
 165   8466.17
 166   5868.77
 167   2763.17
 168     38.4685
 169     72.4452
 170    158.362
 171    262.825
 172    529.651
 173    603.395
 174    489.375
 175    313.058
 176      9.3749
 177     19.5485
 178     52.713
 179     51.8842
 180     46.5253
 181     77.1304
 182    123.7
 183     91.1814
 184      9.7456
 185      5.3599
 186     44.147
 187      8.6107
 188     16.3694
 189     19.1147
 190     33.6151
 191     35.4972
 192      7.5759
 193      9.9156
 194     28.5029
 195     16.4538
 196     21.0643
 197     23.5305
 198     22.3996
 199     15.4294
 200     36.5592
 201     66.9189
 202     96.3902
 203     64.3157
 204     71.1875
 205    122.579
 206    190.986
 207    132.439
 208     38.9664
 209    150.114
 210    237.647
 211    480.072
 212    715.616
 213    786.705
 214   1081.26
 215   1116.66
 216   1813.5
 217   5387.35
 218   9365.81
 219  11933.4
 220  13514.7
 221  14834.5
 222  15128.6
 223  12183.4
 224   2031.13
 225   5420.3
 226   9336.82
 227  11187.9
 228  13786.1
 229  15782
 230  15653.2
 231  12072.4
 232     79.3638
 233    105.899
 234    269.858
 235    352.324
 236    681.986
 237   1121.54
 238   1413.83
 239    893.952
 240     16.8415
 241     32.3258
 242     44.4432
 243     69.5445
 244     68.2886
 245    105.801
 246    135.034
 247    151.844
 248     34.2017
 249      9.7068
 250     38.7611
 251     12.4157
 252     23.0509
 253     62.8616
 254     31.3824
 255     38.8866
 256      7.9111
 257      9.3605
 258     15.6696
 259     30.185
 260     26.1135
 261     37.8272
 262     53.5798
 263     48.5036
 264     13.8657
 265     40.0199
 266     56.5189
 267     50.7748
 268    112.264
 269    135.701
 270    114.725
 271    142.221
 272     54.625
 273    127.886
 274    254.433
 275    472.3
 276    823.229
 277   1137.44
 278   1259.9
 279   1363.43
 280   1890.78
 281   5492.66
 282   9434.01
 283  12291
 284  14394.3
 285  15047.9
 286  14939.4
 287  13672.1
 288   1521.81
 289   4868.13
 290   8466.05
 291  11788.4
 292  13830.5
 293  14958.9
 294  15165.7
 295  13689.9
 296     89.3755
 297    125.801
 298    303.466
 299    415.5
 300    819.224
 301   1122.66
 302   1398.16
 303   1244.74
 304     23.9136
 305     26.3716
 306     67.2886
 307     55.1491
 308     89.5278
 309    133.923
 310    150.547
 311    173.842
 312     25.8173
 313     12.9011
 314     11.6372
 315     12.8962
 316     13.9413
 317     21.2883
 318     31.332
 319     41.2252
 320      8.806
 321     18.6581
 322     35.7982
 323     37.2894
 324     12.7825
 325     72.2982
 326     23.7549
 327     36.9783
 328     31.2889
 329     22.8597
 330     35.4429
 331     66.1121
 332    121.268
 333    110.403
 334    166.088
 335    182.684
 336     44.2532
 337    115.471
 338    271.274
 339    313.921
 340    698.804
 341   1242.59
 342   1096.12
 343   1248.33
 344    549.632
 345   2416.46
 346   6014.41
 347   9942.24
 348  12890
 349  15070
 350  15061.6
 351  12543.8
 352    443.696
 353   2243.36
 354   5345.92
 355   8914.74
 356  11886.9
 357  13727.1
 358  14617
 359  13491
 360     44.781
 361     60.6433
 362    220.227
 363    424.702
 364    907.45
 365    998.092
 366   1254.76
 367   1219.27
 368     17.0101
 369     39.6945
 370     36.145
 371     56.0909
 372    144.334
 373    152.377
 374    248.38
 375    165.716
 376     15.3629
 377     26.0811
 378     26.0134
 379     20.3385
 380     28.129
 381     25.7283
 382     64.4553
 383     46.5775
 384      8.0606
 385     10.2416
 386     36.511
 387     24.9105
 388     12.2022
 389     43.7
 390     21.0489
 391     19.4543
 392      8.6571
 393     42.597
 394     40.673
 395     44.5257
 396     92.8891
 397     89.288
 398    171.183
 399    171.486
 400     21.1638
 401     49.4181
 402     70.8303
 403    250.588
 404    319.713
 405    641.87
 406   1081.21
 407    987.08
 408     52.5699
 409    203.555
 410    367.489
 411   1386.7
 412   4068.71
 413   7294.88
 414  10239.6
 415  10471.7
 416     99.857
 417    142.179
 418    465.993
 419   1425.62
 420   4199.85
 421   7202.94
 422   9674.45
 423  10747.5
 424     25.2419
 425     36.1808
 426     86.0051
 427    192.993
 428    390.696
 429    698.343
 430    713.606
 431    830.531
 432     15.3288
 433     20.593
 434     37.8832
 435     42.0832
 436     93.0543
 437    165.993
 438    116.199
 439    122.072
 440      7.2516
 441     36.1738
 442     25.8355
 443     20.9108
 444     16.6022
 445     61.2563
 446     58.0979
 447     14.2297
 448      4.0105
 449     40.2717
 450     32.1163
 451      5.9098
 452     14.2979
 453     28.2419
 454     36.5317
 455     41.5697
 456      4.1707
 457     32.5735
 458     17.1763
 459     17.5813
 460     29.9236
 461     24.8246
 462     32.1058
 463    118.381
 464     14.0276
 465     26.9631
 466     37.5618
 467     95.5589
 468     85.2338
 469    176.804
 470    270.367
 471    543.543
 472     21.3202
 473     35.1559
 474     82.3051
 475    148.53
 476    339.763
 477    631.18
 478   1467.69
 479   2251.12
 480     18.2938
 481     58.7228
 482     82.406
 483    218.494
 484    324.708
 485    760.239
 486   1522.7
 487   2347.29
 488     21.0799
 489     45.604
 490     72.828
 491     59.314
 492    129.905
 493    209.475
 494    403.606
 495    402.001
 496     10.0914
 497     14.0479
 498     32.9895
 499     30.0292
 500     30.2104
 501     50.9038
 502     66.4542
 503     47.4192
 504      8.0854
 505      6.0854
 506     22.909
 507     11.9403
 508     16.8754
 509     37.6662
 510     20.6211
 511     24.3216
