This file was gnenerated on 2021-06-11 11:13:08.164134 by Grant Finneman. This contains the extracted data from the Gate simulations
The edep for each cube was summed up and printed to this file. The only math operation done has been addition.

  id        edep
   0      3.996
   1      6.1009
   2     15.743
   3     28.8212
   4     10.3229
   5     14.8391
   6     24.8828
   7     44.6072
   8     10.0494
   9      9.9102
  10     24.2941
  11     86.6856
  12     28.6221
  13     40.5672
  14     49.3451
  15     58.0859
  16     11.9679
  17     19.8191
  18     62.7867
  19    108.455
  20     77.1073
  21    109.458
  22    229.14
  23    328.704
  24     24.3581
  25     42.2753
  26     44.8463
  27     93.7175
  28    187.134
  29    248.683
  30    575.715
  31    831.643
  32     44.9874
  33     68.7283
  34     61.659
  35     88.7767
  36    150.618
  37    333.331
  38    768.351
  39   1161.56
  40     14.1279
  41     25.4828
  42     50.2638
  43     75.5083
  44     98.4001
  45    158.742
  46    276.225
  47    283.777
  48     11.5131
  49     16.5151
  50     32.7157
  51     72.8621
  52     82.7114
  53     52.1788
  54     63.2517
  55     51.2703
  56      7.6487
  57     29.0509
  58     14.2742
  59     37.9741
  60     20.0578
  61      8.7401
  62     48.639
  63     22.6737
  64     10.6892
  65     10.4388
  66     17.5591
  67     27.9287
  68     32.5547
  69     43.9377
  70     56.3775
  71     26.8358
  72     14.144
  73     13.9524
  74     28.4165
  75     79.1386
  76    103.068
  77    119.828
  78    119.323
  79    190.141
  80     17.8512
  81     73.4191
  82     74.5249
  83    136.734
  84    326.403
  85    521.678
  86    706.222
  87    894.728
  88     30.0253
  89     61.4064
  90    213.76
  91    510.076
  92   1192.66
  93   2864.34
  94   5347.22
  95   7320.88
  96     45.2016
  97    107.233
  98    204.359
  99    493.859
 100   1170.89
 101   2757.06
 102   6099.85
 103   8525.79
 104     23.5591
 105     63.6617
 106     42.382
 107     92.0981
 108    255.978
 109    413.015
 110    763.039
 111    636.124
 112     18.3951
 113     22.6858
 114     26.0951
 115     24.3005
 116     76.5786
 117    105.34
 118     73.0297
 119    134.116
 120     32.5049
 121     20.8893
 122     15.9069
 123     11.4524
 124     42.2089
 125     28.4421
 126     28.8358
 127     38.3552
 128     10.528
 129     26.1953
 130     25.9999
 131     19.1212
 132     27.784
 133     39.3756
 134     67.1213
 135     28.9406
 136     13.0976
 137     24.3455
 138     61.6211
 139     42.123
 140    101.378
 141    128.306
 142    132.773
 143    209.009
 144     42.5128
 145     88.4997
 146    169.855
 147    373.552
 148    934.691
 149   1081.59
 150   1437.94
 151   1776.07
 152     90.9281
 153    478.932
 154   2459.14
 155   6559.26
 156  11651.5
 157  16216.7
 158  19430.1
 159  17805.2
 160    154.171
 161    352.356
 162   1894.7
 163   6700.12
 164  12289
 165  16610.3
 166  19754.3
 167  18222.9
 168     50.7665
 169     72.6841
 170    126.464
 171    277.489
 172    826.257
 173   1301.4
 174   1671.21
 175   1568.5
 176     28.4332
 177     29.6275
 178     72.82
 179     78.982
 180    104.171
 181     85.5658
 182    122.562
 183    137.055
 184     11.2212
 185     12.8976
 186     29.343
 187     29.4447
 188     22.883
 189     59.3726
 190     57.3906
 191     55.6365
 192     14.5854
 193     30.9896
 194     12.1615
 195     17.4125
 196     36.4135
 197     31.6233
 198     30.1581
 199     48.2921
 200     18.5751
 201     37.0815
 202     50.3535
 203     73.0424
 204     61.5775
 205    101.335
 206    160.816
 207    154.813
 208     83.1149
 209    176.917
 210    458.266
 211    725.884
 212    841.124
 213   1332.7
 214   1428.28
 215   1621.84
 216   1570.77
 217   5288.49
 218  11069.5
 219  15628.2
 220  19002.1
 221  20664.3
 222  20587.1
 223  17070.5
 224   1517.62
 225   5116.2
 226  10903
 227  15753.3
 228  18121.8
 229  20590.3
 230  21348.6
 231  17727.1
 232    104.152
 233    133.786
 234    363.165
 235    717.041
 236   1129.31
 237   1411.63
 238   1394.85
 239   1684.47
 240     30.3858
 241     41.3369
 242     71.4162
 243     43.6684
 244    102.829
 245    142.371
 246    159.771
 247    168.846
 248     25.9309
 249     30.3863
 250     16.7452
 251     36.3221
 252     44.8614
 253     39.4639
 254     17.958
 255     33.7916
 256     32.5178
 257     21.2474
 258      7.0836
 259     11.1467
 260     19.0098
 261     17.1932
 262     74.2436
 263     18.029
 264     25.9134
 265     61.8019
 266     34.878
 267     45.4248
 268    140.017
 269     76.3547
 270    106.712
 271     87.1749
 272     43.3127
 273    220.841
 274    403.04
 275    616.735
 276   1139.9
 277   1098.84
 278    878.08
 279    670.233
 280   2486.93
 281   6954.18
 282  12006.8
 283  16229.5
 284  17815.8
 285  17711
 286  14291.8
 287   9308.03
 288   2285.56
 289   7181.19
 290  12137.2
 291  16098.3
 292  19048.7
 293  18210.1
 294  15116.5
 295   9369.66
 296     86.1562
 297    177.979
 298    439.598
 299    476.673
 300    750.426
 301   1078.01
 302   1224.43
 303    861.297
 304     30.708
 305     21.6294
 306     35.5475
 307     59.032
 308    133.459
 309     84.4773
 310    102.797
 311     96.1732
 312      4.8644
 313     10.8709
 314     35.0229
 315     42.8278
 316     36.057
 317     28.5281
 318     34.913
 319     28.4914
 320      9.7246
 321      8.8562
 322      6.1554
 323     16.1061
 324     14.1605
 325     19.7913
 326     10.83
 327     10.1856
 328     25.2277
 329     19.5086
 330     29.9342
 331     36.4566
 332     66.0471
 333     38.7112
 334     38.2445
 335     56.1934
 336     39.2036
 337     75.1585
 338    275.553
 339    260.975
 340    437.419
 341    479.14
 342    300.441
 343    257.8
 344   2253.43
 345   6194.95
 346   8807.77
 347   8192.42
 348   7048.7
 349   3661.2
 350   1749.36
 351    747.94
 352   2520.55
 353   6739.26
 354   8936.4
 355   9084.78
 356   6704.12
 357   3775.35
 358   1819.8
 359    885.553
 360     56.142
 361     79.8763
 362    290.257
 363    378.893
 364    285.841
 365    263.708
 366    301.038
 367    228.269
 368     18.0225
 369     16.9715
 370     41.0623
 371     28.6411
 372     46.2021
 373     58.3557
 374     36.7665
 375     48.044
 376      4.949
 377      5.0904
 378     38.4253
 379     31.6986
 380     25.7305
 381     61.9357
 382      9.9958
 383      7.9792
 384      8.7032
 385      5.576
 386      3.4311
 387     19.1926
 388     32.5176
 389      9.1596
 390      7.0865
 391      7.2459
 392     12.1186
 393     13.5167
 394     11.1011
 395     30.0853
 396     16.9521
 397      8.4396
 398     17.3708
 399     12.7709
 400     39.5095
 401     60.5792
 402     98.5846
 403     88.0139
 404     87.6681
 405     57.773
 406     50.77
 407     44.8299
 408    791.17
 409   1029.57
 410    402.175
 411    255.2
 412    206.781
 413    212.568
 414     90.4818
 415     80.861
 416    844.911
 417   1057.08
 418    422.51
 419    376.844
 420    294.837
 421    184.262
 422    129.671
 423     43.6186
 424     14.4901
 425     20.9119
 426     71.6782
 427     39.293
 428     40.2164
 429     35.1663
 430     72.9491
 431     73.2848
 432      3.0677
 433     22.7989
 434     22.3541
 435     14.1967
 436     30.3184
 437     27.6069
 438     75.6257
 439     50.4029
 440      4.3731
 441     28.0646
 442      7.7203
 443     28.5554
 444      6.5998
 445     13.1572
 446      8.553
 447      6.2272
 448      2.2465
 449      0.5661
 450      5.4765
 451      2.2247
 452      3.6425
 453      4.0091
 454      3.8322
 455     11.4353
 456      4.8848
 457      3.7475
 458      4.9618
 459      8.8387
 460     11.0616
 461     14.8536
 462      8.0099
 463      4.3177
 464      6.6778
 465     10.7354
 466     12.7137
 467      5.7498
 468     16.0129
 469     16.7279
 470     11.1011
 471     39.5916
 472     12.7791
 473      8.8167
 474     22.8103
 475     21.8191
 476     10.9647
 477     20.2628
 478     20.3435
 479     20.8418
 480      7.4034
 481     23.6324
 482     18.6863
 483     21.1484
 484     11.3544
 485     25.4456
 486     32.733
 487     14.7386
 488      3.9731
 489     18.0828
 490     52.2249
 491     18.3438
 492     15.1848
 493     17.664
 494      9.928
 495     11.4446
 496      5.2429
 497      7.951
 498      6.5196
 499     10.9387
 500      5.0053
 501     15.0443
 502     11.1391
 503     12.9857
 504      0.5417
 505     30.6982
 506      2.944
 507      1.5123
 508      0.3904
 509     24.939
 510      3.6424
 511      4.8196
