This file was gnenerated on 2021-06-11 11:13:14.030093 by Grant Finneman. This contains the extracted data from the Gate simulations
The edep for each cube was summed up and printed to this file. The only math operation done has been addition.

  id        edep
   0      2.1027
   1      1.3416
   2      4.8516
   3      3.4476
   4      8.4641
   5     13.374
   6     13.1711
   7      3.4699
   8      3.7335
   9      8.1933
  10     20.3342
  11     14.2326
  12      9.4858
  13      8.9417
  14      6.3242
  15      9.5728
  16      3.9498
  17     10.7016
  18     12.9366
  19     14.6882
  20     12.087
  21     17.5877
  22     33.9384
  23     19.4144
  24      9.3153
  25      9.5509
  26     12.1359
  27     19.0733
  28     16.9037
  29     21.7302
  30     26.598
  31     26.3292
  32      6.9575
  33     11.3342
  34     15.2702
  35     17.8094
  36     20.9445
  37     28.7199
  38     28.0746
  39     22.195
  40      4.8755
  41      7.6098
  42     15.1289
  43     38.8262
  44     40.597
  45     26.5036
  46     14.5554
  47     12.6117
  48      8.2011
  49      6.6911
  50      8.6217
  51     17.4277
  52      9.8267
  53     27.0805
  54     29.1513
  55     12.0354
  56      2.0058
  57      2.7581
  58      1.8724
  59      1.3383
  60      9.3789
  61      0.998
  62      2.0673
  63      3.3934
  64      4.171
  65      5.2532
  66      9.3486
  67     13.4017
  68     10.7432
  69      8.8514
  70     14.2533
  71      6.969
  72     13.2055
  73     17.5268
  74     10.0771
  75     17.9866
  76     49.413
  77     32.1609
  78     18.8634
  79     35.4084
  80     13.1705
  81     13.9776
  82     38.6999
  83     72.3845
  84     62.4979
  85     45.9122
  86     68.0485
  87     80.0965
  88     33.3606
  89     56.0999
  90     58.5831
  91    150.277
  92    277.904
  93    167.682
  94    179.396
  95    250.555
  96     20.1728
  97     27.2301
  98     76.3731
  99     96.4224
 100    235.8
 101    210.381
 102    161.784
 103     88.4918
 104     22.9452
 105     33.4117
 106     21.1626
 107    111.626
 108     52.6173
 109     83.0446
 110     64.0511
 111    100.105
 112      6.8309
 113     13.4173
 114     11.3322
 115     43.4312
 116     26.5808
 117     36.7376
 118     26.2117
 119     18.9159
 120      5.7915
 121      1.9019
 122      8.4301
 123      5.4685
 124      4.5835
 125      7.5535
 126      4.0397
 127      7.9131
 128     14.7305
 129      8.5311
 130     11.5515
 131     14.9968
 132     13.8611
 133     13.2704
 134     24.4273
 135     36.6646
 136      9.2344
 137     17.0839
 138     20.5023
 139     28.3677
 140     39.4102
 141     51.9988
 142     75.6885
 143     78.3908
 144     39.288
 145     88.059
 146    155.713
 147    199.957
 148    291.461
 149    435.541
 150    524.674
 151    461.859
 152   1144.25
 153   2825.51
 154   4050.15
 155   4734.71
 156   4726.56
 157   4633.59
 158   3570.28
 159   2862.38
 160   1142.11
 161   3167.3
 162   4564.08
 163   5441.26
 164   4781.51
 165   4377.23
 166   3906.01
 167   2946.74
 168     22.4992
 169     52.2519
 170    101.571
 171    162.514
 172    274.343
 173    380.81
 174    495.645
 175    370.322
 176     13.1338
 177     21.8182
 178     11.3697
 179     37.8612
 180     48.0905
 181     46.8805
 182     38.3692
 183     42.3242
 184      1.8344
 185      6.4926
 186     14.7822
 187     26.0101
 188      9.1402
 189      6.9641
 190     18.9388
 191     13.7124
 192      7.7422
 193      4.517
 194     11.4928
 195     28.5987
 196     16.9116
 197     20.3608
 198      9.3477
 199     52.3913
 200      9.1674
 201     38.9971
 202     70.2456
 203     52.5113
 204     57.2697
 205     93.138
 206     81.3125
 207    134.8
 208     26.0597
 209    237.299
 210    205.585
 211    651.793
 212    904.37
 213    964.282
 214   1207.32
 215   1052.81
 216   2416.76
 217   6649.75
 218  10673.9
 219  14814.7
 220  17701.6
 221  18669.2
 222  18467.9
 223  16006.1
 224   2475.2
 225   6343.78
 226  10296.5
 227  14827.7
 228  17206.1
 229  18701.4
 230  18125.5
 231  16501.1
 232     39.9171
 233     74.023
 234    290.928
 235    445.649
 236    744.673
 237   1057.51
 238   1434.31
 239   1178.47
 240     11.522
 241     18.4876
 242     41.9362
 243     83.0562
 244    103.061
 245    105.912
 246    133.262
 247    126.775
 248     23.1812
 249     39.8866
 250     11.4862
 251     13.9798
 252     20.8995
 253     17.2676
 254     29.4862
 255     38.3744
 256      5.2299
 257      9.3843
 258     28.8262
 259     20.8173
 260     36.1236
 261     37.8082
 262     22.4836
 263     45.8757
 264     17.2746
 265     24.619
 266     59.4213
 267     72.6877
 268     64.469
 269     96.1298
 270    105.095
 271    172.027
 272     59.8801
 273    106.401
 274    255.417
 275    620.678
 276    977.722
 277   1223.08
 278   1476.03
 279   1638.15
 280   2199.82
 281   6472.91
 282  10239.7
 283  13935.3
 284  17115.8
 285  18918.9
 286  20130.9
 287  19162.4
 288   1886.32
 289   5906.77
 290   9848.42
 291  14116.5
 292  17752.9
 293  19699.3
 294  20181.4
 295  18687.1
 296     42.3404
 297     70.8207
 298    170.701
 299    512.166
 300    908.667
 301   1001.68
 302   1152.45
 303   1110.65
 304     18.1018
 305     29.8513
 306     32.7102
 307     38.5483
 308     65.6298
 309     94.7862
 310    130.137
 311    127.43
 312      6.4814
 313     10.0561
 314      8.5741
 315     15.3373
 316     23.8402
 317     22.0182
 318     44.8767
 319     24.1092
 320      7.3228
 321      5.2625
 322     23.4607
 323     11.5501
 324     15.6031
 325     16.8491
 326     35.435
 327     18.0419
 328     13.47
 329     24.2693
 330     37.8382
 331     68.8937
 332     52.1982
 333     52.4013
 334     74.9497
 335    133.224
 336     37.7383
 337     68.7768
 338    171.401
 339    324.398
 340    374.856
 341    519.351
 342    779.086
 343    886.184
 344    128.719
 345    786.24
 346   2147.95
 347   3968.14
 348   6055.31
 349   8582.22
 350  10189.5
 351  10762.3
 352    119.513
 353    901.221
 354   1870.38
 355   3513.48
 356   5712.01
 357   8684.08
 358   9616.2
 359   9665.48
 360     32.3446
 361     52.0857
 362    115.581
 363    182.326
 364    451.788
 365    531.387
 366    690.239
 367    643.849
 368     15.8726
 369     18.8136
 370     40.7691
 371     61.0553
 372     53.8102
 373     62.676
 374     88.5076
 375    170.41
 376      3.8197
 377      5.1905
 378     12.4947
 379     30.7237
 380     18.197
 381     14.2618
 382     24.3781
 383     36.1966
 384      3.7543
 385      6.709
 386     23.045
 387      6.4351
 388      4.9636
 389     10.8745
 390     11.8207
 391     10.5477
 392     13.4554
 393     10.8628
 394     41.4549
 395     39.0354
 396     21.7663
 397     26.8576
 398     59.8969
 399     77.6851
 400     16.0415
 401     38.8932
 402     30.1383
 403    112.631
 404     73.4802
 405    145.636
 406    260.241
 407    328.181
 408     15.1581
 409     41.3777
 410    106.221
 411    191.69
 412    393.815
 413    623.384
 414    888.712
 415    861.548
 416     22.222
 417     42.1358
 418     57.8458
 419    131.908
 420    357.577
 421    492.539
 422    871.159
 423    952.107
 424     15.4203
 425     21.4314
 426     54.7278
 427     94.4464
 428    118.256
 429    196.772
 430    207.438
 431    253.657
 432      9.4356
 433      8.4217
 434      9.4919
 435     22.4462
 436     48.4205
 437     32.0618
 438     43.4603
 439     43.4228
 440      4.8163
 441      2.9145
 442      6.532
 443     10.5386
 444     15.2762
 445     11.2904
 446     12.3659
 447     11.9706
 448      2.5396
 449      2.6602
 450      3.5886
 451      2.4142
 452      5.1971
 453     12.7549
 454     19.1192
 455      7.3511
 456      4.9515
 457      8.5336
 458     10.882
 459     13.7586
 460     15.988
 461     49.6811
 462     32.3418
 463     10.3309
 464      7.12
 465      8.967
 466     35.8707
 467     34.5413
 468     32.4413
 469     70.398
 470     38.0261
 471     58.1176
 472     10.9075
 473     21.0682
 474     31.5653
 475     35.5496
 476     58.8265
 477     79.6429
 478     69.6458
 479    113.694
 480     11.6978
 481     28.678
 482     32.1535
 483     27.4791
 484     39.7089
 485     74.7636
 486    123.07
 487     67.2921
 488      5.9974
 489     12.7191
 490      8.19
 491     25.0945
 492     62.2898
 493     29.5217
 494     31.7394
 495     27.6504
 496      4.2064
 497      9.208
 498      7.2212
 499      5.3665
 500     19.487
 501     13.0383
 502     33.7883
 503     18.402
 504      2.6313
 505     12.7979
 506      2.8271
 507      4.2123
 508      5.9298
 509      2.8031
 510      7.6487
 511      6.5306
