This file was gnenerated on 2021-06-11 11:23:32.223095 by Grant Finneman. This contains the extracted data from the Gate simulations
The edep for each cube was summed up and printed to this file. The only math operation done has been addition.

  id        edep
   0     11.3547
   1      9.3832
   2     12.1822
   3      5.3602
   4      2.5859
   5      3.0101
   6      2.5544
   7      3.5798
   8     34.6435
   9     11.0555
  10      7.6726
  11      5.8497
  12      3.7423
  13     10.8961
  14      7.1882
  15      2.005
  16     34.8554
  17     14.0272
  18     17.2376
  19     23.7381
  20     17.1187
  21     15.9646
  22      8.5867
  23      9.0185
  24     59.554
  25     24.8475
  26     20.6223
  27     16.0241
  28     20.9578
  29     14.5331
  30     13.7543
  31      9.3746
  32     21.2338
  33     23.8928
  34     31.0533
  35     24.9311
  36     17.7724
  37     48.6794
  38      6.8398
  39      7.9148
  40     32.4314
  41     29.2475
  42     16.8993
  43     10.0177
  44     12.6455
  45     12.6006
  46     17.1693
  47      6.4139
  48     26.6097
  49     26.8477
  50      6.7553
  51      7.9984
  52      7.55
  53      6.6704
  54      4.4711
  55      1.3058
  56      4.1752
  57     27.4392
  58      5.5148
  59      6.0443
  60      3.0933
  61      0.8881
  62      2.423
  63      1.4452
  64      7.7267
  65      9.5943
  66     19.2445
  67      3.7135
  68      7.2651
  69      9.8788
  70      9.7039
  71      4.6534
  72     20.3114
  73     18.494
  74     38.7688
  75     43.8665
  76     36.7112
  77     15.8676
  78     17.2063
  79      9.8948
  80     68.0987
  81     58.5516
  82    193.554
  83     58.7307
  84     70.8093
  85     33.8526
  86     26.5908
  87     17.3992
  88    165.711
  89    137.431
  90    157.832
  91    121.161
  92     71.9125
  93     73.3418
  94     71.5125
  95     51.3824
  96     88.0605
  97    159.334
  98    269.419
  99    228.573
 100    164.796
 101    111.711
 102     28.6477
 103     20.4512
 104     89.2181
 105     50.8215
 106     54.2377
 107     78.9123
 108     34.5668
 109     29.5863
 110     13.9022
 111      9.9545
 112     61.1662
 113     51.3878
 114     24.1488
 115     20.7642
 116     16.0243
 117     13.1366
 118     11.1085
 119      6.8284
 120     12.3492
 121      8.9199
 122      7.039
 123      5.6644
 124     14.8285
 125      7.6573
 126      7.3839
 127      6.6728
 128     29.1165
 129     32.2125
 130     14.0875
 131     18.5836
 132     21.9746
 133     25.489
 134     10.859
 135      5.4563
 136     98.173
 137     47.0025
 138     87.1711
 139     79.5376
 140     76.3037
 141     16.0644
 142     15.0212
 143      8.2696
 144    545.864
 145    458.291
 146    495.505
 147    338.18
 148    240.185
 149    180.81
 150    162.887
 151     44.2908
 152   2769.34
 153   3637.93
 154   4253.6
 155   4626.29
 156   4653.97
 157   4029.38
 158   2916.13
 159   1167.59
 160   2348.68
 161   3281.73
 162   3950.72
 163   4745.6
 164   4818.37
 165   4004.59
 166   2695.97
 167   1103.29
 168    500.682
 169    481.368
 170    434.282
 171    313.649
 172    258.648
 173    129.365
 174     54.5244
 175     17.8483
 176     60.043
 177     45.7243
 178     61.802
 179     51.8768
 180     68.1942
 181     21.6737
 182     18.4891
 183     25.1457
 184     14.9234
 185     19.3827
 186     12.6116
 187     13.797
 188     10.673
 189      4.9165
 190      4.8326
 191     32.1044
 192     37.9705
 193     35.6531
 194     28.9952
 195     26.0152
 196     14.7679
 197      6.3127
 198      8.9
 199      8.0057
 200    135.825
 201    176.184
 202    163.761
 203    100.631
 204     66.7855
 205     35.8433
 206     26.2756
 207     13.1759
 208   1697.04
 209   1887.44
 210   1873.11
 211   1286.47
 212    747.694
 213    475.083
 214    155.081
 215     33.605
 216  16010.5
 217  18391.4
 218  18573.2
 219  17523.5
 220  14827.4
 221  10638.4
 222   6274
 223   2329.31
 224  14879.9
 225  17388.4
 226  17886
 227  16227.7
 228  13196.6
 229   9806.75
 230   5771.43
 231   2254.2
 232   1556.93
 233   1875.35
 234   1343.93
 235    949.518
 236    684.548
 237    518.211
 238    103.824
 239     33.9717
 240    113.389
 241    152.839
 242    161.797
 243     46.3557
 244     43.799
 245     24.3299
 246     21.7473
 247     15.2147
 248     22.236
 249     10.834
 250     19.4383
 251     44.7057
 252     27.6195
 253     13.5364
 254     12.7783
 255     13.8595
 256     40.6359
 257     26.4364
 258     57.0785
 259     32.1371
 260     28.5179
 261     11.6358
 262     20.2897
 263      5.8536
 264    163.823
 265    178.979
 266    168.754
 267    117.533
 268     59.3001
 269     36.4746
 270     40.4526
 271     20.2269
 272   1871.98
 273   2099.83
 274   1845.5
 275   1106.56
 276    737.418
 277    453.511
 278    126.703
 279    117.742
 280  17817.9
 281  19658.9
 282  19578.6
 283  16355.3
 284  13296.7
 285   9342.65
 286   5709.41
 287   2061.68
 288  17308.3
 289  18406.2
 290  17939.7
 291  16448.2
 292  13104
 293   9807.13
 294   5816.21
 295   2155.31
 296   1686.37
 297   1487.4
 298   1303.3
 299    939.301
 300    740.35
 301    251.029
 302    193.909
 303     72.7588
 304    101.356
 305    234.617
 306    146.08
 307     77.7392
 308     48.774
 309     44.5316
 310     20.2217
 311     34.1222
 312     24.6439
 313     19.6486
 314     29.1693
 315     18.8344
 316     12.482
 317      6.1494
 318     10.9108
 319     12.2905
 320     37.5104
 321     14.2289
 322     19.8366
 323     17.6859
 324     12.0166
 325     30.9259
 326     33.9581
 327      7.9227
 328     98.9681
 329    133.414
 330     78.4125
 331     49.0089
 332     78.6512
 333     24.3947
 334     13.1051
 335      9.5427
 336   1318.37
 337   1132.48
 338    987.921
 339    722.37
 340    371.807
 341    224.106
 342     51.134
 343     32.3055
 344  10423.1
 345  10381.6
 346   7758.5
 347   6251.05
 348   4264.6
 349   2415.08
 350    842.264
 351    163.645
 352   9566
 353   9618.35
 354   8136.21
 355   5934.56
 356   4121.9
 357   2296.89
 358    888.635
 359    170.256
 360   1190.7
 361   1130.36
 362   1048.51
 363    699.996
 364    302.09
 365    173.048
 366    122.584
 367     96.0935
 368    161.914
 369    223.723
 370    135.267
 371    134.962
 372     24.2994
 373     23.6817
 374     25.0219
 375     12.3723
 376     31.3179
 377     30.2967
 378     55.0714
 379     27.8217
 380     20.5779
 381      4.8332
 382      6.9708
 383      6.9009
 384     14.7002
 385     16.1916
 386     32.0687
 387      6.1732
 388     23.0774
 389     35.5863
 390     41.3513
 391      3.0914
 392     70.428
 393     58.0602
 394    100.677
 395     36.3691
 396     42.9076
 397     19.9085
 398     12.0419
 399      9.4329
 400    422.061
 401    302.014
 402    174.758
 403     87.9276
 404     83.8113
 405     56.4347
 406     32.7224
 407      6.4236
 408    813.746
 409    700.954
 410    392.906
 411    293.391
 412    185.524
 413    105.332
 414     67.8829
 415     10.0813
 416    778.175
 417    678.979
 418    469.319
 419    187.788
 420    142.26
 421     69.0573
 422     60.2829
 423     26.4627
 424    269.899
 425    190.278
 426    131.555
 427     94.578
 428     60.4655
 429     54.2121
 430     17.5862
 431     12.6009
 432     37.6283
 433     54.4524
 434     38.8387
 435     36.284
 436     61.8732
 437     21.643
 438      8.5846
 439      8.3748
 440     49.319
 441     23.5378
 442     22.7309
 443     16.8205
 444      9.1071
 445      8.3759
 446      2.5577
 447      4.0405
 448      5.0251
 449      5.1273
 450     15.7211
 451     11.9251
 452      7.6553
 453      8.4743
 454      3.4258
 455     10.4583
 456     43.3843
 457     24.1934
 458     71.1724
 459     16.2069
 460     10.4681
 461     34.3382
 462     17.6693
 463     19.5399
 464     35.1385
 465     29.7067
 466     40.1088
 467     23.8416
 468     24.5246
 469      9.7249
 470     11.3802
 471     12.3458
 472     62.2014
 473     58.6527
 474     37.7446
 475     26.5288
 476     29.3116
 477     36.785
 478     10.3343
 479     10.8876
 480     48.8419
 481     48.9159
 482     59.3729
 483     45.5792
 484     17.332
 485     15.1809
 486     13.4682
 487     21.2275
 488     43.2868
 489     53.5766
 490     46.5922
 491     23.2551
 492     13.7895
 493     19.2765
 494     11.3412
 495     34.8801
 496     41.1287
 497     48.4518
 498     14.3019
 499     13.4881
 500     18.7784
 501      6.2619
 502     20.7217
 503      1.3061
 504     12.1916
 505     22.3488
 506      8.2063
 507      9.4114
 508      7.7146
 509      4.9527
 510     11.203
 511      2.0523
