This file was gnenerated on 2021-06-11 11:24:24.025592 by Grant Finneman. This contains the extracted data from the Gate simulations
The edep for each cube was summed up and printed to this file. The only math operation done has been addition.

  id        edep
   0      5.9444
   1     10.059
   2      8.313
   3      7.7112
   4      9.6445
   5      7.2838
   6      4.8217
   7      6.3456
   8     53.423
   9     15.315
  10     11.6743
  11     38.0175
  12     15.97
  13     14.1849
  14     15.7247
  15     17.9339
  16     23.4145
  17     37.4244
  18     47.6259
  19     81.2976
  20    124.158
  21     85.4158
  22    109.669
  23     56.7772
  24     50.5281
  25     67.4412
  26     83.0434
  27    176.678
  28    493.224
  29   2086.15
  30   3451.15
  31   2043.1
  32     26.427
  33     59.8644
  34     77.325
  35    223.825
  36    499.488
  37   1986.53
  38   3248.71
  39   1887.54
  40     23.0214
  41     32.5363
  42     36.7888
  43     34.1982
  44     95.3588
  45     57.6227
  46     91.6975
  47     68.0649
  48     29.5434
  49     30.8401
  50     24.5557
  51     40.867
  52     14.702
  53      8.7434
  54     23.5075
  55      8.1252
  56      9.0305
  57      9.1785
  58     25.798
  59      9.0537
  60     13.4942
  61      7.0724
  62      3.6408
  63      4.247
  64     12.3539
  65     24.3463
  66      6.3735
  67     23.317
  68     15.9466
  69     16.2683
  70     12.0927
  71     16.4909
  72     28.2571
  73     29.6214
  74     27.6055
  75     61.9236
  76     45.4497
  77     58.3008
  78     60.5977
  79     50.2952
  80     78.0796
  81    117.348
  82    232.191
  83    340.143
  84    498.879
  85    496.723
  86    243.892
  87     85.0261
  88    222.262
  89    410.887
  90   1298.85
  91   3812.87
  92   7775.53
  93  10133.6
  94   7534.57
  95   2912.98
  96    288.436
  97    489.736
  98    995.083
  99   3181.54
 100   7663.99
 101  10080.2
 102   7426.21
 103   2909.99
 104    162.423
 105    312.364
 106    240.187
 107    450.753
 108    448.202
 109    487.58
 110    395.135
 111    128.335
 112     35.8719
 113     56.6309
 114     56.6094
 115     57.2938
 116     41.1895
 117     36.1608
 118     37.2532
 119     44.9873
 120     44.4183
 121     17.7178
 122     25.8094
 123     18.4976
 124     19.964
 125     16.9841
 126     20.9754
 127     28.7078
 128     15.8622
 129     31.3299
 130     22.45
 131     30.8376
 132     22.6241
 133     15.9528
 134     13.7565
 135     14.8104
 136    121.801
 137     80.7805
 138    113.295
 139    139.553
 140    100.963
 141     79.3296
 142     69.9018
 143     24.3352
 144    323.922
 145    542.535
 146    820.683
 147   1131.99
 148   1183.14
 149    750.302
 150    422.699
 151    145.106
 152   1028.56
 153   3674.4
 154   8159.67
 155  13570.8
 156  14774.4
 157  12307.1
 158   7722.82
 159   2757.28
 160   1035.58
 161   3425.4
 162   8653.29
 163  12474.5
 164  14752.8
 165  12148.5
 166   7846.61
 167   2671.22
 168    354.057
 169    723.642
 170    974.736
 171   1199.02
 172   1572.19
 173    958.057
 174    394.316
 175    205.4
 176     98.1687
 177     71.0814
 178     47.5261
 179    111.323
 180     99.153
 181     57.9729
 182     66.7062
 183     32.605
 184     19.8783
 185     30.0772
 186     14.2866
 187     28.1904
 188     27.7065
 189     15.2259
 190     12.5523
 191     23.665
 192     38.0529
 193     71.5302
 194     70.0615
 195     33.2981
 196     63.2185
 197     25.0792
 198     18.112
 199     11.1707
 200    110.9
 201    128.82
 202    209.18
 203    168.884
 204    123.165
 205     70.7589
 206     52.9054
 207     32.8878
 208    866.673
 209   1435.01
 210   2133.38
 211   2123.02
 212   1373.46
 213    688.864
 214    416.958
 215    199.15
 216   5987.28
 217  11636.1
 218  14715.4
 219  16089.7
 220  15236.8
 221  12652.6
 222   8260.29
 223   2715.98
 224   6056.96
 225  11301.2
 226  15052.8
 227  16026.6
 228  14709.8
 229  11934.7
 230   7599.72
 231   2942.1
 232    848.453
 233   1608.97
 234   1398.21
 235   1619.31
 236   1543.01
 237   1166.56
 238    449.379
 239    164.39
 240     68.825
 241    122.257
 242    180.482
 243    196.439
 244    200.811
 245    124.74
 246     93.2867
 247     53.4853
 248     13.7277
 249     29.3237
 250     29.0802
 251     27.2118
 252     32.1196
 253     27.415
 254     17.8625
 255     12.8211
 256     85.8534
 257     79.8366
 258     99.7048
 259    121.034
 260     86.6719
 261     38.6398
 262     44.6904
 263     17.3966
 264    138.602
 265    223.473
 266    265.405
 267    277.901
 268    114.42
 269    102.19
 270     73.2528
 271     34.6284
 272   1775
 273   2208.08
 274   1692.5
 275   1828.55
 276   1632.43
 277   1191.64
 278    603.077
 279    168.603
 280  11179.9
 281  14810.2
 282  15523.4
 283  16786.2
 284  16311.2
 285  13669.2
 286   7139.58
 287   1810.37
 288  11128.1
 289  14586.5
 290  15953.7
 291  16521
 292  15395.4
 293  12098.1
 294   7038.47
 295   1931.6
 296   1327.81
 297   2142.19
 298   1796.47
 299   1616.65
 300   1386.86
 301    788.864
 302    407.26
 303    222.399
 304    212.158
 305    239.188
 306    266.552
 307    123.877
 308    140.175
 309     89.956
 310     92.2874
 311     42.9352
 312     56.278
 313     29.8928
 314     33.8519
 315     23.2588
 316     35.733
 317     22.0376
 318     19.0594
 319     22.8449
 320     70.8434
 321    137.007
 322     31.8863
 323     97.9547
 324     29.2899
 325     33.0345
 326     34.2563
 327     15.3185
 328    249.885
 329    316.877
 330    287.437
 331    219.635
 332    172.193
 333    138.534
 334     74.8617
 335     54.8795
 336   1859.02
 337   2348.57
 338   2123.09
 339   2193.18
 340   1467.74
 341    883.406
 342    367.271
 343     73.3299
 344  11510
 345  15089.9
 346  16680.3
 347  16498.5
 348  14285.2
 349   8264.48
 350   1994.43
 351    329.966
 352  12413.2
 353  15350
 354  16028.3
 355  15867.9
 356  13985.6
 357   7489.4
 358   1861.32
 359    269.337
 360   1646.26
 361   1998.39
 362   2228.33
 363   2016.78
 364   1262.32
 365    635.81
 366    381.675
 367    116.416
 368    198.712
 369    422.045
 370    259.849
 371    167.037
 372    206.067
 373    100.018
 374     71.397
 375     38.3565
 376     55.8724
 377     61.0688
 378     53.565
 379     39.177
 380     37.5728
 381     26.0318
 382     27.4217
 383     11.94
 384    149.378
 385    124.152
 386     57.0073
 387     51.4795
 388     36.7361
 389     31.6741
 390     26.8982
 391     17.4317
 392    262.01
 393    249.624
 394    262.334
 395    188.089
 396    115.469
 397     78.2542
 398     60.5778
 399     42.7676
 400   1883.17
 401   1986.75
 402   1714.16
 403   1290.72
 404    655.52
 405    365.011
 406    156.159
 407     52.3415
 408  10699.4
 409  14439.6
 410  13893.5
 411  10472
 412   4408.34
 413   1411.97
 414    489.151
 415    130.254
 416  10978.8
 417  13326.5
 418  13222
 419  10028.8
 420   5042.83
 421   1259.12
 422    396.582
 423    165.214
 424   1785.77
 425   2237.67
 426   1831.51
 427   1414.95
 428    659.099
 429    391.92
 430    250.014
 431     69.2045
 432    412.426
 433    357.207
 434    410.057
 435    209.584
 436    118.311
 437     91.9418
 438     63.8404
 439     32.5223
 440     77.8891
 441     50.9766
 442     93.7755
 443     27.576
 444     40.8803
 445     35.0154
 446     28.4306
 447      7.791
 448    103.79
 449     95.8663
 450     68.017
 451     30.7614
 452     71.8893
 453     17.245
 454     17.4264
 455     19.7532
 456    213.19
 457    291.431
 458    199.687
 459    181.441
 460    190.805
 461     70.4565
 462     36.7836
 463     14.8742
 464   1778.3
 465   1506.8
 466    877.5
 467    574.568
 468    277.269
 469    236.748
 470    137.632
 471     30.9913
 472   9562.88
 473   9262.46
 474   5721.18
 475   2342.36
 476    815.56
 477    305.909
 478    150.474
 479     75.2456
 480   9789.81
 481   9387.16
 482   5383.68
 483   2175.11
 484   1046
 485    341.459
 486    133.421
 487    100.7
 488   1513.57
 489   1328.66
 490    917.013
 491    612.088
 492    260.224
 493    127.777
 494    133.389
 495     56.4052
 496    213.396
 497    230.486
 498    184.426
 499    120.031
 500    174.475
 501     89.6438
 502     49.5572
 503     20.2278
 504     56.7118
 505     29.9963
 506     67.3323
 507     94.5637
 508     34.1294
 509     25.1065
 510     31.802
 511     11.9667
