This file was gnenerated on 2021-06-11 11:25:23.347961 by Grant Finneman. This contains the extracted data from the Gate simulations
The edep for each cube was summed up and printed to this file. The only math operation done has been addition.

  id        edep
   0      5.3547
   1     15.8527
   2      6.5011
   3      4.5984
   4      8.0313
   5      5.3537
   6      7.4712
   7      1.8291
   8     12.8717
   9     28.0517
  10     10.1701
  11      7.4323
  12     15.0456
  13      5.7754
  14      6.7614
  15      8.1046
  16     12.5793
  17     20.9485
  18     44.8519
  19     23.0798
  20     35.1974
  21     23.1771
  22     16.9047
  23      8.4258
  24     16.913
  25     41.8069
  26     32.862
  27     42.6848
  28     71.9393
  29     34.0196
  30     33.6053
  31     81.2197
  32     16.9292
  33     16.1657
  34     25.7242
  35     38.8692
  36     29.559
  37     26.2937
  38     38.3057
  39     68.7186
  40     17.1215
  41     15.6335
  42     33.0266
  43     20.1967
  44     13.1253
  45     19.7596
  46     34.9361
  47      7.8954
  48     31.8799
  49      8.6466
  50     19.7587
  51      9.6475
  52     17.8961
  53      4.0666
  54      6.6847
  55      5.2674
  56      4.8061
  57      6.453
  58     16.2559
  59      3.9236
  60      9.3848
  61      3.9823
  62      9.1034
  63      3.7137
  64      8.084
  65     10.4675
  66      5.6317
  67      7.0646
  68     13.2108
  69     13.0513
  70      6.1121
  71      9.3922
  72     14.3719
  73     31.0303
  74     30.9931
  75     26.1946
  76     27.0615
  77     19.9507
  78     20.9692
  79      9.7114
  80    117.894
  81    129.398
  82    141.424
  83    235.94
  84    196.033
  85    241.482
  86     61.6566
  87     37.4666
  88    267.095
  89    424.296
  90    902.11
  91   1344.43
  92   2488.93
  93   3648.74
  94   3526.36
  95   1643.66
  96    237.243
  97    297.829
  98    511.719
  99    908.491
 100   2180.49
 101   3085.9
 102   3246.92
 103   1434.48
 104    123.289
 105     92.0477
 106    161.494
 107    150.763
 108    162.02
 109     83.0512
 110    100.027
 111     93.6435
 112     24.8659
 113     23.4844
 114     19.2305
 115     17.3775
 116      9.8736
 117     17.7866
 118     38.0929
 119     21.3276
 120      7.2237
 121     13.1347
 122     17.7819
 123     16.5606
 124      6.5996
 125     14.3474
 126      7.3571
 127      6.2533
 128     13.9806
 129     15.447
 130     15.104
 131     16.8176
 132     14.4291
 133     13.2091
 134     17.0344
 135      8.6714
 136     57.0195
 137    141.004
 138     66.8363
 139     42.1889
 140     57.0273
 141     26.4458
 142     23.9685
 143     30.4278
 144    411.257
 145    672.131
 146    759.855
 147    803.384
 148    609.439
 149    421.834
 150    182.239
 151     85.4063
 152   3075.37
 153   5343.92
 154   8359.4
 155  11179.9
 156  10676.8
 157   8683.99
 158   5215.31
 159   1931.16
 160   2643.32
 161   5399.76
 162   7714.62
 163   9672.76
 164  10350.8
 165   7945.48
 166   4957.84
 167   1808.49
 168    469.896
 169    486.446
 170    586.511
 171    673.376
 172    580.181
 173    402.574
 174    295.528
 175     44.9612
 176     87.4141
 177     74.373
 178     66.8146
 179    105.1
 180     56.1684
 181     31.6824
 182     41.5942
 183     19.1934
 184     12.7067
 185     13.4748
 186     18.1226
 187     21.7221
 188     14.554
 189     14.8246
 190      7.5289
 191      7.3687
 192     22.4554
 193     52.6069
 194     22.7085
 195     15.3482
 196     29.2369
 197     15.725
 198     10.472
 199      9.4541
 200    129.292
 201    168.409
 202    143.665
 203    190.551
 204     84.2216
 205     66.535
 206     62.2416
 207     23.5473
 208   1324.18
 209   1726.96
 210   1380.92
 211   1381.15
 212    843.431
 213    389.683
 214    225.947
 215     72.6402
 216  11681.4
 217  14232.3
 218  14467.3
 219  13494.6
 220  10537.8
 221   8380.88
 222   5279.21
 223   1919.2
 224  10998.8
 225  13145.6
 226  14164.4
 227  12221
 228  10812.5
 229   8148.94
 230   4918.48
 231   1639.85
 232   1409.33
 233   1293.37
 234   1135.61
 235    825.046
 236    584.024
 237    346.953
 238    247.101
 239     72.6081
 240    134.692
 241    141.24
 242     84.9418
 243     59.9787
 244     75.5422
 245     38.9853
 246     57.9981
 247     23.125
 248     14.5364
 249     14.2304
 250     36.5224
 251     36.2214
 252     22.9444
 253      7.4539
 254     19.7106
 255     14.9976
 256     30.8799
 257     50.0014
 258     32.784
 259     14.749
 260     32.1925
 261     18.882
 262     12.8353
 263     33.0467
 264    117.604
 265    165.18
 266    164.239
 267    107.658
 268     64.943
 269     42.6812
 270     18.871
 271     23.1685
 272   1717.05
 273   1684.41
 274   1245.37
 275   1042.11
 276    793.135
 277    396.119
 278    187.915
 279     61.5841
 280  12816.1
 281  14021.9
 282  14095.6
 283  12818
 284  11434.8
 285   8338.6
 286   4903.74
 287   1726.71
 288  12131.7
 289  13854.4
 290  14300.8
 291  12930.1
 292  10701.8
 293   8365.5
 294   4903.36
 295   1841.94
 296   1518.99
 297   1506.66
 298   1017.15
 299    888.901
 300    626.269
 301    452.993
 302    159.743
 303     58.1852
 304     98.7257
 305     95.5054
 306    130.612
 307     74.9103
 308     68.9569
 309     49.7161
 310     46.5303
 311     25.2852
 312     28.8179
 313     23.7758
 314     32.412
 315     23.3407
 316     34.3914
 317     32.3264
 318     11.1019
 319     35.9944
 320     55.256
 321     86.6524
 322     17.9379
 323     27.9042
 324     10.9141
 325     13.034
 326      7.3275
 327      6.4042
 328    103.774
 329    207.53
 330    198.071
 331    134.625
 332    104.831
 333     38.5729
 334     41.8962
 335     37.3703
 336   1895.19
 337   1930.25
 338   1454.15
 339    851.86
 340    659.941
 341    288.538
 342    100.33
 343     28.6216
 344  12913.3
 345  14494.1
 346  14011.9
 347  11997.8
 348   8937.07
 349   5102.66
 350   2235.24
 351    386.51
 352  13506.1
 353  14594.1
 354  13967.8
 355  11973.2
 356   8593.49
 357   5085.57
 358   1947.46
 359    377.985
 360   1411.79
 361   1740.43
 362   1325.31
 363    864.329
 364    557.544
 365    278.929
 366    103.843
 367     28.0841
 368    194.873
 369    154.678
 370    170.041
 371    110.601
 372     97.4339
 373     34.798
 374     17.7703
 375     18.6993
 376     31.3206
 377     17.5387
 378     44.0438
 379     93.2446
 380     30.3878
 381     48.3622
 382     23.1355
 383     27.1647
 384     28.2643
 385     22.0457
 386     16.449
 387     75.6221
 388     25.0323
 389     11.7339
 390     12.3524
 391      3.0145
 392    163.657
 393    167.588
 394    145.919
 395    114.334
 396     73.5645
 397     33.8111
 398     34.4854
 399     10.4028
 400   1232.93
 401   1298.38
 402    925.272
 403    509.813
 404    299.053
 405    161.747
 406     53.941
 407     56.3177
 408  10572.8
 409   9817.96
 410   6904.21
 411   3509.41
 412   1481.48
 413    483.304
 414    116.377
 415     61.3411
 416  10754.4
 417   9642.34
 418   7003.16
 419   3990.14
 420   1536.81
 421    475.727
 422    123.027
 423     37.0274
 424    952.471
 425   1092.55
 426    732.201
 427    383.686
 428    313.169
 429    118.308
 430     52.4954
 431     15.2209
 432    159.225
 433    169.122
 434    103.375
 435     70.5391
 436     44.6963
 437     68.4574
 438     45.3554
 439     13.4994
 440     14.8507
 441     17.999
 442     17.3091
 443     24.3113
 444     23.6054
 445     20.9928
 446     32.3552
 447      7.6037
 448     39.8554
 449     49.8852
 450     22.0201
 451     41.4572
 452     16.6998
 453     19.3773
 454      5.4407
 455      8.3431
 456     95.3085
 457    118.377
 458     64.2039
 459     55.1627
 460     32.4762
 461     24.9359
 462     15.5414
 463     11.7967
 464    379.737
 465    344.828
 466    274.632
 467    141.396
 468    187.047
 469     67.4002
 470     37
 471     25.6661
 472   2439.28
 473   1286.75
 474    713.171
 475    335.034
 476    157.361
 477     61.7132
 478    117.134
 479     52.573
 480   1941.79
 481   1360.09
 482    643.481
 483    408.477
 484    157.541
 485     93.7868
 486     20.5015
 487     20.4638
 488    351.973
 489    331.824
 490    222.479
 491    144.051
 492     71.3704
 493     60.2029
 494     34.5757
 495     12.8122
 496    116.726
 497     86.9002
 498     68.8297
 499     59.6117
 500     52.1443
 501     19.9564
 502     26.6845
 503      8.0966
 504     50.495
 505     44.6573
 506     77.5503
 507     13.2478
 508      6.5061
 509      9.0493
 510      5.83
 511      1.5695
