This file was gnenerated on 2021-06-09 14:00:59.207845 by Grant Finneman. This contains the extracted data from the Gate simulations
The edep for each cube was summed up and printed to this file. The only math operation done has been addition.

  id        edep
   0     49.6369
   1     83.6525
   2    138.091
   3     95.204
   4    140.904
   5    113.933
   6    117.751
   7     55.7327
   8    306.828
   9    281.254
  10    423.585
  11    364.77
  12    353.739
  13    346.214
  14    372.971
  15    187.771
  16    681.124
  17   1095.27
  18   1796.71
  19   2292.95
  20   2577.18
  21   2213.83
  22   1197.77
  23    747.896
  24   1141.27
  25   3840.16
  26   9213.31
  27  13539.4
  28  13879.2
  29   9365
  30   3790.05
  31   1245.52
  32   1116.82
  33   3399.03
  34   9844.49
  35  13165.6
  36  13286.1
  37   8677.05
  38   3489.44
  39   1304.32
  40    446.043
  41    910.963
  42   1722.04
  43   2314.14
  44   2315.46
  45   1749.04
  46    972.876
  47    406.646
  48    174.897
  49    366.398
  50    343.213
  51    514.729
  52    389.095
  53    223.976
  54    234.289
  55    267.796
  56     38.8876
  57     61.5427
  58     88.2856
  59     98.1689
  60     89.4197
  61    113.187
  62     92.1248
  63     99.4022
  64    107.155
  65     87.1665
  66     90.527
  67    122.608
  68    126.937
  69    122.613
  70     97.4528
  71     82.8181
  72    195.273
  73    301.217
  74    472.627
  75    476.239
  76    622.943
  77    478.984
  78    348.341
  79    182.038
  80    592.482
  81   1183.62
  82   2299.65
  83   2939.66
  84   3367.01
  85   2175.86
  86   1132.39
  87    505.305
  88   1563.17
  89   4995.77
  90  12220.9
  91  16701.1
  92  17628
  93  12370.8
  94   4368.67
  95   1580.4
  96   1833.79
  97   4555.58
  98  12595.2
  99  18586.3
 100  17913.9
 101  10805.8
 102   4386.09
 103   1728.67
 104    750.706
 105   1269.68
 106   2353.25
 107   2837.16
 108   2790.31
 109   1996.12
 110   1183.32
 111    761.601
 112    273.248
 113    303.597
 114    254.382
 115    314.968
 116    559.5
 117    496.951
 118    306.138
 119    220.68
 120     81.4851
 121     94.7001
 122    118.566
 123    115.191
 124    155.033
 125    155.787
 126    110.683
 127     67.0732
 128     42.9454
 129     58.0445
 130     92.1076
 131     81.7344
 132     85.9345
 133    118.092
 134     60.4463
 135     93.1133
 136    168.044
 137    305.085
 138    449.973
 139    516.521
 140    624.658
 141    438.991
 142    252.335
 143    182.752
 144    471.87
 145   1509.3
 146   2445.12
 147   3391.79
 148   3902.45
 149   2035.54
 150   1270.99
 151    629.769
 152   1270.77
 153   4670.71
 154  14350.1
 155  21654.8
 156  20585.6
 157  12738.9
 158   4787.93
 159   1831.8
 160   1236.33
 161   5032.05
 162  13718.8
 163  22532.9
 164  21154.4
 165  13504.3
 166   4695.45
 167   1518.69
 168    602.513
 169   1344.69
 170   2392.19
 171   3310.4
 172   3640.99
 173   2602.45
 174   1290.03
 175    661.359
 176    288.01
 177    259.547
 178    323.657
 179    407.843
 180    465.105
 181    477.436
 182    318.678
 183    215.295
 184     45.6155
 185     78.4988
 186     98.5568
 187     86.8641
 188     99.8639
 189    144.112
 190     58.0178
 191     79.133
 192     57.6438
 193     55.9652
 194    111.995
 195    123.825
 196    108.935
 197    189.874
 198     56.1676
 199     59.4996
 200    147.6
 201    327.857
 202    399.229
 203    511.467
 204    427.425
 205    406.818
 206    219.283
 207    127.305
 208    611.847
 209   1263.08
 210   2160.75
 211   3183.14
 212   3705.19
 213   2546.91
 214   1222.44
 215    513.202
 216   1660.08
 217   4837.65
 218  16377.9
 219  25304.3
 220  25309.6
 221  15430.2
 222   4584.7
 223   1150.87
 224   1464.99
 225   4788.56
 226  15393.9
 227  25403.7
 228  25349
 229  14541.5
 230   4426.57
 231   1399.82
 232    444.652
 233   1302.05
 234   2361.58
 235   3331.61
 236   2768.86
 237   1985.57
 238   1179.95
 239    572.581
 240    121.17
 241    288.421
 242    365.189
 243    276.208
 244    252.905
 245    315.195
 246    218.926
 247    205.91
 248     56.4818
 249     59.034
 250     94.1733
 251    102.878
 252    120.322
 253    115.439
 254     96.3029
 255     43.9893
 256     63.3809
 257     57.6213
 258     56.3002
 259     33.4373
 260     41.0262
 261     53.4998
 262     55.1201
 263     48.061
 264    132.089
 265    149.327
 266    217.768
 267    236.49
 268    213.217
 269    202.46
 270    149.681
 271     96.3808
 272    485.192
 273    991.69
 274   2146.79
 275   2850.9
 276   2812.51
 277   2402.06
 278   1040.98
 279    466.886
 280   1106.53
 281   4331.78
 282  16893.2
 283  28164.4
 284  27482.9
 285  16873.3
 286   4066.8
 287   1228.18
 288   1028.92
 289   4285.91
 290  16387.8
 291  27411.6
 292  27862.6
 293  16695.8
 294   4380.92
 295   1247.84
 296    464.209
 297    880.187
 298   1917.02
 299   2960.79
 300   2923.62
 301   2022.74
 302   1209.37
 303    463.967
 304     89.2061
 305    149.992
 306    261.864
 307    294.083
 308    291.788
 309    184.044
 310    133.577
 311     97.9213
 312     50.4351
 313     38.697
 314     83.4786
 315     59.4215
 316     69.1
 317     85.8658
 318     40.1783
 319     40.4573
 320     50.2597
 321     21.9593
 322     39.1866
 323     32.426
 324     28.6506
 325     75.0448
 326     39.5674
 327     14.1289
 328    110.063
 329    191.043
 330    120.957
 331    183.346
 332    198.372
 333    160.58
 334     72.2914
 335     61.7445
 336    250.166
 337    567.314
 338   1333.8
 339   2219.5
 340   2075
 341   1468.69
 342    494.442
 343    234.957
 344    700.489
 345   2966.1
 346  14947.2
 347  25428.8
 348  24964.1
 349  14706.7
 350   3066.3
 351    723.003
 352    410.901
 353   2907.46
 354  15040.5
 355  25233.6
 356  25615.1
 357  16017.4
 358   3104.96
 359    695.728
 360    182.582
 361    559.585
 362   1352.9
 363   2006.29
 364   1897.48
 365   1489.12
 366    624.736
 367    246.747
 368     63.9135
 369    110.514
 370    127.382
 371    206.343
 372    151.692
 373    141.897
 374    165.798
 375     47.6333
 376     16.0236
 377     26.7267
 378     29.4411
 379     31.9053
 380     23.2118
 381     22.6603
 382     21.0109
 383     28.6372
 384     18.5911
 385     15.2139
 386     18.432
 387     34.7089
 388     29.6529
 389     27.1637
 390     14.7774
 391     12.8554
 392     57.4561
 393     50.4823
 394     58.6099
 395     62.0516
 396     71.6313
 397     94.2132
 398     81.0895
 399     27.8227
 400    112.902
 401    318.623
 402    480.268
 403    926.848
 404    811.524
 405    593.004
 406    222.895
 407     66.3455
 408    297.882
 409   1420.08
 410   9491.88
 411  17683.9
 412  18095.3
 413   9515.82
 414   1474.18
 415    340.661
 416    361.661
 417   1453.84
 418  10031.2
 419  16238.3
 420  16965.1
 421  10359.7
 422   1517.59
 423    361.438
 424    165.993
 425    220.609
 426    553.988
 427    869.747
 428    795.193
 429    570.688
 430    231.104
 431     96.4548
 432     67.3006
 433     45.8092
 434     39.9229
 435    104.601
 436     72.2316
 437     71.9276
 438     48.0137
 439     34.7861
 440     11.6596
 441     14.8187
 442     29.2773
 443     19.8868
 444     20.2805
 445     18.1245
 446     19.9013
 447     10.0011
 448      7.4285
 449     15.6384
 450      5.6441
 451     24.8689
 452     29.8696
 453     16.2055
 454      8.462
 455      9.2475
 456     16.2505
 457     48.7427
 458     19.4599
 459     22.6934
 460     24.5096
 461     23.9817
 462     39.0013
 463     25.7959
 464     51.2555
 465    125.641
 466    132.662
 467    158.988
 468    199.702
 469    273.993
 470    165.862
 471     42.047
 472     50.9182
 473    268.54
 474   3426.63
 475   5082.62
 476   5854.48
 477   3280.21
 478    267.484
 479     68.5034
 480     55.1681
 481    340.187
 482   3709.06
 483   5781.78
 484   5906.79
 485   2954.61
 486    219.015
 487     58.4072
 488     46.1336
 489     31.3531
 490     72.5016
 491    204.991
 492    247.763
 493    112.371
 494     95.9593
 495     26.1829
 496     22.6905
 497     19.5472
 498     16.6287
 499     34.6313
 500     70.6677
 501     29.2754
 502     24.2625
 503     17.1441
 504     54.43
 505      9.2745
 506      7.7895
 507     20.1729
 508     18.4999
 509     14.7346
 510      7.9178
 511      4.2059
