This file was gnenerated on 2021-06-11 11:24:19.200866 by Grant Finneman. This contains the extracted data from the Gate simulations
The edep for each cube was summed up and printed to this file. The only math operation done has been addition.

  id        edep
   0     10.7583
   1      8.587
   2      6.1603
   3     10.4724
   4     18.9009
   5      3.0962
   6     10.8168
   7      7.4282
   8     11.4047
   9     31.4126
  10     42.3406
  11     16.3629
  12     23.7545
  13     14.3889
  14     25.1811
  15     25.7039
  16     16.3855
  17     45.8606
  18     54.2209
  19    109.061
  20    107.895
  21     98.9858
  22     90.4571
  23     36.4519
  24     33.4916
  25     65.1027
  26    355.23
  27   2505.26
  28   3298.42
  29   3147.57
  30   2976.44
  31   2124.47
  32     76.9978
  33    150.523
  34    373.799
  35   2541.33
  36   3600.95
  37   3295.79
  38   3530.13
  39   2128.65
  40     60.2485
  41     87.0907
  42     51.7534
  43    103.708
  44    141.694
  45    120.542
  46     90.8435
  47     78.3391
  48     21.9066
  49     23.1443
  50     20.5917
  51     23.1845
  52     26.4581
  53     19.9984
  54     31.7115
  55     17.7757
  56      3.1279
  57     10.1098
  58     15.6048
  59     14.1422
  60      8.4706
  61      8.853
  62      6.9044
  63     10.9829
  64     21.6503
  65     11.2355
  66     14.6888
  67     30.5229
  68     33.5746
  69     29.1958
  70     11.4403
  71     12.5124
  72     20.2941
  73     77.0925
  74     34.7234
  75     47.8109
  76     53.4093
  77     46.5702
  78     73.6024
  79     27.353
  80     66.5137
  81    208.981
  82    477.783
  83    679.65
  84    492.708
  85    470.797
  86    487.415
  87    180.72
  88    365.915
  89    988.279
  90   5471.34
  91   9676.93
  92   9617.3
  93   9396.55
  94   8980.82
  95   4836.87
  96    204.855
  97    872.909
  98   5097.24
  99   9755.88
 100  10336.6
 101   9496.43
 102   8509.72
 103   4205.92
 104     67.1283
 105    284.931
 106    392.062
 107    490.044
 108    634.178
 109    552.928
 110    397.529
 111    195.197
 112     33.2605
 113     42.0649
 114     64.9763
 115     43.0637
 116     63.6535
 117     35.806
 118     62.5242
 119     42.1348
 120     11.4528
 121     14.8042
 122     40.8805
 123     15.4971
 124     12.2113
 125     30.4486
 126     22.7053
 127     12.8918
 128     35.8094
 129     35.2934
 130     44.1113
 131     79.5217
 132     28.1559
 133     47.0265
 134     19.2131
 135     19.695
 136     87.8584
 137    133.261
 138    114.579
 139    131.65
 140    130.657
 141    118.797
 142    141.14
 143     76.456
 144    369.952
 145    628.012
 146   1143.03
 147   1246.33
 148   1321.29
 149   1220.78
 150    837.881
 151    361.795
 152   1413.53
 153   5650.22
 154  11809.6
 155  14417.8
 156  15024.7
 157  14049.1
 158  11389.2
 159   5364.2
 160   1279.3
 161   5855
 162  13113.5
 163  14904.3
 164  15253
 165  13499.2
 166  11082
 167   5328.98
 168    353.707
 169    789.943
 170   1089.2
 171   1204.89
 172   1390.67
 173   1371.1
 174    735.489
 175    466.661
 176    114.886
 177    119.092
 178    212.833
 179    136.009
 180     85.4821
 181     86.9859
 182     80.3178
 183     56.9064
 184     49.2367
 185     43.4878
 186     34.4238
 187     31.4147
 188     35.2527
 189     21.7504
 190     12.4653
 191     30.2151
 192     35.3522
 193     34.8461
 194     40.7669
 195     59.0511
 196     62.7118
 197     30.1905
 198     28.4407
 199     36.9063
 200    131.637
 201    175.085
 202    253.822
 203    222.874
 204    212.783
 205     95.6126
 206     95.0352
 207     79.4234
 208    790.527
 209   1559.93
 210   1793.01
 211   1743.74
 212   1982.13
 213   1514.88
 214    950.227
 215    524.202
 216   4098.13
 217  10989.9
 218  15017.9
 219  15924.5
 220  15316.8
 221  15130.4
 222  12819.5
 223   5243.78
 224   4188.63
 225  11850.6
 226  15754
 227  16183.6
 228  15658.9
 229  15115.7
 230  12899.3
 231   4906.42
 232    597.248
 233   1337.88
 234   1982.76
 235   1912.1
 236   1983.36
 237   1771.96
 238   1037.25
 239    494.308
 240    143.273
 241    144.954
 242    241.637
 243    255.069
 244    183.419
 245    132.446
 246    137.358
 247     74.126
 248     31.9863
 249     56.4677
 250     82.1652
 251    122.519
 252     93.5575
 253     55.4051
 254     24.7307
 255     20.9684
 256     42.0244
 257     86.1806
 258     86.985
 259    131.553
 260     93.0835
 261     57.9135
 262     46.7091
 263     70.638
 264    235.785
 265    372.206
 266    401.872
 267    361.744
 268    238.646
 269    191.684
 270    158.138
 271     67.5324
 272   1298.35
 273   1957.17
 274   2428.77
 275   2540.17
 276   2325.08
 277   1662.57
 278   1158.19
 279    386.984
 280   7960.76
 281  13714.7
 282  15022
 283  14672.5
 284  15620.7
 285  15190.4
 286  11381.1
 287   2924.77
 288   8279.09
 289  13501.6
 290  14767.2
 291  14963
 292  14295.3
 293  14583
 294  11290.5
 295   2636.43
 296   1345.9
 297   1907.8
 298   2209.01
 299   1964.63
 300   2302.73
 301   1559.95
 302   1046.06
 303    476.958
 304    255.333
 305    209.072
 306    320.907
 307    345.55
 308    199.732
 309    206.672
 310    137.729
 311    103.099
 312     83.6594
 313     74.0722
 314     39.8573
 315     57.593
 316    112.036
 317    109.023
 318     88.4546
 319     51.5969
 320     41.057
 321    101.195
 322    109.748
 323    115.112
 324     89.2924
 325     49.6441
 326     32.862
 327     48.8846
 328    253.147
 329    351.392
 330    452.216
 331    364.675
 332    417.743
 333    226.707
 334    171.326
 335     88.9055
 336   1604.59
 337   2440.65
 338   2671.78
 339   2445.65
 340   2382.31
 341   1788.53
 342   1283.8
 343    544.26
 344  10070.5
 345  13249.1
 346  12645.1
 347  12728.4
 348  13074.4
 349  13265.6
 350   6714.36
 351   1417.03
 352   9332.17
 353  12175.6
 354  12705.1
 355  12584.1
 356  13727.8
 357  13540.3
 358   6511.22
 359   1198.3
 360   1573.17
 361   2084.69
 362   2394.28
 363   2264.56
 364   2055.89
 365   1821.75
 366    961.795
 367    437.186
 368    235.518
 369    394.286
 370    304.994
 371    296.243
 372    333.604
 373    287.021
 374    217.393
 375    150.341
 376    134.546
 377     88.1286
 378    139.351
 379    105.493
 380     54.1628
 381     57.1178
 382     53.1626
 383     84.9584
 384    119.829
 385    153.247
 386    139.591
 387     68.1906
 388     61.4629
 389     44.1782
 390     65.3208
 391     54.8569
 392    266.428
 393    467.276
 394    559.813
 395    443.392
 396    311.777
 397    176.117
 398    177.306
 399    130.491
 400   1495.69
 401   1839.58
 402   2075.13
 403   2201.21
 404   2115.25
 405   1246.78
 406    819.801
 407    310.174
 408   7737.28
 409  10194.9
 410  11346.4
 411  11051.8
 412  11927.8
 413   8063.76
 414   2289.5
 415    691.912
 416   8252.4
 417  10526.4
 418  10703.3
 419  10476.6
 420  11409.8
 421   7970.27
 422   2227.67
 423    878.041
 424   1623.49
 425   2264.2
 426   2192.88
 427   1862.98
 428   1722.26
 429   1480.98
 430    777.645
 431    315.634
 432    288.568
 433    389.518
 434    333.058
 435    295.367
 436    240.919
 437    267.538
 438    198.888
 439    101.978
 440     97.0702
 441    144.222
 442    138.44
 443     74.7631
 444    130.17
 445    127.643
 446     40.7084
 447     30.4632
 448    202.062
 449     58.2915
 450    117.431
 451    204.705
 452    128.673
 453     53.2216
 454     39.6146
 455     28.3098
 456    353.141
 457    315.42
 458    369.404
 459    382.846
 460    256.521
 461    148.443
 462    110.705
 463    124.132
 464   1256.33
 465   2021.63
 466   1955.45
 467   1861.47
 468   1360.32
 469    702.799
 470    325.612
 471    229.993
 472   6441.4
 473   7938.52
 474   8234.91
 475   9357.37
 476   7898.78
 477   2832.86
 478    875.049
 479    303.965
 480   6956.31
 481   8163.96
 482   8927.84
 483   8668.09
 484   6626.89
 485   3266.86
 486   1125.58
 487    457.84
 488   1325.55
 489   1825.33
 490   1723
 491   1772.45
 492   1361.65
 493    872.93
 494    323.111
 495    171.961
 496    277.771
 497    377.512
 498    294.871
 499    243.705
 500    157.915
 501    172.615
 502    124.962
 503    161.162
 504    108.669
 505    119.305
 506    153.305
 507    109.502
 508    133.288
 509     67.7281
 510     59.2567
 511     20.968
