This file was gnenerated on 2021-06-11 11:24:44.129254 by Grant Finneman. This contains the extracted data from the Gate simulations
The edep for each cube was summed up and printed to this file. The only math operation done has been addition.

  id        edep
   0      5.1333
   1     10.3785
   2      8.5557
   3      7.4881
   4     11.3721
   5     17.9853
   6      2.194
   7      8.0942
   8     10.6696
   9     12.2839
  10     17.8267
  11     23.6901
  12     34.4693
  13     82.3455
  14     48.1255
  15     76.0263
  16     25.3921
  17     42.1763
  18     63.299
  19     61.4063
  20     88.891
  21    185.913
  22    358.628
  23    486.075
  24     23.0323
  25     58.1861
  26    137.511
  27    179.886
  28    324.24
  29    677.218
  30   1737.41
  31   2121.47
  32     21.5715
  33     48.6894
  34    103.366
  35    228.746
  36    304.905
  37    809.023
  38   1634.6
  39   2242.66
  40     14.3442
  41     35.9013
  42     27.8198
  43     76.6198
  44    114.526
  45    204.248
  46    369.101
  47    433.228
  48      8.9997
  49     10.6059
  50     17.8171
  51     17.5074
  52     23.8296
  53     79.9628
  54     61.4739
  55    144.126
  56      4.5705
  57      3.7167
  58     10.4203
  59     10.9709
  60     25.1927
  61     18.8125
  62     22.9799
  63     30.9832
  64      6.7437
  65     33.4236
  66     12.9139
  67     15.1776
  68     29.4961
  69     16.1481
  70     15.4957
  71     38.9545
  72     52.2182
  73     23.8605
  74     24.9198
  75     26.9238
  76     65.3495
  77     75.1006
  78    152.225
  79    116.187
  80     62.9494
  81     44.5396
  82    147.433
  83    189.643
  84    461.742
  85    666.169
  86   1093.27
  87   1287.8
  88     40.993
  89    115.095
  90    372.526
  91   1419.99
  92   4117.27
  93   6732.1
  94   9617.42
  95  11082.3
  96     75.0105
  97    169.063
  98    494.654
  99   1223.98
 100   3708.16
 101   6642.24
 102   9846.71
 103  10896.5
 104     28.6552
 105     38.7739
 106    142.889
 107    275.504
 108    500.687
 109    827.987
 110   1196.56
 111   1361.74
 112     18.7058
 113     57.4
 114     27.7111
 115     83.1305
 116     78.2746
 117    157.074
 118    103.856
 119    166.296
 120      4.9337
 121     11.4591
 122     12.0488
 123     17.6046
 124     22.3026
 125     45.5485
 126     58.2191
 127     58.2828
 128     23.9836
 129     10.0696
 130     17.5969
 131     16.2234
 132     14.6898
 133     22.854
 134     21.029
 135     32.9384
 136     24.186
 137     49.1833
 138     66.0746
 139     87.3508
 140     85.3746
 141    159.628
 142    133.203
 143    179.328
 144     48.7081
 145    164.099
 146    453.787
 147    666.079
 148    902.856
 149   1380.33
 150   1604.09
 151   1913.65
 152    454.9
 153   2443.41
 154   5547.62
 155   9765.97
 156  12429.4
 157  14018.2
 158  14466.4
 159  12787.3
 160    485.093
 161   2199.6
 162   5290.11
 163   9009.5
 164  11904.7
 165  13760.2
 166  14298.2
 167  13284.2
 168     27.3142
 169    188.541
 170    327.029
 171    654.734
 172   1148.78
 173   1180.32
 174   1663.02
 175   1610.07
 176     19.0754
 177     53.2022
 178     68.5026
 179     72.9987
 180    124.512
 181    166.154
 182    115.749
 183    117.726
 184     13.2394
 185     34.7757
 186      9.5893
 187     16.0751
 188     34.9297
 189     29.7842
 190     30.1156
 191     58.3863
 192     11.9776
 193     10.9163
 194     35.5375
 195     64.8642
 196     21.7564
 197     35.8749
 198     24.8234
 199     19.7241
 200     26.9625
 201     40.7221
 202     49.7778
 203    101.956
 204     68.4274
 205    126.059
 206    149.977
 207    224.071
 208     95.9115
 209    319.603
 210    461.363
 211    682.972
 212   1098.59
 213   1417.47
 214   1733.42
 215   1614.04
 216   1881.46
 217   4969.98
 218   7914.17
 219  10145.8
 220  11806.6
 221  13782.2
 222  14012.1
 223  12748.7
 224   1986.38
 225   4910.69
 226   7971.07
 227  10538.6
 228  12354.5
 229  14830.4
 230  14800.3
 231  12274
 232     70.8727
 233    220.673
 234    432.873
 235    921.449
 236   1240.79
 237   1541.4
 238   1853.14
 239   1660.98
 240     16.4813
 241     62.3108
 242     69.7791
 243     57.4041
 244    117.135
 245    232.228
 246    247.983
 247    242.328
 248     11.7431
 249     28.6149
 250     45.197
 251     14.0703
 252     40.6152
 253     42.6121
 254     66.4013
 255     54.7119
 256      5.8285
 257     11.9802
 258      4.7825
 259     11.5105
 260     34.9378
 261     17.7347
 262     24.4037
 263     31.2944
 264     32.1085
 265     19.7957
 266     34.9081
 267     49.8738
 268     76.8568
 269    101.929
 270    157.083
 271     88.0228
 272     81.831
 273    127.315
 274    448.641
 275    701.371
 276   1101.02
 277   1394.32
 278   1533.16
 279   1172.82
 280   1986.62
 281   4950.92
 282   8955.93
 283  11555
 284  12680.4
 285  13636.7
 286  14246.1
 287  11535.5
 288   1624.24
 289   4891.8
 290   8042.81
 291  11182.3
 292  12915.9
 293  14272.2
 294  13463.7
 295  10995.7
 296    157.516
 297    173.975
 298    353.319
 299    649.988
 300   1160.53
 301   1443.97
 302   1637.48
 303   1480.56
 304     47.4378
 305     60.6295
 306     65.8835
 307     86.8507
 308    138.077
 309    124.436
 310    154.787
 311    189.683
 312      8.0231
 313     10.9815
 314     11.151
 315     17.6887
 316     30.8553
 317     15.7578
 318     21.9635
 319     48.8871
 320      6.3656
 321      5.3067
 322     23.3076
 323     13.7519
 324     15.7714
 325     21.8251
 326     17.2296
 327     32.0667
 328     12.0913
 329     16.2427
 330     40.4703
 331     30.5265
 332     56.9896
 333     72.486
 334     84.9785
 335     52.6079
 336     50.3263
 337    176.421
 338    339.499
 339    524.816
 340    829.866
 341    757.122
 342    737.857
 343    403.643
 344   1911.39
 345   5316
 346   8360.3
 347  10240.1
 348  10010.7
 349   8119.99
 350   5717.14
 351   3019.32
 352   1870.8
 353   5304.19
 354   8180.52
 355   9594.87
 356   9362.49
 357   8594.16
 358   5110.69
 359   2604.65
 360     74.9265
 361    227.723
 362    543.046
 363    593.833
 364    903.6
 365    696.612
 366    537.422
 367    531.621
 368     40.6252
 369     21.8524
 370     39.8019
 371     62.2167
 372     53.782
 373     87.4789
 374    133.24
 375    111.145
 376      2.4525
 377      8.8018
 378     10.3942
 379     13.5391
 380     11.6261
 381     43.1279
 382     11.607
 383     32.5125
 384      3.2855
 385     34.7491
 386      8.6114
 387     13.3697
 388     10.0039
 389      8.1456
 390     10.44
 391      2.1257
 392     14.3729
 393     11.5712
 394     19.663
 395     17.6114
 396     15.3555
 397     21.9329
 398     42.9748
 399     33.7487
 400     21.9735
 401    109
 402    151.941
 403    208.583
 404    108.196
 405    114.473
 406    101.662
 407     89.2871
 408   1154.55
 409   2727.19
 410   2962.11
 411   2091.59
 412    839.706
 413    661.739
 414    249.238
 415    181.846
 416   1403.62
 417   3017.33
 418   3339.5
 419   2171.04
 420    932.317
 421    570.723
 422    267.571
 423    171.716
 424     27.9845
 425    111.493
 426    179.2
 427    244.541
 428    261.244
 429    224.421
 430    142.905
 431     82.7506
 432     22.0369
 433     12.3903
 434     17.7354
 435     31.8673
 436     68.557
 437     39.714
 438     73.1257
 439     61.7646
 440      1.1882
 441      6.8014
 442      9.1532
 443      7.5552
 444     16.7744
 445      8.3871
 446     37.8888
 447      7.7079
 448      2.8553
 449     28.245
 450      2.634
 451      9.6008
 452      8.732
 453      8.9235
 454      6.5154
 455      2.0646
 456      1.2734
 457      8.394
 458     11.3267
 459      3.9428
 460     28.4017
 461     13.5732
 462      9.2262
 463      5.2634
 464      5.9726
 465     16.7487
 466     23.5296
 467     18.2679
 468     18.876
 469     21.5203
 470     21.1352
 471     30.4831
 472     39.8106
 473     31.8396
 474     38.4291
 475     25.7768
 476     56.7328
 477     29.0361
 478     52.8568
 479     13.361
 480     72.7946
 481     58.624
 482     60.7403
 483     85.6975
 484     63.7059
 485     63.3184
 486     27.0998
 487     21.5736
 488     13.7529
 489     21.3486
 490     25.9562
 491     12.3631
 492     13.2378
 493     18.814
 494     19.5812
 495     13.5837
 496      6.1913
 497      8.0082
 498     33.8334
 499     11.9892
 500     33.1098
 501     13.8172
 502     13.5343
 503     15.3157
 504      2.2216
 505      2.3792
 506      3.1974
 507      7.7121
 508      7.0393
 509      9.3046
 510      3.8273
 511      2.4893
