This file was gnenerated on 2021-02-07 00:08:26.683070 by Grant Finneman. This contains the extracted data from the Gate simulations
The edep for each cube was summed up and printed to this file. The only math operation done has been addition.

  id        edep
   0      1.1285
   1     20.8474
   2      9.5064
   3      2.6445
   4      4.6764
   5      2.7722
   6      3.5044
   7      4.8312
   8     38.7658
   9      9.3313
  10     56.8298
  11     35.7219
  12     18.069
  13     28.9522
  14     15.1971
  15     10.7568
  16     43.9178
  17     90.3607
  18    121.13
  19    144.81
  20    101.64
  21     72.7052
  22     64.2119
  23     52.6462
  24   1251.65
  25   2597.88
  26   2813.96
  27   1698.64
  28    517.944
  29    265.493
  30     75.2442
  31     89.116
  32   1215.49
  33   2578.1
  34   2951.25
  35   1958.26
  36    507.72
  37    243.896
  38    228.823
  39     68.4162
  40     20.2637
  41     85.2806
  42    144.071
  43    135.343
  44     68.2183
  45     40.0243
  46     28.5348
  47     16.8057
  48      8.8897
  49     24.2647
  50     52.3021
  51     14.979
  52     59.2938
  53     12.4465
  54     12.9648
  55     11.3266
  56      3.6344
  57     29.2345
  58      5.4912
  59      7.7556
  60      9.7552
  61      5.7464
  62     11.2785
  63      6.0957
  64     15.2684
  65      6.6474
  66     17.7655
  67     10.9453
  68     34.5109
  69     11.5763
  70     20.8766
  71     18.0256
  72     10.5178
  73     16.6445
  74     38.4859
  75     29.6827
  76     33.6441
  77     57.4927
  78     68.4659
  79     37.7177
  80     75.4385
  81    151.22
  82    255.449
  83    459.028
  84    566.466
  85    526.798
  86    390.71
  87    286.667
  88   1529.86
  89   4295.68
  90   6736.27
  91   7928.71
  92   6663.56
  93   4060.75
  94   2047.12
  95    915.784
  96   1718.16
  97   4386.15
  98   6497.03
  99   7606.91
 100   6525.51
 101   4303.52
 102   2180.83
 103    974.224
 104     54.6521
 105    265.759
 106    426.281
 107    423.484
 108    634.254
 109    517.1
 110    351.652
 111    206.967
 112      7.0476
 113     43.7626
 114     75.9088
 115     30.8151
 116     38.3246
 117     82.5056
 118     56.5651
 119     67.8915
 120      5.283
 121     10.4395
 122      9.9304
 123     12.7728
 124     18.5716
 125     16.2057
 126     13.3066
 127     15.891
 128     10.5001
 129     16.6035
 130     16.5067
 131     17.3627
 132     28.0946
 133     21.4939
 134     35.4643
 135     30.323
 136     19.8675
 137     32.4245
 138     31.0973
 139     52.5836
 140     61.7213
 141     75.4315
 142     80.4994
 143     55.4632
 144     49.1072
 145    254.01
 146    534.33
 147    559.925
 148    695.977
 149    945.395
 150   1033.98
 151    502.186
 152   1660.48
 153   4647.95
 154   7095.57
 155   8863.66
 156   9239.57
 157   9829.81
 158   8553.44
 159   5455.39
 160   1536.53
 161   3997.47
 162   5993.62
 163   8373.39
 164  10391.7
 165   9987.49
 166   8214.85
 167   5603.31
 168    113.043
 169    178.694
 170    308.849
 171    681.11
 172    910.406
 173    956.196
 174    947.718
 175    751.442
 176     17.9486
 177     33.6353
 178     45.79
 179     88.5893
 180     79.0966
 181     48.4552
 182     68.5735
 183    103.233
 184      6.515
 185     13.9092
 186     29.0302
 187     27.1113
 188     11.285
 189     37.8237
 190     36.6144
 191     39.8345
 192      9.6439
 193     11.7332
 194     14.4223
 195     23.1335
 196     13.5142
 197     15.8165
 198     14.1346
 199     34.326
 200     18.4811
 201     35.601
 202     34.3728
 203     69.5406
 204     61.191
 205    120.031
 206    117.532
 207    134.825
 208     85.1683
 209    207.192
 210    450.184
 211    917.168
 212   1059.32
 213   1148.59
 214   1334.99
 215   1116.66
 216   1476.46
 217   4105.63
 218   7222.85
 219   9888.57
 220  10252.8
 221  10427
 222  10854
 223   8657.34
 224   1680.63
 225   4244.4
 226   6747.21
 227   9085.16
 228  10600.7
 229  10898.5
 230   9986.72
 231   8254.98
 232     55.0716
 233    137.438
 234    552.579
 235    631.554
 236    996.028
 237   1234.76
 238   1219.39
 239    961.364
 240     17.5566
 241     38.3835
 242     72.8049
 243    149.475
 244    127.09
 245    118.638
 246    100.025
 247     95.1767
 248     11.1241
 249      9.1627
 250     11.7678
 251     76.4554
 252     24.7094
 253     28.1252
 254     26.4239
 255     40.6349
 256     17.5174
 257     18.1225
 258     24.5524
 259     43.3824
 260     30.2877
 261     44.4939
 262     40.5119
 263     43.6979
 264     43.6933
 265     50.5692
 266     51.1841
 267     87.5584
 268    109.146
 269    145.237
 270    241.29
 271    237.76
 272     60.5202
 273    232.882
 274    423.781
 275    800.762
 276   1188.79
 277   1536.86
 278   1713.17
 279   1549.92
 280   1765.28
 281   4497.96
 282   7346.88
 283  10104.3
 284  11031.3
 285  11510.8
 286  11284.5
 287   9578.07
 288   2037.69
 289   4778.18
 290   7066.97
 291   9410.03
 292  10920.6
 293  12149.8
 294  10909.6
 295   8899.53
 296     95.1659
 297    215.528
 298    541.675
 299    703.183
 300   1154.45
 301   1362.95
 302   1631.01
 303   1298.54
 304     27.7156
 305     30.9075
 306     50.745
 307     64.519
 308    213.872
 309    153.592
 310    170.705
 311    127.039
 312      9.5327
 313     14.3077
 314     16.3604
 315     29.2883
 316     23.9821
 317     41.7848
 318     66.4939
 319     29.1288
 320     10.0321
 321     29.6562
 322     44.1467
 323     21.1166
 324     22.0315
 325     29.6115
 326     44.2935
 327     47.8571
 328     21.9463
 329     26.6137
 330     51.3516
 331    100.211
 332    126.322
 333    165.998
 334    251.356
 335    367.961
 336     50.3759
 337    276.541
 338    556.928
 339    798.763
 340   1209.19
 341   1670.85
 342   1392.95
 343   1420.05
 344   1131.42
 345   4014.75
 346   7344.33
 347   9690.12
 348  11030.1
 349  11110.9
 350  10777.1
 351  10367.3
 352   1112.89
 353   4105.28
 354   7719.02
 355   9905.1
 356  10532.1
 357  11286.4
 358  11230.1
 359   9437.59
 360    126.574
 361    263.58
 362    519.196
 363    897.223
 364   1148.03
 365   1193.56
 366   1661.57
 367   1501.33
 368     18.3029
 369     56.7188
 370     53.6596
 371     66.0297
 372    147.092
 373    184.67
 374    220.252
 375    197.407
 376     10.5682
 377     25.1809
 378     16.4381
 379     29.4238
 380     71.2179
 381     32.6953
 382     71.773
 383     75.7917
 384      4.3008
 385     15.3725
 386     18.7211
 387     28.6839
 388     41.4029
 389     51.7609
 390     75.8512
 391     67.1223
 392     14.3588
 393     34.417
 394     35.2801
 395     48.4574
 396    111.959
 397     98.5338
 398    131.732
 399    252.742
 400     51.9737
 401     95.5509
 402    257.744
 403    549.881
 404    970.358
 405   1312.88
 406   1444.57
 407   1447.14
 408    104.082
 409    945.11
 410   3378.64
 411   6852.91
 412   9707.68
 413  11392.3
 414  11243.3
 415   8569.1
 416    168.688
 417    848.321
 418   3253.59
 419   6912.28
 420   9515.6
 421  10673.8
 422  11312.2
 423   8479.88
 424     84.4346
 425    114.258
 426    277.72
 427    754.963
 428    891.523
 429   1237.07
 430   1474.48
 431   1366.15
 432      6.8455
 433     30.6347
 434     60.5918
 435     50.9592
 436     90.5405
 437    101.769
 438    175.757
 439    234.147
 440      7.8664
 441     16.0138
 442     12.6304
 443     66.5885
 444    103.148
 445     29.4484
 446     36.9142
 447     47.1739
 448     15.2867
 449      4.4994
 450      5.1283
 451     16.7802
 452     36.042
 453     28.7864
 454     26.2108
 455     42.8152
 456      6.3627
 457     46.936
 458     29.506
 459     39.2139
 460     71.6556
 461     94.3149
 462    229.323
 463    167.936
 464     22.6419
 465     40.2375
 466    142.891
 467    308.101
 468    441.977
 469    800.404
 470   1003.94
 471   1093.36
 472     34.2639
 473     91.2656
 474    310.522
 475    930.375
 476   2997.34
 477   6045.38
 478   8317.63
 479   8325.04
 480     73.1388
 481    166.13
 482    325.731
 483   1194.92
 484   3465.46
 485   5734.65
 486   8168.68
 487   7962.37
 488     14.0409
 489     27.1878
 490    100.136
 491    220.536
 492    586.355
 493    916.658
 494   1165.95
 495   1227.28
 496     47.496
 497     44.9086
 498     26.1977
 499     64.9155
 500     88.1632
 501    137.791
 502    230.546
 503     92.4098
 504      4.482
 505     10.3082
 506     19.5077
 507     27.0379
 508     20.266
 509     17.0649
 510     42.0071
 511     76.901
