This file was gnenerated on 2021-06-11 11:37:18.078072 by Grant Finneman. This contains the extracted data from the Gate simulations
The edep for each cube was summed up and printed to this file. The only math operation done has been addition.

  id        edep
   0     20.1222
   1     19.6893
   2      9.5615
   3      8.3659
   4      7.1874
   5     19.1604
   6     18.8951
   7     50.6715
   8     17.079
   9     16.3012
  10     21.7035
  11     47.192
  12     60.3181
  13    121.443
  14     83.31
  15    153.71
  16     18.912
  17     60.37
  18     78.7589
  19    175.163
  20    474.717
  21    783.139
  22    838.822
  23   1119.58
  24     27.418
  25     60.512
  26    131.084
  27    552.783
  28   1542.11
  29   3003.32
  30   5045.54
  31   6162.28
  32     56.7703
  33    138.96
  34    292.805
  35    668.692
  36   1717.37
  37   3277.39
  38   5394.6
  39   6387.85
  40     25.5731
  41     68.4227
  42     61.9205
  43    227.876
  44    413.127
  45    745.121
  46   1103.76
  47   1152.43
  48     33.443
  49     29.7968
  50     17.7221
  51     24.2353
  52     46.7686
  53     72.0239
  54     63.1062
  55    117.287
  56      1.165
  57     21.4175
  58     12.4587
  59     33.3727
  60     14.6226
  61     22.2669
  62     20.5936
  63     20.5775
  64      5.9063
  65     10.5505
  66     16.0546
  67     11.3026
  68     17.3323
  69     21.0639
  70     28.0153
  71     76.0885
  72     16.1793
  73     21.3789
  74     44.585
  75     78.1159
  76    141.793
  77    143.541
  78    162.926
  79    278.006
  80     68.1573
  81    162.681
  82    391.833
  83    860.746
  84   1295.79
  85   1700.89
  86   1983.08
  87   2028.07
  88    162.261
  89   1220.19
  90   2978.34
  91   5385.79
  92   8126.15
  93   8719.55
  94   9036.16
  95   8380.43
  96    100.756
  97   1001.06
  98   2784.87
  99   5361.6
 100   8303.45
 101   9233.59
 102   9806.19
 103   8157.16
 104     32.7029
 105    175.734
 106    377.337
 107    798.475
 108   1293.6
 109   1797.17
 110   1842.78
 111   1614.31
 112     16.1108
 113     31.7748
 114     45.724
 115    125.838
 116     97.3497
 117    143.18
 118    189.852
 119    201.48
 120      8.3773
 121      7.0608
 122     14.8813
 123     15.9583
 124     19.6553
 125     22.969
 126     39.4507
 127     95.3829
 128      7.0003
 129      9.047
 130     20.2629
 131     18.3623
 132     28.6396
 133     28.6309
 134     26.1807
 135     47.3234
 136     17.7544
 137     28.1538
 138     55.7194
 139    120.24
 140    202.677
 141    155.292
 142    144.821
 143    134.446
 144     40.8613
 145    188.377
 146    434.478
 147    791.902
 148   1401.25
 149   2058.16
 150   2118.57
 151   1880.21
 152   1222.13
 153   3724.24
 154   5387.31
 155   7305.33
 156   9147.03
 157   9592.2
 158   9613.7
 159   8214.77
 160   1450.79
 161   3891.94
 162   6000.41
 163   7590.16
 164   8822.6
 165   9930.04
 166  10143.4
 167   8826.5
 168     72.3864
 169    333.113
 170    711.832
 171   1060.89
 172   1523.94
 173   1874.42
 174   2459.06
 175   2121.06
 176     14.8712
 177     23.7245
 178     49.7687
 179    148.161
 180     86.5782
 181    147.036
 182    105.672
 183    194.05
 184      7.0648
 185     13.5389
 186     10.5627
 187     18.8467
 188     34.1364
 189     26.1588
 190     34.2275
 191     34.134
 192      5.8834
 193     11.1903
 194     16.8707
 195     15.6841
 196     25.1249
 197     22.1702
 198     23.9623
 199     40.0104
 200     13.5075
 201     31.3732
 202     41.0854
 203     89.5757
 204    101.634
 205    163.477
 206    219.204
 207    259.556
 208     73.8547
 209    199.848
 210    610.762
 211   1151.06
 212   1370.97
 213   1585.54
 214   1696.45
 215   1782.85
 216   1197.78
 217   3181.14
 218   5657.47
 219   7807.76
 220   8800.72
 221   9519.63
 222   9221.83
 223   7726.31
 224   1403.01
 225   3762.64
 226   6084.07
 227   7666.2
 228   9305.01
 229   9966.15
 230   9606.59
 231   8541.71
 232     77.2544
 233    326.41
 234    643.277
 235   1149.02
 236   1401.79
 237   1748.72
 238   1879.64
 239   1804.65
 240     18.297
 241     25.1424
 242     54.0183
 243    124.589
 244    114.625
 245    199.844
 246    132.505
 247    168.705
 248     27.2035
 249     17.9495
 250     13.4417
 251     16.5541
 252     19.8706
 253     25.7096
 254     39.7081
 255     13.7292
 256     11.3427
 257     23.2213
 258     21.5533
 259     51.1879
 260     19.8266
 261     39.1778
 262     37.0379
 263     79.9574
 264     18.188
 265     28.3423
 266     34.4922
 267    111.66
 268    121.372
 269     89.4535
 270    278.611
 271    227.035
 272     41.2212
 273    285.469
 274    622.113
 275   1024.02
 276   1524.45
 277   1819.69
 278   1606.97
 279   1369.84
 280   1292.87
 281   3607.17
 282   5795.88
 283   7782.96
 284   8427.11
 285   9884.07
 286  10365.8
 287   8400.82
 288   1546.74
 289   3623.05
 290   5603.7
 291   7768.74
 292   9191.2
 293   9681.72
 294   9903.98
 295   8712.35
 296    103.857
 297    373.895
 298    588.552
 299   1063.28
 300   1579.14
 301   1476.34
 302   1934.41
 303   1872.48
 304     37.0405
 305     30.0482
 306     38.2558
 307    128.67
 308    126.137
 309    129.232
 310    196.803
 311    149.823
 312      7.737
 313     11.9949
 314     11.507
 315     15.3272
 316     27.7209
 317     61.2386
 318     58.1079
 319     48.8201
 320      4.596
 321      5.4122
 322     12.2449
 323     20.5978
 324     48.6979
 325     60.3737
 326     20.1818
 327     47.2916
 328     15.6657
 329     21.9207
 330     51.6303
 331     56.0347
 332    111.017
 333     89.1031
 334    100.256
 335    140.914
 336     56.303
 337    300.529
 338    567.539
 339   1077.32
 340   1180.85
 341   1628.05
 342   1771.69
 343   1298.17
 344   1248.6
 345   3604.38
 346   5311.01
 347   6530.5
 348   7911.74
 349   9200.36
 350   8672.52
 351   6813.91
 352   1259.33
 353   3392.4
 354   5651.94
 355   7268.88
 356   8722.43
 357   9684.76
 358   8752.68
 359   6631.94
 360    113.917
 361    408.492
 362    522.752
 363    933.064
 364   1117.16
 365   1366.34
 366   1607.82
 367   1234.83
 368     12.0461
 369     13.1814
 370     34.4585
 371     90.1389
 372     84.6568
 373     96.4158
 374    167.45
 375     88.3607
 376     16.3818
 377     12.2892
 378     11.1613
 379      9.9104
 380     26.6925
 381      9.6659
 382     30.2923
 383     29.0661
 384      2.5904
 385      7.9762
 386     10.8166
 387     11.0201
 388     13.4041
 389     10.9946
 390     11.8705
 391      8.6358
 392      8.885
 393     12.1721
 394     29.2685
 395     55.1291
 396     66.9525
 397     41.1481
 398     46.52
 399     52.6933
 400     43.854
 401    253.255
 402    535.683
 403    929.481
 404   1174.79
 405    775.949
 406    508.362
 407    280.669
 408   1232.86
 409   3478.29
 410   5277.82
 411   6410.83
 412   5807.75
 413   4663.83
 414   2961.84
 415   1201.09
 416   1338.78
 417   3329.16
 418   5147.31
 419   6469.47
 420   5903.24
 421   4944.89
 422   2531.24
 423   1202.43
 424    114.155
 425    255.815
 426    568.728
 427    705.076
 428    809.301
 429    689.059
 430    658.226
 431    376.544
 432     11.6686
 433     22.1666
 434     19.294
 435     28.2692
 436     41.9021
 437     29.9412
 438     40.5647
 439     89.2171
 440     10.5173
 441      7.8486
 442      7.0881
 443      8.3127
 444      9.8248
 445     23.0934
 446     15.0103
 447     13.7955
 448      0.118
 449      7.3438
 450      4.2783
 451      6.911
 452     21.193
 453     16.6248
 454      5.2743
 455      6.9106
 456      4.6812
 457     11.2598
 458     18.635
 459     17.2513
 460     20.0168
 461     15.0539
 462      8.6791
 463     25.4977
 464     43.4022
 465     97.1679
 466    197.654
 467    114.625
 468     78.9369
 469    159.75
 470     71.6447
 471     62.015
 472    923.736
 473   1626.39
 474   1558.66
 475    991.684
 476    378.603
 477    290.503
 478    230.46
 479    146.36
 480    881.937
 481   1552.45
 482   1562.49
 483    900.319
 484    396.469
 485    306.663
 486    174.315
 487     98.6681
 488     34.8368
 489    137.83
 490    141.412
 491    124.751
 492     77.8331
 493    105.287
 494     54.5637
 495     56.3132
 496      3.3871
 497      9.049
 498     19.8923
 499      7.8771
 500     21.2221
 501     17.0244
 502     10.3221
 503     68.2524
 504      4.2587
 505      5.74
 506      3.4858
 507      4.8496
 508      5.0978
 509      5.6141
 510      5.8074
 511     18.8193
