This file was gnenerated on 2021-02-07 00:19:30.236028 by Grant Finneman. This contains the extracted data from the Gate simulations
The edep for each cube was summed up and printed to this file. The only math operation done has been addition.

  id        edep
   0     27.3434
   1     12.6589
   2     12.3694
   3      6.8262
   4     15.8782
   5      6.7184
   6      3.2313
   7      8.4074
   8     16.1681
   9     32.7235
  10     26.8406
  11      7.888
  12      9.5232
  13      2.8547
  14      3.9072
  15      5.7588
  16     81.4338
  17     36.9354
  18     47.9221
  19     20.8723
  20     15.8856
  21      9.0784
  22      7.2019
  23      5.3748
  24     82.8052
  25     22.9129
  26     43.0617
  27     35.1473
  28     22.8484
  29     26.3637
  30      8.2988
  31      9.3412
  32     45.0538
  33     29.8133
  34     49.3506
  35     43.5641
  36     16.5833
  37     12.9181
  38      5.8755
  39      8.7239
  40     18.174
  41     41.9176
  42     16.0433
  43     14.9392
  44     23.0486
  45     11.026
  46     10.8585
  47      6.2228
  48     33.8371
  49     15.2173
  50     14.0253
  51      8.6593
  52      5.2265
  53      6.6701
  54      1.5626
  55      2.0969
  56     24.1154
  57     11.0813
  58      6.7268
  59     26.345
  60      8.3356
  61      2.294
  62      3.9355
  63      1.0521
  64     25.6075
  65     13.2667
  66     19.8898
  67     33.5756
  68      7.6712
  69      7.0442
  70      8.2374
  71      3.6512
  72     36.7161
  73     52.977
  74     39.4202
  75     29.9563
  76     41.9268
  77     14.0712
  78     12.128
  79     10.0994
  80    266.642
  81    215.59
  82    130.693
  83     93.142
  84     51.3523
  85     18.1011
  86     12.7554
  87     10.59
  88    591.526
  89    571.296
  90    383.984
  91    374.745
  92    186.071
  93    113.876
  94     30.9971
  95     29.1831
  96    586.171
  97    557.704
  98    421.622
  99    223.96
 100    143.383
 101    108.776
 102     26.3521
 103     28.0736
 104    181.409
 105    211.723
 106    112.43
 107     71.9149
 108     79.8377
 109     33.8749
 110     25.5684
 111     14.1466
 112     69.5323
 113     28.7479
 114     45.8578
 115     45.6436
 116     26.9996
 117     24.0747
 118     10.5884
 119      6.705
 120     50.3865
 121      8.915
 122      7.013
 123     14.2006
 124      5.9407
 125      9.9589
 126      7.1236
 127      6.146
 128     30.9651
 129     14.2806
 130     22.4199
 131     39.8744
 132     10.3454
 133      6.6255
 134      3.3543
 135      5.8051
 136    134.951
 137    180.607
 138    106.659
 139     54.4982
 140     48.9836
 141     37.7692
 142     18.1413
 143      6.7368
 144   1608.1
 145   1722.04
 146   1368.74
 147   1061.56
 148    700.114
 149    354.588
 150    151.816
 151     26.1245
 152   7186.54
 153   8192.28
 154   7529.19
 155   6568.03
 156   5452.81
 157   3967.35
 158   2224.83
 159    686.097
 160   7432.51
 161   8666.02
 162   8064.52
 163   6529.5
 164   5384.42
 165   4077.4
 166   2403.79
 167    923.749
 168   1679.29
 169   1635.81
 170   1280.27
 171    911.833
 172    763.127
 173    411.615
 174    200.419
 175     44.5551
 176    145.9
 177    131.387
 178    131.555
 179     48.9747
 180     62.0118
 181     24.722
 182     11.62
 183     15.156
 184     22.16
 185     17.5593
 186     24.2026
 187     12.9046
 188      9.6605
 189      6.9857
 190      4.5657
 191      7.1166
 192     70.9888
 193     28.3238
 194     36.3099
 195     23.8799
 196     17.1135
 197     12.5101
 198      5.8841
 199      5.7672
 200    136.169
 201    223.555
 202     96.9819
 203    121.189
 204     51.3075
 205     41.0975
 206     43.7639
 207     14.699
 208   2765.66
 209   2642.14
 210   1973.22
 211   1635.56
 212   1254.51
 213    768.069
 214    430.952
 215     83.6521
 216  13501.2
 217  15089.5
 218  14240.9
 219  13326.2
 220  10764.3
 221   7860.39
 222   4598.78
 223   1597.89
 224  14303.9
 225  14722.5
 226  13908.9
 227  13163.7
 228  10075.7
 229   7218.93
 230   4267.95
 231   1459.07
 232   2772.89
 233   2811.72
 234   2160.32
 235   1734.44
 236   1274.22
 237    687.869
 238    272.336
 239     86.0925
 240    199.879
 241    127.684
 242    123.403
 243    181
 244    131.621
 245     51.4322
 246     24.0314
 247     11.1658
 248     38.5915
 249     32.8616
 250     20.0583
 251      9.6341
 252     27.5671
 253     14.021
 254     22.6436
 255      8.1641
 256     41.0548
 257     20.2325
 258     21.4246
 259     15.6077
 260     43.9975
 261     19.1696
 262     12.4301
 263      5.4996
 264    218.097
 265    198.29
 266    115.695
 267    105.901
 268     47.1312
 269     37.4687
 270     54.5177
 271     19.8745
 272   2884.49
 273   2762.02
 274   1870.55
 275   1778.55
 276   1366.96
 277    723.821
 278    443.54
 279     85.8347
 280  14508.9
 281  16118.3
 282  15425.8
 283  13305.6
 284  10858.2
 285   7824.72
 286   4354.69
 287   1580.94
 288  14338.5
 289  15262.4
 290  15015.5
 291  12384.4
 292  11260.7
 293   7703.88
 294   4740.41
 295   1612.26
 296   2437.67
 297   2648.26
 298   2132.34
 299   1531.47
 300   1081.5
 301    570.41
 302    297.249
 303     74.5992
 304    220.123
 305    163.904
 306    133.533
 307     54.0619
 308     57.5621
 309     37.9845
 310     25.9766
 311     19.9629
 312     28.2126
 313     22.5478
 314     21.4125
 315     16.5826
 316     19.2413
 317      9.6731
 318     10.4942
 319      8.7027
 320     41.136
 321     18.2375
 322     26.6784
 323     12.1185
 324      9.9836
 325     12.4249
 326      9.6329
 327      6.8572
 328    123.215
 329     70.1009
 330     56.4362
 331     64.4806
 332     35.1493
 333     31.7624
 334     12.7957
 335      6.2049
 336   1476.94
 337   1303.61
 338   1307.31
 339   1151.44
 340    675.323
 341    440.817
 342    111.548
 343     80.9883
 344   7632.68
 345   8065.04
 346   7870.64
 347   6222.64
 348   4955.88
 349   3769.64
 350   2403.89
 351    885.243
 352   7393.96
 353   7622.02
 354   7389.83
 355   6082.07
 356   5404.1
 357   3620.66
 358   2287.13
 359    871.241
 360   1298.93
 361   1481.28
 362   1041.12
 363    902.95
 364    704.7
 365    360.754
 366    166.612
 367     84.9749
 368    290.187
 369    133.924
 370     69.415
 371     85.9829
 372     28.8113
 373     25.7647
 374     18.8152
 375      9.5092
 376     10.1516
 377     15.4279
 378     57.2216
 379     35.107
 380     12.3512
 381      8.9645
 382      5.4706
 383     10.1365
 384     11.6043
 385     11.3206
 386      7.9977
 387      7.183
 388     20.2342
 389      9.5483
 390      3.8016
 391      3.5692
 392     22.8995
 393     20.8635
 394     26.6487
 395     39.2024
 396     35.8431
 397     17.9608
 398      8.8592
 399     10.1687
 400    121.627
 401    170.351
 402    122.324
 403     40.2561
 404     38.3063
 405     71.4955
 406     51.5159
 407     55.4749
 408    415.575
 409    495.805
 410    274.943
 411    135.692
 412    136.096
 413    160.173
 414     87.278
 415     27.3368
 416    573.575
 417    508.527
 418    314.525
 419    213.6
 420    201.614
 421    114.064
 422     34.0851
 423     30.809
 424    177.849
 425    262.108
 426    168.793
 427     89.9514
 428     69.2009
 429     40.1815
 430     12.9171
 431      9.7488
 432     75.1404
 433     58.7047
 434     51.2114
 435     33.1379
 436     28.7157
 437     13.5955
 438      5.633
 439      6.9706
 440     14.901
 441     35.7765
 442      9.0947
 443      9.838
 444     11.8376
 445      4.8568
 446      4.2035
 447      5.8818
 448      5.2604
 449      4.4145
 450      9.2853
 451      9.242
 452      8.1794
 453      1.7696
 454      2.7406
 455      1.9238
 456     10.7053
 457     18.1438
 458     10.9392
 459      7.5184
 460      7.859
 461      5.0755
 462     12.4578
 463      8.9686
 464     31.2772
 465     53.4555
 466     17.6522
 467     14.1937
 468     25.5142
 469     18.988
 470      8.9238
 471     46.4362
 472     26.5168
 473     89.4352
 474     23.3507
 475     34.5018
 476     28.579
 477     35.6061
 478     15.6175
 479     12.6341
 480     71.7584
 481     97.1473
 482     44.9282
 483     16.7717
 484     16.9957
 485     18.5552
 486     40.603
 487      6.664
 488     45.127
 489     17.5858
 490     24.9009
 491     22.3289
 492     19.782
 493     13.2809
 494     47.0239
 495      8.8112
 496      9.6504
 497     19.5024
 498     13.659
 499     21.9866
 500      9.3069
 501      3.0789
 502      6.6515
 503      3.1311
 504     13.8482
 505      5.0049
 506      3.2385
 507      4.7178
 508      0.6392
 509      2.3309
 510      3.2465
 511      2.3467
