This file was gnenerated on 2021-06-11 11:44:23.515743 by Grant Finneman. This contains the extracted data from the Gate simulations
The edep for each cube was summed up and printed to this file. The only math operation done has been addition.

  id        edep
   0      7.9763
   1     18.1005
   2      7.6538
   3      5.8334
   4      7.7228
   5     12.9263
   6      8.418
   7      5.3645
   8     14.1884
   9     14.4979
  10     82.698
  11     52.7651
  12     11.5543
  13     16.5848
  14      7.9651
  15     10.2793
  16     18.0639
  17     16.4997
  18     55.5537
  19     63.6292
  20    142.023
  21    536.091
  22    804.065
  23    365.453
  24     38.3651
  25     63.608
  26    102.078
  27    177.677
  28    490.019
  29   1593.9
  30   2526.38
  31   1315.24
  32     73.0791
  33     73.077
  34     90.3894
  35    185.501
  36    328.3
  37   1520.14
  38   2668.88
  39   1411.27
  40    102.2
  41     45.4057
  42     46.2856
  43     69.9798
  44    129.609
  45    519.242
  46    778.361
  47    316.627
  48     13.5177
  49     10.3371
  50     25.4678
  51     15.6646
  52     12.2726
  53     25.3818
  54     15.7562
  55      4.2276
  56      3.7823
  57     11.5632
  58      7.9075
  59     14.6137
  60      9.6468
  61      5.5359
  62      4.2076
  63      2.589
  64     13.0982
  65     35.4064
  66     40.0987
  67     39.9769
  68     29.0886
  69     16.9691
  70     20.0631
  71     41.0536
  72     52.8118
  73     63.4539
  74     54.0247
  75     82.1366
  76     89.3241
  77     67.6259
  78     63.0252
  79     40.8382
  80    100.821
  81    189.985
  82    233.543
  83    981.468
  84   1855.29
  85   2344.76
  86   1705.62
  87    894.152
  88    213.607
  89    314.959
  90    702.824
  91   2558.14
  92   6437.16
  93   7555.22
  94   5462.39
  95   2190.31
  96    120.981
  97    201.133
  98    869.275
  99   2656.6
 100   5994.74
 101   7996.79
 102   5665.73
 103   2230.27
 104    111.458
 105    126.974
 106    329.048
 107   1055.74
 108   1967.3
 109   2461.24
 110   1755.4
 111    595.227
 112     58.2662
 113     43.3941
 114     69.7505
 115     49.5831
 116     72.8468
 117     48.8263
 118     35.8163
 119     16.509
 120     38.0522
 121     23.749
 122     21.1571
 123     28.8063
 124     37.2565
 125     11.5353
 126     22.4709
 127     18.1546
 128     17.4878
 129     22.8691
 130     39.6999
 131     50.4175
 132     45.0557
 133     35.3225
 134     27.2741
 135     45.8562
 136    166.735
 137    140.336
 138    176.528
 139    130.596
 140    206.523
 141    126.026
 142     94.8747
 143     52.5004
 144    545.164
 145   1188.69
 146   2364.98
 147   3401.76
 148   3864.37
 149   3000.75
 150   2279.05
 151    880.101
 152    754.414
 153   2466.36
 154   6419.41
 155  10174
 156  11839.3
 157  10118
 158   6033.97
 159   2600.15
 160    921.941
 161   2594.28
 162   6366.52
 163   9814.46
 164  11592.3
 165  10308
 166   6222.37
 167   2418.54
 168    398.282
 169   1172.96
 170   2492.54
 171   3510.5
 172   3698.52
 173   2952.31
 174   1717.61
 175    735.583
 176     50.4842
 177     83.8866
 178    187.303
 179    201.742
 180    148.415
 181    108.885
 182    104.026
 183     42.8482
 184     20.6623
 185     24.3647
 186     67.7122
 187     38.2061
 188     47.3929
 189     27.4857
 190     39.3414
 191     25.5017
 192     31.0571
 193     42.6321
 194     37.2405
 195     34.96
 196     30.0812
 197     29.1788
 198     27.2766
 199     18.6175
 200    130.052
 201    179.458
 202    345.79
 203    229.26
 204    288.405
 205    211.097
 206     85.6738
 207     49.2743
 208   1738.23
 209   3372.44
 210   4029.12
 211   4139.26
 212   3553.93
 213   2962.63
 214   1960.19
 215    774.349
 216   4882.34
 217   8688.69
 218  12545.3
 219  12864.4
 220  12746.8
 221  10646.5
 222   6434.94
 223   2339.52
 224   5118.36
 225   9125.15
 226  12516.2
 227  13068.8
 228  12811.5
 229  11357.4
 230   6758.47
 231   2467.5
 232   1749.76
 233   3298.99
 234   4422.08
 235   4250.4
 236   3972.46
 237   3006.14
 238   2171.54
 239    803.085
 240    184.127
 241    364.746
 242    234.262
 243    287.464
 244    158.567
 245    240.35
 246    106.835
 247     74.606
 248     45.4983
 249     41.7134
 250    137.804
 251     55.8946
 252     35.2458
 253     42.3604
 254     26.0388
 255     56.81
 256     54.7698
 257     41.55
 258     81.6936
 259     71.5833
 260     38.7235
 261     30.3913
 262     32.5384
 263     15.4449
 264    351.041
 265    350.462
 266    589.882
 267    363.62
 268    281.543
 269    140.449
 270    105.664
 271     58.238
 272   3711.95
 273   4157.52
 274   4817.47
 275   4693.81
 276   4672.6
 277   3408.07
 278   2212.46
 279    421.587
 280   9566.43
 281  11618.1
 282  13051.3
 283  13124.8
 284  13134.9
 285  10948.9
 286   6083.7
 287   1465.06
 288   8700.73
 289  11628.7
 290  12057.9
 291  12956.6
 292  12133.3
 293  11103.4
 294   6162.11
 295   1539.09
 296   3411.87
 297   4304.53
 298   4833.23
 299   4377.91
 300   4462.02
 301   3352.13
 302   1955.2
 303    749.054
 304    345.48
 305    476.276
 306    478.722
 307    309.016
 308    362.551
 309    236.724
 310    137.097
 311     59.5247
 312     84.4778
 313     50.6973
 314     58.9112
 315     91.9514
 316     88.1067
 317     35.1564
 318     14.1216
 319     21.967
 320     99.3308
 321    105.498
 322     52.9115
 323     58.4289
 324     54.4988
 325     64.0349
 326     21.3232
 327     15.728
 328    392.247
 329    379.602
 330    314.662
 331    413.316
 332    315.962
 333    174.889
 334    100.389
 335     34.4958
 336   3624.44
 337   4561.36
 338   4988.96
 339   4582.78
 340   3592.94
 341   2262.98
 342    629.759
 343    127.337
 344  10305.3
 345  12272.3
 346  13717.7
 347  13709.6
 348  11115.7
 349   6049.57
 350   1611.65
 351    312.179
 352   9384.74
 353  12547.2
 354  13360.8
 355  12903.8
 356  10817.3
 357   6235.07
 358   1811.58
 359    382.309
 360   3727
 361   4660.64
 362   4738.44
 363   4828.88
 364   3944.37
 365   2093.07
 366    698.763
 367    142.242
 368    333.04
 369    751.856
 370    400.049
 371    345.087
 372    298.167
 373    237.273
 374    105.921
 375     73.2015
 376     64.2549
 377     89.7066
 378     76.6174
 379     70.825
 380     71.0183
 381     56.4376
 382     54.6467
 383     33.6927
 384     66.4294
 385     62.8347
 386     81.7831
 387     63.1404
 388     33.3311
 389     53.271
 390     30.9487
 391     20.104
 392    439.288
 393    433.642
 394    371.562
 395    221.299
 396    188.122
 397    109.537
 398     99.6468
 399     55.1399
 400   3938.61
 401   4191.18
 402   4248.4
 403   2920.1
 404   1192.45
 405    643.01
 406    215.373
 407     93.5956
 408   9507.61
 409  11804.8
 410  11939.9
 411   8996.73
 412   3702.5
 413   1065.83
 414    325.086
 415    127.576
 416  10691.7
 417  12908.9
 418  11612.2
 419   7917.59
 420   3874.41
 421   1136.41
 422    301.128
 423    173.287
 424   3481.9
 425   4475.92
 426   4190.34
 427   2984.83
 428   1314.13
 429    541.647
 430    249.296
 431     80.214
 432    602.365
 433    724.547
 434    507.951
 435    366.142
 436    236.286
 437    119.784
 438     84.2843
 439     70.7235
 440    124.374
 441    152.259
 442     82.2808
 443     85.1824
 444     73.9348
 445     60.1805
 446     44.9648
 447     55.0038
 448    120.751
 449     95.4139
 450     65.8551
 451     98.0529
 452     34.9745
 453     31.3857
 454     25.3344
 455     15.8012
 456    364.39
 457    329.024
 458    291.261
 459    212.087
 460    108.756
 461    128.142
 462     29.0023
 463     43.5013
 464   3198.15
 465   2990.49
 466   2097.06
 467   1068.8
 468    516.856
 469    154.644
 470     97.794
 471     46.6234
 472   8177.38
 473   7820.05
 474   4591.03
 475   1821.92
 476    683.731
 477    303.841
 478    111.104
 479     54.5387
 480   7901.37
 481   7957.87
 482   4549.6
 483   1781.91
 484    880.592
 485    256.728
 486    115.255
 487     52.0058
 488   3285.17
 489   3239.82
 490   1837.58
 491    814.343
 492    419.139
 493    244.464
 494    117.889
 495     67.2406
 496    329.898
 497    297.741
 498    153.533
 499    196.457
 500    133.501
 501     65.2389
 502     55.0092
 503     42.6519
 504    110.207
 505     87.444
 506     62.253
 507     40.5585
 508     31.8421
 509     27.1008
 510     39.5625
 511      9.1203
