This file was gnenerated on 2021-02-07 00:28:04.288271 by Grant Finneman. This contains the extracted data from the Gate simulations
The edep for each cube was summed up and printed to this file. The only math operation done has been addition.

  id        edep
   0      3.4458
   1      3.5313
   2      6.8505
   3     25.1934
   4      7.6163
   5      9.4095
   6      6.5862
   7      3.8655
   8     17.8546
   9     19.1181
  10      5.0504
  11     17.1408
  12     11.2065
  13     10.8739
  14     15.8213
  15      6.1465
  16      7.1235
  17     11.1433
  18     10.1422
  19      7.6891
  20      8.4486
  21      7.8067
  22      6.8319
  23      9.2323
  24     15.1057
  25     18.3864
  26     39.4937
  27     18.7179
  28     15.8462
  29     13.1026
  30      9.7874
  31     20.9626
  32      8.8596
  33     14.4152
  34     35.8193
  35     29.3099
  36     24.0798
  37     16.015
  38     20.4091
  39     17.9204
  40     22.8112
  41     15.7311
  42     11.7022
  43     26.5335
  44     17.7586
  45     12.7661
  46     47.7391
  47     28.7973
  48     10.347
  49     44.0229
  50     12.05
  51     30.2159
  52      5.426
  53     36.8144
  54      7.3358
  55      4.5533
  56      3.3926
  57      5.5092
  58      6.272
  59      3.7912
  60      4.8009
  61      4.5915
  62      4.1347
  63      4.809
  64      3.4261
  65     20.726
  66     20.3086
  67     19.6635
  68      8.6218
  69      6.1488
  70      8.9145
  71      8.1813
  72     32.3551
  73     14.4883
  74     30.0379
  75     50.7403
  76     29.5948
  77     24.9739
  78     39.1936
  79     13.9176
  80     21.4001
  81     54.1474
  82     33.1431
  83     86.6316
  84     88.057
  85     93.9015
  86     52.0118
  87     90.2048
  88     29.4855
  89     49.3598
  90     69.9231
  91     82.6703
  92    155.918
  93    179.656
  94    145.084
  95    321.897
  96     26.9084
  97     64.314
  98     55.2195
  99     64.9207
 100    120.091
 101    100.056
 102    104.55
 103    352.29
 104     62.3913
 105     87.4068
 106     69.5597
 107     47.1561
 108     43.712
 109     50.7549
 110     92.2849
 111     99.4135
 112     28.0249
 113     22.9694
 114     49.0041
 115     37.5054
 116     23.9202
 117     17.2671
 118     21.9341
 119      6.332
 120      7.7451
 121     14.5972
 122     16.9697
 123     11.1803
 124     14.0456
 125     10.802
 126      7.543
 127      4.5286
 128     17.9112
 129     19.9227
 130     18.0522
 131     27.7539
 132     25.4569
 133     19.9412
 134     12.2405
 135     16.6152
 136     53.2481
 137     51.1969
 138     66.8953
 139    110.258
 140     84.6018
 141     65.7121
 142     57.5481
 143     30.9184
 144    120.947
 145    181.222
 146    216.379
 147    434.517
 148    797.557
 149   2082.63
 150   2541.72
 151   1275.42
 152    119.125
 153    258.74
 154    622.636
 155   1134.38
 156   2625.4
 157   7790.86
 158   9214.65
 159   4827.14
 160    201.521
 161    287.975
 162    435.217
 163    998.231
 164   2819.19
 165   7181.57
 166   9028.11
 167   4721.42
 168    127.063
 169    197.418
 170    260.218
 171    379.784
 172    918.264
 173   2143.75
 174   2384.78
 175   1365.77
 176     38.7685
 177     40.5641
 178     43.6838
 179     74.7137
 180     93.0888
 181     85.7824
 182     32.3703
 183     21.5608
 184     18.8979
 185     27.7092
 186     18.6545
 187     11.1217
 188     15.0782
 189     18.8808
 190      8.5128
 191     10.4792
 192     65.1577
 193     54.7897
 194     32.6265
 195     34.4449
 196     26.0341
 197     20.0148
 198     17.5327
 199     12.9166
 200    143.825
 201    300.321
 202    227.758
 203    239.906
 204    205.67
 205    133.809
 206     84.7487
 207     31.1845
 208    746.533
 209   1512.91
 210   3091.42
 211   5981.94
 212   7097.18
 213   6170.25
 214   2876.86
 215    577.326
 216   1436.79
 217   3420
 218   7680.3
 219  17720.6
 220  24034.1
 221  22234.6
 222  10827.4
 223   2482.59
 224   1495.76
 225   3687.69
 226   8537.6
 227  17403
 228  24752.9
 229  22584
 230  11044.1
 231   2436.39
 232    624.757
 233   1409.33
 234   2967.44
 235   5643.15
 236   6926.78
 237   6377.73
 238   3072.19
 239    757.13
 240    129.34
 241    145.231
 242    217.441
 243    392.668
 244    270.483
 245    116.638
 246     77.5381
 247     66.6192
 248     27.4029
 249     60.5982
 250     46.5178
 251     72.9083
 252     45.6251
 253     44.9683
 254     17.5992
 255     16.6836
 256     99.6225
 257     44.6086
 258     90.6127
 259     68.0478
 260     33.8139
 261     47.0174
 262     39.9021
 263     14.0774
 264    466.639
 265    607.157
 266    626.689
 267    475.909
 268    419.599
 269    196.157
 270     97.9808
 271     53.2142
 272   4236.54
 273   7401.1
 274  10475
 275   9110.07
 276   5099.18
 277   2131.16
 278    572.752
 279    145.282
 280  12157
 281  22595.4
 282  30022.2
 283  28379.6
 284  17383.8
 285   6129.98
 286   1116.53
 287    375.424
 288  11765.9
 289  23463.8
 290  30556.6
 291  27913.1
 292  17329.3
 293   5843.08
 294   1022.63
 295    294.1
 296   4235.33
 297   7709.89
 298   9842.34
 299   8739.92
 300   5594.08
 301   2294.87
 302    685.395
 303    112.521
 304    367.595
 305    471.875
 306    377.198
 307    428.226
 308    232.993
 309    183.731
 310    129.645
 311     61.2453
 312     53.8381
 313     39.7791
 314     43.7835
 315     35.5743
 316     44.3377
 317     45.7735
 318     19.9475
 319     12.3986
 320     93.0099
 321    114.422
 322     65.1213
 323     61.946
 324     63.6232
 325     64.981
 326     37.2393
 327      8.8011
 328    581.86
 329    553.578
 330    376.359
 331    251.806
 332    175.854
 333     64.9595
 334     52.9614
 335     46.7909
 336   7916.27
 337   7793.71
 338   5306.25
 339   2371.81
 340    860.137
 341    272.342
 342    155.842
 343     91.3364
 344  23537.9
 345  23265.8
 346  14925.8
 347   6004.48
 348   2224.68
 349    735.216
 350    239.023
 351     91.9608
 352  23091
 353  22231.8
 354  14590.5
 355   5748.97
 356   2058.88
 357    814.997
 358    347.979
 359    112.342
 360   8118.7
 361   8028.27
 362   5190
 363   2383.5
 364    926.75
 365    427.905
 366    258.45
 367     86.0878
 368    525.814
 369    451.584
 370    396.875
 371    295.682
 372    143.592
 373    119.963
 374     75.3605
 375     16.3815
 376     53.1498
 377     76.4484
 378     50.1894
 379     58.866
 380     48.1715
 381     32.4792
 382     22.5212
 383      6.452
 384    125.919
 385     89.3025
 386     52.1246
 387     45.2503
 388     31.3508
 389     18.6302
 390     12.7221
 391      9.4728
 392    246.011
 393    303.445
 394    225.187
 395    129.024
 396    102.632
 397     85.527
 398     57.7077
 399     37.8874
 400   2784.98
 401   1761.24
 402    924.839
 403    421.22
 404    201.456
 405     98.4661
 406     49.4282
 407     34.1635
 408   7568.11
 409   4531.12
 410   2178.07
 411   1193.76
 412    491.477
 413    135.748
 414     93.7801
 415     46.474
 416   6792.96
 417   3405.88
 418   1842.6
 419    630.638
 420    273.945
 421    151.116
 422     97.9325
 423     37.9581
 424   2808.61
 425   1633.12
 426    885.351
 427    435.337
 428    213.636
 429    124.008
 430     80.8615
 431     46.2044
 432    450.072
 433    384.527
 434    254.155
 435    128.175
 436    100.855
 437     47.2427
 438     45.7491
 439     32.7555
 440     41.1205
 441     45.5215
 442     67.5907
 443     43.4423
 444     57.8918
 445     21.7245
 446     11.249
 447     16.9741
 448     60.776
 449     99.5861
 450     27.6621
 451     42.7632
 452     23.6449
 453     13.0147
 454     17.3
 455      5.2822
 456    133.348
 457    166.917
 458    111.286
 459     81.3206
 460     40.9391
 461     18.9969
 462     21.1836
 463     10.0506
 464    386.42
 465    354.122
 466    151.54
 467    125.887
 468     67.8136
 469     55.7489
 470     22.7429
 471     12.3855
 472    891.025
 473    681.397
 474    533.554
 475    196.874
 476    135.756
 477     60.1013
 478     29.0934
 479     28.1937
 480    888.543
 481    632.54
 482    437.933
 483    252.507
 484    134.392
 485    103.665
 486     63.3787
 487     17.1939
 488    507.251
 489    467.729
 490    248.594
 491    121.709
 492    158.081
 493     86.4153
 494     51.2005
 495     36.2478
 496    183.602
 497    195.338
 498    164.003
 499     77.1027
 500     84.749
 501    103.674
 502     59.3059
 503     16.073
 504     56.2299
 505     28.7704
 506    103.758
 507    132.502
 508     46.5863
 509     11.4514
 510      7.4397
 511      8.6462
