This file was gnenerated on 2021-06-09 14:07:08.547048 by Grant Finneman. This contains the extracted data from the Gate simulations
The edep for each cube was summed up and printed to this file. The only math operation done has been addition.

  id        edep
   0      5.3112
   1      5.8814
   2      1.9973
   3      5.0639
   4      5.6106
   5      4.2343
   6      3.9176
   7      2.2064
   8     16.9014
   9     28.9518
  10     21.9244
  11     12.6574
  12      8.6461
  13      4.7272
  14      3.3686
  15      3.7448
  16     51.7196
  17     18.4618
  18     25.3524
  19     10.0177
  20     15.6193
  21      8.5398
  22      8.5964
  23      1.8744
  24     50.0524
  25     21.5999
  26     21.6228
  27     13.4303
  28     19.0194
  29     24.1055
  30      8.3678
  31      8.566
  32     37.1214
  33     29.3875
  34     25.5402
  35     18.7721
  36     29.6036
  37     16.4813
  38     12.3241
  39      9.9705
  40     24.4131
  41     19.211
  42     17.7429
  43     14.7978
  44     22.518
  45     17.6291
  46      6.3199
  47      8.0544
  48     44.8573
  49     10.5681
  50      9.7947
  51     12.331
  52     29.5617
  53      5.6612
  54      4.4166
  55      0.7772
  56      4.7673
  57     24.558
  58     11.9587
  59      6.8479
  60      7.5779
  61      4.7769
  62      4.6923
  63      4.3974
  64     12.5059
  65     10.7619
  66      4.9729
  67     28.7942
  68     10.6739
  69      2.7314
  70      6.3523
  71      2.6275
  72     25.7595
  73     37.0865
  74     15.509
  75     28.855
  76     19.2962
  77      9.5492
  78      9.9114
  79      6.5483
  80     99.6017
  81    121.63
  82     87.8044
  83     38.8504
  84     35.1237
  85     25.1804
  86     14.1444
  87     13.1031
  88    142.696
  89    199.964
  90    123.823
  91     64.5347
  92     51.988
  93     30.1902
  94     20.6213
  95     10.1504
  96    154.499
  97     99.7604
  98    147.111
  99     56.7033
 100     73.1467
 101     68.7077
 102     44.4282
 103     15.0239
 104    104.908
 105     67.3152
 106     57.0596
 107     30.9982
 108     26.983
 109     22.6373
 110     26.7711
 111      8.8662
 112     37.8864
 113     51.9793
 114     17.2305
 115     21.9575
 116     21.1581
 117     15.4873
 118     21.0719
 119      5.7538
 120     13.8433
 121     10.5732
 122      8.1918
 123     14.3033
 124     21.5762
 125      7.9771
 126      6.3582
 127      1.7027
 128     17.3285
 129     23.6627
 130     43.3428
 131     21.9749
 132     22.639
 133      7.9076
 134      1.6161
 135      1.8403
 136    167.332
 137    169.816
 138     84.3905
 139     38.8065
 140     28.3575
 141     26.2127
 142     22.5382
 143     23.5408
 144    704.032
 145    942.103
 146    688.131
 147    332.328
 148    277.489
 149    151.112
 150     78.6371
 151     23.0449
 152   1621.9
 153   1460.57
 154   1365.67
 155    794.495
 156    559.621
 157    326.835
 158    285.107
 159    151.417
 160   1758.79
 161   1667.17
 162   1140.17
 163   1068.05
 164    774.322
 165    387.968
 166    198.541
 167     58.7512
 168   1033.24
 169    831.473
 170    535.587
 171    493.147
 172    291.208
 173    138.466
 174     62.8952
 175     41.2204
 176    180.458
 177    140.382
 178     72.1729
 179     75.1753
 180     49.3621
 181     35.4729
 182     16.2227
 183      9.7153
 184     36.9638
 185     27.842
 186     25.1309
 187     11.3149
 188     23.2789
 189      6.6684
 190      8.2889
 191      4.3775
 192     29.5856
 193     51.8387
 194     38.5727
 195     24.6953
 196     47.8332
 197      6.5282
 198     28.6489
 199      7.357
 200    344.241
 201    379.292
 202    268.983
 203    208.041
 204    124.403
 205     73.8074
 206     25.235
 207     22.52
 208   6101.7
 209   6619.81
 210   5565.44
 211   4899.83
 212   3536.49
 213   2576.53
 214   1401
 215    422.129
 216  17636.2
 217  19599.6
 218  18476.1
 219  16620.3
 220  13162.7
 221   9598.1
 222   5733.79
 223   2060.84
 224  16636.3
 225  19390
 226  18474.4
 227  16122
 228  12761.1
 229   9105.11
 230   5481.34
 231   2156.46
 232   6043.36
 233   6138.63
 234   5871.91
 235   5341.18
 236   4157.29
 237   2779.61
 238   1555.63
 239    595.152
 240    247.793
 241    331.72
 242    250.832
 243    187.741
 244     99.0298
 245     80.5257
 246     70.3435
 247     29.8654
 248     45.1102
 249     84.2287
 250     59.0929
 251     18.303
 252     18.2775
 253     10.0696
 254     15.3881
 255     10.2034
 256     44.1399
 257     61.6563
 258     24.7164
 259     19.749
 260     20.7109
 261     17.8363
 262     10.0337
 263      8.8665
 264    280.534
 265    285.768
 266    340.55
 267    207.999
 268    165.412
 269     73.7986
 270     59.1075
 271     17.0967
 272   6529.2
 273   6434.04
 274   5558.34
 275   4993.67
 276   4419.96
 277   2614.4
 278   1359.14
 279    499.645
 280  17357.6
 281  17962.5
 282  17239.7
 283  16006.6
 284  13139.9
 285   9909.11
 286   5548.94
 287   2382.28
 288  17783.7
 289  19934.3
 290  18808.9
 291  16573.8
 292  13993.6
 293  10136.9
 294   5867.61
 295   1965.3
 296   6134.75
 297   6069.61
 298   5441.77
 299   4713.08
 300   4131.78
 301   2732.04
 302   1450.54
 303    567.584
 304    394.81
 305    257.941
 306    190.855
 307    156.909
 308    156.207
 309     80.5207
 310     31.2716
 311      9.6373
 312     51.4604
 313     20.998
 314     24.7485
 315     23.6865
 316     26.1659
 317     12.6659
 318      9.5892
 319      5.2121
 320     14.0713
 321     13.261
 322     19.7369
 323     17.9968
 324     17.2293
 325     15.2528
 326      7.6597
 327     12.7455
 328     81.9416
 329    151.459
 330     86.6527
 331     73.5581
 332     42.4533
 333     27.153
 334     21.9473
 335     10.4996
 336    748.081
 337    699.206
 338    405.475
 339    317.066
 340    259.263
 341    214.792
 342    118.887
 343     66.0104
 344   1789.45
 345   1856.27
 346   1327.17
 347   1216.56
 348    644.78
 349    434.854
 350    140.899
 351     84.6763
 352   1873.6
 353   1707.8
 354   1617.84
 355   1273.35
 356    752.35
 357    375.215
 358    133.983
 359     45.6314
 360    761.536
 361    805.905
 362    494.461
 363    321.121
 364    277.322
 365    156.934
 366     47.6055
 367     19.4869
 368     92.8038
 369    191.231
 370    130.004
 371     49.5326
 372     97.3137
 373     58.0463
 374     50.5294
 375     10.7691
 376     51.0024
 377     30.341
 378     19.7774
 379      7.5827
 380     12.9304
 381     14.4908
 382      6.6955
 383      8.0668
 384     12.3608
 385     11.7835
 386     10.0857
 387     13.7733
 388      7.7627
 389      7.3006
 390      5.5747
 391      4.5118
 392     39.9114
 393     29.6198
 394     27.3603
 395     63.1601
 396     13.8932
 397     10.4018
 398     12.0904
 399      8.7602
 400     49.3423
 401     49.7192
 402     41.2181
 403     34.8635
 404     32.0942
 405     27.277
 406     19.018
 407     10.2671
 408    155.697
 409    136.113
 410    147.028
 411    123.124
 412     59.9123
 413     45.1717
 414     20.5594
 415     19.7185
 416    144.435
 417    133.886
 418    121.023
 419     95.3423
 420     63.8585
 421     36.9266
 422     17.8675
 423     17.0955
 424     64.6902
 425     55.9809
 426     76.696
 427     28.6011
 428     53.5423
 429     36.3615
 430     26.1262
 431      9.4138
 432     65.331
 433     43.6597
 434     27.0515
 435     23.7384
 436     37.6325
 437     29.5019
 438     10.0355
 439     16.4105
 440      8.6265
 441     18.4058
 442     12.1906
 443      8.0946
 444      7.9155
 445      8.1916
 446      8.9744
 447      8.7545
 448      6.1011
 449      5.635
 450      4.5265
 451      4.38
 452      3.6541
 453      2.9703
 454     19.5202
 455      1.933
 456     12.5374
 457     13.3247
 458      7.5465
 459     10.9781
 460      8.1325
 461      1.9756
 462      4.1353
 463      1.7848
 464     31.0611
 465     26.3106
 466     15.3564
 467     17.5889
 468     46.5225
 469      9.8414
 470      9.3863
 471      8.6504
 472     46.0598
 473     35.0364
 474     68.9952
 475     17.4099
 476     50.1025
 477     22.5312
 478     17.0189
 479      9.5548
 480     18.3115
 481     59.9756
 482     23.5036
 483     32.1893
 484     13.6874
 485     12.1552
 486     14.9658
 487      8.2143
 488     36.9865
 489     20.971
 490     27.3625
 491     17.215
 492     11.1073
 493      6.9941
 494      8.8216
 495      4.5252
 496     10.1426
 497     11.3692
 498     10.9421
 499     14.1591
 500     11.5371
 501      7.0087
 502      2.7589
 503      4.5344
 504      5.0513
 505      5.1038
 506      3.2264
 507      8.7519
 508      4.7261
 509      6.8967
 510      2.3267
 511     12.8738
