This file was gnenerated on 2021-06-11 11:40:37.934284 by Grant Finneman. This contains the extracted data from the Gate simulations
The edep for each cube was summed up and printed to this file. The only math operation done has been addition.

  id        edep
   0      4.5321
   1      6.9154
   2     18.3293
   3      3.053
   4      2.5738
   5      1.882
   6      5.4435
   7      5.1511
   8      4.0574
   9     11.948
  10     29.9282
  11     45.8127
  12      7.8573
  13     17.0545
  14     11.8129
  15      8.2568
  16      6.9878
  17      6.5382
  18     11.005
  19     23.9446
  20      9.5743
  21     13.9468
  22     13.5934
  23      4.5742
  24      8.7357
  25      6.6554
  26      8.7766
  27     17.0274
  28     27.938
  29     35.4758
  30     11.415
  31     12.6024
  32     12.035
  33     11.6044
  34     12.2057
  35     14.631
  36     17.4428
  37     17.0316
  38     10.0954
  39      8.7354
  40      6.8776
  41     43.3251
  42     37.0257
  43     36.1734
  44     10.5958
  45     36.8223
  46      9.9981
  47     11.7757
  48      4.2221
  49      3.4477
  50      6.1836
  51      5.6528
  52     11.3274
  53      8.3639
  54     19.5063
  55      8.5056
  56      3.9826
  57      7.6268
  58      5.4349
  59      3.9174
  60      3.0734
  61      5.0625
  62      5.9794
  63      3.1372
  64      3.1251
  65      4.9689
  66      7.0096
  67      7.6553
  68      7.326
  69     11.7816
  70      4.9649
  71     34.5601
  72     11.4575
  73     15.7278
  74     21.3698
  75     33.2601
  76     25.0579
  77     13.6135
  78     16.3676
  79     17.1815
  80     20.3938
  81     34.6369
  82     37.0606
  83     60.2254
  84     28.9433
  85     24.7438
  86     61.7115
  87     40.091
  88     24.475
  89     32.4626
  90     54.37
  91     52.0603
  92     53.8717
  93     63.5387
  94     58.011
  95     66.2851
  96     52.421
  97     32.3812
  98     44.1617
  99     70.8316
 100     60.2076
 101     63.4643
 102     71.9848
 103     56.3736
 104     16.3392
 105     81.9973
 106     29.7668
 107     21.7933
 108     82.4518
 109     26.2247
 110     74.2802
 111     22.6931
 112     53.5477
 113     19.244
 114     15.9325
 115     19.8214
 116     17.0485
 117     23.0387
 118     26.0252
 119     21.0316
 120     32.9499
 121      3.4621
 122      6.917
 123     10.153
 124      5.3321
 125     17.1198
 126      9.5
 127     11.0806
 128     31.2672
 129     16.6567
 130     11.7624
 131     14.9646
 132     27.7863
 133     29.9463
 134     36.4989
 135     33.3481
 136     44.4311
 137     22.256
 138     86.1159
 139    113.188
 140     72.1408
 141     92.7089
 142     76.2551
 143     53.6809
 144    699.546
 145   1389.77
 146   1351.43
 147    836.634
 148    414.385
 149    225.296
 150    220.767
 151    135.554
 152   2089.77
 153   4488.79
 154   4383.69
 155   2536.23
 156   1182.96
 157    785.889
 158    559.784
 159    379.413
 160   2305.12
 161   4933.96
 162   4980.39
 163   2626.17
 164    958.547
 165    799.592
 166    519.567
 167    345.777
 168    509.777
 169   1321.26
 170   1217.83
 171    660.14
 172    461.796
 173    308.394
 174    270.487
 175    132.173
 176     28.0445
 177     19.6519
 178     80.6215
 179     52.7204
 180     52.1183
 181     82.6882
 182     78.4312
 183     41.3702
 184      6.2607
 185     12.6025
 186     10.6146
 187     19.1784
 188     29.2076
 189     45.4665
 190     36.8909
 191     16.1279
 192      8.952
 193     15.525
 194     23.0951
 195     40.1178
 196     38.2408
 197     45.8446
 198     39.4803
 199     64.0611
 200     35.3155
 201     89.9456
 202    105.103
 203    154.365
 204    235.387
 205    235.776
 206    289.577
 207    159.416
 208    881.7
 209   2642.85
 210   4052.26
 211   4941.05
 212   5232.32
 213   4391
 214   2996.65
 215   1345.4
 216   3049.13
 217   9907.76
 218  14866.5
 219  17661
 220  16157.5
 221  12424.4
 222   7916.24
 223   3312.11
 224   2934.54
 225   8697.69
 226  14170.8
 227  17805.1
 228  15495.4
 229  11913.9
 230   7529.62
 231   4115.42
 232    807.281
 233   2407.66
 234   4126.84
 235   4955.19
 236   4715.11
 237   4043.21
 238   2777.04
 239   1452.09
 240     35.6008
 241     42.2537
 242     77.3304
 243    169.963
 244    208.594
 245    265.342
 246    157.537
 247    132.396
 248     13.2811
 249     22.39
 250     25.6786
 251     39.622
 252     26.3808
 253     30.915
 254     26.6352
 255     46.8701
 256      9.075
 257     34.1135
 258     17.337
 259     35.7252
 260     39.729
 261     57.2368
 262     63.2331
 263     98.6909
 264     74.8446
 265     72.9448
 266    128.419
 267    164.764
 268    238.037
 269    550.119
 270    516.949
 271    318.91
 272    253.795
 273    914.223
 274   2471.24
 275   4699.41
 276   7159.24
 277   8560.07
 278   8546.58
 279   6302.51
 280    462.064
 281   2917.05
 282   8035.81
 283  14039.2
 284  21083.8
 285  24183.4
 286  23358.2
 287  19134.4
 288    430.649
 289   2895.48
 290   8048.72
 291  14669.2
 292  21235.2
 293  23900.3
 294  22702.1
 295  18959.8
 296    184.589
 297    947.937
 298   2483.85
 299   4342.23
 300   6252.03
 301   7441.65
 302   7770.87
 303   6428.62
 304     31.4125
 305     64.2498
 306     44.847
 307    211.997
 308    250.455
 309    364.172
 310    440.361
 311    373.986
 312     18.4784
 313     18.3518
 314     30.2513
 315     60.9686
 316     33.7558
 317     69.5426
 318     29.9721
 319     34.902
 320      9.6687
 321     19.2769
 322     14.2499
 323     38.8869
 324     79.3449
 325     40.8782
 326     37.3446
 327     53.3797
 328     24.4039
 329     39.3889
 330     52.377
 331    163.93
 332    277.695
 333    366.375
 334    354.33
 335    411.639
 336     36.4965
 337     76.9412
 338    178.375
 339    675.645
 340   1633.21
 341   3612.49
 342   5817.52
 343   5877.01
 344     68.366
 345    123.221
 346    492.723
 347   1528.72
 348   4469.49
 349  10292.2
 350  16177
 351  17431.7
 352     53.2101
 353    218.627
 354    570.016
 355   1365.7
 356   4403.36
 357  10408.4
 358  15432.7
 359  17201
 360     54.9202
 361    143.688
 362    411.533
 363    609.731
 364   1594.49
 365   3428.38
 366   5122.84
 367   5903.84
 368     15.8523
 369     51.8083
 370     61.4947
 371    126.846
 372    145.124
 373    356.731
 374    382.551
 375    454.388
 376     10.4259
 377     10.6265
 378     18.8056
 379     48.6611
 380     40.7199
 381     44.3729
 382     66.87
 383     62.8131
 384     14.1629
 385     10.7084
 386     36.1882
 387     21.1856
 388     39.5111
 389     50.5517
 390     54.5073
 391     61.1578
 392      8.5119
 393     16.75
 394     27.6431
 395     72.8641
 396    125.244
 397     99.4255
 398    195.614
 399    346.755
 400     27.1836
 401     29.8268
 402     89.1075
 403    108.421
 404    179.759
 405    330.322
 406    721.929
 407   1165.22
 408     48.0441
 409     46.4773
 410    168.938
 411    325.522
 412    415.29
 413    746.065
 414   1887.26
 415   3062.88
 416     25.605
 417     50.977
 418    139.306
 419    162.425
 420    419.605
 421    946.078
 422   1789.45
 423   3051.74
 424     31.0616
 425     52.2128
 426     89.0823
 427    104.887
 428    230.176
 429    370.366
 430    852.289
 431   1204.37
 432     16.281
 433     28.5284
 434     23.9674
 435     62.3887
 436     69.5398
 437    107.232
 438    159.348
 439    214.837
 440      4.0529
 441     13.2903
 442     13.6951
 443     25.3932
 444     26.7732
 445     35.3831
 446     91.1532
 447     72.2978
 448      5.808
 449      8.7309
 450      7.0377
 451     22.9732
 452     26.7804
 453     46.473
 454     15.1703
 455     51.1687
 456      2.9579
 457     10.3197
 458     18.5523
 459     19.3062
 460     71.2035
 461     37.3004
 462    102.184
 463     87.7462
 464      7.7904
 465     18.8329
 466     69.0032
 467     45.8884
 468     63.6589
 469    111.365
 470    199.157
 471    184.254
 472     21.7235
 473     27.1982
 474     34.8965
 475     55.3849
 476    115.113
 477    217.814
 478    322.054
 479    230.015
 480     18.4482
 481     16.6831
 482     48.7547
 483     52
 484    113.919
 485    185.971
 486    315.585
 487    281.38
 488     14.7332
 489     20.9047
 490     24.6759
 491     41.0123
 492     74.0369
 493     91.4458
 494    162.683
 495    163.063
 496     18.3365
 497      6.8338
 498     60.7188
 499     50.0434
 500     47.3504
 501     39.272
 502     88.9938
 503     68.6408
 504      6.4555
 505     12.2015
 506      4.7812
 507      4.8351
 508     12.2184
 509     18.973
 510     25.053
 511     22.0757
