This file was gnenerated on 2021-02-07 00:52:28.254738 by Grant Finneman. This contains the extracted data from the Gate simulations
The edep for each cube was summed up and printed to this file. The only math operation done has been addition.

  id       edep
   0     8.1068
   1    13.4731
   2    30.0326
   3    37.9898
   4    46.6865
   5    86.0774
   6    35.2646
   7    26.8146
   8    13.9692
   9    27.5598
  10    72.7803
  11    54.1846
  12   197.435
  13   240.09
  14   229.584
  15   338.166
  16    34.0148
  17    70.2915
  18   140.718
  19   523.287
  20  1529.28
  21  2830.51
  22  3217.15
  23  3388.84
  24    63.1519
  25    62.634
  26   276.19
  27  1034.35
  28  2750.65
  29  5075.9
  30  6007.97
  31  5858.57
  32    44.0215
  33   162.908
  34   307.218
  35   789.33
  36  2659.87
  37  4822.03
  38  6205.38
  39  6175.24
  40    27.3585
  41   147.586
  42   182.24
  43   423.871
  44  1216.35
  45  2135.1
  46  3410.14
  47  3478.27
  48    18.4699
  49    18.6556
  50    52.3013
  51    88.8773
  52   199.427
  53   341.992
  54   362.15
  55   424.986
  56     9.1351
  57     8.1339
  58    38.1186
  59    50.1999
  60    34.8107
  61    29.4564
  62    55.284
  63    56.0304
  64    12.2162
  65    73.9129
  66    49.3342
  67    45.6005
  68    55.8687
  69    49.9434
  70    86.3388
  71    85.1337
  72    45.9937
  73    38.388
  74    84.6004
  75   115.219
  76   295.516
  77   311.714
  78   463.558
  79   516.224
  80   154.823
  81   314.792
  82  1344.52
  83  2378.01
  84  3875.31
  85  4341.76
  86  4594.2
  87  3506.17
  88   111.304
  89   689.552
  90  2390.12
  91  5156.94
  92  7988.53
  93  8578.38
  94  7999.49
  95  6878.05
  96   139.952
  97   690.377
  98  2642.17
  99  5167.03
 100  7787.09
 101  8166.58
 102  7865.5
 103  6496.58
 104    53.5201
 105   397.606
 106  1215.31
 107  2569.99
 108  3704.69
 109  4064.1
 110  4114.27
 111  3347.4
 112    23.5673
 113    66.2166
 114   109.974
 115   183.133
 116   323.318
 117   427.359
 118   421.887
 119   358.428
 120    11.3129
 121    12.2477
 122    25.3137
 123    33.7069
 124    52.4673
 125    95.9366
 126    76.8801
 127    95.8319
 128    10.7523
 129    61.7125
 130    45.7053
 131    64.4394
 132    71.8169
 133    90.5004
 134    37.9844
 135    99.7633
 136    43.0919
 137    64.7199
 138   167.45
 139   182.912
 140   207.426
 141   295.759
 142   368.5
 143   464.561
 144   410.569
 145  1358.38
 146  2645.74
 147  3319.47
 148  3839.73
 149  4197.31
 150  4329.55
 151  3556.25
 152   745.04
 153  2903.24
 154  5078.12
 155  6570.01
 156  8185.2
 157  8712.33
 158  8589.38
 159  6786.72
 160   757.192
 161  2940.56
 162  5554.53
 163  6963.47
 164  7965.57
 165  8200.74
 166  7898.23
 167  7254.82
 168   571.585
 169  1456.83
 170  2570.43
 171  3402.11
 172  3953.86
 173  4596.89
 174  4508.36
 175  3455.59
 176    39.3808
 177    76.9674
 178   127.452
 179   165.185
 180   292.281
 181   328.541
 182   504.489
 183   354.041
 184    32.3601
 185    43.9044
 186    74.0183
 187    70.4517
 188    51.0841
 189    65.9735
 190    50.4479
 191   126.98
 192    10.8289
 193    27.3577
 194    21.9841
 195    48.5622
 196    39.1138
 197    48.1934
 198    63.5555
 199   132.978
 200    33.6985
 201    50.8126
 202   121.585
 203   272.005
 204   175.619
 205   331.664
 206   435.33
 207   289.63
 208   558.321
 209  1712.38
 210  2887.68
 211  3187.76
 212  4163.84
 213  4281.19
 214  3884.3
 215  3080.5
 216   970.381
 217  2718.01
 218  5133.71
 219  7079.29
 220  8246.1
 221  8736.91
 222  8154.76
 223  6766.73
 224  1128.25
 225  3485.36
 226  5356.99
 227  7275.22
 228  8226.24
 229  7866.98
 230  7575.04
 231  7197.73
 232   629.46
 233  1466.53
 234  2564.94
 235  3512.12
 236  4221.9
 237  4429.29
 238  4574.03
 239  4018.62
 240    19.2322
 241    42.8331
 242   124.742
 243   184.522
 244   263.818
 245   413.339
 246   372.43
 247   358.508
 248    23.562
 249    41.6047
 250    75.1003
 251   128.624
 252    90.6659
 253    60.7389
 254    81.9135
 255    96.0825
 256    16.2465
 257    17.3432
 258    28.223
 259    19.9876
 260    41.9791
 261    75.3747
 262   143.293
 263    64.8824
 264    59.868
 265    47.8594
 266   199.954
 267   274.916
 268   261.929
 269   276.58
 270   401.167
 271   385.559
 272   564.609
 273  1470.29
 274  2723.86
 275  3267.71
 276  3835.78
 277  4179.31
 278  4094.82
 279  3084.93
 280  1037.23
 281  3105.62
 282  4958.51
 283  6834.8
 284  7810.97
 285  8418.89
 286  7421.53
 287  6590.75
 288  1114.38
 289  3191.22
 290  5268.87
 291  7000.29
 292  7927.62
 293  8249.48
 294  7221.15
 295  6297.73
 296   451.489
 297  1449.26
 298  2458.41
 299  3396.38
 300  3900.08
 301  3847.78
 302  4163.68
 303  4090.07
 304    28.3644
 305    51.0565
 306   166.998
 307   195.061
 308   184.064
 309   409.504
 310   469.76
 311   331.765
 312    17.8916
 313    21.3354
 314    54.9673
 315    75.3844
 316    27.8333
 317    55.5019
 318    70.8666
 319    53.3344
 320    15.4345
 321    14.2233
 322    22.7265
 323    31.4668
 324    25.8922
 325    30.3555
 326    38.4987
 327    34.4343
 328    59.1493
 329    37.6632
 330   118.004
 331   122.233
 332   286.273
 333   297.792
 334   275.193
 335   274.87
 336   527.807
 337  1304.54
 338  2282.58
 339  2919.5
 340  3434.11
 341  3642.62
 342  2919.51
 343  1845.29
 344  1211.15
 345  3308.66
 346  5263.35
 347  6875.22
 348  7605.67
 349  6651.49
 350  5975.11
 351  3641.98
 352  1121.64
 353  3339.88
 354  4419.68
 355  6516.45
 356  7368.55
 357  6956.65
 358  6267.99
 359  4325.26
 360   433.751
 361  1176.18
 362  2191.64
 363  2884.14
 364  3793.11
 365  4039.12
 366  3856.56
 367  2308.35
 368    23.4734
 369    67.5548
 370   106.811
 371   205.275
 372   262.072
 373   317.922
 374   341.716
 375   251.163
 376     6.8933
 377    27.1725
 378    28.376
 379    78.7568
 380    52.6222
 381    37.2702
 382    25.5654
 383    29.2126
 384     8.5831
 385     5.8889
 386    11.3848
 387    40.3206
 388    37.1331
 389    26.5041
 390    19.8262
 391    15.1976
 392    30.5301
 393    49.2126
 394   108.579
 395    75.5393
 396   126.447
 397   222.209
 398    97.7163
 399    47.2514
 400   574.671
 401  1444.61
 402  2200.82
 403  2373.87
 404  2032.18
 405  1439.93
 406   645.123
 407   311.293
 408  1323.26
 409  2878.32
 410  4553.26
 411  5138.36
 412  4176.28
 413  2691.06
 414  1413.58
 415   460.437
 416  1081.37
 417  2976.2
 418  4526.65
 419  5283.06
 420  4247.29
 421  2975.1
 422  1492.64
 423   597.959
 424   343.614
 425  1104.34
 426  2265.75
 427  2948.02
 428  3034.66
 429  1828.65
 430   759.274
 431   401.751
 432    10.3379
 433    47.6419
 434    89.4397
 435   165.679
 436   187.107
 437   166.553
 438    73.929
 439    63.6128
 440    20.2762
 441    10.9916
 442    11.1635
 443    11.6084
 444    20.6634
 445    18.074
 446    15.7373
 447    48.3706
 448     2.6051
 449     1.8835
 450     8.6436
 451    14.489
 452    13.9116
 453     9.2338
 454    10.3633
 455     5.8705
 456     8.6586
 457    36.5163
 458    24.4088
 459    30.7891
 460    16.4796
 461    51.2237
 462    37.7736
 463    12.2141
 464   403.221
 465   811.34
 466   730.024
 467   402.566
 468   132.976
 469   119.057
 470    41.708
 471    45.4986
 472   750.059
 473  1474.9
 474  1694.07
 475   869.246
 476   387.291
 477   204.21
 478   128.967
 479    72.1464
 480   824.417
 481  1802.52
 482  2042.27
 483  1169.88
 484   344.958
 485   187.466
 486   114.322
 487    54.1752
 488   518.613
 489   900.695
 490  1152.71
 491   642.801
 492   298.658
 493    70.4059
 494    30.5089
 495    19.5344
 496    15.805
 497    43.3077
 498    70.6606
 499    37.2829
 500    70.5569
 501    56.1006
 502    17.6331
 503     8.7017
 504     4.629
 505     5.2757
 506     0.6575
 507    10.2956
 508     6.2764
 509    19.4066
 510     8.5716
 511     6.7492
