This file was gnenerated on 2021-06-11 11:58:09.177194 by Grant Finneman. This contains the extracted data from the Gate simulations
The edep for each cube was summed up and printed to this file. The only math operation done has been addition.

  id       edep
   0     3.5531
   1    34.0725
   2     7.3442
   3    23.3209
   4    31.3714
   5    18.9877
   6    29.6921
   7    41.0297
   8     5.6827
   9    19.3333
  10    36.3983
  11    42.8388
  12   130.485
  13   144.361
  14   237.191
  15   257.261
  16    22.8009
  17    34.1437
  18   129.532
  19   203.577
  20   728.184
  21  1620.24
  22  2316.55
  23  2400.61
  24    15.454
  25    81.4556
  26   215.698
  27   529.302
  28  1636.46
  29  3152.07
  30  4521
  31  4448.11
  32    14.8898
  33    57.4056
  34   280.678
  35   637.67
  36  1210.01
  37  2707.51
  38  4381.9
  39  4641.7
  40    27.328
  41    31.3749
  42    64.404
  43   315.134
  44   701.521
  45  1151.65
  46  1925.64
  47  2326.29
  48    11.1654
  49    15.0037
  50    41.1069
  51    51.6458
  52   108.5
  53   102.98
  54   245.957
  55   192.686
  56    10.2236
  57    11.8387
  58    10.9779
  59    12.1712
  60    19.1638
  61    68.9189
  62    26.1711
  63    19.0004
  64     2.4726
  65     9.0012
  66    48.0096
  67    27.1059
  68    55.0018
  69    34.7722
  70    53.5598
  71    69.7183
  72    15.8014
  73    51.7973
  74    66.2807
  75   157.738
  76   297.683
  77   335.929
  78   361.471
  79   272.8
  80    59.0101
  81   372.592
  82   947.48
  83  1825.84
  84  2949.89
  85  3373.53
  86  3487.63
  87  3458.99
  88   131.811
  89   871.455
  90  2187.29
  91  4141.5
  92  5763.25
  93  7024.3
  94  6694
  95  6296.6
  96   109.54
  97   619.063
  98  2107.74
  99  4028.01
 100  5541.24
 101  6624.23
 102  6559.37
 103  5872.13
 104    60.1972
 105   310.159
 106  1062.51
 107  1826.27
 108  2864.82
 109  3026.74
 110  3586.03
 111  3368.59
 112    37.334
 113    31.0852
 114    62.3439
 115   104.543
 116   157.9
 117   218.674
 118   306.491
 119   353.755
 120     6.8111
 121     9.5362
 122    31.6822
 123    33.9298
 124    18.357
 125    47.3059
 126    36.5822
 127    30.8953
 128    13.4602
 129     6.7396
 130    15.2688
 131    18.6126
 132    29.469
 133    50.8639
 134    59.4909
 135   114.145
 136    22.7711
 137    29.5725
 138    73.9714
 139    87.6718
 140   225.306
 141   249.765
 142   266.229
 143   297.947
 144   498.269
 145  1148.08
 146  1798.19
 147  2406.14
 148  3196.52
 149  3880.74
 150  4335.92
 151  3383.25
 152   926.783
 153  2260.97
 154  4061.75
 155  5211.78
 156  6494.07
 157  7199.19
 158  7720.43
 159  6696.89
 160   855.493
 161  2557.06
 162  4378.55
 163  6103.18
 164  6955.71
 165  7015.72
 166  7167.04
 167  6288.38
 168   466.537
 169  1232.38
 170  2080.08
 171  2942.41
 172  3698.38
 173  3937.07
 174  3825.73
 175  3502.7
 176    26.332
 177    63.5113
 178   124.998
 179   194.349
 180   329.874
 181   367.394
 182   514.377
 183   475.503
 184    20.6676
 185    13.3537
 186    19.0025
 187    39.3852
 188    52.8733
 189    55.1409
 190    99.9586
 191    71.1365
 192     9.2265
 193    10.6329
 194     9.8381
 195    22.5413
 196    28.1165
 197    71.3348
 198   109.778
 199    53.8991
 200    79.9145
 201    26.1058
 202    47.7046
 203   125.229
 204   255.156
 205   357.44
 206   409.386
 207   419.485
 208   293.392
 209   911.931
 210  1853.32
 211  2754.56
 212  3641.24
 213  4200.73
 214  4018.02
 215  3821.79
 216   840.12
 217  2410.4
 218  4053.7
 219  5537.19
 220  6833.86
 221  7774.6
 222  7489.61
 223  6611.45
 224   992.253
 225  2751.31
 226  4483.37
 227  6151.38
 228  7177.38
 229  7211.92
 230  7722.84
 231  6696.07
 232   439.78
 233  1265.85
 234  2244.87
 235  2919.01
 236  3398.37
 237  4100.39
 238  4534.64
 239  4077.37
 240    16.6397
 241    58.5907
 242   118.672
 243   152.659
 244   254.786
 245   206.597
 246   353.205
 247   354.37
 248     6.5248
 249    30.7306
 250    23.0299
 251    15.2604
 252    60.4277
 253    72.1194
 254    32.0408
 255    41.7315
 256    21.3152
 257    21.5133
 258    21.1562
 259    17.9501
 260    33.781
 261    36.6647
 262    52.8368
 263    63.7733
 264    44.5506
 265    63.6019
 266   115.57
 267   210.923
 268   234.869
 269   241.979
 270   334.233
 271   273.913
 272   411.122
 273  1244.52
 274  1980.49
 275  2935.83
 276  3437.3
 277  3722.18
 278  3707.33
 279  3212.74
 280   878.437
 281  2508.12
 282  4427.66
 283  5621.08
 284  7044.72
 285  7320.02
 286  7194.6
 287  6573.49
 288   849.546
 289  2646.93
 290  4069.37
 291  5660.61
 292  6033.6
 293  7039.46
 294  8156.49
 295  6877.59
 296   437.91
 297  1231
 298  2202.8
 299  2780.67
 300  3457.49
 301  3801.03
 302  4517.33
 303  3413.88
 304    14.1602
 305    79.6914
 306    50.888
 307   164.417
 308   269.214
 309   263.373
 310   478.194
 311   242.79
 312    14.8875
 313    13.0206
 314    17.5627
 315    28.5933
 316    64.0615
 317    30.6638
 318    43.4896
 319    38.5384
 320    10.135
 321     9.0055
 322     8.979
 323    18.7118
 324    35.661
 325    23.2458
 326    28.6004
 327    47.4844
 328    19.6301
 329    32.5783
 330    58.8834
 331   117.492
 332   118.679
 333   201.4
 334   270.004
 335   265.648
 336   348.805
 337  1175.95
 338  2190.96
 339  2906.33
 340  3306.56
 341  3636.06
 342  3141.83
 343  2545.65
 344   864.892
 345  2506.85
 346  4013.66
 347  5830.3
 348  6550.75
 349  7392.49
 350  7330.93
 351  5596.64
 352   960.546
 353  2404.35
 354  4153.32
 355  5959.08
 356  6521.33
 357  7022.28
 358  7054.52
 359  4878.03
 360   493.763
 361  1288.4
 362  2113.04
 363  2875.23
 364  3415.59
 365  3590.97
 366  3583.61
 367  2598.87
 368    21.4135
 369    28.4614
 370    76.7798
 371    91.012
 372   185.701
 373   155.704
 374   174.717
 375   198.366
 376     8.8877
 377    15.5467
 378    17.972
 379    23.4746
 380    41.6441
 381    55.8668
 382    56.8702
 383    47.1426
 384     8.6596
 385     9.6882
 386     6.0873
 387    11.4081
 388    30.4101
 389    11.319
 390    11.8194
 391    22.9047
 392     8.8625
 393    26.1388
 394    45.5832
 395   112.808
 396   124.318
 397   124.511
 398   161.179
 399    76.4846
 400   490.918
 401  1369.91
 402  2058.45
 403  2423.61
 404  2371.7
 405  1704
 406   982.718
 407   657.319
 408   742.698
 409  2558.31
 410  4017.16
 411  4801.14
 412  4483.66
 413  3309.32
 414  2425.7
 415  1072.19
 416   755.297
 417  2384.41
 418  3684.29
 419  4702.66
 420  4528.06
 421  3464.32
 422  2452.97
 423  1289.1
 424   492.829
 425  1309.43
 426  2229.48
 427  2195.26
 428  2124.69
 429  1433.06
 430  1136.36
 431   530.852
 432    44.7784
 433    17.6774
 434    64.0656
 435    42.2582
 436   121.286
 437   162.324
 438   130.744
 439    59.6777
 440     3.9927
 441    10.8289
 442    10.3029
 443    20.0022
 444    15.1893
 445    36.5229
 446    28.2208
 447    19.3465
 448    16.8737
 449     6.4411
 450     9.6538
 451    14.4467
 452     8.8886
 453     4.659
 454     3.5166
 455     2.2218
 456     5.133
 457    35.4469
 458    50.5473
 459    13.3418
 460    23.7331
 461    13.9526
 462    31.4512
 463     9.8292
 464   340.911
 465   740.853
 466   657.622
 467   357.726
 468   218.635
 469   143.636
 470   210.108
 471    87.6075
 472   547.645
 473  1297.32
 474  1007.22
 475   768.643
 476   310.158
 477   152.254
 478    85.8218
 479   111.766
 480   626.354
 481  1448.2
 482  1305.97
 483   742.607
 484   376.421
 485   153.704
 486    93.0875
 487    79.5538
 488   321.241
 489   749.672
 490   701.542
 491   362.556
 492   173.198
 493    83.2142
 494    66.3245
 495    78.1711
 496    10.7777
 497    10.4865
 498     7.7021
 499    23.9864
 500    26.8054
 501    19.7441
 502    46.6294
 503    23.0905
 504     5.1652
 505     4.3798
 506     7.0019
 507     4.6112
 508    12.1461
 509     9.4037
 510     5.8165
 511     4.7078
