This file was gnenerated on 2021-02-07 00:50:45.585679 by Grant Finneman. This contains the extracted data from the Gate simulations
The edep for each cube was summed up and printed to this file. The only math operation done has been addition.

  id       edep
   0   121.282
   1    92.8468
   2    57.895
   3    46.5644
   4    68.37
   5    24.7843
   6    36.7183
   7    16.4248
   8   391.795
   9   625.476
  10   699.304
  11   566.766
  12   378.822
  13   197.532
  14   106.379
  15    49.6431
  16  2265.16
  17  3114.31
  18  3774.36
  19  3840.96
  20  2396.89
  21   954.548
  22   298.043
  23   134.92
  24  4985.8
  25  6275.66
  26  6786.82
  27  7095.95
  28  4769.28
  29  1799.61
  30   659.587
  31   281.194
  32  4866.86
  33  6241.45
  34  7335.91
  35  6845.63
  36  4745.07
  37  1922.79
  38   559.847
  39   159.941
  40  2848.56
  41  3216.27
  42  3822.7
  43  4028.95
  44  2967.34
  45   911.863
  46   360.3
  47   100.458
  48   432.835
  49   538.219
  50   404.409
  51   448.819
  52   464.064
  53   269.561
  54   134.868
  55    39.4532
  56   123.689
  57   127.015
  58    99.9368
  59   153.881
  60    88.9334
  61    57.7243
  62    23.2883
  63     9.879
  64   109.631
  65   156.736
  66    80.3918
  67    81.9553
  68    89.7469
  69    49.2931
  70    51.6573
  71    16.9979
  72   499.265
  73   561.163
  74   490.749
  75   486.437
  76   465.073
  77   191.18
  78   134.26
  79    98.5956
  80  2737.23
  81  3495.58
  82  4089.88
  83  4357.51
  84  3627.85
  85  2663.04
  86  1049.22
  87   263.375
  88  5511.75
  89  6719.81
  90  7339.09
  91  8212.25
  92  8224.39
  93  5804.87
  94  2019.82
  95   424.026
  96  5159.07
  97  7344.51
  98  7777.49
  99  8774.99
 100  8478.16
 101  5934.17
 102  1636.78
 103   551.636
 104  3025.47
 105  3721.18
 106  3780.19
 107  4117.56
 108  3984.54
 109  2967.9
 110  1015.17
 111   259.456
 112   399.797
 113   585.447
 114   694.411
 115   513.695
 116   414.247
 117   506.502
 118   195.774
 119    79.4504
 120    91.9538
 121   107.703
 122   145.811
 123   148.443
 124    82.5947
 125    90.7079
 126    53.4226
 127    31.3392
 128   118.754
 129   188.605
 130    96.4213
 131   102.42
 132    83.5602
 133    49.9465
 134    62.6389
 135    18.6926
 136   547.104
 137   600.857
 138   600.749
 139   630.305
 140   307.641
 141   294.951
 142   146.365
 143   115.509
 144  3200.67
 145  3610.45
 146  3904.23
 147  4072.5
 148  4228.12
 149  3941.22
 150  2358.57
 151   692.986
 152  6136.27
 153  7288.12
 154  8162.5
 155  8686.09
 156  8876.15
 157  8045.31
 158  5012.22
 159  1234.23
 160  5151.84
 161  7086.19
 162  7609.71
 163  9127.2
 164  8836.89
 165  8117.87
 166  4444.43
 167  1267.13
 168  3409.17
 169  3737.23
 170  4457.53
 171  4198.74
 172  4543.6
 173  3781.74
 174  2320.26
 175   678.12
 176   451.766
 177   534.318
 178   579.179
 179   619.852
 180   447.504
 181   288.051
 182   219.014
 183    65.2179
 184    62.992
 185    68.0169
 186    75.4241
 187    93.3977
 188    93.9614
 189    73.3233
 190    44.3694
 191    28.7609
 192    83.201
 193   114.073
 194   111.493
 195   121.657
 196    55.4587
 197    64.3156
 198    83.7821
 199    34.957
 200   462.138
 201   489.706
 202   472.806
 203   527.683
 204   448.412
 205   238.63
 206   245.643
 207    76.5747
 208  3284.07
 209  4434.15
 210  4107.57
 211  4301.81
 212  4452.41
 213  3531.96
 214  2372.1
 215  1270.88
 216  6563.96
 217  8550.68
 218  8470.47
 219  8303.39
 220  8603.49
 221  7838.27
 222  6087.73
 223  2276.63
 224  6579.63
 225  7523.97
 226  8031.2
 227  8953.1
 228  8932.51
 229  8113.88
 230  5587.88
 231  2021.68
 232  3605.06
 233  4175.61
 234  4531.77
 235  4673.52
 236  4825.04
 237  3847.84
 238  2691.15
 239  1101.37
 240   391.907
 241   617.84
 242   485.399
 243   589.825
 244   513.093
 245   272.48
 246   147.937
 247    75.4726
 248    95.0238
 249    80.0577
 250    86.2228
 251   147.638
 252    94.1539
 253    52.8138
 254    47.1491
 255    36.7109
 256    50.3941
 257   130.702
 258    61.795
 259    57.0099
 260    50.3467
 261    25.3615
 262    65.2888
 263    22.1024
 264   324.37
 265   441.789
 266   540.678
 267   410.577
 268   283.212
 269   264.079
 270   206.942
 271    51.1986
 272  3182.6
 273  4424.49
 274  4781.31
 275  4413.57
 276  4333.72
 277  4031.87
 278  2399.89
 279   834.62
 280  6859.94
 281  9009.7
 282  8812.64
 283  7752.54
 284  8346.85
 285  7551.15
 286  5684.88
 287  2376.4
 288  6335.62
 289  8143.61
 290  7884.74
 291  7970.27
 292  8506.2
 293  7086.79
 294  4745.27
 295  2182.44
 296  3369.37
 297  4717.26
 298  4729.01
 299  4659.62
 300  5126.69
 301  4304.82
 302  2449.4
 303  1077.13
 304   257.272
 305   575.336
 306   411.735
 307   400.298
 308   624.264
 309   305.547
 310   116.873
 311   119.681
 312    27.8736
 313    52.7234
 314    52.1639
 315    55.0486
 316   108.715
 317    34.3372
 318    21.8919
 319    42.5178
 320    26.6316
 321    62.3702
 322    33.0831
 323    40.33
 324    23.5079
 325    22.7248
 326    16.3491
 327    19.5765
 328   232.966
 329   333.123
 330   406.37
 331   190.448
 332   236.622
 333   173.398
 334   106.274
 335    66.9509
 336  1582.84
 337  3539.87
 338  4950.9
 339  4637.85
 340  3816.8
 341  3398.71
 342  2361.45
 343  1022.73
 344  2990.9
 345  6914.6
 346  8794.53
 347  8929.68
 348  7743.11
 349  6792.71
 350  5422.98
 351  2519.33
 352  3105.22
 353  7021.11
 354  7826.56
 355  7567.06
 356  7797.82
 357  6690.39
 358  5284.44
 359  1749.61
 360  1537.07
 361  3535.21
 362  3874.13
 363  4258.08
 364  4266.7
 365  3418.72
 366  2668.09
 367  1229.54
 368   144.347
 369   256.8
 370   264.809
 371   221.372
 372   292.049
 373   176.869
 374   169.787
 375    43.7708
 376    22.8435
 377    31.0861
 378    30.0203
 379    38.8445
 380    35.1432
 381    23.4308
 382    25.6221
 383    19.5503
 384    18.2581
 385    16.3557
 386    22.7642
 387    41.7167
 388    55.8471
 389    23.5229
 390    20.8349
 391    15.2292
 392    28.5618
 393   104.371
 394   201.837
 395   162.816
 396   167.822
 397    67.9483
 398   131.918
 399    27.4799
 400   178.661
 401   833.933
 402  2290.05
 403  2974.79
 404  2861.4
 405  2397.85
 406  2187.26
 407   899.221
 408   458.463
 409  1561.7
 410  4792.11
 411  6058.32
 412  5436.03
 413  5417.03
 414  4209.41
 415  1779.42
 416   378.609
 417  1380.61
 418  4720.85
 419  5643.09
 420  5604.74
 421  5605.34
 422  4521.85
 423  2035.97
 424   229.883
 425   836.535
 426  2359
 427  2986.11
 428  2964.13
 429  2385.15
 430  1938.29
 431  1042.8
 432    61.8459
 433   124.602
 434   143.074
 435   161.539
 436   124.139
 437    90.9488
 438    44.7313
 439    24.7978
 440    21.5561
 441    12.9652
 442    16.2293
 443    33.0058
 444    18.9581
 445    17.8728
 446    14.6299
 447    15.935
 448    11.3031
 449     9.7889
 450    21.5746
 451    16.5115
 452    11.1414
 453     8.9734
 454    22.9012
 455    12.7363
 456    18.3332
 457    15.0263
 458    26.2
 459    37.6772
 460    31.5095
 461    22.1768
 462    33.8224
 463    18.7882
 464    26.0536
 465    82.5295
 466   153.522
 467   697.7
 468   861.893
 469  1069.61
 470   952.633
 471   500.971
 472    38.1428
 473    71.6163
 474   401.902
 475  1633.26
 476  1926.49
 477  1804.23
 478  1785.44
 479  1196.63
 480    40.8358
 481    80.757
 482   431.092
 483  1714.62
 484  1801.62
 485  1602.05
 486  1677.3
 487  1114.95
 488    29.603
 489    63.8897
 490   272.381
 491   837.642
 492   993.2
 493   947.266
 494   865.758
 495   599.66
 496    44.1113
 497    15.8849
 498    36.5124
 499    35.1934
 500    22.3699
 501    21.7405
 502    20.6406
 503    13.9697
 504     5.9197
 505     6.3509
 506    30.1311
 507    20.632
 508    10.9075
 509    11.2485
 510     3.6808
 511    22.3922
