This file was gnenerated on 2021-02-07 00:51:02.741377 by Grant Finneman. This contains the extracted data from the Gate simulations
The edep for each cube was summed up and printed to this file. The only math operation done has been addition.

  id       edep
   0    17.9968
   1    36.0918
   2    72.827
   3    44.5231
   4    87.5151
   5   137.611
   6   108.608
   7   105.58
   8    55.6458
   9   171.677
  10   254.385
  11   363.815
  12   458.336
  13   524.276
  14   477.112
  15   421.02
  16   159.937
  17   390.905
  18   982.603
  19  2554.68
  20  3638
  21  3975.94
  22  3460.39
  23  2822.37
  24   226.334
  25   626.171
  26  1851.86
  27  5240.37
  28  7622.1
  29  6915.21
  30  6722.64
  31  5201.79
  32   205.816
  33   520.551
  34  1704.98
  35  5349.49
  36  7097.4
  37  6676.3
  38  6466.4
  39  5051.31
  40   158.243
  41   335.329
  42  1213.91
  43  2709.37
  44  4101.02
  45  4106.34
  46  3589.48
  47  3234.37
  48    46.2154
  49   127.718
  50   187.453
  51   253.791
  52   537.237
  53   625.179
  54   813.925
  55   633.951
  56    15.2229
  57    91.6872
  58   100.756
  59    88.4679
  60   153.738
  61    60.663
  62    93.5036
  63   138.998
  64    16.1045
  65    70.9217
  66    76.4999
  67    67.3657
  68    82.3498
  69   167.233
  70    64.4692
  71   103.069
  72   129.981
  73   195.826
  74   310.938
  75   503.289
  76   501.246
  77   642.498
  78   499.017
  79   412.841
  80   234.096
  81  1145.38
  82  2841.18
  83  4118.44
  84  4378.86
  85  4361.33
  86  3835.41
  87  2278.15
  88   459.543
  89  1908.64
  90  5235.53
  91  8715.53
  92  9094.27
  93  8281.32
  94  7126.23
  95  5042.94
  96   435.64
  97  1683.35
  98  5945.81
  99  8625.3
 100  8215.4
 101  8067.18
 102  6804.67
 103  5516.39
 104   250.323
 105  1080.53
 106  2771.9
 107  4586.01
 108  4856.15
 109  5056.6
 110  4171.9
 111  2801.79
 112    49.4024
 113   141.8
 114   290.727
 115   344.635
 116   473.943
 117   733.14
 118   600.762
 119   467.323
 120    34.1172
 121    69.5787
 122    44.7399
 123   100.48
 124   136.746
 125   101.721
 126    88.0075
 127    71.6628
 128    34.5029
 129    38.8705
 130    53.2113
 131    65.6887
 132    91.2221
 133    88.9719
 134   176.143
 135    66.5462
 136   107.265
 137   184.193
 138   377.405
 139   317.277
 140   463.614
 141   541.224
 142   631.433
 143   567.156
 144   678.094
 145  2721.8
 146  3757.84
 147  4647.22
 148  4655.39
 149  4173.82
 150  3802.76
 151  3102.2
 152  1249.28
 153  4515.07
 154  8179.74
 155  9479.71
 156  8393.43
 157  7965.2
 158  7208.74
 159  5289.56
 160  1131.18
 161  5588.11
 162  9015.65
 163  9091.97
 164  8622.19
 165  7807.13
 166  7387.57
 167  5724.85
 168   615.118
 169  2391.8
 170  3830.32
 171  4678.98
 172  4949.55
 173  4414.79
 174  3805.76
 175  3163.44
 176   119.91
 177   197.708
 178   402.539
 179   482.097
 180   529.108
 181   550.238
 182   702.163
 183   462.17
 184    23.7529
 185    57.8617
 186    86.9462
 187    81.4709
 188    76.3933
 189    79.9529
 190   152.345
 191   125.413
 192    19.9453
 193    24.278
 194    44.5819
 195    42.2972
 196    81.8007
 197    76.8212
 198   105.2
 199    44.8786
 200    73.4559
 201   136.291
 202   250.782
 203   471.119
 204   466.612
 205   574.352
 206   588.694
 207   428.62
 208  1021.33
 209  2945.33
 210  4368.55
 211  4682.06
 212  4210.22
 213  4414.82
 214  4432.62
 215  3612.39
 216  1848.2
 217  5313.59
 218  8395.94
 219  8370.3
 220  8484.19
 221  7792.66
 222  8123.24
 223  6544.33
 224  2394.27
 225  6101.11
 226  8412.26
 227  9422.6
 228  8903.71
 229  8210.64
 230  8287.7
 231  6842.84
 232   837.566
 233  2573.03
 234  4314.19
 235  5041.19
 236  4440.2
 237  3683.27
 238  4070.67
 239  3433.27
 240    78.504
 241   243.174
 242   353.906
 243   599.317
 244   675.061
 245   595.023
 246   702.14
 247   483.759
 248    22.8368
 249    42.1279
 250    44.2096
 251    63.7068
 252    74.564
 253    81.2183
 254    93.3184
 255    81.6567
 256     6.7483
 257    23.1067
 258    51.6558
 259    53.0768
 260    37.561
 261    49.4995
 262    76.7206
 263    69.5937
 264    57.969
 265   217.689
 266   302.861
 267   346.786
 268   404.518
 269   328.778
 270   361.491
 271   308.327
 272   963.813
 273  2742.38
 274  4199.85
 275  4721.42
 276  4533.19
 277  4821.89
 278  4061.51
 279  3066.92
 280  2181.81
 281  5386.04
 282  7369.48
 283  8045.96
 284  8278.62
 285  8296.75
 286  8051.05
 287  6694.79
 288  2459.66
 289  5437.43
 290  8205.36
 291  9086.72
 292  9765.27
 293  8881.18
 294  8539.96
 295  6552.88
 296  1047.99
 297  2836.31
 298  4175.06
 299  4228.32
 300  4285.97
 301  4192.35
 302  4354.77
 303  3292.31
 304   101.453
 305   207.666
 306   220.535
 307   295.436
 308   346.762
 309   452.623
 310   384.258
 311   355.468
 312    13.0253
 313    34.1095
 314    66.0705
 315    34.7044
 316    66.8055
 317    92.0693
 318    82.9275
 319    53.7704
 320    33.0387
 321    62.4243
 322    27.1875
 323    41.1429
 324    33.2442
 325    62.3053
 326    22.644
 327    35.2996
 328    67.4256
 329   220.144
 330   214.576
 331   323.64
 332   313.551
 333   288.411
 334   256.281
 335   205.362
 336  1004.56
 337  2859.18
 338  3955.34
 339  4699.81
 340  4569.63
 341  4547.52
 342  3603.69
 343  1354.72
 344  2324.98
 345  5410.27
 346  7107.25
 347  7729.83
 348  7795.56
 349  8272.19
 350  6570.31
 351  2903.51
 352  2343.36
 353  4992.21
 354  7835.99
 355  8139.52
 356  8464.41
 357  8096.21
 358  6670.49
 359  2779.86
 360  1108.89
 361  2581.91
 362  3162.29
 363  3927.31
 364  3869.62
 365  3685.94
 366  3326.15
 367  1555.59
 368   103.409
 369   140.245
 370   158.522
 371   217.118
 372   188.64
 373   279.056
 374   233.164
 375   173.688
 376    19.7524
 377    20.948
 378    24.9353
 379    31.3588
 380    36.4562
 381    51.4879
 382    34.785
 383    27.0126
 384    38.0924
 385    15.0881
 386    27.12
 387    18.6682
 388    18.8738
 389    51.1499
 390    16.1616
 391    31.4727
 392    79.5155
 393   106.289
 394   185.342
 395   184.938
 396   183.165
 397   157.342
 398    91.0918
 399    30.9224
 400   844.096
 401  2418.52
 402  3563.21
 403  3547.57
 404  3251.16
 405  2043.98
 406   985.868
 407   255.573
 408  1762
 409  4113.45
 410  5232.95
 411  5739.96
 412  6288.97
 413  4470.06
 414  1761.24
 415   383.388
 416  1829.68
 417  3846.85
 418  5569.95
 419  6095.6
 420  6058.19
 421  4233.47
 422  1471.27
 423   355.02
 424   893.5
 425  1906.38
 426  2677.68
 427  2385.21
 428  2843.49
 429  2227.58
 430   976.044
 431   196.188
 432    55.0046
 433    54.5481
 434   112.347
 435   129.845
 436    94.0526
 437    75.5293
 438   110.213
 439    52.4674
 440    11.0572
 441    21.5923
 442    17.6368
 443    16.9654
 444    58.8902
 445    19.4377
 446    24.2854
 447    28.259
 448     4.1076
 449     5.5163
 450     9.7976
 451     8.2075
 452     7.7194
 453    12.4324
 454    11.7098
 455    13.7685
 456    61.5017
 457    44.4197
 458    41.9545
 459    49.4891
 460    33.2426
 461    21.8305
 462    20.7277
 463    17.3467
 464   667.237
 465  1067.67
 466  1130.43
 467  1094.93
 468   865.943
 469   265.86
 470    93.6112
 471    23.9404
 472  1202.24
 473  1813.19
 474  2008.88
 475  1880.52
 476  1515.55
 477   397.389
 478    84.2878
 479    30.6347
 480   919.454
 481  1614
 482  2194.59
 483  2157.5
 484  1397.15
 485   408.021
 486   110.793
 487    37.4504
 488   361.759
 489   791.218
 490   794.695
 491   877.304
 492   798.421
 493   183.31
 494    71.4909
 495    29.1143
 496    13.2335
 497    14.6645
 498    48.2588
 499    54.6184
 500    38.6669
 501    44.1288
 502    22.0109
 503    21.86
 504     5.4479
 505    10.8799
 506     6.4518
 507     5.9018
 508     8.4963
 509     6.8637
 510     9.0355
 511    19.8783
