This file was gnenerated on 2021-02-07 00:40:36.213630 by Grant Finneman. This contains the extracted data from the Gate simulations
The edep for each cube was summed up and printed to this file. The only math operation done has been addition.

  id        edep
   0      0.6009
   1      2.9247
   2      4.7007
   3      6.5316
   4     18.0669
   5      6.7576
   6      1.6836
   7     11.8846
   8      2.8499
   9      4.6511
  10      4.5817
  11     14.3114
  12      5.4211
  13      7.5606
  14      5.6705
  15     13.7444
  16      3.1555
  17      9.1422
  18      5.1864
  19     12.6999
  20     26.4166
  21     13.6087
  22     22.8557
  23     13.5178
  24      4.6869
  25      6.7215
  26     10.8575
  27     22.302
  28     21.0151
  29     18.4003
  30     13.8106
  31     18.4918
  32      3.8717
  33      7.5587
  34     13.1112
  35      7.5128
  36     15.5897
  37     34.5332
  38     54.1968
  39     38.7889
  40      1.9479
  41     14.7922
  42      7.9752
  43      8.1584
  44     14.1494
  45     16.3374
  46     26.6753
  47     27.5661
  48      7.4633
  49      3.9203
  50      6.3169
  51      8.7342
  52      9.2318
  53     10.0902
  54     18.4411
  55      8.7683
  56      4.3158
  57      4.9087
  58      4.0496
  59      1.7871
  60      3.1314
  61      2.7412
  62     20.6368
  63      0.6421
  64     13.8205
  65      5.1951
  66      4.9968
  67     15.723
  68      7.788
  69     28.5732
  70     11.562
  71     15.2519
  72      8.2065
  73      7.9431
  74     32.2613
  75     13.1122
  76     19.8812
  77     14.4034
  78     25.4281
  79     32.8357
  80     11.1575
  81     15.0821
  82     27.2674
  83     20.1565
  84     28.1041
  85     45.4616
  86     62.4813
  87     78.7724
  88     15.5026
  89     17.8385
  90     28.3785
  91     27.0606
  92     73.5605
  93     40.5666
  94     68.2344
  95    131.873
  96     13.0717
  97     23.8779
  98     21.1632
  99     45.102
 100     97.1997
 101    104.788
 102    200.212
 103    113.873
 104     12.7095
 105     15.7137
 106     25.064
 107     29.6367
 108     19.7857
 109     50.5749
 110     94.0227
 111    101.691
 112      6.0696
 113     13.011
 114     14.1723
 115      8.8654
 116     17.773
 117     31.3985
 118     19.9896
 119     44.0296
 120      6.5631
 121      4.9609
 122      9.2811
 123     14.3743
 124     11.987
 125     15.8058
 126     31.0115
 127     19.0662
 128     29.495
 129      6.2881
 130     13.5713
 131     12.4218
 132     18.342
 133     16.9791
 134     17.6921
 135     25.6602
 136     13.7798
 137     26.7139
 138     27.7324
 139     33.807
 140     75.174
 141     94.5994
 142    109.499
 143    124.41
 144     17.9259
 145     44.2081
 146    129.586
 147    237.835
 148    132.336
 149    265.133
 150    527.347
 151    545.43
 152     41.9015
 153     89.8746
 154    108.711
 155    300.409
 156    507.676
 157    752.877
 158    729.244
 159    885.802
 160     31.3654
 161     53.9067
 162    115.937
 163    263.166
 164    511.887
 165    599.542
 166    837.162
 167    707.234
 168     17.8008
 169     51.6175
 170    147.179
 171    133.109
 172    225.382
 173    293.178
 174    380.894
 175    454.586
 176     23.603
 177     26.6493
 178     25.4345
 179     48.4893
 180    123.364
 181    111.119
 182    162.861
 183    208.637
 184      3.6662
 185     12.4639
 186      2.3829
 187     22.5816
 188     33.9801
 189     49.8806
 190     58.8793
 191     25.4436
 192      1.6643
 193      8.9822
 194     12.3252
 195     50.808
 196     68.3453
 197     55.2715
 198     50.6904
 199     37.3009
 200     19.87
 201     41.1056
 202    113.72
 203    274.207
 204    428.953
 205    413.094
 206    548.15
 207    552.16
 208    843.31
 209   2590.36
 210   4721.23
 211   6299.35
 212   7901.91
 213   8481.28
 214   8339.11
 215   7293.62
 216   1675.23
 217   5095.83
 218   8604.72
 219  11617.6
 220  14879.6
 221  16444.9
 222  17835
 223  15825.9
 224   1755.6
 225   4876.93
 226   8481.69
 227  11529.6
 228  14940
 229  16571
 230  17619.2
 231  16753.8
 232    935.308
 233   2592.5
 234   4639.08
 235   6303.19
 236   7661.44
 237   8550.45
 238   9043.32
 239   7544.56
 240     31.2968
 241     48.6295
 242    162.366
 243    251.415
 244    387.705
 245    410.706
 246    474.022
 247    674.825
 248      9.0665
 249     16.4382
 250     14.9843
 251     21.694
 252     50.3391
 253     69.2363
 254     54.1338
 255     61.2956
 256     31.1133
 257     13.4479
 258     16.7476
 259     34.3718
 260     28.6663
 261     62.5724
 262     70.1044
 263     54.8579
 264     15.5888
 265     33.3509
 266    161.192
 267    226.547
 268    200.019
 269    302.871
 270    620.525
 271    721.706
 272    866.481
 273   2838.21
 274   4476.8
 275   6284.28
 276   7681.1
 277   8497.76
 278   9470.16
 279   9071.12
 280   1847.86
 281   4852.19
 282   8316.51
 283  11909.7
 284  15112.9
 285  17385.5
 286  17320.7
 287  15883.5
 288   1844.07
 289   4849.29
 290   8692.6
 291  11941.5
 292  15436.1
 293  16915.3
 294  18214.6
 295  17092.5
 296    759.979
 297   2215.25
 298   4042.66
 299   6268.66
 300   7820.52
 301   8721.82
 302   9477.24
 303   8343.44
 304     15.3812
 305     77.6741
 306    169.522
 307    248.607
 308    466.536
 309    369.239
 310    558.758
 311    644.087
 312      5.3351
 313     17.0091
 314     20.458
 315     21.9786
 316     28.7619
 317     27.1259
 318     55.6396
 319     52.0263
 320      6.1874
 321     17.2142
 322     18.0708
 323     16.0001
 324     18.3252
 325     90.1882
 326     11.9384
 327     24.3655
 328     15.1361
 329     17.0068
 330     41.0052
 331     74.0832
 332     77.9239
 333     61.8241
 334     91.7933
 335    126.189
 336     33.255
 337     31.8267
 338     81.5488
 339    203.547
 340    318.001
 341    274.643
 342    513.624
 343    563.082
 344     37.5926
 345    107.377
 346    175.818
 347    433.441
 348    416.929
 349    841.626
 350    908.144
 351   1203.14
 352     51.8379
 353    132.616
 354    178.805
 355    244.211
 356    461.508
 357    727.86
 358   1058.16
 359    888.808
 360     22.0289
 361     43.3185
 362     60.3933
 363    172.571
 364    273.306
 365    422.741
 366    479.066
 367    555.485
 368     10.7644
 369     21.9997
 370     29.9841
 371     93.4165
 372     63.4925
 373    111.171
 374    224.407
 375    122.426
 376      5.5247
 377      5.7646
 378     11.0266
 379     24.943
 380     11.5323
 381     15.1092
 382     28.0248
 383     27.83
 384      5.5101
 385      3.8616
 386     11.1823
 387      5.0017
 388      3.6164
 389      7.3367
 390     15.4213
 391      7.0347
 392      8.0747
 393     10.7991
 394     21.8475
 395     14.9946
 396     17.3266
 397     27.7299
 398     35.5674
 399     26.508
 400     25.725
 401     16.0611
 402     24.747
 403     52.8254
 404     35.2575
 405     33.8374
 406     47.4392
 407    119.542
 408     15.2995
 409     61.4602
 410     26.2242
 411     60.4412
 412     84.4012
 413     53.626
 414     56.8845
 415     54.7252
 416     13.3675
 417     20.3694
 418     27.6717
 419     27.7809
 420     37.1696
 421     65.7595
 422     75.3671
 423     93.7048
 424     13.0514
 425     11.5421
 426     27.6681
 427     26.9795
 428     28.4663
 429     53.7421
 430     45.587
 431     79.1638
 432      7.4095
 433      7.9806
 434     10.1155
 435     41.0367
 436      9.5118
 437     24.4062
 438     32.9374
 439     20.5711
 440      2.9893
 441      6.6307
 442      5.5866
 443     28.5338
 444     10.5177
 445     12.0912
 446     14.4117
 447     12.9099
 448      4.0978
 449      3.3439
 450      2.2026
 451      9.8209
 452      9.5139
 453      6.1604
 454      7.4196
 455      4.904
 456      1.2093
 457      3.2205
 458      7.6272
 459      4.7893
 460      9.1182
 461     13.0651
 462     17.4893
 463     52.8159
 464      6.3495
 465      4.2584
 466     14.0563
 467      8.82
 468     15.2445
 469     16.2813
 470     26.0011
 471     34.0343
 472     10.0639
 473      6.1775
 474     37.5603
 475     12.9713
 476     33.0103
 477     23.0805
 478     17.1967
 479     20.5102
 480      4.1755
 481      3.7512
 482     17.037
 483     19.6496
 484     17.419
 485     24.2948
 486     21.7879
 487     40.2624
 488      2.5772
 489     14.1122
 490     20.7247
 491     10.1978
 492     11.3062
 493     20.1086
 494     12.4613
 495     14.6478
 496     12.8436
 497      4.6444
 498      3.5326
 499      5.2742
 500      9.0572
 501      6.585
 502     11.9086
 503      7.3596
 504      4.1907
 505      0.5381
 506      4.9669
 507      5.1227
 508     13.6184
 509     10.3269
 510      8.1434
 511      1.3634
