This file was gnenerated on 2021-02-07 00:47:10.852996 by Grant Finneman. This contains the extracted data from the Gate simulations
The edep for each cube was summed up and printed to this file. The only math operation done has been addition.

  id        edep
   0      5.5819
   1      9.7687
   2     21.8785
   3     20.451
   4     25.4807
   5     12.2872
   6      8.6975
   7      6.2299
   8     23.5837
   9     23.6475
  10     50.1489
  11     21.0373
  12     38.8231
  13     41.9826
  14     41.0428
  15     24.0084
  16    822.114
  17   1176.87
  18   1578.6
  19   1217.65
  20   1212.35
  21    580.859
  22     65.1752
  23     38.9976
  24   1527.17
  25   2452.42
  26   2476.28
  27   2572.96
  28   2482.03
  29    929.299
  30    137.25
  31     83.4576
  32   1652.91
  33   2412.3
  34   2341.45
  35   2668.43
  36   2610.82
  37   1054.54
  38     93.9243
  39     56.6201
  40   1094.67
  41   1208.29
  42   1188.43
  43   1203.5
  44   1496.06
  45    796.911
  46    132.357
  47     42.2106
  48     15.8268
  49     23.9224
  50     55.9027
  51     33.0465
  52     47.6703
  53     46.7955
  54     30.3225
  55     24.3173
  56     13.1604
  57     15.1143
  58     12.3143
  59     20.0179
  60     10.3965
  61     11.2167
  62      8.6834
  63     12.7798
  64     31.9259
  65     22.9891
  66     23.8906
  67     25.3647
  68     27.4894
  69     28.885
  70     44.6424
  71     15.5656
  72     59.587
  73    142.471
  74    164.149
  75    183.073
  76    149.457
  77     94.8584
  78    138.112
  79     63.0733
  80   2143.38
  81   3391.51
  82   3906.38
  83   4500.19
  84   4338.82
  85   2675.36
  86    433.787
  87    111.329
  88   4125.85
  89   6896.89
  90   7884.58
  91   8212.56
  92   7962.03
  93   4667.2
  94    768.764
  95    250.376
  96   3878.63
  97   7390.99
  98   6952.72
  99   7989.48
 100   7256.64
 101   5062.6
 102    920.201
 103    306.345
 104   2054.78
 105   3825.52
 106   3973.76
 107   4247.83
 108   3974.47
 109   2936.58
 110    677.944
 111    172.515
 112     84.943
 113    180.265
 114    225.832
 115    212.84
 116    168.262
 117    109.735
 118    117.915
 119     39.1389
 120     13.1114
 121     37.8903
 122     24.1885
 123     23.228
 124     50.7486
 125     27.6369
 126     25.3778
 127     24.6861
 128     15.2156
 129     37.5705
 130     70.9483
 131     34.5217
 132     35.2413
 133     28.7025
 134     40.1125
 135     60.9427
 136    176.74
 137    261.255
 138    337.462
 139    250.935
 140    319.908
 141    338.379
 142    171.55
 143     88.3736
 144   1917.83
 145   5355.25
 146   5914.5
 147   6398.22
 148   6415.09
 149   5238.75
 150   1871.81
 151    439.301
 152   4288.03
 153  10780.5
 154  11918
 155  12544
 156  12270.4
 157   9921.5
 158   3155.32
 159    786.64
 160   3536.65
 161   9854.99
 162  10988.4
 163  12417.3
 164  12128.7
 165  10330.7
 166   3435.23
 167    852.475
 168   2243.79
 169   5591.14
 170   6189.1
 171   6972.01
 172   6546.97
 173   5585.02
 174   2176.21
 175    485.941
 176    161.725
 177    273.105
 178    485.353
 179    239.062
 180    285.871
 181    406.632
 182    262.022
 183     83.8167
 184     18.9598
 185     34.8323
 186     62.715
 187     47.6869
 188     39.616
 189     48.6807
 190     58.3852
 191     39.5737
 192     44.2944
 193     66.5863
 194    115.512
 195    103.46
 196     85.8064
 197     60.0087
 198     48.423
 199     49.7165
 200    251.484
 201    650.79
 202    535.692
 203    589.125
 204    769.446
 205    595.753
 206    308.99
 207    168.338
 208   1579.76
 209   4668.45
 210   7280.05
 211   7372.66
 212   7118.73
 213   6861.82
 214   3733.08
 215   1034.46
 216   3081.27
 217   9213.25
 218  12740.5
 219  14293.3
 220  13644.7
 221  12796.7
 222   6742.86
 223   1890.72
 224   2992.26
 225   9369.62
 226  12237.2
 227  12762
 228  13661.1
 229  13292.7
 230   7485.16
 231   1908.86
 232   1673.18
 233   4940.91
 234   7103.5
 235   7807.66
 236   6909.93
 237   6112.59
 238   3469.11
 239   1262.56
 240    171.12
 241    272.939
 242    632.971
 243    706.14
 244    617.3
 245    539.559
 246    343.292
 247    209.487
 248     51.5431
 249     80.8077
 250     44.0449
 251     85.7836
 252     65.4795
 253     86.794
 254     74.9962
 255     84.3585
 256     69.5657
 257    128.566
 258    118.027
 259    122.807
 260     96.0494
 261    144.274
 262    102.162
 263     99.8897
 264    256.099
 265    509.967
 266    566.404
 267    660.525
 268    800.403
 269    652.367
 270    575.693
 271    303.344
 272   1266.86
 273   3461.09
 274   5424.21
 275   6402.05
 276   6945.41
 277   6677.02
 278   4796.85
 279   1713.13
 280   2097.95
 281   6227.26
 282  10352.1
 283  12402
 284  13141.1
 285  12567
 286   8583.47
 287   2894.4
 288   2378.21
 289   6819.69
 290  10756.2
 291  12743.3
 292  13052.4
 293  12572.4
 294   9122.73
 295   3135.95
 296   1185.97
 297   3870.29
 298   6050.92
 299   7034.74
 300   6995.29
 301   7085.16
 302   4775.12
 303   1971.94
 304    252.965
 305    585.294
 306    718.193
 307    787.629
 308    888.119
 309    847.872
 310    520.211
 311    340.177
 312     50.0815
 313     53.127
 314    104.041
 315    101.983
 316    105.264
 317    155.414
 318    100.082
 319    103.262
 320     77.5857
 321    105.361
 322    186.253
 323    107.289
 324    106.476
 325    167.099
 326    119.941
 327    105.495
 328    379.595
 329    546.302
 330    571.837
 331    953.376
 332    978.563
 333    827.791
 334    739.629
 335    528.386
 336   1001.8
 337   2341.61
 338   4545.57
 339   5758.95
 340   6052.79
 341   5814.09
 342   4586.46
 343   2326.32
 344   1263.95
 345   4135.06
 346   8420.61
 347  11232.3
 348  12035.1
 349  11506.5
 350   9289.72
 351   4202.4
 352   1307.7
 353   4010.15
 354   7928.3
 355  10762.5
 356  11645.5
 357  11458.9
 358   9827.82
 359   5010.87
 360    958.487
 361   2350.51
 362   4244.68
 363   6155.9
 364   6508.42
 365   6272.68
 366   5308.64
 367   2611.29
 368    274.157
 369    549.069
 370    753.918
 371    826.978
 372    877.544
 373    876.411
 374    666.87
 375    453.227
 376     51.1286
 377    117.751
 378    146.658
 379    194.318
 380    224.637
 381    185.597
 382    130.522
 383    131.951
 384     59.5127
 385    118.813
 386    152.077
 387    136.515
 388    117.679
 389    197.654
 390    238.973
 391    127.694
 392    138.737
 393    391.009
 394    454.996
 395    544.958
 396    827.519
 397    790.379
 398   1011.44
 399    744.884
 400    667.108
 401   1628.44
 402   3392.77
 403   4075.02
 404   4383.97
 405   4614.7
 406   4551.13
 407   2614.91
 408    934.848
 409   2382.31
 410   5340.01
 411   8117.45
 412   9439.57
 413   9429.6
 414   7911.29
 415   4361.42
 416    913.869
 417   2575.93
 418   6054.96
 419   9367.41
 420   9506.22
 421  10176.1
 422   9413.79
 423   5457.19
 424    579.929
 425   1379.3
 426   3175.04
 427   4647.74
 428   5758.56
 429   5676.39
 430   4534
 431   2754.06
 432    189.679
 433    441.4
 434    646.445
 435    614.451
 436    932.565
 437   1147.29
 438    799.817
 439    457.238
 440     85.7923
 441    101.728
 442     93.2757
 443    232.228
 444    142.35
 445    136.72
 446    142.544
 447    104.39
 448     49.6858
 449    102.19
 450    124.999
 451    151.985
 452    196.533
 453    112.657
 454    189.21
 455    164.655
 456    134.496
 457    321.158
 458    535.613
 459    693.988
 460    733.536
 461    682.619
 462    764.718
 463    473.516
 464    446.822
 465    949.884
 466   2270.83
 467   3307.79
 468   3480.23
 469   3937.58
 470   4221.42
 471   2726.32
 472    693.61
 473   1341.97
 474   3711.36
 475   5683.9
 476   6695.64
 477   6694.39
 478   6430.19
 479   4791.83
 480    504.913
 481   1362.54
 482   3931.64
 483   6446.99
 484   7576.95
 485   7127.18
 486   7313.82
 487   5089.02
 488    440.748
 489    942.658
 490   2038.98
 491   3572.03
 492   3912.53
 493   3903.57
 494   3634.36
 495   2395.84
 496    160.633
 497    290.924
 498    469.76
 499    741.749
 500    848.81
 501    999.161
 502    791.137
 503    655.625
 504     86.1613
 505     86.2258
 506     95.0046
 507    149.313
 508    166.948
 509    215.82
 510    195.501
 511    175.438
