This file was gnenerated on 2021-02-07 00:51:41.986592 by Grant Finneman. This contains the extracted data from the Gate simulations
The edep for each cube was summed up and printed to this file. The only math operation done has been addition.

  id       edep
   0     7.6915
   1    21.3362
   2     8.1691
   3     8.9618
   4     6.4816
   5     9.0506
   6     6.8496
   7     7.2633
   8     9.6741
   9    83.1615
  10    39.6735
  11    63.8939
  12    28.1174
  13    27.131
  14    21.3121
  15    25.8702
  16    30.8366
  17    90.2915
  18   216.762
  19   695.617
  20  1031.44
  21  1048.02
  22   979.268
  23   534.207
  24    70.7923
  25   153.16
  26   500.414
  27  1628.95
  28  2024.32
  29  1878.95
  30  1593.66
  31  1005.54
  32    38.0208
  33   109.357
  34   387.671
  35  1722.14
  36  1851.05
  37  1620.98
  38  1549.18
  39  1077.5
  40    60.4141
  41    41.8394
  42   199.042
  43   723.355
  44   768.095
  45   911.231
  46   926.512
  47   536.766
  48     7.7353
  49    14.3143
  50    20.1123
  51    34.8917
  52    21.5538
  53    19.6981
  54    16.3413
  55    11.233
  56    28.9976
  57     4.8048
  58    29.0525
  59    40.2575
  60     6.5121
  61     9.4986
  62    11.2877
  63     4.6123
  64    40.6559
  65    38.224
  66    14.292
  67    17.974
  68    26.1561
  69    11.7616
  70    10.3401
  71     6.5455
  72    94.5717
  73    68.7325
  74   121.01
  75   162.822
  76   139.797
  77   147.38
  78    78.7652
  79    58.4639
  80   207.724
  81   835.787
  82  1851.42
  83  2804.57
  84  3108.06
  85  3123.63
  86  2347.97
  87   845.684
  88   349.915
  89  1552.3
  90  4313.62
  91  5677.24
  92  5277.17
  93  5208.2
  94  4040.07
  95  1821.13
  96   398.733
  97  1619.74
  98  4733.27
  99  5789.36
 100  5767.44
 101  5301.08
 102  4140.3
 103  2010.82
 104   236.447
 105   787.892
 106  1923.4
 107  2486.89
 108  2628.61
 109  2536.66
 110  2450.61
 111   986.96
 112    41.4421
 113    78.8641
 114    49.2291
 115    87.9057
 116   168.123
 117   163.819
 118   100.848
 119    47.2816
 120    10.0699
 121    12.0096
 122    60.7138
 123    48.8383
 124    14.0762
 125     9.3424
 126     9.0171
 127    14.9237
 128    28.7942
 129    29.3902
 130    73.6004
 131    42.866
 132    23.273
 133    33.2235
 134    42.0699
 135    23.0296
 136   145.542
 137   228.369
 138   275.887
 139   336.197
 140   320.329
 141   154.57
 142    70.2415
 143    65.8559
 144  1184.29
 145  3078.94
 146  4486.6
 147  4845.29
 148  4848.63
 149  3469.46
 150  2676.01
 151  1079.8
 152  2664.01
 153  5976.3
 154  8125.25
 155  8048.09
 156  7715.33
 157  6909.03
 158  4890.22
 159  1910.04
 160  2909.9
 161  6066.51
 162  7725.34
 163  8334.87
 164  7396.4
 165  7173.84
 166  4908.72
 167  2116.55
 168  1732.11
 169  3510.66
 170  3940.54
 171  4016.41
 172  3426.73
 173  3868.44
 174  2495.15
 175   941.382
 176   134.692
 177   142.782
 178   225.912
 179   276.222
 180   196.131
 181   177.65
 182   123.643
 183    75.0683
 184    17.1482
 185    19.3989
 186    25.3023
 187    40.7437
 188    29.9223
 189    27.9126
 190    35.6521
 191    12.4363
 192    44.1708
 193    42.3183
 194    59.8447
 195    74.1354
 196    88.5305
 197    32.1093
 198    23.494
 199    16.0462
 200   275.559
 201   350.347
 202   465.745
 203   495.127
 204   443.783
 205   269.374
 206   144.985
 207    98.6339
 208  2991.42
 209  4156.09
 210  5057.1
 211  5048.05
 212  4465.75
 213  4080.4
 214  2556.03
 215  1253.11
 216  5803.58
 217  7838.11
 218  8914.74
 219  8487.54
 220  8091.3
 221  7519.15
 222  5575.48
 223  2217.72
 224  5998.32
 225  8200.56
 226  8216.88
 227  8303.66
 228  7930.32
 229  8392.73
 230  5544.22
 231  2265.91
 232  3263.18
 233  4342.91
 234  4396.95
 235  4453.78
 236  4384.11
 237  4451.54
 238  2886.65
 239   978.264
 240   316.337
 241   346.073
 242   386.879
 243   416.714
 244   279.578
 245   181.618
 246    72.6555
 247    38.2376
 248    33.8032
 249    53.396
 250    63.3286
 251    64.4711
 252    69.5083
 253    41.7935
 254    57.0398
 255    14.7202
 256    70.1478
 257   180.35
 258   131.871
 259   112.554
 260    73.0976
 261    46.3442
 262    21.6142
 263    17.0459
 264   363.732
 265   509.461
 266   620.933
 267   414.852
 268   356.738
 269   265.735
 270   170.863
 271   102.953
 272  3468.23
 273  4072.16
 274  4466.3
 275  4682.29
 276  4487.19
 277  3380.47
 278  2516.96
 279  1299.86
 280  6544.97
 281  8126.18
 282  7514.09
 283  8827.29
 284  9115.5
 285  8013.2
 286  5614.91
 287  1966.87
 288  5997.54
 289  7523.39
 290  7985.64
 291  8447.97
 292  8602.39
 293  8933.41
 294  5649.1
 295  1919.44
 296  3034.5
 297  4071.27
 298  4819.69
 299  5016.38
 300  4581.45
 301  4171.63
 302  2673.35
 303  1219.6
 304   331.551
 305   475.03
 306   606.246
 307   583.365
 308   311.402
 309   315.054
 310   165.826
 311    75.8512
 312    88.0368
 313    85.7979
 314    97.5055
 315   118.906
 316    63.8357
 317    27.91
 318    58.543
 319    21.8593
 320    74.3017
 321    98.1775
 322    65.1813
 323   104.343
 324    72.0103
 325    92.3126
 326    42.0982
 327    38.733
 328   494.275
 329   692.743
 330   587.109
 331   587.215
 332   457.122
 333   450.66
 334   207.239
 335   148.112
 336  2961.05
 337  3697.79
 338  4260.72
 339  4225.04
 340  4236.22
 341  4265.66
 342  2335.82
 343   818.595
 344  6083.76
 345  7593.7
 346  7784.74
 347  8795.67
 348  9534.01
 349  8148.79
 350  4256.08
 351  1188.47
 352  5694.66
 353  6882.06
 354  8266.86
 355  9042.54
 356  9347.56
 357  7568.11
 358  4350.53
 359   962.605
 360  3073.12
 361  3879.51
 362  4699.96
 363  4860.86
 364  4032.21
 365  3738.94
 366  2262.86
 367   673.333
 368   398.824
 369   452.643
 370   475.601
 371   475.668
 372   401.417
 373   256.977
 374   139.139
 375    83.1803
 376    87.0833
 377    84.8704
 378    93.1187
 379    65.8555
 380    76.4113
 381    86.3192
 382    22.4409
 383    16.9268
 384   100.135
 385   146.929
 386   139.491
 387    92.2414
 388    72.448
 389   105.761
 390    53.228
 391    22.9823
 392   540.44
 393   697.47
 394   648.296
 395   573.006
 396   472.214
 397   307.145
 398   178.632
 399   117.385
 400  2707
 401  3588.79
 402  4594
 403  4560.83
 404  4094.17
 405  2818.15
 406  1021.71
 407   263.852
 408  5537.47
 409  6729.61
 410  7530.04
 411  8857.95
 412  8308.17
 413  5428.27
 414  1492.34
 415   332.035
 416  4868.63
 417  6851.45
 418  7560.48
 419  8026.53
 420  7484.3
 421  5248.46
 422  1477.94
 423   406.744
 424  2640.96
 425  4005.25
 426  4535.54
 427  4378.6
 428  3880.85
 429  2777.57
 430   747.408
 431   238.445
 432   516.277
 433   692.933
 434   615.917
 435   614.701
 436   437.68
 437   246.74
 438   131.532
 439   149.646
 440    76.2809
 441   102.517
 442   139.264
 443   140.608
 444    91.9318
 445    53.0257
 446    29.6849
 447    36.5238
 448   110.427
 449    96.1711
 450   100.671
 451    47.2261
 452    65.3999
 453    60.1391
 454    45.4881
 455     7.7349
 456   547.454
 457   431.949
 458   544.44
 459   470.059
 460   374.881
 461   201.173
 462   147.647
 463    48.0047
 464  2971.19
 465  3655.59
 466  3899.42
 467  3737.98
 468  2409.73
 469   904.177
 470   359.689
 471   137.654
 472  4940.7
 473  6142.83
 474  6623.2
 475  6826.27
 476  4996.98
 477  1770.58
 478   472.423
 479   126.327
 480  5290.9
 481  6572.78
 482  6874.79
 483  6958.68
 484  4634.6
 485  1894.99
 486   446.538
 487   205.489
 488  2990.56
 489  3483.98
 490  3831.2
 491  3880.08
 492  2675.92
 493   847.412
 494   235.301
 495    73.9264
 496   403.235
 497   607.042
 498   599.362
 499   358.526
 500   232.285
 501   113.925
 502    73.2768
 503    59.6038
 504    64.2587
 505    69.0364
 506   144.455
 507    80.1127
 508    52.8232
 509   118.957
 510    30.3793
 511    13.766
