This file was gnenerated on 2021-06-11 12:07:03.000694 by Grant Finneman. This contains the extracted data from the Gate simulations
The edep for each cube was summed up and printed to this file. The only math operation done has been addition.

  id       edep
   0     3.4379
   1     6.4417
   2    15.0503
   3    28.6184
   4    51.6445
   5    19.4837
   6    46.0605
   7    35.2509
   8     9.4636
   9    12.6265
  10    25.3129
  11   110.698
  12    70.7969
  13    92.7796
  14   219.793
  15   346.007
  16    10.4716
  17    59.6106
  18    41.1423
  19   118.235
  20   351.286
  21   469.31
  22  1047.66
  23  1640.29
  24    12.8568
  25    38.0432
  26    43.9975
  27   151.806
  28   436.856
  29   763.687
  30  1492.33
  31  2605.77
  32    27.9564
  33    22.8761
  34    74.6652
  35   160.569
  36   218.264
  37   576.558
  38  1654.27
  39  2837.53
  40    17.0735
  41    38.3638
  42    83.301
  43   138.993
  44   244.721
  45   551.348
  46   929.498
  47  1445.04
  48    14.4893
  49    10.7716
  50    42.3321
  51    61.4728
  52    93.6106
  53   219.658
  54   211.799
  55   355.223
  56     4.6801
  57     7.4715
  58    59.0359
  59    29.4691
  60    10.1287
  61    82.8005
  62    33.6835
  63    49.9559
  64    11.582
  65    21.1214
  66    19.7332
  67    35.3464
  68    29.0921
  69   108.249
  70    61.7273
  71    46.0628
  72    15.1605
  73    25.8683
  74    46.7224
  75   220.162
  76   184.292
  77   344.983
  78   504.294
  79   845.784
  80    36.8046
  81    86.3003
  82   309.212
  83  1275.08
  84  2881.26
  85  3976.58
  86  4560.12
  87  4243.17
  88    38.3619
  89   155.927
  90   471.984
  91  1737.52
  92  3445.47
  93  5118.31
  94  6299.2
  95  6514.6
  96    47.0865
  97   194.413
  98   474.787
  99  1794.32
 100  3472.79
 101  5350.77
 102  6917.29
 103  7398.05
 104    52.5199
 105   105.269
 106   377.669
 107  1150.76
 108  2336.32
 109  3662.56
 110  4604.02
 111  4567.53
 112    15.8985
 113    18.3506
 114   108.95
 115   233.355
 116   279.869
 117   402.197
 118   515.54
 119   570.876
 120     5.8344
 121     8.6776
 122    14.8882
 123    21.2344
 124    51.4699
 125    38.2909
 126   102.505
 127    72.1097
 128    11.9866
 129    23.2937
 130    38.2019
 131    31.9715
 132    54.6376
 133    82.4362
 134    85.221
 135   105.674
 136    27.7576
 137    95.8967
 138   209.052
 139   249.402
 140   330.275
 141   632.249
 142   628.986
 143   657.088
 144   415.255
 145  1475.8
 146  2979.62
 147  4156.56
 148  5049.38
 149  5929.91
 150  5577.34
 151  4713.01
 152   456.168
 153  1813.64
 154  3858.28
 155  5534.39
 156  7142.6
 157  7974.52
 158  8051.9
 159  7313.8
 160   514.473
 161  1840.87
 162  3698.21
 163  5561.19
 164  7087.82
 165  8383.42
 166  8258.51
 167  7429.83
 168   300.791
 169  1187.57
 170  2834.75
 171  3868.74
 172  5158.2
 173  5712.35
 174  5786.62
 175  4826.51
 176    22.5779
 177    59.1887
 178   185.84
 179   315.67
 180   574.838
 181   551.405
 182   742.066
 183   658.303
 184    11.9847
 185    12.0425
 186    34.3166
 187    31.4516
 188    31.2963
 189    75.7015
 190   132.066
 191    57.9848
 192    10.5362
 193    13.8505
 194    37.7028
 195    23.8524
 196    30.1994
 197    34.4811
 198    42.0095
 199    65.2839
 200   149.276
 201    86.3045
 202   228.476
 203   144.287
 204   297.228
 205   393.545
 206   586.425
 207   677.637
 208   684.735
 209  1869.78
 210  3058.14
 211  4126.7
 212  5461.89
 213  6035.78
 214  5894.02
 215  5544.65
 216  1041.68
 217  2820.93
 218  4237.17
 219  6150.46
 220  7451.01
 221  7984.41
 222  8025.6
 223  7447.87
 224  1028.24
 225  2876.88
 226  4571.2
 227  5580.82
 228  6766.85
 229  8071.4
 230  8536.89
 231  7371.49
 232   732.327
 233  2167.38
 234  3507.19
 235  4372.62
 236  5133.85
 237  6121.14
 238  5228.68
 239  5048.24
 240    44.1529
 241    88.8243
 242   163.452
 243   380.281
 244   551.474
 245   682.015
 246   646.778
 247   676.632
 248     8.0601
 249    13.855
 250    19.4565
 251    21.603
 252    32.1016
 253    65.6992
 254    72.5864
 255    79.7228
 256    25.5996
 257    17.4471
 258    32.2733
 259    49.854
 260    34.1787
 261    61.9531
 262    52.8267
 263    96.115
 264    76.3996
 265    60.9214
 266   173.518
 267   416.513
 268   566.2
 269   602.035
 270   530.212
 271   518.409
 272   634.796
 273  1600.95
 274  2919.15
 275  4306.63
 276  5668.53
 277  5824.87
 278  5106.02
 279  4395.6
 280   934.227
 281  2436.15
 282  4487.94
 283  6351.3
 284  7865.21
 285  8692.57
 286  7490.41
 287  6429.14
 288   949.897
 289  2386.42
 290  4262.86
 291  6072.23
 292  7496.93
 293  8047.78
 294  8013.36
 295  6809.35
 296   935.699
 297  2210.58
 298  3520.71
 299  4567.69
 300  5150.12
 301  5312.83
 302  5045.26
 303  4822.75
 304    51.3372
 305    97.3993
 306   189.061
 307   240.537
 308   391.602
 309   636.564
 310   591.738
 311   708.909
 312    11.6715
 313     8.2675
 314    21.1275
 315    40.9287
 316    55.4894
 317   139.134
 318    59.5145
 319    70.8
 320    11.1666
 321    10.914
 322    19.2003
 323    52.9328
 324    30.2989
 325    54.3149
 326    37.7304
 327    54.0644
 328    32.1365
 329   102.781
 330   192.457
 331   259.355
 332   383.151
 333   544.141
 334   506.348
 335   183.183
 336   785.432
 337  1787.16
 338  3071.4
 339  4069.81
 340  4557.15
 341  3705.36
 342  2497.91
 343  1910.6
 344  1107.77
 345  2720.4
 346  4610.65
 347  5929.25
 348  6344.95
 349  5636.57
 350  4329.72
 351  2558.32
 352   863.513
 353  2773.13
 354  4697.04
 355  5867.34
 356  6492.54
 357  6019.67
 358  4788.96
 359  2957.26
 360   769.359
 361  2025.63
 362  3124.97
 363  4216.91
 364  4604.82
 365  4078.01
 366  3542.91
 367  2352.05
 368    18.4573
 369   102.586
 370   139.645
 371   212.235
 372   341.531
 373   412.393
 374   305.465
 375   374.365
 376    12.5298
 377    39.6558
 378    46.9898
 379    15.5177
 380    19.1533
 381    24.3689
 382    28.3023
 383    60.3745
 384     5.3331
 385     6.0077
 386     6.8602
 387     7.6984
 388    17.7211
 389    12.2994
 390    11.1346
 391    30.9452
 392    20.7832
 393    61.0043
 394    83.0699
 395    78.2491
 396    65.3147
 397   106.539
 398    93.9109
 399    71.8758
 400   632.352
 401  1387.45
 402  1813.34
 403  1802.97
 404  1034.23
 405   501.688
 406   303.409
 407   153.392
 408   838.2
 409  1891.46
 410  2439.92
 411  2180.89
 412  1460.18
 413   717.516
 414   427.983
 415   253.091
 416   822.534
 417  2209.61
 418  2991.08
 419  2520.03
 420  1593.8
 421   925.203
 422   416.759
 423   166.985
 424   525.019
 425  1455.78
 426  1654.78
 427  1483.27
 428  1148.48
 429   511.725
 430   230.031
 431   166.675
 432    36.0557
 433    44.73
 434    45.1803
 435    93.6337
 436    98.632
 437   156.864
 438    62.6307
 439    30.8996
 440    44.0601
 441    10.1902
 442    22.6239
 443    12.4674
 444    14.7838
 445    10.2526
 446    14.1978
 447    43.6702
 448     0.2228
 449     2.1309
 450     1.5818
 451    12.4169
 452     3.559
 453     5.8366
 454    11.9567
 455     6.0444
 456     8.1602
 457     3.9305
 458     8.0031
 459    13.8896
 460    19.848
 461    20.0356
 462    23.3404
 463    27.6104
 464   197.961
 465   174.677
 466    51.6496
 467    34.5222
 468   105.629
 469    25.0113
 470    32.4978
 471    44.5756
 472   137.746
 473   116.638
 474    88.8515
 475    71.7141
 476   111.342
 477    85.937
 478    29.3459
 479    15.5442
 480   276.521
 481   209.609
 482    53.313
 483    83.0575
 484    59.7756
 485    75.833
 486    41.2399
 487    25.922
 488    75.1287
 489   144.754
 490    57.5738
 491    29.6834
 492    58.2806
 493    38.4649
 494    58.3723
 495    31.3003
 496    31.5882
 497    29.368
 498    11.5039
 499    17.32
 500    20.259
 501    16.9982
 502    23.0601
 503     6.6853
 504     3.887
 505     4.2416
 506     2.0514
 507     2.6529
 508     6.3799
 509    14.4773
 510    14.8716
 511     6.8082
