This file was gnenerated on 2021-06-11 12:07:05.960196 by Grant Finneman. This contains the extracted data from the Gate simulations
The edep for each cube was summed up and printed to this file. The only math operation done has been addition.

  id       edep
   0     1.145
   1     3.5894
   2    12.9972
   3     9.4572
   4    30.0336
   5     6.0337
   6    13.988
   7     7.7092
   8     5.8956
   9     5.5786
  10    11.7519
  11    16.2557
  12    28.4212
  13    23.2406
  14    20.4661
  15    61.6986
  16     4.6225
  17    21.7791
  18    21.3996
  19    67.0908
  20    37.651
  21    99.5626
  22    88.341
  23   127.441
  24    22.0987
  25    19.8746
  26    18.4133
  27    38.7875
  28   107.722
  29   149.148
  30   173.176
  31   174.917
  32    31.3345
  33    30.0887
  34    21.9518
  35    57.8678
  36    59.3046
  37   146.192
  38   246.863
  39   264.771
  40    43.4241
  41     8.3448
  42    24.2162
  43    31.3068
  44    59.052
  45   113.019
  46   107.501
  47    77.3598
  48    15.975
  49     4.1926
  50     9.5349
  51    14.22
  52    44.4864
  53    43.9035
  54    64.8029
  55   105.579
  56     5.8081
  57     1.987
  58     6.5022
  59     5.5716
  60    21.9128
  61    22.0386
  62    20.8346
  63     8.3504
  64     6.7353
  65    12.2454
  66     9.8217
  67    20.0017
  68     5.683
  69    16.0265
  70    44.1348
  71    34.3576
  72    12.4748
  73    17.6406
  74    53.878
  75    63.1277
  76   103.34
  77   109.932
  78   182.544
  79   309.185
  80    24.341
  81    73.7926
  82   192.541
  83   580.698
  84   829.661
  85  1429.16
  86  1859.4
  87  2051.7
  88    30.931
  89   153.708
  90   315.52
  91   664.21
  92  1192.41
  93  1935.82
  94  2565.11
  95  2666.44
  96    76.7707
  97   149.223
  98   213.016
  99   862.257
 100  1451.67
 101  2052.91
 102  2914.12
 103  2941.29
 104    27.1872
 105    81.9499
 106   134.443
 107   439.273
 108   902.861
 109  1255.85
 110  1918.38
 111  1814.91
 112    10.8466
 113    19.4964
 114    40.8373
 115    70.4296
 116    73.1775
 117   147.403
 118   232.576
 119   235.338
 120     4.3962
 121    20.9254
 122    21.9554
 123    24.3602
 124    20.6086
 125    32.8481
 126    24.8895
 127    16.8528
 128     6.4099
 129    13.8844
 130    17.2763
 131    47.1174
 132    26.7916
 133    46.072
 134    98.9076
 135    20.6602
 136    19.8145
 137    41.7549
 138   150.309
 139   223.173
 140   283.93
 141   295.364
 142   435.578
 143   481.835
 144   483.446
 145  1364.68
 146  2444.82
 147  3767.75
 148  4301.07
 149  5142.5
 150  5171.56
 151  5111.59
 152   497.76
 153  1492.75
 154  3399.96
 155  4809.19
 156  6216.09
 157  7289.23
 158  7734.19
 159  7709.86
 160   528.689
 161  1735.34
 162  3225.47
 163  4842.84
 164  5963
 165  6900.93
 166  7618.6
 167  6849.12
 168   399.366
 169  1178.17
 170  2076.51
 171  3109.25
 172  4023.76
 173  4273.92
 174  4779.46
 175  4324.67
 176     6.2883
 177    21.8578
 178   111.932
 179   249.642
 180   393.622
 181   477.619
 182   447.075
 183   497.623
 184     5.8713
 185     8.3712
 186    21.4312
 187    38.9671
 188    25.3596
 189    28.2761
 190    48.2928
 191    40.5984
 192     9.3116
 193     5.0519
 194    10.6994
 195    30.7303
 196    35.6474
 197    36.7639
 198    84.4725
 199    64.4896
 200    16.5942
 201    42.3122
 202   117.212
 203   195.315
 204   345.624
 205   365.261
 206   600.256
 207   555.784
 208   615.179
 209  1590.1
 210  2635.33
 211  3746.53
 212  4783.1
 213  5339.29
 214  5525.63
 215  5294.82
 216   647.189
 217  2025.36
 218  3942.98
 219  5513.74
 220  6609.44
 221  7634.31
 222  8601.57
 223  7887.76
 224   787.278
 225  2186.02
 226  3494
 227  5342.05
 228  6824.73
 229  7747.76
 230  8739.96
 231  7361.73
 232   656.888
 233  1324.35
 234  2380.69
 235  3851.68
 236  4507.99
 237  4845.4
 238  5311.99
 239  4972.34
 240    41.507
 241    35.1019
 242   103.725
 243   191.445
 244   337.639
 245   371.359
 246   502.499
 247   506.449
 248    14.0231
 249     9.0202
 250    32.9273
 251    34.0447
 252    55.3466
 253    53.4639
 254    53.5871
 255    47.0365
 256     4.5238
 257     8.0387
 258    13.5309
 259    19.3526
 260    21.5083
 261    34.6318
 262    68.5764
 263    52.457
 264    18.2713
 265    27.1718
 266    58.3474
 267   238.368
 268   407.54
 269   477.238
 270   613.101
 271   595.144
 272   515.786
 273  1328.81
 274  2251.01
 275  3464.52
 276  4167.3
 277  4398.26
 278  4721.52
 279  5095.82
 280   844.306
 281  2379.69
 282  4012.73
 283  5992.5
 284  6824.74
 285  7414.57
 286  7450.81
 287  7866.78
 288   944.767
 289  2392.58
 290  4173.22
 291  6294
 292  7929.09
 293  8472.65
 294  7749.32
 295  7073.57
 296   571.038
 297  1679.15
 298  2908.19
 299  4041.36
 300  5180.84
 301  5554.72
 302  5226.26
 303  4677.91
 304    14.2928
 305    53.3502
 306   128.657
 307   400.774
 308   385.656
 309   442.687
 310   551.11
 311   429.384
 312     6.1888
 313    17.5867
 314    16.3977
 315    31.7193
 316    28.3974
 317    48.1953
 318    21.4847
 319    34.4794
 320     6.123
 321     6.9719
 322     9.8816
 323    18.0926
 324    31.2479
 325    54.244
 326    48.578
 327    46.9468
 328    13.106
 329    25.6355
 330    87.7069
 331   227.99
 332   215.56
 333   398.389
 334   410.33
 335   510.493
 336   513.112
 337  1345.86
 338  2684.65
 339  3233.62
 340  3616.04
 341  4096.67
 342  3790.03
 343  2953.03
 344   955.249
 345  1782.2
 346  3277.93
 347  4539.28
 348  5094.57
 349  6366.53
 350  6399.48
 351  5360.77
 352  1008.81
 353  2188.26
 354  3785.74
 355  5309.18
 356  5864.41
 357  5343.96
 358  5940.71
 359  5108.78
 360   634.41
 361  1752.73
 362  2920.1
 363  3570.87
 364  4026.79
 365  4222.77
 366  4049.69
 367  3541.38
 368    25.9435
 369    75.834
 370   134.912
 371   210.449
 372   224.114
 373   259.374
 374   413.248
 375   369.537
 376     6.7798
 377     8.3788
 378    14.8503
 379    20.4609
 380    28.4352
 381    30.0051
 382    27.6381
 383    25.8059
 384     6.435
 385     6.1971
 386     5.8533
 387     7.9992
 388    11.7491
 389     9.6382
 390    14.5214
 391    13.1367
 392    11.2403
 393    31.3059
 394    39.8094
 395    43.0889
 396   104.166
 397    95.5052
 398    61.2194
 399    47.7157
 400   254.02
 401   429.743
 402   603.473
 403   376.45
 404   348.874
 405   542.927
 406   401.357
 407   271.421
 408   150.486
 409   498.544
 410   699.953
 411   545.64
 412   606.861
 413   712.044
 414   669.381
 415   471.074
 416   344.571
 417   758.879
 418   704.581
 419   677.478
 420   682.565
 421   778.714
 422   609.31
 423   467.486
 424   185.925
 425   502.917
 426   683.763
 427   549.712
 428   422.07
 429   536.181
 430   469.435
 431   404.129
 432    21.2934
 433    10.76
 434    60.8746
 435    52.107
 436    40.852
 437    81.8353
 438   126.95
 439    67.2413
 440    23.3432
 441     8.2773
 442    30.6025
 443    11.0129
 444    15.9802
 445    32.4267
 446    18.5017
 447    10.3996
 448     2.497
 449    25.1236
 450     5.8355
 451     2.857
 452     7.7653
 453     8.7158
 454    34.152
 455     6.2327
 456     4.6456
 457    23.5047
 458     8.3968
 459     6.5432
 460    20.575
 461    52.5428
 462    21.4103
 463    30.6455
 464     3.5537
 465    18.4831
 466     6.9688
 467    19.308
 468    19.1504
 469    30.2145
 470    39.9619
 471    42.045
 472     6.0032
 473    17.5022
 474    21.0432
 475    22.004
 476    27.3077
 477    45.0717
 478    44.6849
 479    42.4896
 480    11.4732
 481    13.1814
 482    17.5562
 483    24.3987
 484    27.1651
 485    31.5925
 486    49.4297
 487    83.7631
 488     7.8435
 489    33.8404
 490    15.1839
 491    47.4882
 492    26.0526
 493    56.2209
 494    23.9303
 495    17.7115
 496    13.9368
 497    31.9518
 498    27.1164
 499     7.1292
 500    10.9116
 501    19.5085
 502    17.5404
 503    10.5236
 504     0.7019
 505     4.731
 506     7.6749
 507     4.3143
 508     5.256
 509     9.6059
 510    14.7796
 511     6.5028
