This file was gnenerated on 2021-02-07 00:59:49.468253 by Grant Finneman. This contains the extracted data from the Gate simulations
The edep for each cube was summed up and printed to this file. The only math operation done has been addition.

  id        edep
   0     20.2108
   1      7.2434
   2     11.9356
   3     31.1161
   4     34.9898
   5     64.7244
   6    134.927
   7    138.17
   8     13.3164
   9     20.5818
  10    106.301
  11     94.0406
  12     54.5685
  13    164.132
  14    239.81
  15    367.308
  16     41.7978
  17     43.9638
  18     35.0142
  19    115.035
  20    179.8
  21    284.81
  22    603.562
  23   1227.98
  24     22.898
  25     46.9349
  26     71.8122
  27    174.182
  28    299.417
  29    391.605
  30    860.98
  31   1233.49
  32     37.785
  33     50.8639
  34    103.343
  35    145.828
  36    314.946
  37    467.187
  38    875.603
  39   1479.97
  40     17.7702
  41     32.2886
  42     77.4893
  43     84.1259
  44    168.147
  45    268.265
  46    805.834
  47   1175.48
  48     10.9524
  49     33.8606
  50     45.7578
  51     60.5436
  52     93.7717
  53    181.375
  54    275.712
  55    307.777
  56      8.7777
  57     25.726
  58     24.3831
  59     37.5874
  60     24.4209
  61    104.181
  62    100.5
  63    105.655
  64     22.9716
  65     36.8657
  66     30.6045
  67     36.6502
  68     68.3924
  69    125.824
  70    118.916
  71    210.635
  72     31.9179
  73     43.7239
  74     40.839
  75     84.1967
  76    318.364
  77    435.942
  78    820.607
  79   1060.68
  80     40.0807
  81     69.0953
  82    147.185
  83    302.619
  84    891.836
  85   1943.47
  86   4183.67
  87   6068.95
  88     66.2027
  89    126.337
  90    111.736
  91    271.622
  92   1147.71
  93   2572.76
  94   5271.57
  95   8110.88
  96     89.1738
  97     92.3711
  98    311.021
  99    448.557
 100   1200.04
 101   3290.1
 102   6181.12
 103   8431.51
 104     34.3887
 105     81.6844
 106    137.417
 107    375.873
 108    878.5
 109   2296.39
 110   4259.11
 111   5490.51
 112     19.5982
 113     36.596
 114     98.9351
 115    197.909
 116    198.49
 117    574.249
 118    646.818
 119    701.029
 120     12.6818
 121     30.9602
 122     69.7567
 123     45.6415
 124     75.4793
 125    200.374
 126    142.475
 127    113
 128     23.8524
 129     20.7081
 130     33.7219
 131     29.0385
 132     48.0802
 133    103.721
 134    137.854
 135    130.838
 136     36.5191
 137     66.506
 138    182.91
 139    336.869
 140    502.882
 141   1049.27
 142   1221.89
 143   1129.55
 144     67.1101
 145    127.235
 146    670.593
 147   2401.04
 148   5636.69
 149   8966.68
 150   9317.45
 151   9605.65
 152    128.632
 153    313.955
 154    994.542
 155   3437.81
 156   7557.46
 157  12878.8
 158  14705.5
 159  13390.6
 160    116.323
 161    369.423
 162   1028.73
 163   3492.4
 164   7729.67
 165  12437
 166  14309.4
 167  13239.4
 168    119.205
 169    218.993
 170    805.37
 171   2590.28
 172   5844.94
 173   8448.84
 174   9414.8
 175   9737.84
 176     24.6171
 177     63.8421
 178    193.969
 179    312.247
 180    710.953
 181    793.959
 182   1259
 183   1288.35
 184      9.4426
 185     27.8413
 186     52.9705
 187     44.6235
 188     91.8618
 189    145.114
 190    142.853
 191    284.922
 192     14.8243
 193     17.2384
 194     30.2771
 195     46.6496
 196     68.9221
 197    143.432
 198     91.19
 199    181.254
 200     57.1454
 201    159.361
 202    278.39
 203    556.31
 204    937.433
 205   1067.65
 206   1043.04
 207    996.544
 208    399.755
 209   1691.08
 210   4790.02
 211   8161.81
 212   9515.22
 213  10910.5
 214   9706.84
 215   7345.03
 216    431.448
 217   2674.18
 218   6935.71
 219  11289.1
 220  14742.8
 221  15234.6
 222  14907.3
 223  10237.5
 224    423.595
 225   2383.21
 226   7085.05
 227  11419.7
 228  14508.7
 229  14819.6
 230  14373
 231  10393.2
 232    389.645
 233   1881.02
 234   4908.63
 235   8471.63
 236  10424.8
 237  10351.9
 238   9502.06
 239   7190.22
 240     27.6879
 241    192.838
 242    264.241
 243    731.94
 244   1092.35
 245   1585.07
 246   1280.61
 247    851.952
 248     50.3957
 249     27.1297
 250     38.4542
 251     69.2983
 252    110.032
 253    113.676
 254     83.488
 255     82.191
 256     14.4033
 257     22.2748
 258     53.8341
 259     85.3683
 260     49.8208
 261     70.5737
 262     65.1923
 263     79.9908
 264     49.8754
 265    167.016
 266    353.673
 267    603.49
 268    759.82
 269    789.186
 270    563.069
 271    351.336
 272   1609.84
 273   4206.37
 274   6768.93
 275   8896.77
 276   8980.64
 277   7346.16
 278   4253.41
 279   1878.2
 280   2115.2
 281   5757.42
 282   9587.55
 283  12318.3
 284  13411.7
 285  10989
 286   6411.01
 287   2720.03
 288   2065.08
 289   5648.83
 290   9254.26
 291  11944.5
 292  12203.9
 293   9866.7
 294   5969.08
 295   2688.47
 296   1646.56
 297   4334.24
 298   6389.64
 299   9093.89
 300   9338.97
 301   6454.34
 302   3469.7
 303   1595.22
 304     52.7886
 305    156.524
 306    370.361
 307    584.275
 308    707.153
 309    753.4
 310    619.294
 311    385.581
 312     24.3264
 313     25.0834
 314     19.3188
 315     77.3408
 316     63.5322
 317     72.7371
 318     70.8682
 319     61.4193
 320     12.5134
 321      9.8858
 322     20.6626
 323     31.6002
 324     49.8345
 325     33.4716
 326     16.5322
 327     19.3903
 328     39.1242
 329     83.4556
 330    238.58
 331    218.613
 332    263.738
 333    208.844
 334     96.4693
 335    100.178
 336   1345.05
 337   3703.78
 338   4927.47
 339   3963.68
 340   2248.17
 341   1056.97
 342    536.388
 343    169.982
 344   1958.09
 345   5562.38
 346   6990.68
 347   5520.05
 348   3015.1
 349   1128.83
 350    678.952
 351    285.231
 352   2056.59
 353   5470.54
 354   7315.95
 355   6030.77
 356   3374.45
 357   1215.44
 358    512.426
 359    280.692
 360   1466.81
 361   3729.48
 362   4488.22
 363   3773.77
 364   2292.83
 365    925.255
 366    458.506
 367    193.017
 368     62.2985
 369    154.765
 370    271.954
 371    242.536
 372    196.034
 373    126.21
 374    104.92
 375     79.7971
 376     10.9704
 377     34.1208
 378     43.5115
 379     18.3564
 380     36.8759
 381     21.6681
 382     48.9292
 383     42.2062
 384      9.3355
 385     10.6955
 386     10.986
 387     54.8206
 388     23.5545
 389     26.5709
 390     20.5245
 391     12.6015
 392     13.618
 393     36.6689
 394    107.6
 395     94.8331
 396    104.731
 397     56.417
 398     23.3874
 399     23.7821
 400    701.234
 401    984.307
 402    453.654
 403    216.433
 404    131.695
 405    142.66
 406     65.4756
 407     39.7836
 408    983.267
 409   1516.07
 410    718.466
 411    273.985
 412    133.258
 413    127.28
 414    108.373
 415     47.584
 416   1330.8
 417   1689.97
 418    815.571
 419    285.407
 420    154.524
 421    103.15
 422    111.841
 423     46.6226
 424    767.97
 425   1088.23
 426    534.434
 427    144.896
 428     64.1636
 429     39.813
 430     75.1143
 431     48.2192
 432     52.598
 433     37.5058
 434     78.3657
 435     72.3949
 436     41.6467
 437     31.6668
 438     30.8191
 439     46.5784
 440      3.4426
 441     10.676
 442      7.1619
 443     19.2424
 444     21.9123
 445      9.1084
 446     11.0548
 447      6.041
 448      4.9665
 449      2.4131
 450      5.5622
 451     19.7018
 452      8.9888
 453      5.7145
 454     28.8159
 455     24.6956
 456      6.0644
 457     10.1807
 458      6.8483
 459      8.1072
 460     11.7689
 461     16.4548
 462     15.4787
 463      5.2915
 464     13.462
 465     22.7766
 466     18.6651
 467     13.824
 468     13.0917
 469     18.3329
 470     12.4774
 471     29.5868
 472     23.9573
 473     47.8157
 474     37.9298
 475     48.4607
 476     21.7821
 477     18.528
 478     20.1108
 479     24.285
 480     29.1666
 481     22.0133
 482     40.4308
 483     33.6867
 484     26.0207
 485     27.1095
 486     41.774
 487     14.9457
 488     17.7838
 489     45.486
 490     26.0639
 491     20.5662
 492     12.3843
 493     19.4486
 494     13.3243
 495     14.6496
 496      3.7517
 497     13.6137
 498     33.9682
 499      6.2263
 500     25.0622
 501     21.5547
 502      7.5163
 503      7.0343
 504      3.1634
 505      8.4537
 506      6.1539
 507      4.1506
 508      5.3251
 509      8.4557
 510      4.387
 511      1.4428
