This file was gnenerated on 2021-06-11 12:00:58.122736 by Grant Finneman. This contains the extracted data from the Gate simulations
The edep for each cube was summed up and printed to this file. The only math operation done has been addition.

  id        edep
   0      5.1246
   1     10.6624
   2     11.0376
   3     22.6742
   4     27.2654
   5     30.6982
   6     12.7931
   7     11.9286
   8     21.9517
   9     47.6937
  10     37.7695
  11     24.925
  12     70.0429
  13     98.8124
  14     94.542
  15     51.5663
  16     18.5507
  17     57.7725
  18     90.3714
  19    142.464
  20    422.509
  21   2717.01
  22   3869.7
  23   2011.75
  24     37.8593
  25     53.5668
  26     85.1752
  27    189.817
  28    537.129
  29   3859.41
  30   6002.94
  31   3178.58
  32     59.488
  33     53.6207
  34    127.186
  35    166.257
  36    507.387
  37   3289.97
  38   5384.44
  39   3138.02
  40     35.5972
  41     45.2137
  42     56.5034
  43     80.911
  44    433.533
  45   2798.33
  46   4034.24
  47   2032.25
  48     22.3062
  49     22.6406
  50     33.2964
  51     50.6997
  52     62.6741
  53     80.9518
  54    130.905
  55     98.2128
  56      8.691
  57     11.5842
  58     11.3699
  59     15.5898
  60     23.6585
  61     18.5842
  62     50.2163
  63     27.4531
  64     30.8693
  65     42.7054
  66     41.808
  67     52.4208
  68     39.4898
  69     35.5601
  70     27.5668
  71     16.3392
  72     27.0573
  73     57.7614
  74    112.66
  75    243.341
  76    414.301
  77    582.594
  78    531.086
  79    239.055
  80     63.3809
  81    124.422
  82    296.064
  83    913.265
  84   5637.69
  85  10936.1
  86   9221.33
  87   2363.51
  88     97.04
  89    249.836
  90    454.294
  91   1364.36
  92   7065.17
  93  16444.6
  94  14235.1
  95   3524.76
  96    127.283
  97    237.149
  98    399.051
  99   1473.71
 100   7081.92
 101  15401.4
 102  12888.7
 103   3146.76
 104     65.0638
 105    138.271
 106    361.807
 107    945.495
 108   5251.08
 109  11016.7
 110   8618.59
 111   2080.24
 112     35.1942
 113     51.8681
 114    108.114
 115    184.554
 116    487.106
 117    430.502
 118    297.925
 119    205.651
 120     25.1119
 121     30.4183
 122     35.0763
 123     29.9867
 124     35.5248
 125     33.8014
 126     85.3858
 127     25.1775
 128     90.3999
 129    116.511
 130    126.164
 131    109.128
 132     49.5155
 133     48.6333
 134     74.2216
 135     27.7777
 136     96.5707
 137    274.504
 138    445.556
 139    770.278
 140   1116.36
 141   1174.86
 142    547.147
 143    290.04
 144    177.319
 145    366.338
 146   1212.47
 147   5375.13
 148  14704.2
 149  14147.2
 150   6461.13
 151    884.639
 152    245.031
 153    661.742
 154   2095.03
 155   7730.42
 156  20050.4
 157  21176.2
 158   9258.51
 159   1608.42
 160    255.115
 161    588.167
 162   2099.93
 163   7414.96
 164  19862.1
 165  20700
 166   9611.05
 167   1742.16
 168    135.707
 169    385.434
 170   1312.14
 171   5398.28
 172  13452
 173  13919.6
 174   6454.8
 175   1105.02
 176    104.614
 177    148.268
 178    354.869
 179    839.592
 180   1211.06
 181   1022.89
 182    506.961
 183    289.66
 184     35.7559
 185     23.3368
 186     77.3586
 187     81.2267
 188     68.1237
 189     42.5738
 190     41.0204
 191     42.2623
 192    150.088
 193    181.217
 194    144.965
 195    160.225
 196     98.3825
 197    153.303
 198    115.99
 199    107.229
 200    244.958
 201    534.709
 202    995.647
 203   1347.03
 204   1177.84
 205   1219.07
 206    711.267
 207    297.899
 208    550.98
 209   1470.1
 210   4885.65
 211  11898.4
 212  14970.2
 213   9503.25
 214   2555.26
 215    633.668
 216    694.807
 217   2238.36
 218   7410.18
 219  16830.5
 220  23243.6
 221  14275.3
 222   4022.89
 223    922.874
 224    718.027
 225   2137.76
 226   6443.3
 227  17274.1
 228  22614.7
 229  13782.1
 230   3953.44
 231   1219
 232    397.005
 233   1280.18
 234   4258.87
 235  12273.6
 236  15124.7
 237   9352.69
 238   2763.95
 239    724.462
 240    178.693
 241    435.395
 242   1136.42
 243   1346.15
 244   1466.14
 245   1255.84
 246    468.889
 247    256.997
 248     50.6701
 249     73.6783
 250     69.8092
 251    104.527
 252    140.592
 253    106.063
 254     42.3583
 255     51.2792
 256     91.4836
 257    130.471
 258    168.514
 259    111.576
 260    145.546
 261    184.248
 262     82.7633
 263     40.4794
 264    505.074
 265   1096.63
 266   1558.04
 267   1712.77
 268   1336.76
 269    817.491
 270    394.658
 271    226.205
 272   1280.73
 273   3405.23
 274   9958.27
 275  14072.7
 276  10677.4
 277   4489.13
 278   1323.95
 279    531.476
 280   1599.87
 281   4899.95
 282  13352
 283  20467.9
 284  16436.2
 285   7087.81
 286   2065.39
 287    609.912
 288   1675.08
 289   5064.21
 290  14168.7
 291  21003.4
 292  16353.4
 293   5911.43
 294   1872.93
 295    700.977
 296   1213.76
 297   3411.74
 298   9659.15
 299  13984
 300  10087.6
 301   4151.92
 302   1130.34
 303    427.808
 304    434.466
 305    902.609
 306   1474.57
 307   1763.11
 308   1430.32
 309    905.257
 310    391.335
 311     85.845
 312     97.2914
 313    182.058
 314    187.552
 315    152.323
 316    190.968
 317    117.166
 318     85.8852
 319     87.8195
 320    133.515
 321    189.055
 322    213.451
 323    225.134
 324    200.163
 325    142.336
 326    161.062
 327     73.5444
 328    748.646
 329   1333.33
 330   1851.43
 331   1359.11
 332    948.986
 333    515.059
 334    262.166
 335    233.962
 336   2313.11
 337   7012.39
 338  10947.1
 339  10082.4
 340   5717.65
 341   1901.86
 342    809.831
 343    317.793
 344   3351.69
 345   8776.19
 346  15659.8
 347  15148.9
 348   7360.37
 349   2804.85
 350   1149.74
 351    370.184
 352   3397.35
 353   9841.25
 354  17323.4
 355  14855.7
 356   7613.05
 357   2480.56
 358    845.583
 359    553.349
 360   2481.8
 361   6965.84
 362  11699.5
 363  10248.9
 364   5160.66
 365   1830.65
 366    650.102
 367    299.012
 368    480.034
 369   1286.68
 370   1661.53
 371   1920.78
 372   1321.44
 373    575.04
 374    401.289
 375     99.635
 376     96.9165
 377    177.879
 378    297.384
 379    235.563
 380    161.903
 381    144.823
 382     94.9283
 383     82.031
 384    173.789
 385    258.95
 386    235.118
 387    157.869
 388    152.116
 389    185.498
 390     97.4101
 391     47.7589
 392   1093.65
 393   1506.3
 394   1615.41
 395   1010.72
 396    794.852
 397    383.059
 398    238.256
 399    129.505
 400   4304.23
 401   8896.16
 402   8593.68
 403   5009.92
 404   2563.43
 405    955.089
 406    516.029
 407    151.648
 408   5593.38
 409  11873.4
 410  12870.6
 411   8110.7
 412   3174.06
 413   1221.02
 414    494.859
 415    225.677
 416   5665.93
 417  12364.6
 418  13328.7
 419   7834.1
 420   3351.33
 421   1506.5
 422    763.1
 423    305.273
 424   4645.48
 425   8877.04
 426   9170.09
 427   5058.29
 428   2212.22
 429    948.258
 430    424.477
 431    235.074
 432    988.202
 433   1446.01
 434   1524.03
 435   1147.19
 436    698.995
 437    418.867
 438    222.483
 439    160.093
 440    144.047
 441    280.114
 442    186.28
 443    202.354
 444    119.758
 445     96.5784
 446     68.2188
 447     39.6832
 448    351.023
 449    312.08
 450    242.066
 451    147.203
 452    173.995
 453    186.424
 454     65.2771
 455     50.4349
 456   1108.1
 457   1194.04
 458    958.18
 459    583.6
 460    403.252
 461    303.735
 462    183.846
 463     89.4484
 464   5382.79
 465   7332.52
 466   5581.41
 467   2245.52
 468   1088.16
 469    691.932
 470    249.484
 471    173.485
 472   7442.38
 473  10225.7
 474   7849.29
 475   3589.73
 476   1879.36
 477    769.35
 478    370.72
 479    142.641
 480   8339.08
 481  10270.3
 482   7613.92
 483   3261.49
 484   1416.36
 485    599.096
 486    344.948
 487    173.402
 488   4913.15
 489   6998.46
 490   4912.09
 491   2302.72
 492   1030.4
 493    449.244
 494    215.827
 495    144.529
 496    875.755
 497   1292.75
 498   1055.14
 499    775.726
 500    525.231
 501    273.99
 502    204.289
 503    121.046
 504    200.595
 505    310.087
 506    325.837
 507    217.663
 508    128.109
 509    100.326
 510     76.2421
 511     66.126
