This file was gnenerated on 2021-06-11 12:12:32.908483 by Grant Finneman. This contains the extracted data from the Gate simulations
The edep for each cube was summed up and printed to this file. The only math operation done has been addition.

  id        edep
   0     13.2317
   1      6.0243
   2      2.9662
   3      8.0757
   4      8.6625
   5      8.1656
   6      5.3951
   7      6.3619
   8     27.184
   9     12.3437
  10     14.5817
  11     10.5634
  12     12.1628
  13     13.5224
  14     36.1042
  15     26.727
  16     14.7013
  17     17.8802
  18     43.1069
  19     65.9918
  20     43.6624
  21     23.8468
  22     36.7418
  23    206.248
  24      8.6945
  25     20.6128
  26     28.0595
  27     33.8937
  28     27.8961
  29     79.2278
  30    106.495
  31    226.886
  32     19.0247
  33     31.2526
  34     26.5174
  35     59.1476
  36     33.264
  37     84.2358
  38     47.1357
  39    330.374
  40     10.1838
  41     17.6228
  42     18.3153
  43     19.1098
  44     19.9199
  45     25.7474
  46     94.6977
  47    348.51
  48     14.3852
  49     23.2466
  50     14.6189
  51     15.5609
  52     14.9668
  53     11.6113
  54     17.1552
  55     35.9
  56     17.6802
  57     12.2865
  58      5.729
  59      7.2916
  60      4.1275
  61     10.9799
  62     17.7195
  63     30.4531
  64     12.7519
  65     14.9198
  66     30.4307
  67     27.798
  68     30.1273
  69     49.7048
  70     30.0416
  71     16.1922
  72     23.6985
  73     32.6271
  74     32.1618
  75     76.4251
  76    214.344
  77    191.041
  78    163.16
  79    135.111
  80     43.1673
  81     70.7389
  82     84.2246
  83    214.851
  84    479.948
  85   1539.08
  86   3025.67
  87   2064
  88     46.0921
  89     91.383
  90    127.805
  91    168.149
  92    402.956
  93   1917.41
  94   3898.01
  95   2254.92
  96     50.9168
  97     58.9863
  98     73.6577
  99    254.89
 100    622.901
 101   1987.69
 102   3744.18
 103   2180.53
 104     59.2374
 105     64.2323
 106    111.748
 107    265.269
 108    440.895
 109   1472.09
 110   3664.78
 111   2361.59
 112     22.4082
 113     53.0774
 114     75.0902
 115    109.393
 116     83.6457
 117    166.799
 118    302.451
 119    130.216
 120     25.2037
 121     46.1484
 122     47.1258
 123     18.6315
 124     13.3657
 125     26.1056
 126     10.4307
 127     30.4823
 128     43.7971
 129     18.0031
 130     50.7351
 131     61.3899
 132     25.9878
 133     37.341
 134     25.3371
 135     25.6072
 136     68.2621
 137    128.534
 138    214.273
 139    437.282
 140    867.689
 141    899.34
 142    566.264
 143    172.884
 144    205.41
 145    381.72
 146    624.704
 147   1963.23
 148   5992.43
 149   8883.27
 150   7024.97
 151   2832.7
 152    194.1
 153    450.711
 154   1020.45
 155   2899.08
 156   6835.04
 157   9910.13
 158   7373.67
 159   2652.06
 160    274.572
 161    483.346
 162   1055.31
 163   2831.54
 164   6755.82
 165   9483.77
 166   7452.65
 167   2705.49
 168    153.67
 169    262.327
 170    727.001
 171   2397.15
 172   6046.68
 173   8932.79
 174   7103.77
 175   2536.53
 176     98.6078
 177    198.006
 178    247.023
 179    558.571
 180    951.546
 181   1047.54
 182    650.47
 183    165.978
 184     31.8904
 185     49.2179
 186     57.0901
 187     25.4297
 188     56.0117
 189    115.112
 190     35.0925
 191     24.0656
 192    135.564
 193    118.06
 194    153.98
 195    149.375
 196    109.241
 197     72.5777
 198     52.8982
 199     30.2569
 200    262.013
 201    637.788
 202   1318.51
 203   1804.46
 204   1502.8
 205   1375.17
 206    629.292
 207    182.34
 208    743.76
 209   2569.44
 210   6754.34
 211  10388.1
 212  12714.5
 213  10834.7
 214   5437.81
 215   1391.28
 216   1081.4
 217   2779.72
 218   6936.79
 219  12537.4
 220  14770.7
 221  11132.9
 222   5741.14
 223   1568.12
 224   1174.69
 225   2976.25
 226   7163.27
 227  11704.1
 228  14067.4
 229  11986.7
 230   6022.91
 231   1370.09
 232    846.743
 233   2177.02
 234   5661.26
 235  11313.6
 236  13411.3
 237  10515.1
 238   5432.45
 239   1286.7
 240    309.865
 241    555.464
 242   1054.18
 243   1714.63
 244   2202.28
 245   1650.67
 246    828.28
 247    221.416
 248     52.8687
 249    118.975
 250    113.529
 251    170.361
 252    151.651
 253     87.0792
 254     86.6171
 255     33.537
 256    147.062
 257    203.165
 258    165.823
 259    155.308
 260     87.5179
 261     93.0707
 262     70.1812
 263     33.0623
 264   1242.22
 265   2032.94
 266   2667.85
 267   2704.19
 268   1929.63
 269    923.939
 270    323.588
 271    141.415
 272   4375.3
 273   9553.2
 274  13898.7
 275  14046.6
 276  11434
 277   5864.48
 278   1303.25
 279    237.077
 280   5462.77
 281  11183.7
 282  15494.3
 283  16775.2
 284  12452.4
 285   5966.32
 286   1580.6
 287    269.235
 288   5241.7
 289  11016.3
 290  14657.5
 291  16422.9
 292  12272.5
 293   5455.85
 294   1235.79
 295    348.545
 296   4488.11
 297   9334.24
 298  13186.6
 299  14009.1
 300  11415.3
 301   5838.88
 302   1052.59
 303    273.849
 304   1099.35
 305   1503.57
 306   2269.82
 307   2451.78
 308   2237.57
 309   1019
 310    307.843
 311     96.9344
 312    133.645
 313    188.455
 314    224.783
 315    179.089
 316    101.032
 317    120.082
 318     84.1616
 319     31.8999
 320    243.09
 321    295.263
 322    338.662
 323    221.028
 324    176.638
 325     85.8735
 326     39.6388
 327     26.1236
 328   1822.92
 329   2757.57
 330   2599.83
 331   1721.29
 332   1016.98
 333    452.455
 334    176.866
 335     39.8224
 336  10290.2
 337  12712.7
 338  12930.3
 339   8427.42
 340   3214.68
 341   1047.85
 342    347.567
 343    103.615
 344  11438.1
 345  14375.1
 346  13859
 347   9008.58
 348   3725.93
 349   1179.56
 350    467.407
 351    105.497
 352  10020.9
 353  13903.8
 354  13263.2
 355   8791.85
 356   3678.99
 357    900.009
 358    271.741
 359    127.863
 360   9157.82
 361  11733.4
 362  11552.4
 363   7799.89
 364   3075.01
 365    912.064
 366    263.879
 367    129.108
 368   1722.11
 369   2590.67
 370   2320.4
 371   1626.97
 372    798.616
 373    357.389
 374    160.485
 375     93.9799
 376    164.019
 377    218.227
 378    159.612
 379    237.013
 380    158.348
 381     62.6245
 382     46.3502
 383     47.5743
 384    159.967
 385    175.94
 386    188.285
 387    142.61
 388    120.913
 389     54.4425
 390     21.4248
 391     18.0212
 392   2025.79
 393   1833.39
 394   1241.05
 395    503.675
 396    369.907
 397    170.914
 398     96.0028
 399     44.4575
 400   9706.52
 401   8175.5
 402   4264.6
 403   1555.92
 404    752.762
 405    253.808
 406    125.297
 407     53.5203
 408  10566.4
 409   9314.3
 410   4926.69
 411   2131.38
 412    790.137
 413    352.258
 414    234.074
 415    141.235
 416  10753.9
 417   8648.21
 418   4874.47
 419   1657.53
 420    979.57
 421    390.123
 422    212.143
 423    116.148
 424   8086.49
 425   7321.23
 426   4498.68
 427   1777.59
 428    704.498
 429    233.686
 430    117.89
 431     91.6128
 432   1948.77
 433   2000.88
 434   1102.62
 435    590.229
 436    261.179
 437    264.116
 438    104.588
 439     51.5548
 440    219.262
 441    230.955
 442    142.301
 443    164.752
 444     92.9992
 445     48.3632
 446    109.005
 447     26.3407
 448    155.495
 449    142.473
 450    112.136
 451     80.1847
 452     49.1243
 453     37.8824
 454     29.5125
 455     23.8917
 456    884.108
 457    667.688
 458    332.865
 459    230.981
 460     68.332
 461     95.968
 462     67.9277
 463     18.2452
 464   3887.01
 465   1898.19
 466    781.567
 467    342.912
 468    236.696
 469    179.401
 470    101.29
 471     49.6108
 472   4144.6
 473   2396.62
 474   1172.65
 475    515.719
 476    228.39
 477    157.27
 478     80.5136
 479     58.7479
 480   3795.25
 481   2304.19
 482   1168.32
 483    611.793
 484    338.405
 485    133.929
 486    104.83
 487     71.0469
 488   3638.54
 489   1761.12
 490    685.014
 491    407.542
 492    298.18
 493    167.919
 494    109.274
 495     26.8921
 496    791.702
 497    592.215
 498    410.745
 499    273.625
 500    105.263
 501    124.465
 502     55.2318
 503     47.4462
 504    227.638
 505    161.382
 506    164.973
 507     66.1997
 508     50.9666
 509     45.1861
 510     18.0255
 511     51.0621
