This file was gnenerated on 2021-02-07 01:12:39.714144 by Grant Finneman. This contains the extracted data from the Gate simulations
The edep for each cube was summed up and printed to this file. The only math operation done has been addition.

  id        edep
   0     82.7617
   1    135.792
   2    193.144
   3    198.386
   4    167.428
   5    315.333
   6    260.384
   7    238.239
   8    174.111
   9    310.633
  10    512.981
  11   1007.74
  12   1561.11
  13   1917.29
  14   1644.89
  15    901.069
  16    289.673
  17    703.214
  18   1357.75
  19   3590.97
  20   5928.05
  21   6595.57
  22   5119.36
  23   2087.92
  24    395.758
  25    874.397
  26   1873.99
  27   4090.36
  28   7211.86
  29   8828.85
  30   6123.02
  31   2389.91
  32    354.166
  33    630.459
  34   1809.07
  35   3925.25
  36   7393.52
  37   8179.51
  38   6630.02
  39   2620.87
  40    221.166
  41    615.781
  42   1412.02
  43   3462.83
  44   6319.68
  45   7379.22
  46   5556.44
  47   2161.25
  48    247.004
  49    399.822
  50    671.095
  51   1167.99
  52   1756.99
  53   1906.99
  54   1583.72
  55    725.309
  56     97.2672
  57    106.29
  58     84.4788
  59    196.428
  60    257
  61    245.534
  62    266.5
  63    149.572
  64     79.1921
  65    224.5
  66    363.501
  67    289.565
  68    352.448
  69    253.25
  70    362.562
  71    301.56
  72    195.667
  73    329.946
  74    807.369
  75   1384.45
  76   1842.44
  77   2019.53
  78   1406.1
  79    840.396
  80    380.12
  81    668.566
  82   2273.01
  83   6432.65
  84   8452.99
  85   8454.28
  86   5350.17
  87   2147.06
  88    451.799
  89   1379.41
  90   3091.95
  91   7171.72
  92  10200.8
  93  10057.1
  94   6047.97
  95   2748.2
  96    488.642
  97   1195.02
  98   3358.68
  99   7101.4
 100  10229.1
 101  10041.1
 102   6763.12
 103   2864.26
 104    411.364
 105    763.606
 106   2249.5
 107   5496
 108   9172.73
 109   9391.83
 110   5712.78
 111   1920.93
 112    205.169
 113    519.6
 114    961.281
 115   1657.81
 116   2320.25
 117   2210.77
 118   1499.7
 119    735.677
 120     71.4043
 121     87.3018
 122    185.514
 123    271.895
 124    313.532
 125    283.671
 126    263.28
 127    214.591
 128    143.773
 129    127.936
 130    216.18
 131    368.363
 132    325.736
 133    244.588
 134    263.089
 135    218.244
 136    212.979
 137    424.589
 138   1245.01
 139   2196.06
 140   2497.39
 141   2383.38
 142   1220.56
 143    779.136
 144    503.391
 145   1407.92
 146   4143.34
 147   9639.18
 148  10595.7
 149   8847.22
 150   4518.27
 151   1721.96
 152    543.542
 153   2249.94
 154   5732.25
 155  11782.5
 156  13962.4
 157  11089
 158   5397.84
 159   2192.45
 160    906.085
 161   1878.76
 162   4971.89
 163  10645.6
 164  13499.9
 165  10784.6
 166   5422.14
 167   2413.89
 168    445.003
 169   1183.55
 170   3606.72
 171   8763.75
 172  10696.9
 173   8938.22
 174   4495.35
 175   1524.87
 176    319.542
 177    590.718
 178   1322.99
 179   2357.62
 180   2316.98
 181   2146.69
 182   1252.72
 183    572.055
 184     79.102
 185    122.886
 186    213.26
 187    199.284
 188    237.145
 189    264.444
 190    181.668
 191    141.625
 192    128.175
 193    197.315
 194    157.27
 195    361.145
 196    334.207
 197    256.989
 198    189.034
 199    146.754
 200    208.201
 201    712.676
 202   1444.55
 203   2606.58
 204   2850.01
 205   2200.54
 206   1039.24
 207    435.508
 208    412.257
 209   1903.65
 210   6446.55
 211  11338.4
 212  12437.4
 213  10163.7
 214   3971.39
 215   1333.67
 216    945.834
 217   2711.46
 218   8602.53
 219  13996
 220  15312.4
 221  11520.8
 222   3852.6
 223   1302.06
 224    985.529
 225   2716.7
 226   8309.06
 227  13225
 228  14654.4
 229  10445.4
 230   3613.13
 231   1410.76
 232    513.176
 233   1820.93
 234   6652.55
 235  11764
 236  12917.3
 237   8307.68
 238   2650.22
 239    907.693
 240    370.904
 241    679.606
 242   1744.34
 243   2434.36
 244   2466.92
 245   1667.75
 246   1023.21
 247    352.131
 248     98.5292
 249    194.412
 250    305.721
 251    203.784
 252    312.602
 253    282.185
 254    186.914
 255    113.517
 256     58.4908
 257    126.138
 258    156.445
 259    171.505
 260    159.09
 261    176.054
 262     94.4741
 263     80.0652
 264    384.556
 265    840.161
 266   1950.02
 267   2785.9
 268   2761
 269   1729.06
 270    721.152
 271    403.816
 272    606.888
 273   2767.14
 274   9477.57
 275  14022.9
 276  13810.3
 277   7745.4
 278   1970.76
 279    678.546
 280    918.937
 281   3682.37
 282  11639.1
 283  15565
 284  15542.6
 285   8226.94
 286   2567.6
 287    758.79
 288    924.865
 289   3769.78
 290  11002
 291  15114.6
 292  15114.8
 293   7692.88
 294   2480.46
 295    696.099
 296    751.026
 297   2410.7
 298   8901.81
 299  13676.5
 300  11944.7
 301   5895.78
 302   1821.15
 303    493.258
 304    349.069
 305    968.527
 306   1772.2
 307   2256.05
 308   1973.88
 309   1034.98
 310    551.43
 311    174.461
 312     69.8574
 313    155.885
 314    128.578
 315    214.853
 316    252.364
 317    151.323
 318     90.539
 319     60.9596
 320     53.7617
 321     50.653
 322    225.894
 323    194.075
 324    124.483
 325     60.9958
 326     88.3653
 327     55.5733
 328    187.395
 329    809.166
 330   1639.16
 331   1818.02
 332   1636.65
 333    821.755
 334    430.045
 335    168.996
 336    645.935
 337   3149.41
 338  10213.7
 339  13479.1
 340  11431.8
 341   4253.1
 342    813.741
 343    257.63
 344    905.813
 345   4494.06
 346  11745.2
 347  13948
 348  12283.5
 349   4374.69
 350   1076.51
 351    320.304
 352    719.047
 353   4557.8
 354  13167.7
 355  15178.1
 356  12652.2
 357   4498.92
 358   1111.27
 359    286.964
 360    740.029
 361   4072.35
 362  10956.4
 363  12060.9
 364   9382.08
 365   2989.22
 366    827.694
 367    417.278
 368    360.491
 369   1107.1
 370   1667.49
 371   2045.34
 372   1311.85
 373    544.505
 374    241.483
 375    221.425
 376     65.4686
 377     57.1317
 378     35.7896
 379    124.447
 380     91.025
 381     97.7775
 382    114.082
 383     60.9243
 384     21.3973
 385     21.6392
 386     48.2822
 387     45.3493
 388     51.1025
 389     31.9933
 390     30.348
 391     19.3812
 392    195.832
 393    573.993
 394   1020.95
 395    895.235
 396    806.495
 397    227.589
 398    101.287
 399     84.8456
 400    455.172
 401   3866.12
 402   8424.99
 403   9469.33
 404   6553.08
 405   1013.2
 406    391.897
 407     64.1439
 408    690.395
 409   4661.64
 410   9079.41
 411   9931.36
 412   6633.22
 413   1355.07
 414    213.953
 415     90.1823
 416    496.136
 417   4685.27
 418   9354.81
 419   9742.62
 420   7426.1
 421   1463.2
 422    334.898
 423    106.243
 424    595.081
 425   4486.54
 426   9261.65
 427   9110.38
 428   5894.51
 429   1302.26
 430    268.415
 431     53.6348
 432     96.4043
 433    511.561
 434   1112.01
 435    993.148
 436    677.533
 437    188.335
 438    141.219
 439     37.0573
 440     24.8309
 441     59.7929
 442     80.6908
 443     82.6465
 444     29.8232
 445     32.1881
 446     33.8858
 447     33.2069
 448     15.9468
 449     16.1804
 450     22.6478
 451     19.3226
 452     15.2963
 453     23.9045
 454     17.6556
 455      7.409
 456     43.8126
 457    174.805
 458    355.697
 459    334.581
 460    116.226
 461     54.3083
 462     20.2135
 463     20.7068
 464    192.975
 465   1959.86
 466   2916.28
 467   2990.77
 468   1333.01
 469    118.364
 470     71.8782
 471     21.4736
 472    241.423
 473   2022.02
 474   3134.76
 475   2893.39
 476   1739.46
 477    208.826
 478     77.5045
 479     23.3868
 480    135.894
 481   2154.04
 482   3118.84
 483   3173.3
 484   1636.81
 485    186.366
 486     54.8866
 487     30.7427
 488    199.137
 489   2209.54
 490   3019.04
 491   2570.9
 492   1240.91
 493    226.021
 494     53.4055
 495     25.7494
 496     50.4301
 497    147.754
 498    187.602
 499    119.163
 500     91.7402
 501     42.9209
 502     34.9073
 503     17.6651
 504      9.1911
 505     41.4094
 506     16.359
 507     16.6917
 508     18.2753
 509     11.7225
 510     15.8433
 511      8.5534
