This file was gnenerated on 2021-06-11 12:10:40.041939 by Grant Finneman. This contains the extracted data from the Gate simulations
The edep for each cube was summed up and printed to this file. The only math operation done has been addition.

  id        edep
   0     89.2306
   1     98.4574
   2    106.993
   3    223.014
   4    286.64
   5    350.855
   6    397.86
   7    332.963
   8    139.573
   9    189.67
  10    238.178
  11    535.756
  12   1039.62
  13   1793.84
  14   1904.01
  15   1332.89
  16    120.901
  17    374.365
  18    457.128
  19   1131.13
  20   2650.43
  21   6369.78
  22   7779.19
  23   5052.11
  24    182.257
  25    369.73
  26    659.634
  27   1319.73
  28   2987.18
  29   7423.2
  30   8970.35
  31   6293.74
  32    275.764
  33    318.644
  34    796.002
  35   1412.28
  36   3117.26
  37   6133.74
  38   8966.99
  39   6340.64
  40    156.565
  41    233.92
  42    615.567
  43   1483.6
  44   2510.4
  45   5184.25
  46   7257.22
  47   4876.17
  48     59.3432
  49    224.527
  50    295.543
  51    523.416
  52   1048.43
  53   1462.5
  54   1920.73
  55   1191.09
  56     35.0666
  57     78.0598
  58     99.0158
  59    158.15
  60    304.551
  61    264.402
  62    426.921
  63    214.765
  64     69.2344
  65    104.053
  66    130.927
  67    304.509
  68    414.061
  69    346.379
  70    253.76
  71    336.037
  72    145.424
  73    265.944
  74    441.944
  75    933.109
  76   1888.28
  77   2861.59
  78   2317.89
  79   1509.41
  80    270.095
  81    536.207
  82   1129.11
  83   2496.28
  84   5976.86
  85  11182.3
  86   8955.32
  87   4034.79
  88    335.08
  89    543.98
  90   1223.9
  91   2859.46
  92   7257.05
  93  12061.4
  94  10619.9
  95   5293.74
  96    309.919
  97    658.016
  98   1346.89
  99   2767.27
 100   6981.41
 101  11513.8
 102  10263.1
 103   5276.91
 104    233.212
 105    348.381
 106   1006.2
 107   2607.86
 108   6277.17
 109   8922.35
 110   7951.65
 111   3712.27
 112     66.7726
 113    241.284
 114    521.853
 115    957.753
 116   1421.95
 117   2144.81
 118   1888.45
 119   1301.51
 120     67.1497
 121     90.449
 122    149.439
 123    229.963
 124    290.779
 125    338.226
 126    320.306
 127    219.903
 128     44.9366
 129    112.348
 130    171.869
 131    119.359
 132    289.886
 133    391.604
 134    346.57
 135    273.069
 136    125.439
 137    479.96
 138   1019.78
 139   1601.74
 140   2590.45
 141   3141.15
 142   1824.51
 143    732.409
 144    381.181
 145    611.436
 146   2170.25
 147   5538.71
 148  11998.6
 149  12881
 150   6739.23
 151   2441.77
 152    354.58
 153    885.689
 154   2453.43
 155   6695.13
 156  13404.3
 157  14696.6
 158   7726.16
 159   3062.86
 160    414.302
 161    826.391
 162   2653.61
 163   6905.28
 164  13359.8
 165  14209.3
 166   8138.51
 167   3279.6
 168    337.495
 169    657.367
 170   2174.67
 171   5509.99
 172  11720.7
 173  12188.9
 174   6560.69
 175   2333.88
 176    188.01
 177    366.773
 178    711.375
 179   1529.1
 180   2209.25
 181   2760.36
 182   2188.2
 183    843.132
 184     67.4382
 185     96.135
 186    152.846
 187    276.963
 188    399.742
 189    271.235
 190    310.203
 191    188.466
 192     60.636
 193    125.043
 194    159.058
 195    251.553
 196    358.266
 197    252.48
 198    160.96
 199    113.033
 200    193.897
 201    535.89
 202   1402.65
 203   2154.32
 204   2867.53
 205   2364.89
 206   1274.76
 207    446.952
 208    509.166
 209   1374.35
 210   4730.23
 211  12452.9
 212  16355.9
 213  10403.4
 214   3537.84
 215   1157.13
 216    571.835
 217   1735.7
 218   4978.62
 219  14029.8
 220  18261.4
 221  11139.9
 222   3925.78
 223   1345.65
 224    614.528
 225   1711.25
 226   5665.8
 227  14442.1
 228  17762.7
 229  11435.7
 230   4289.09
 231   1519.57
 232    380.561
 233   1447.72
 234   3821.63
 235  11368.5
 236  15391.1
 237   9837.8
 238   4008.26
 239   1401.49
 240    231.601
 241    527.462
 242   1201.84
 243   2394.94
 244   2606.31
 245   2324.41
 246   1058.76
 247    551.102
 248     70.0498
 249    109.596
 250    186.329
 251    278.817
 252    353.041
 253    306.02
 254    268.948
 255    120.31
 256    102.896
 257    211.876
 258    143.638
 259    231.243
 260    183.802
 261    130.189
 262    128.928
 263     99.3467
 264    274.993
 265    729.898
 266   2076.94
 267   2883.29
 268   2645.22
 269   1336.84
 270    451.735
 271    179.315
 272    698.373
 273   3039.25
 274  11200.6
 275  17919.1
 276  13370.7
 277   5025.91
 278   1571.16
 279    404.769
 280   1139.31
 281   3409.82
 282  12525.1
 283  20986.4
 284  15225.7
 285   5519.6
 286   1641.58
 287    629.701
 288    814.67
 289   3614.15
 290  13048.6
 291  21279.7
 292  15958.3
 293   5856.72
 294   1834.11
 295    728.384
 296    689.707
 297   2602.27
 298   9865.48
 299  16194.2
 300  14250.2
 301   5030.43
 302   1425.47
 303    492.141
 304    301.931
 305    942.349
 306   2036.35
 307   2696.93
 308   2551.32
 309   1373.04
 310    506.76
 311    218.169
 312     52.8925
 313     72.9699
 314    186.287
 315     98.8899
 316    166.996
 317    142.098
 318     88.2902
 319     38.7778
 320     54.4215
 321     68.4136
 322     63.5003
 323    201.114
 324    147.542
 325     55.4909
 326     61.6077
 327     40.7065
 328    376.035
 329   1310.92
 330   2379.92
 331   2404.73
 332   1362.15
 333    512.259
 334    207.882
 335    129.346
 336   1406.7
 337   7731.88
 338  17015.9
 339  16269.2
 340   6068.73
 341   1447.11
 342    503.993
 343    188.501
 344   1563.74
 345   8650.7
 346  18671.9
 347  18006.9
 348   6783.31
 349   1778.38
 350    499.413
 351    227.728
 352   1297.15
 353   7875.61
 354  19657.2
 355  17356
 356   6441.99
 357   1434.52
 358    486.154
 359    209.631
 360   1257.09
 361   6988.5
 362  15798.8
 363  14643.3
 364   6002.91
 365   1452.11
 366    405.707
 367    158.909
 368    316.508
 369   1291.96
 370   2153.13
 371   2083.8
 372   1204.7
 373    358.056
 374    159.668
 375     82.3883
 376     64.7414
 377     85.3952
 378    157.828
 379     70.1131
 380     76.4244
 381     46.4506
 382     55.167
 383     69.1093
 384     26.8737
 385     20.4057
 386     51.6452
 387     56.3771
 388     34.7001
 389     32.5975
 390     48.2554
 391     21.4112
 392    353.182
 393   1154.13
 394   1405.75
 395    556.458
 396    317.598
 397    193.028
 398     40.1762
 399     44.7946
 400   2885.72
 401  10781.3
 402  12500.4
 403   5499.86
 404   1046.78
 405    330.945
 406    118.405
 407     64.669
 408   3094.7
 409  11903.2
 410  13318.1
 411   6275.66
 412   1347.88
 413    323.734
 414    131.889
 415     99.6654
 416   2935.73
 417  11552.4
 418  14083.5
 419   6005.56
 420   1273.74
 421    529.28
 422    155.252
 423    119.8
 424   2196.8
 425   9578.32
 426  11494.3
 427   5313.28
 428    873.505
 429    279.868
 430    218.217
 431     43.1862
 432    324.69
 433    936.367
 434   1361.55
 435    567.106
 436    187.936
 437    130.876
 438     53.7212
 439     26.613
 440     27.0877
 441     37.8943
 442     88.8439
 443     70.6263
 444     83.2145
 445     51.1977
 446     19.4227
 447     17.8332
 448     11.9574
 449     20.5812
 450     18.5984
 451     55.5248
 452     35.7315
 453     31.297
 454     20.6474
 455     11.459
 456    200.624
 457    348.192
 458    259.249
 459    104.964
 460     42.0401
 461     38.9747
 462     21.5598
 463      7.347
 464   2723.68
 465   4828.85
 466   3005.97
 467    437.427
 468    128.184
 469     45.7474
 470     38.6215
 471     21.1343
 472   3141.31
 473   4828.96
 474   2589.91
 475    441.576
 476    135.986
 477     67.4591
 478     33.8741
 479     29.6968
 480   2909.32
 481   4895.35
 482   3337.72
 483    508.369
 484    156.573
 485     84.1738
 486     67.8954
 487     41.8451
 488   2391.47
 489   4608.49
 490   2924.89
 491    474.333
 492    100.027
 493     33.2832
 494     27.4073
 495     13.773
 496    160.028
 497    245.551
 498    221.796
 499     88.0793
 500     34.7155
 501     23.6121
 502     25.5815
 503     17.7973
 504      8.6558
 505     19.1601
 506     40.3252
 507     20.8626
 508     16.0595
 509     14.6329
 510      9.436
 511     10.4514
