This file was gnenerated on 2021-06-11 12:30:22.774605 by Grant Finneman. This contains the extracted data from the Gate simulations
The edep for each cube was summed up and printed to this file. The only math operation done has been addition.

  id       edep
   0     6.1319
   1    13.4976
   2    20.5059
   3    11.7004
   4     7.8114
   5    12.3604
   6     4.4212
   7     8.0145
   8   120.006
   9   361.521
  10   277.203
  11   185.475
  12   236.093
  13   250.428
  14   168.511
  15   240.338
  16   368.301
  17   962.181
  18   906.978
  19   718.516
  20  1039.83
  21  1297.78
  22  1176.99
  23   547.772
  24   242.094
  25  1008.87
  26  1154.4
  27  1198.14
  28  1022.97
  29  1050.32
  30   872.095
  31   645.943
  32   356.32
  33  1040.45
  34   937.799
  35   965.593
  36  1026.15
  37   936.485
  38   826.642
  39   628.784
  40   283.02
  41   748.037
  42   775.637
  43  1009.96
  44   958.525
  45   723.92
  46   610.872
  47   455.035
  48    40.0171
  49   377.86
  50   290.254
  51   336.938
  52   258.94
  53   211.27
  54   255.35
  55    87.6687
  56     8.3817
  57     8.8918
  58     9.5423
  59    11.4466
  60    21.1429
  61    10.7446
  62    10.1152
  63     6.1188
  64    28.9045
  65    23.1904
  66    37.3755
  67    31.166
  68    29.4649
  69    54.4499
  70    43.9757
  71    21.2073
  72   633.723
  73   837.53
  74   769.023
  75   791.855
  76   978.231
  77   805.621
  78   645.571
  79   468.272
  80  1899.85
  81  2894.27
  82  2904.89
  83  2937.56
  84  3321.19
  85  2746.28
  86  2025.89
  87  1327.98
  88  2018.99
  89  3474.23
  90  3634.87
  91  2911.55
  92  3150.46
  93  2937.06
  94  2674.38
  95  1456.08
  96  1897.82
  97  3113.16
  98  2973.03
  99  3122.86
 100  3047.19
 101  2684.92
 102  2290.23
 103  1384.61
 104  1580.67
 105  2621.23
 106  2555.55
 107  2827.98
 108  2499.53
 109  2367.13
 110  2052.75
 111  1351.3
 112   453.247
 113   842.991
 114   709.659
 115   902.818
 116   833.983
 117   705.01
 118   692.337
 119   404.811
 120    19.2469
 121    64.5733
 122    42.0656
 123    47.618
 124    67.3508
 125    22.8988
 126    15.262
 127    11.739
 128    46.4531
 129    34.4584
 130    74.8427
 131    76.2185
 132    98.9013
 133   121.214
 134    38.8083
 135    40.8874
 136   818.848
 137  1259.32
 138  1511.07
 139  1323.99
 140  1078.65
 141  1311.36
 142  1089.34
 143   652.935
 144  3499.46
 145  4032.41
 146  4379.37
 147  4387.8
 148  4032.89
 149  3827.27
 150  3015.76
 151  1620.59
 152  3969.46
 153  4705.53
 154  5092.87
 155  4606.72
 156  4361.02
 157  4124.23
 158  3661.05
 159  1468.85
 160  3593.84
 161  4858.86
 162  4918.16
 163  4666.23
 164  4752.04
 165  3953.26
 166  2943.64
 167  1565.13
 168  3112.97
 169  3706.34
 170  3922.12
 171  4244.37
 172  4142.27
 173  3434.26
 174  3104.25
 175  1668.47
 176   931.549
 177  1197.58
 178  1375.47
 179  1440.76
 180  1326.16
 181  1142.04
 182   953.626
 183   390.649
 184    95.1611
 185   160.899
 186    63.4584
 187    70.0285
 188    99.8791
 189    49.3087
 190    58.3836
 191    15.2037
 192    74.3002
 193    67.1841
 194   133.441
 195   136.209
 196   148.764
 197   105.061
 198    74.3518
 199    24.4878
 200  1353.34
 201  1480.64
 202  1619.09
 203  2002.26
 204  1827.37
 205  1592.56
 206  1126
 207   574.691
 208  4073.86
 209  4697.46
 210  4412.28
 211  4654.14
 212  4545.79
 213  4483.87
 214  2985.59
 215  1618.96
 216  4637.02
 217  5230.48
 218  5349.26
 219  5426.41
 220  5152.07
 221  5191.08
 222  3206.36
 223  1485.09
 224  4434.19
 225  4708.41
 226  4429.12
 227  4490.68
 228  4776.96
 229  4534.05
 230  4090.54
 231  1872.71
 232  3551.15
 233  4110.61
 234  4184.63
 235  4158.99
 236  3969.69
 237  4438.62
 238  3507.25
 239  1582.46
 240  1361.1
 241  1225.68
 242  1209.85
 243  1496.05
 244  1349.81
 245  1463.84
 246   932.043
 247   406.631
 248    91.1423
 249    96.0044
 250   153.516
 251   165.391
 252   143.649
 253    81.1904
 254    63.6274
 255    28.5749
 256   122.689
 257   171.243
 258   216.469
 259   189.193
 260   186.438
 261   167.529
 262    83.0843
 263    36.3092
 264  1272.06
 265  1483.75
 266  1650.83
 267  1835.08
 268  1967.07
 269  1504.99
 270  1230.9
 271   484.22
 272  3960.45
 273  4369.85
 274  4378.78
 275  5094.7
 276  4487.33
 277  4351.93
 278  3330.89
 279  1583.55
 280  3804.05
 281  3940.81
 282  5183.42
 283  4953.51
 284  4642.59
 285  4314.3
 286  3539.6
 287  1878.56
 288  3815.04
 289  4304.87
 290  4662
 291  4358.7
 292  4819.25
 293  4816.44
 294  4065.31
 295  1864.33
 296  3148.07
 297  3698.97
 298  4091.49
 299  4163.15
 300  4509.92
 301  4759.91
 302  3712
 303  1631.17
 304  1202.34
 305  1469.18
 306  1194.43
 307  1517.57
 308  1465.76
 309  1501.45
 310  1395.48
 311   617.473
 312   142.623
 313   101.696
 314   181.735
 315   136.03
 316   166.271
 317   154.551
 318   120.394
 319    37.5717
 320   224.609
 321   216.58
 322   183.123
 323   273.938
 324   222.571
 325   153.146
 326    82.1864
 327    30.6166
 328  1508.25
 329  1518.99
 330  1520.96
 331  1985.18
 332  1820.92
 333  1479.82
 334  1221.4
 335   517.929
 336  3304.71
 337  3704.88
 338  4270.03
 339  4031.07
 340  4508.67
 341  4815.8
 342  3750.65
 343  1802.98
 344  3168.53
 345  4372.5
 346  4313.15
 347  4238.01
 348  4671.02
 349  4403.73
 350  4203.68
 351  1942.56
 352  3290.44
 353  3631.13
 354  4509.61
 355  4201.47
 356  4848
 357  5179.76
 358  3795.82
 359  1704.35
 360  2990.36
 361  3049.91
 362  3369.31
 363  3662.35
 364  4688.02
 365  4496.95
 366  3768.49
 367  1802.28
 368  1098.59
 369  1522.71
 370  1560.93
 371  1449.32
 372  1452.64
 373  1409.05
 374  1670.34
 375   632.212
 376   133.335
 377   125.078
 378   189.742
 379   195.566
 380   136.914
 381    69.0115
 382    88.5621
 383    54.1437
 384   245.883
 385   283.391
 386   242.685
 387   158.092
 388   218.849
 389   240.588
 390   145.811
 391    81.6943
 392  1126.07
 393  1369.49
 394  1319.08
 395  1260.82
 396  1887.52
 397  1811.06
 398  1293.52
 399   651.523
 400  2731.66
 401  3141.37
 402  3478.55
 403  3496.65
 404  4311.29
 405  4720.84
 406  3703.04
 407  1629.11
 408  2696.83
 409  3361.36
 410  3891.33
 411  3890.12
 412  4200.74
 413  4827.4
 414  3883.24
 415  1420.76
 416  2618.89
 417  3315.9
 418  4505.03
 419  4542.79
 420  5035.33
 421  5052.5
 422  3612.31
 423  1532.48
 424  2516.65
 425  2700.57
 426  2810.53
 427  3576.07
 428  4285.49
 429  4332.13
 430  3748.98
 431  1601.06
 432   993.695
 433  1434.89
 434  1152.73
 435  1632.19
 436  1819.49
 437  1469.92
 438  1034.16
 439   551.881
 440   113.822
 441   148.137
 442   124.976
 443   218.711
 444   204.519
 445   150.758
 446    83.1595
 447    55.2213
 448   228.277
 449   221.367
 450   120.612
 451   285.792
 452   252.714
 453   179.551
 454   111.044
 455    70.5603
 456  1022.64
 457  1074.97
 458   859.894
 459  1071.1
 460  1290.03
 461  1513.43
 462  1176.04
 463   504.213
 464  2262.33
 465  2274.61
 466  2593.62
 467  3277.49
 468  3731.16
 469  3677.76
 470  2626.42
 471   682.863
 472  2301.5
 473  2747.49
 474  3335.08
 475  3547.64
 476  3812.57
 477  3842.24
 478  3112.83
 479   927.088
 480  2198.11
 481  3002.24
 482  3366.96
 483  3648.41
 484  4338.87
 485  4503.35
 486  2940.84
 487   714.162
 488  1712.62
 489  2432.83
 490  2519.56
 491  3432.26
 492  3972.18
 493  4138.06
 494  3308.29
 495   676.386
 496   746.208
 497   906.718
 498  1098.5
 499  1378.8
 500  1447.63
 501  1214.45
 502  1275.55
 503   447.149
 504   123.949
 505   137.028
 506   124.563
 507   138.526
 508   177.031
 509    94.6832
 510   107.416
 511    25.089
