This file was gnenerated on 2021-06-11 12:19:55.652165 by Grant Finneman. This contains the extracted data from the Gate simulations
The edep for each cube was summed up and printed to this file. The only math operation done has been addition.

  id        edep
   0      2.7412
   1      4.636
   2      2.5834
   3      3.4458
   4      4.6993
   5     33.3675
   6     41.7038
   7     14.8516
   8      4.4321
   9      8.1282
  10     10.8455
  11     11.1777
  12      5.8958
  13     11.7085
  14     13.8507
  15     72.5476
  16      8.9103
  17     34.933
  18     15.0067
  19     22.4003
  20     14.0718
  21     50.1016
  22     61.5454
  23     22.8611
  24     10.2795
  25     14.4356
  26     11.5293
  27     17.542
  28     19.2172
  29     19.2828
  30     34.6972
  31     43.3076
  32      8.6562
  33      7.4831
  34     12.9537
  35     63.6667
  36     17.7086
  37     28.4794
  38     26.8955
  39     39.4954
  40      4.2402
  41      6.9027
  42     14.8753
  43     19.3983
  44     18.2925
  45     12.2317
  46     19.6103
  47     57.22
  48      2.6667
  49      4.6829
  50      8.5009
  51      5.0572
  52      7.3737
  53     21.2256
  54     24.2526
  55     28.0635
  56      2.2802
  57      2.8459
  58      7.5351
  59      5.3248
  60      5.5078
  61     22.8985
  62     18.2624
  63     20.2398
  64      6.4227
  65      8.0212
  66      8.9613
  67     13.5445
  68     11.4408
  69     24.8362
  70     37.4951
  71     32.5706
  72      7.5919
  73     13.3778
  74     15.6508
  75     18.9053
  76     55.0451
  77     84.4586
  78    138.356
  79     62.4264
  80     11.0307
  81     29.6076
  82     25.2532
  83     41.2552
  84     92.7406
  85     98.6065
  86    135.51
  87    160.274
  88     30.4089
  89     23.6504
  90     29.005
  91     65.7839
  92     64.058
  93     94.8594
  94    167.285
  95    128.873
  96      9.6013
  97     27.7967
  98     26.7942
  99     50.9363
 100     50.6666
 101     61.1038
 102     87.9922
 103    225.342
 104     14.6312
 105     20.1731
 106     18.8681
 107     64.6575
 108     57.7705
 109     98.817
 110    147.566
 111    180.292
 112     13.3806
 113     11.4854
 114     28.8061
 115     36.8498
 116     84.0554
 117    103.723
 118     72.6369
 119     65.3598
 120      4.3646
 121      7.536
 122     10.7575
 123     11.0984
 124     13.7474
 125     24.8063
 126     24.559
 127     30.9345
 128     16.6173
 129     35.9848
 130     27.9136
 131     35.0251
 132     60.3337
 133     84.0524
 134     70.057
 135     84.4205
 136     16.2929
 137     26.0736
 138     75.5373
 139    165.273
 140    245.25
 141    358.888
 142    585.266
 143    761.904
 144     20.943
 145     93.1106
 146    114.025
 147    429.378
 148    447.693
 149    615.33
 150   1239.06
 151   1309.35
 152     48.798
 153    137.049
 154    210.395
 155    271.359
 156    445.9
 157    755.883
 158   1396.15
 159   1508.7
 160     33.8322
 161     72.8486
 162     99.5413
 163    249.817
 164    456.022
 165   1001.15
 166   1086.98
 167   1588.89
 168     22.524
 169     71.7655
 170    201.434
 171    239.952
 172    367.454
 173    518.554
 174    897.228
 175   1293.37
 176     14.3745
 177     30.4752
 178     47.2384
 179    123.441
 180    158.181
 181    279.673
 182    301.009
 183    394.447
 184     44.1797
 185      9.8804
 186     11.5146
 187     46.6861
 188     56.4418
 189     33.6868
 190    128.059
 191     61.8168
 192     36.1088
 193     31.6674
 194     40.8547
 195     95.9328
 196     91.664
 197    111.244
 198    228.58
 199    238.948
 200    111.684
 201    490.513
 202   1130.53
 203   2422.91
 204   3589.18
 205   4572.9
 206   5485.24
 207   5523.44
 208    137.032
 209   1309.49
 210   3973.8
 211   7632.9
 212  11015.2
 213  14458.3
 214  16585.6
 215  16079.2
 216    192.379
 217   1534.91
 218   4123.06
 219   8019.55
 220  11746.6
 221  15283
 222  16505.8
 223  17059.2
 224    200.653
 225   1602.28
 226   4236.71
 227   7399.61
 228  11992.1
 229  15438.4
 230  16480.3
 231  16346.6
 232    210.055
 233   1270.18
 234   3675.7
 235   7293.92
 236  10679.3
 237  13195
 238  16068.1
 239  15321.1
 240     46.1695
 241    423.887
 242   1285.48
 243   2218.32
 244   3689.81
 245   4398.35
 246   4960.87
 247   4796.14
 248     13.2501
 249     43.3487
 250     38.8068
 251     64.2258
 252    168.095
 253     86.5787
 254    175.907
 255    186.558
 256     26.5908
 257     28.6055
 258     56.2648
 259     48.2729
 260    137.797
 261    202.695
 262    134.276
 263    223.37
 264    530.205
 265   1589.39
 266   2471.8
 267   3225.21
 268   3069.17
 269   3051.45
 270   2297.38
 271   1633.86
 272   2010.72
 273   5329.88
 274   7782.6
 275   8986.8
 276   8675.37
 277   8004.97
 278   6591.93
 279   4874.37
 280   2265.84
 281   5530.07
 282   7883.78
 283   9471.98
 284   9855.34
 285   8658.82
 286   6759.76
 287   4832.65
 288   2019.51
 289   5236.89
 290   7948.16
 291   8776.39
 292   9482.82
 293   8726.06
 294   6552.61
 295   4551.11
 296   1912.93
 297   5312.59
 298   7442.08
 299   8519.5
 300   8566.49
 301   7327.71
 302   5934.19
 303   4186.33
 304    571.907
 305   1644.85
 306   2336.13
 307   2732.7
 308   2568.4
 309   2365.71
 310   2125.67
 311   1634.34
 312     15.751
 313     23.0357
 314     27.0873
 315     53.3383
 316    175.469
 317    160.312
 318    152.539
 319    332.514
 320     11.2526
 321     11.2987
 322     13.6827
 323     28.8877
 324     46.1609
 325     28.7748
 326     65.2748
 327     23.6664
 328     12.5681
 329     36.8936
 330     65.2877
 331    127.854
 332    216.194
 333    214.609
 334    119.151
 335    167.754
 336     31.3169
 337     90.9128
 338    116.162
 339    254.234
 340    211.352
 341    214.627
 342    306.771
 343    244.88
 344     39.6949
 345    105.813
 346    172.664
 347    226.898
 348    247.136
 349    310.833
 350    336.442
 351    390.374
 352     35.8855
 353     70.2743
 354    125.458
 355    231.509
 356    190.54
 357    357.725
 358    415.153
 359    324.688
 360     18.4136
 361     34.9209
 362     90.11
 363    124.361
 364    244.318
 365    325.982
 366    273.899
 367    238.046
 368     74.1885
 369     66.5557
 370     49.2032
 371     42.6382
 372    157.635
 373    130.832
 374   3906.49
 375    133.725
 376      2.8084
 377      8.3875
 378     20.1836
 379      7.6213
 380     19.076
 381     35.1491
 382     72.5697
 383     57.5716
 384      3.2166
 385     14.9536
 386     17.82
 387     14.699
 388     12.5709
 389      9.711
 390     23.0052
 391      8.884
 392      8.7409
 393     16.9768
 394     21.5194
 395     22.6771
 396     20.7258
 397     26.8592
 398     19.179
 399     18.6672
 400     25.1834
 401     22.9292
 402     23.5366
 403     21.5694
 404     29.0325
 405     32.6794
 406     32.4679
 407     41.9893
 408     15.6818
 409     16.9492
 410     17.9843
 411     43.2802
 412     52.489
 413     39.18
 414     33.5838
 415     58.1196
 416     19.0187
 417     27.0888
 418     18.8029
 419     24.8019
 420     41.2746
 421     41.1315
 422     74.1177
 423     40.4813
 424     17.6746
 425     53.1221
 426     23.1781
 427     21.5259
 428     30.9822
 429     31.7357
 430     46.1067
 431     54.0426
 432     35.9598
 433     10.1381
 434     19.2589
 435     10.9106
 436     19.0246
 437     30.3027
 438     17.7
 439     29.4392
 440     14.232
 441      3.9744
 442      8.1772
 443      8.0279
 444     16.0976
 445     10.8743
 446     10.039
 447     10.5549
 448      4.7604
 449      5.2442
 450     43.6158
 451     27.2094
 452      6.214
 453      5.6149
 454      8.4724
 455     17.1435
 456      2.5202
 457      2.3876
 458      9.1312
 459      8.6723
 460      2.4126
 461      7.335
 462      4.6803
 463     18.3239
 464      5.938
 465     18.1134
 466      7.9776
 467     11.0521
 468     10.495
 469     10.2254
 470     10.6658
 471     17.142
 472     10.4904
 473      7.7735
 474     15.4008
 475     17.7122
 476     17.411
 477     17.9756
 478     41.2178
 479      8.547
 480     10.5519
 481     10.0773
 482     10.3143
 483     11.7711
 484      8.9925
 485     11.1151
 486     11.3861
 487     15.9962
 488      2.3268
 489     16.3021
 490      4.417
 491      7.744
 492      5.3897
 493      9.8006
 494      9.0745
 495     13.3103
 496      3.6408
 497      3.0216
 498      6.508
 499      6.042
 500      8.7746
 501      5.2883
 502      6.1365
 503      8.3165
 504      3.6986
 505      4.3218
 506      6.0693
 507      6.6437
 508      3.0077
 509      8.5065
 510      2.9281
 511      4.8338
