This file was gnenerated on 2021-06-11 12:38:25.395038 by Grant Finneman. This contains the extracted data from the Gate simulations
The edep for each cube was summed up and printed to this file. The only math operation done has been addition.

  id       edep
   0     7.5026
   1     4.8644
   2     4.3961
   3     8.8275
   4    12.9767
   5    17.7803
   6    11.7863
   7    35.3069
   8    68.814
   9    99.7339
  10    52.8629
  11    79.3201
  12    92.3833
  13    31.3784
  14    15.795
  15    13.4834
  16   158.725
  17   217.507
  18   130.076
  19   106.695
  20    38.0759
  21    61.5223
  22    69.2557
  23    18.7929
  24   179.545
  25   145.952
  26    90.8141
  27   129.445
  28    46.2303
  29    35.1737
  30    35.8706
  31    35.9906
  32    87.4087
  33    93.9343
  34    60.5568
  35    66.0208
  36    55.0814
  37   116.714
  38    33.7232
  39    20.3954
  40   122.701
  41    84.6511
  42    71.3951
  43    62.6487
  44   109.612
  45    96.0173
  46    43.3426
  47    35.4598
  48    30.1741
  49    25.4396
  50    43.2325
  51    39.9139
  52    16.6055
  53    19.2636
  54    38.9051
  55    37.0172
  56     2.4459
  57     7.8615
  58     3.1286
  59     8.2301
  60     2.8359
  61     7.5575
  62    10.4862
  63    10.6105
  64     8.8224
  65    38.7763
  66    25.4551
  67    60.25
  68    62.2904
  69    69.7058
  70    30.8719
  71    11.1514
  72   355.632
  73   787.7
  74  1148.38
  75  1120.11
  76   526.654
  77   332.396
  78    93.834
  79    96.488
  80   747.535
  81  1772.27
  82  2178.55
  83  2060.68
  84  1417.62
  85   620.515
  86   271.085
  87   171.398
  88   661.933
  89  1450.99
  90  1740.82
  91  1667.81
  92  1044.12
  93   762.797
  94   413.769
  95   179.053
  96   556.84
  97  1535.61
  98  1783.39
  99  1613.52
 100  1142.18
 101   782.118
 102   311.942
 103   268.395
 104   520.23
 105  1257.93
 106  1681.51
 107  1768.48
 108  1044.8
 109   442.362
 110   354.02
 111   287.479
 112   234.971
 113   632.204
 114  1074.06
 115   986.294
 116   530.137
 117   296.799
 118   160.544
 119   185.894
 120     5.5072
 121     9.445
 122    11.9899
 123    25.0411
 124    25.0046
 125    68.5365
 126    75.4846
 127    25.4493
 128    14.3401
 129    57.79
 130    47.2786
 131   108.083
 132   156.881
 133   163.676
 134   239.053
 135   163.712
 136   262.426
 137   933.12
 138  1363.59
 139  1944.23
 140  2443.69
 141  2173.14
 142  1648.62
 143   898.417
 144   726.139
 145  2086.81
 146  3176.23
 147  4135.52
 148  4533.12
 149  4413.28
 150  3318.34
 151  1828.12
 152   836.651
 153  1922.85
 154  3320.62
 155  4458.59
 156  4713.51
 157  4397.36
 158  3042.46
 159  2185.35
 160   763.439
 161  2104.99
 162  3160.05
 163  4198.54
 164  4650.31
 165  4643.42
 166  3385.3
 167  1959.97
 168   730.218
 169  1854.68
 170  3060.48
 171  4068.22
 172  4530.03
 173  3984.08
 174  2993
 175  1924.68
 176   308.157
 177   875.858
 178  1574.73
 179  1799.16
 180  1677.91
 181  1872.08
 182  1501.72
 183  1105
 184    13.8741
 185    26.153
 186    49.6139
 187    58.5319
 188   127.762
 189    76.7828
 190   105.414
 191    88.1679
 192     8.772
 193    23.5798
 194    40.6025
 195   155.724
 196   128.899
 197   145.202
 198   174.263
 199   330.293
 200   261.828
 201   870.138
 202  1362.32
 203  1950.13
 204  2369.29
 205  2527.92
 206  2455.63
 207  2242.54
 208   794.663
 209  2182.59
 210  3582
 211  4239.71
 212  4896.74
 213  5244.4
 214  5171.26
 215  4743.45
 216   762.387
 217  2092.84
 218  3413.98
 219  4765.8
 220  5496.5
 221  5798.88
 222  5343.66
 223  4686.42
 224   856.824
 225  2005.23
 226  3287.79
 227  4497.67
 228  5727.03
 229  6036.88
 230  6029.95
 231  4628.69
 232   829.824
 233  2340.36
 234  3409.59
 235  4697.96
 236  5131.99
 237  5490.74
 238  5978.69
 239  4890.74
 240   394.547
 241  1002.22
 242  1658.51
 243  2161.33
 244  2654.53
 245  2750.4
 246  2916.16
 247  2667.2
 248    31.9485
 249    49.2012
 250    47.3113
 251    86.713
 252   136.21
 253   165.765
 254   220.99
 255   200.307
 256    15.3991
 257    41.5672
 258    36.5006
 259    99.4429
 260   159.14
 261   271.153
 262   299.659
 263   353.395
 264   337.816
 265   932.637
 266  1499.5
 267  1747.6
 268  2424.74
 269  2607.53
 270  3058.97
 271  2767.84
 272   841.606
 273  1976.81
 274  3189.97
 275  4313.84
 276  5347.53
 277  5500.07
 278  5506.16
 279  5099.35
 280   613.565
 281  1801.55
 282  3110.42
 283  4355.37
 284  5389.2
 285  5370.36
 286  5579.07
 287  4500.08
 288   620.501
 289  2155.77
 290  3478.51
 291  5005.19
 292  5476.23
 293  5743.94
 294  5572.87
 295  4651.78
 296   691.834
 297  2044.84
 298  3363.45
 299  4522.51
 300  5173.53
 301  5389.67
 302  5338.08
 303  4556.23
 304   431.092
 305  1174.4
 306  2094.31
 307  2514.2
 308  2738.24
 309  2760.85
 310  3430.21
 311  2710.07
 312    39.9023
 313    27.161
 314    69.9799
 315   176.858
 316   184.784
 317   167.564
 318   374.862
 319   201.932
 320     8.3162
 321    25.1402
 322    34.9237
 323   110.127
 324   159.288
 325   186.834
 326   232.459
 327   220.824
 328   179.984
 329   742.434
 330  1506.24
 331  2219.8
 332  2544.01
 333  2547.9
 334  2734.36
 335  2293.95
 336   254.567
 337  1046.54
 338  2202.51
 339  3768.03
 340  4870.74
 341  5587.58
 342  5256.72
 343  5037.32
 344   398.048
 345  1509.72
 346  3237.42
 347  4567.51
 348  5233.83
 349  5213.23
 350  5531.1
 351  4792.65
 352   292.861
 353  1166.56
 354  2591.73
 355  4059.99
 356  5027.23
 357  5601.21
 358  6188.87
 359  5344.09
 360   331.314
 361  1412.17
 362  2553.65
 363  4164.56
 364  5056.26
 365  6058.69
 366  6343.36
 367  4873.84
 368   128.267
 369   684.988
 370  1524.45
 371  2066.53
 372  2544.7
 373  3150.99
 374  3350.51
 375  2811.44
 376    63.0596
 377    54.6518
 378    68.4054
 379    55.3718
 380   148.11
 381   275.661
 382   329.149
 383   302.231
 384     9.6983
 385    16.6189
 386    34.5546
 387    85.7337
 388    85.5651
 389    96.4536
 390   225.63
 391   233.269
 392    22.6753
 393    49.9767
 394   197.014
 395   745.377
 396  1558.7
 397  1843.05
 398  2750.2
 399  2598.15
 400    27.6221
 401   143.489
 402   411.333
 403  1152.26
 404  2635.99
 405  3967.97
 406  4470.48
 407  4326.8
 408    28.6669
 409   128.459
 410   414.013
 411  1119.55
 412  2536.69
 413  4100.91
 414  5224.12
 415  4910.74
 416    29.166
 417   167.737
 418   293.012
 419  1228.86
 420  2441.57
 421  3929.59
 422  5422.76
 423  4961.02
 424    51.6017
 425   162.478
 426   363.885
 427  1389.37
 428  2631.3
 429  4351.15
 430  5789.59
 431  4970.85
 432    11.6384
 433    89.5911
 434   157.832
 435   532.48
 436  1245.16
 437  1840.16
 438  3071.51
 439  2615.94
 440    13.8536
 441    15.2871
 442    29.5929
 443    43.4751
 444   182.305
 445   221.387
 446   360.894
 447   311.11
 448     5.0482
 449    10.0812
 450    20.7071
 451    17.4526
 452    17.8011
 453    36.6822
 454   130.878
 455   109.529
 456    14.9776
 457    16.5282
 458    70.1836
 459    56.5207
 460   185.216
 461   329.233
 462   702.75
 463  1186.91
 464    13.4458
 465    24.9769
 466   111.015
 467    97.7865
 468   310.593
 469   812.824
 470  1052.97
 471  1685.96
 472    20.8791
 473    19.7822
 474    40.7493
 475   155.583
 476   321.934
 477   585.339
 478  1203.55
 479  1702.96
 480    49.2169
 481    25.5556
 482   117.846
 483   118.781
 484   291.39
 485   523.211
 486   989.382
 487  1679.76
 488    45.6592
 489    22.5226
 490    90.0264
 491   117.926
 492   297.343
 493   719.588
 494  1363.77
 495  2148.51
 496     9.1571
 497    18.51
 498    20.6186
 499    53.2566
 500   176.609
 501   256.373
 502   830.829
 503  1132.29
 504     5.4426
 505     9.7175
 506    13.4078
 507    14.8435
 508    26.4783
 509    74.7952
 510   140.543
 511   107.874
