This file was gnenerated on 2021-02-07 01:50:54.035636 by Grant Finneman. This contains the extracted data from the Gate simulations
The edep for each cube was summed up and printed to this file. The only math operation done has been addition.

  id       edep
   0   164.944
   1   303.585
   2   288.078
   3   266.79
   4   295.223
   5   271.903
   6   208.944
   7    71.2314
   8  1032
   9  1525.71
  10  1668.47
  11  1753.51
  12  1937.43
  13  1835.87
  14  2051.82
  15  1372.79
  16  2249.14
  17  2718.23
  18  2860.34
  19  2840.44
  20  3056.02
  21  3403.34
  22  3716.57
  23  2145.29
  24  2067.42
  25  2920.62
  26  2889.8
  27  2771.66
  28  2850.17
  29  3164.28
  30  3692.5
  31  2212.02
  32  2367.45
  33  2967.73
  34  3039.93
  35  2661.06
  36  2856.76
  37  3315.06
  38  3591.12
  39  2219.14
  40  1899.09
  41  2718.71
  42  2773.59
  43  2874.38
  44  3371.21
  45  3438.79
  46  3594.67
  47  2442.86
  48  1132.7
  49  1459.04
  50  1420.29
  51  1547.61
  52  1786.68
  53  1594.16
  54  1836.56
  55  1019.82
  56   230.167
  57   308.903
  58   303.867
  59   325.982
  60   288.844
  61   414.424
  62   267.406
  63   125.445
  64   230.033
  65   342.511
  66   354.699
  67   313.089
  68   325.438
  69   274.08
  70   183.543
  71   189.026
  72  1575.78
  73  2013
  74  2191.98
  75  2043.96
  76  1942.5
  77  1870.08
  78  2287.96
  79  1516.75
  80  2427.11
  81  3261.47
  82  3449.76
  83  3445.65
  84  3915.73
  85  3675.67
  86  3913.52
  87  2919.62
  88  2845.21
  89  3165.78
  90  3558.86
  91  3594.05
  92  3406.04
  93  3735.98
  94  4506.64
  95  3077.33
  96  2831.55
  97  3772.49
  98  3940.23
  99  3484.3
 100  3663.66
 101  3827.02
 102  3703.36
 103  2744.29
 104  2507.86
 105  3276.94
 106  3368.91
 107  3702.2
 108  3758.12
 109  3509.89
 110  3553.12
 111  2645.9
 112  1367.88
 113  1599.85
 114  1846.28
 115  1821.02
 116  1599.03
 117  2127.84
 118  2282.26
 119  1379.77
 120   277.167
 121   344.699
 122   480.28
 123   313.465
 124   362.722
 125   199.333
 126   199.893
 127   151.587
 128   250.302
 129   302.527
 130   308.567
 131   357.54
 132   251.394
 133   358.943
 134   245.71
 135   177.835
 136  1539.98
 137  1993.69
 138  2574.77
 139  2080.4
 140  1906.78
 141  1778.67
 142  1840.46
 143  1324.38
 144  3001.46
 145  3520.25
 146  3827.36
 147  4167.57
 148  4351.19
 149  4305.73
 150  4094.65
 151  2709.19
 152  3552.77
 153  3495.54
 154  4420.39
 155  4625.45
 156  4326.31
 157  4393.99
 158  4077.16
 159  3283.8
 160  2899.69
 161  3870.71
 162  4198.87
 163  3925.72
 164  4090.04
 165  4431.54
 166  3779.84
 167  2377.08
 168  2753.87
 169  3439.72
 170  4024.77
 171  4352.96
 172  4156.33
 173  4092.25
 174  3624.68
 175  2478.97
 176  1527.56
 177  1806.37
 178  2312.98
 179  2737.54
 180  2332.58
 181  2433.02
 182  2483.05
 183  1422.38
 184   248.812
 185   227.103
 186   428.119
 187   338.05
 188   319.367
 189   203.193
 190   180.926
 191   105.464
 192   191.374
 193   227.647
 194   286.626
 195   237.712
 196   288.595
 197   376.162
 198   229.992
 199   131.927
 200  1808.76
 201  2160.25
 202  2175.81
 203  2479.1
 204  2524.34
 205  2087.43
 206  1656.86
 207  1246.02
 208  3724.79
 209  4193.03
 210  4559.77
 211  4407.55
 212  4242.56
 213  4209.41
 214  3822.86
 215  2879.16
 216  4309.37
 217  4745.09
 218  4612.98
 219  4915.88
 220  4779.31
 221  5117.85
 222  4312.65
 223  3146.94
 224  3274.54
 225  4117.5
 226  4515.36
 227  4642.85
 228  4570.23
 229  5079.5
 230  3760.32
 231  2531.35
 232  3733.09
 233  4008.36
 234  4526.45
 235  4832.45
 236  4729.6
 237  4559.14
 238  4152.23
 239  2569.08
 240  1615.89
 241  2242.75
 242  2691.83
 243  2906.05
 244  2450.91
 245  2549.33
 246  2188.25
 247  1662.39
 248   232.486
 249   292.331
 250   241.844
 251   313.059
 252   486.331
 253   258.588
 254   201.042
 255   149.555
 256   236.049
 257   228.93
 258   272.746
 259   261.407
 260   168.269
 261   147.604
 262    74.4381
 263    79.0265
 264  1882.68
 265  2443.51
 266  2372.54
 267  2322.71
 268  2311.24
 269  2325.85
 270  2019.57
 271  1285.23
 272  3450.31
 273  4599.98
 274  4981.21
 275  5067.06
 276  4697.47
 277  4732.41
 278  4153.09
 279  2833.01
 280  4271.08
 281  4825.84
 282  4271.04
 283  4378.91
 284  4800.52
 285  4545.68
 286  4272.61
 287  3182.16
 288  3396.01
 289  3891
 290  4282.65
 291  4246.26
 292  4287.69
 293  4675.67
 294  4360.48
 295  2425.09
 296  3852.93
 297  4174.64
 298  4641.82
 299  4644.33
 300  4680.26
 301  5079.45
 302  4142.42
 303  2793.27
 304  1686.66
 305  2102.73
 306  2431.21
 307  2502.53
 308  2690.88
 309  2340.41
 310  1933.98
 311  1107.5
 312   162.03
 313   169.745
 314   241.446
 315   256.898
 316   328.915
 317   320.996
 318   204.906
 319   155.488
 320   107.957
 321    63.9028
 322   125.079
 323   103.842
 324    84.0538
 325   149.583
 326   139.807
 327   147.583
 328  1583.79
 329  2076.97
 330  2401.31
 331  1819.77
 332  2221.2
 333  2216.03
 334  2032.85
 335  1244.32
 336  2807.39
 337  3940.88
 338  4132.31
 339  3832.89
 340  4080.01
 341  4048.63
 342  3682.42
 343  2516.98
 344  3113.78
 345  3934.69
 346  3772.36
 347  3856.85
 348  3799.07
 349  4122
 350  4310.54
 351  2862.62
 352  3373.05
 353  3693.4
 354  3731.51
 355  4120.71
 356  3745.92
 357  4179.1
 358  3949.78
 359  2461.55
 360  3523.73
 361  3982.88
 362  4226.42
 363  4779.44
 364  4216.62
 365  4502.24
 366  4213.9
 367  2467.9
 368  1536.61
 369  1986.4
 370  1927.78
 371  2143.34
 372  2513.09
 373  2305.37
 374  1919.63
 375  1135.22
 376    46.949
 377   108.652
 378   164.332
 379   135.912
 380   171.785
 381   131.891
 382   155.908
 383    84.7328
 384    34.308
 385    64.3652
 386    76.2705
 387    65.0136
 388    42.2374
 389   152.474
 390   124.474
 391    34.3611
 392  1036.36
 393  1278.5
 394  1203.37
 395  1273.81
 396  1554.69
 397  1298.98
 398  1429.02
 399   834.785
 400  2073.25
 401  2857.2
 402  2414.54
 403  2910.44
 404  2838.57
 405  2599.42
 406  2614.39
 407  2029.58
 408  1820.47
 409  2408.51
 410  2509.14
 411  2772.39
 412  2307.84
 413  2415.26
 414  2435.33
 415  1799.16
 416  2021.38
 417  2342.19
 418  2693.58
 419  2829.93
 420  2476.01
 421  2535.59
 422  3176.71
 423  1905.28
 424  2010.27
 425  2621.25
 426  2493.92
 427  3031.16
 428  2818.41
 429  2882.31
 430  2817.37
 431  1803.5
 432   888.525
 433  1148.14
 434  1366.73
 435  1568.83
 436  1532.08
 437  1312.47
 438  1238.77
 439   686.582
 440    45.0355
 441    73.3314
 442    73.8334
 443    48.1705
 444    50.4933
 445    67.447
 446    61.5945
 447    44.088
 448     9.7147
 449    10.24
 450    21.6799
 451    22.6601
 452    35.8738
 453    23.353
 454    31.3937
 455     8.2101
 456   267.629
 457   510.852
 458   362.884
 459   517.577
 460   593.63
 461   538.673
 462   543.355
 463   433.243
 464   601.853
 465   996.191
 466   696.671
 467   920.822
 468   927.084
 469   829.315
 470   899.312
 471   723.954
 472   519.146
 473   723.878
 474   825.997
 475   770.024
 476   762.695
 477   688.931
 478   742.36
 479   855.309
 480   396.666
 481   847.46
 482   849.817
 483   957.814
 484   734.946
 485   757.58
 486   894.423
 487   829.796
 488   523.9
 489   885.262
 490   862.643
 491   918.724
 492   888.498
 493   733.965
 494   880.241
 495   731.217
 496   156.837
 497   359.524
 498   353.442
 499   495.468
 500   562.976
 501   684.906
 502   451.205
 503   339.739
 504    17.5262
 505    17.8828
 506    16.4006
 507    16.0561
 508    12.5831
 509    21.6924
 510     8.6466
 511    13.109
