This file was gnenerated on 2021-06-11 12:38:00.736701 by Grant Finneman. This contains the extracted data from the Gate simulations
The edep for each cube was summed up and printed to this file. The only math operation done has been addition.

  id       edep
   0    44.9752
   1    19.113
   2    32.7937
   3    13.2554
   4     4.1081
   5     3.652
   6     3.8375
   7     3.578
   8    26.3358
   9    19.342
  10     9.1423
  11    15.7661
  12    11.3779
  13     5.3441
  14     2.0076
  15     5.7135
  16    18.1917
  17    32.2277
  18    98.7944
  19    32.7802
  20    23.8484
  21    14.0064
  22     8.0242
  23     5.283
  24    23.6938
  25    28.5771
  26    32.0375
  27    23.6263
  28    41.1734
  29     8.6194
  30     6.1234
  31     7.902
  32    24.6726
  33    30.4897
  34    24.8408
  35    70.0164
  36    46.3811
  37    15.9946
  38     8.147
  39     9.0403
  40    49.3863
  41    91.0295
  42    21.9275
  43     8.8336
  44    10.5777
  45    15.469
  46    11.906
  47     6.621
  48    15.1128
  49    23.2709
  50     7.8717
  51    10.8179
  52    10.5507
  53     5.079
  54     6.484
  55    23.834
  56    12.2987
  57     9.308
  58     2.6335
  59     5.9898
  60     5.8354
  61     4.7133
  62     3.1388
  63     0.9846
  64    20.8231
  65    41.3284
  66    27.7488
  67    35.3502
  68    20.5725
  69    16.641
  70    29.2164
  71    23.4839
  72    96.5792
  73   154.271
  74   258.175
  75   188.159
  76   113.254
  77    80.5996
  78    40.1474
  79    24.4802
  80   253.102
  81   205.032
  82   330.222
  83   302.005
  84   308.176
  85   157.525
  86    72.7626
  87    31.8581
  88   241.395
  89   297.957
  90   303.136
  91   306.425
  92   194.375
  93    99.1984
  94   121.72
  95    53.4607
  96   251.232
  97   352.952
  98   367.87
  99   306.071
 100   316.657
 101   113.673
 102    90.0151
 103    86.3886
 104   256.284
 105   263.073
 106   212.734
 107   237.298
 108   186.337
 109   127.118
 110   111.526
 111    70.692
 112   229.924
 113   224.33
 114   153.889
 115    80.0521
 116    55.1818
 117    96.3226
 118    90.73
 119    20.6724
 120    18.3851
 121    43.1994
 122    13.3763
 123    35.7498
 124    31.7253
 125    12.4176
 126     7.3527
 127     6.7285
 128   180.45
 129   122.972
 130    96.2457
 131    77.4158
 132   106.841
 133    65.915
 134    16.793
 135     5.1421
 136  1472.98
 137  1934.89
 138  2029.25
 139  1904.16
 140  1849.92
 141  1437.24
 142  1081.79
 143   355.623
 144  2958.95
 145  3396.43
 146  3520.15
 147  3129.01
 148  2806.11
 149  2334.85
 150  1581.08
 151   616.162
 152  3130.98
 153  3743.03
 154  4031.28
 155  3899.98
 156  3544.29
 157  2569.88
 158  1658.7
 159   607.672
 160  3092.49
 161  3557.06
 162  3560.39
 163  3831.72
 164  3503.54
 165  2583.02
 166  1496.02
 167   555.135
 168  3018.69
 169  3785.21
 170  3828.76
 171  3483.43
 172  3062.69
 173  2312.47
 174  1504.45
 175   482.951
 176  1762.57
 177  2050.66
 178  1887.18
 179  2078.24
 180  1686.7
 181  1366.46
 182   776.959
 183   271.59
 184   155.482
 185   159.217
 186    94.6575
 187    85.6628
 188    40.9559
 189    75.8267
 190    10.2871
 191     6.609
 192   263.199
 193   231.383
 194   181.483
 195   122.747
 196    68.6945
 197    48.9814
 198    18.5141
 199    15.8779
 200  2534.06
 201  3250.44
 202  3060.52
 203  2591.43
 204  1982.54
 205  1385.77
 206   666.349
 207   265.683
 208  6041.27
 209  6669.22
 210  5817.77
 211  5256.78
 212  4083.06
 213  2928.27
 214  1757.55
 215   677.534
 216  6253.08
 217  6796.12
 218  6484.32
 219  5503.8
 220  4471.9
 221  3422.71
 222  2076.58
 223   888.98
 224  5591.76
 225  6180.55
 226  6202.36
 227  5304.86
 228  4440.04
 229  3466.26
 230  1981.6
 231   676.084
 232  6174.9
 233  6309.54
 234  5997.05
 235  4951.09
 236  3858.63
 237  3025.6
 238  1750.76
 239   629.096
 240  2719.18
 241  2748.24
 242  2607.44
 243  2238.85
 244  1482.44
 245  1176.71
 246   746.204
 247   293.283
 248   213.793
 249   151.208
 250   117.139
 251    77.0931
 252    40.9456
 253    44.1859
 254    16.4719
 255    15.7827
 256   190.819
 257   230.187
 258   156.49
 259   178.764
 260   117.513
 261    31.0339
 262    19.9715
 263    12.1657
 264  2965.56
 265  3130.61
 266  2765.2
 267  2520.81
 268  2032.59
 269  1370.8
 270   768.862
 271   396.595
 272  6551.08
 273  6591.15
 274  6224.67
 275  5330.29
 276  4678.69
 277  3217.19
 278  1806.43
 279   664.92
 280  6569.21
 281  6775.96
 282  6426.31
 283  5507.12
 284  4258.65
 285  3075.14
 286  1671.94
 287   544.248
 288  5713.65
 289  6498.17
 290  6257.5
 291  5322.31
 292  4599.23
 293  3240.12
 294  1642.48
 295   586.628
 296  6496.87
 297  6514.43
 298  5738.25
 299  5323.82
 300  4352.18
 301  2865.64
 302  1534.06
 303   661.603
 304  3144.57
 305  3431.81
 306  3358.66
 307  2782.09
 308  2139.37
 309  1714.86
 310   803.253
 311   396.544
 312   296.898
 313   206.962
 314   154.379
 315   115.113
 316    86.0509
 317    64.5355
 318    22.5701
 319     8.1783
 320   215.775
 321   283.392
 322   204.019
 323   149.508
 324    68.9644
 325    80.2232
 326    11.289
 327    11.239
 328  2783.71
 329  2757.98
 330  2631.35
 331  2552.79
 332  1709.98
 333  1037.86
 334   565.344
 335   162.25
 336  5351.06
 337  5592.69
 338  5079.28
 339  3988.57
 340  2834.13
 341  1825.59
 342   976.723
 343   379.854
 344  5135.53
 345  5746.11
 346  4980.3
 347  4204.84
 348  2944.83
 349  2105.26
 350  1129.82
 351   458.71
 352  5373.28
 353  5525.67
 354  4524.57
 355  3532.14
 356  2636.47
 357  2011.83
 358  1062.85
 359   325.414
 360  5773.04
 361  5631.24
 362  4806.77
 363  4106.65
 364  2898.35
 365  1895.85
 366   806.666
 367   292.905
 368  2539.27
 369  2574
 370  2178.98
 371  2127.23
 372  1467.82
 373   931.566
 374   467.052
 375   249.557
 376   169.138
 377   254.892
 378   174.74
 379   107.431
 380    51.0467
 381    30.0032
 382    17.9628
 383     8.4512
 384    33.1
 385    88.8207
 386   106.206
 387    31.9368
 388    33.0995
 389    10.4986
 390     6.3532
 391     9.1285
 392   664.363
 393   517.593
 394   454.486
 395   299.073
 396   117.612
 397    40.501
 398    33.5384
 399     8.1008
 400  1205.16
 401   939.97
 402   579.422
 403   301.05
 404   119.703
 405    80.2216
 406    32.7623
 407    12.4135
 408  1276.27
 409   875.175
 410   667.03
 411   408.39
 412   141.886
 413    57.105
 414    47.5038
 415    17.338
 416   994.65
 417   753.434
 418   591.073
 419   539.768
 420   276.259
 421    86.9201
 422    29.3944
 423    21.5112
 424  1059.94
 425  1023.09
 426   627.232
 427   417.142
 428   281.682
 429   106.456
 430    56.7698
 431     9.6075
 432   620.593
 433   480.798
 434   335.634
 435   242.534
 436    75.1435
 437    77.769
 438    16.7259
 439    17.5084
 440    59.5338
 441    86.3113
 442    30.2485
 443    28.3101
 444    26.4157
 445    43.091
 446     7.0299
 447     7.6972
 448    12.7269
 449    25.5397
 450    18.473
 451    18.2147
 452     8.5639
 453     3.6982
 454     5.1523
 455     5.1674
 456    17.5457
 457   130.315
 458    69.9178
 459    16.9743
 460    12.14
 461    40.4127
 462     6.271
 463     6.9199
 464    80.7369
 465    42.7958
 466    66.7358
 467    37.0485
 468    25.9474
 469    18.5257
 470    14.364
 471     7.6024
 472   147.956
 473    49.5089
 474    74.7426
 475    46.7845
 476    20.1392
 477     7.1138
 478    12.8616
 479    11.3361
 480    76.2159
 481    69.8634
 482    59.8073
 483    22.9235
 484    25.1469
 485    27.0219
 486    13.1566
 487    10.1686
 488    85.5129
 489    60.7477
 490    43.6595
 491    43.8117
 492    23.2319
 493    16.966
 494     6.6053
 495     5.6028
 496    27.8312
 497    37.884
 498    33.3539
 499    17.0344
 500    10.8657
 501    15.7912
 502    12.8666
 503     3.7232
 504    22.5789
 505    15.5663
 506     7.488
 507     6.314
 508    17.9012
 509     9.8144
 510     6.5605
 511     4.2634
