This file was gnenerated on 2021-06-11 12:37:57.727448 by Grant Finneman. This contains the extracted data from the Gate simulations
The edep for each cube was summed up and printed to this file. The only math operation done has been addition.

  id       edep
   0    21.0554
   1    11.4297
   2    11.3328
   3    10.7305
   4     7.06
   5     2.7345
   6    10.8166
   7     3.7176
   8    15.1363
   9    15.1916
  10    10.1702
  11    11.3706
  12    15.3007
  13    23.0667
  14    14.6172
  15    17.1995
  16    14.4308
  17    23.349
  18    27.5437
  19    25.3409
  20    53.4156
  21    15.2915
  22    19.0965
  23    20.5514
  24    23.2703
  25    21.4293
  26    17.1253
  27    19.9029
  28    47.6768
  29    31.842
  30    25.5366
  31    39.3728
  32    16.5642
  33    36.6268
  34    48.7147
  35    21.7336
  36    28.6157
  37    26.1735
  38    21.2142
  39    32.2037
  40    36.0339
  41    26.011
  42    41.6748
  43    55.6931
  44    47.6581
  45    48.6356
  46    38.7166
  47    20.8294
  48     8.7705
  49     5.6201
  50    27.3139
  51    13.5613
  52    11.3171
  53    26.3773
  54    38.3428
  55    18.282
  56     8.8257
  57     6.4586
  58     1.722
  59     6.4208
  60     6.9688
  61     3.8417
  62     5.5895
  63     7.1755
  64    44.3542
  65    17.8217
  66    57.0671
  67    70.4241
  68    44.8236
  69    16.8634
  70     8.7
  71     6.8263
  72    64.7867
  73    80.6024
  74   108.555
  75   188.654
  76   416.465
  77   574.754
  78   706.768
  79   394.839
  80   113.909
  81   103.587
  82   312.466
  83   475.921
  84  1035.59
  85  1546.32
  86  1252.45
  87   617.494
  88   122.188
  89   142.243
  90   237.369
  91   563.229
  92   961.062
  93  1261.45
  94  1177.5
  95   640.648
  96   115.756
  97   232.831
  98   338.89
  99   676.723
 100  1042.97
 101  1467.38
 102  1339.02
 103   680.747
 104    71.4129
 105   207.676
 106   400.561
 107   579.174
 108  1039
 109  1415.91
 110  1250.84
 111   577.666
 112    68.5983
 113   132.591
 114   182.6
 115   216.341
 116   476.786
 117   662.478
 118   577.551
 119   298.641
 120    52.2991
 121    12.6361
 122     6.975
 123    18.5513
 124    23.0348
 125    25.3979
 126    13.7638
 127     9.7947
 128    62.3949
 129    62.1724
 130    81.4884
 131    85.5082
 132    63.6521
 133    45.6185
 134    31.7939
 135    15.7864
 136   620.572
 137  1199.87
 138  2035.21
 139  2155.76
 140  2038.92
 141  2034.09
 142  1057.49
 143   401.052
 144  1299.47
 145  2300.86
 146  3241.95
 147  4132.85
 148  4214.97
 149  3119.66
 150  1884.56
 151   688.028
 152  1370.68
 153  2554.9
 154  3234.38
 155  4179
 156  4391.11
 157  2974.92
 158  1826.93
 159   647.093
 160  1312.14
 161  2422.11
 162  3197.62
 163  4164.46
 164  4511.16
 165  3425
 166  2334.44
 167   885.375
 168  1131.67
 169  2512.63
 170  3260.12
 171  3852.68
 172  3858.81
 173  2678.84
 174  1740.59
 175   663.678
 176   602.445
 177  1122.17
 178  1593.09
 179  1909.03
 180  1996.75
 181  1711.18
 182  1161.41
 183   475.361
 184   136.676
 185    85.3705
 186    62.275
 187    63.9975
 188    69.4443
 189    43.1285
 190    42.3536
 191    64.0252
 192   106.252
 193   186.325
 194   213.93
 195   108.987
 196    94.0119
 197    77.7649
 198    51.7783
 199    23.1555
 200  2778.35
 201  2851.04
 202  3229.25
 203  2853.66
 204  2206.4
 205  1491.04
 206   892.991
 207   353.754
 208  4838.82
 209  5769.6
 210  6736.08
 211  6097.02
 212  4695.05
 213  3734.72
 214  2077.73
 215   825.817
 216  4721.21
 217  6003.25
 218  5833.25
 219  5604.76
 220  4747.79
 221  3605.53
 222  1956.9
 223   806.157
 224  4711.38
 225  6136.2
 226  6052.48
 227  5412.55
 228  4407.39
 229  3140.38
 230  2161.44
 231   880.218
 232  4915.38
 233  5519.45
 234  5411.35
 235  5368.48
 236  4619.97
 237  3497.46
 238  2100.7
 239   735.115
 240  2396.8
 241  3012.14
 242  2864.28
 243  2957.1
 244  2310.29
 245  1868.17
 246  1123.16
 247   418.75
 248   205.659
 249   172.26
 250   158.776
 251   221.692
 252    66.8369
 253    88.3039
 254    35.4189
 255    15.1258
 256   196.494
 257   264.731
 258   186.584
 259   235.244
 260    75.7231
 261    89.1586
 262    39.8529
 263    13.543
 264  2618.91
 265  3113.73
 266  3074.16
 267  2756.16
 268  2222.8
 269  1487.86
 270   830.09
 271   335.314
 272  5570.15
 273  5776.68
 274  5714.45
 275  5632.94
 276  4965.22
 277  3546.43
 278  2206.79
 279   884.945
 280  5883.95
 281  6670.2
 282  6147.98
 283  5795.45
 284  4958.11
 285  3577.24
 286  1852.8
 287   717.31
 288  5790.86
 289  6696.74
 290  6181.89
 291  5783.54
 292  4875.66
 293  3406.8
 294  1818.15
 295   713.56
 296  5282.04
 297  6475.88
 298  6055.34
 299  5054.45
 300  4260.96
 301  3336.51
 302  1989.98
 303   611.073
 304  3314.09
 305  3655.79
 306  3077.94
 307  2718.65
 308  2598.17
 309  1995.78
 310  1253.27
 311   460.261
 312   272.37
 313   217.269
 314   229.982
 315   156.102
 316    87.5015
 317    83.98
 318    38.0906
 319    39.1372
 320   211.426
 321   271.302
 322   179.329
 323   237.832
 324    62.968
 325    59.7707
 326    20.1952
 327    14.7015
 328  2901.68
 329  2981.8
 330  2866.28
 331  2534.18
 332  2025.02
 333  1081.28
 334   309.805
 335    33.0408
 336  5649.74
 337  6210.43
 338  5558.27
 339  4971.04
 340  3628.08
 341  2336.67
 342   889.059
 343   206.401
 344  5535.98
 345  6021.51
 346  6080.52
 347  5550.94
 348  4293.74
 349  2434.17
 350  1166.67
 351   287.402
 352  6195.45
 353  6544.28
 354  6294.99
 355  5734.2
 356  4078.36
 357  2622.55
 358  1059.23
 359   238.024
 360  5568.2
 361  6253.99
 362  6576.72
 363  5158.47
 364  3730.56
 365  2357.64
 366   956.389
 367   193.026
 368  3197.38
 369  3325.4
 370  2753.64
 371  2929.2
 372  2048.22
 373  1130.99
 374   498.813
 375   105.713
 376   249.585
 377   293.84
 378   255.551
 379   137.859
 380   120.036
 381    70.0842
 382    29.4608
 383    19.8199
 384   214.481
 385   212.594
 386   147.519
 387    59.2079
 388    78.6639
 389    38.0881
 390    17.4623
 391     4.7439
 392  2467.11
 393  2453.61
 394  1683.7
 395   764.885
 396   304.185
 397   149.129
 398    35.0469
 399    18.3414
 400  4787.04
 401  4358.44
 402  3327.36
 403  1677.81
 404   733.275
 405   258.42
 406   132.661
 407    26.5786
 408  4591.53
 409  4569.77
 410  3183.88
 411  1771.72
 412   806.549
 413   329.451
 414   113.654
 415    48.5277
 416  5569.79
 417  4704.14
 418  3022.37
 419  1521.34
 420   686.088
 421   350.23
 422    75.755
 423    38.474
 424  4907.74
 425  4080.26
 426  2971.35
 427  1677.39
 428   586.429
 429   249.324
 430    72.9239
 431    23.8868
 432  2538.27
 433  2309.45
 434  1613.85
 435   997.072
 436   383.589
 437    82.9178
 438    42.6792
 439    35.8172
 440   176.978
 441   210.959
 442   139.12
 443   119.242
 444    84.2436
 445    41.4159
 446    19.9776
 447    25.468
 448    43.0357
 449   113.795
 450    16.187
 451    21.7129
 452    24.2223
 453    17.4487
 454    21.4248
 455     3.4662
 456   619.06
 457   373.994
 458   168.678
 459   105.707
 460    43.6221
 461    17.4083
 462    54.0416
 463    35.9886
 464  1107.4
 465   760.939
 466   376.191
 467   187.81
 468   154.738
 469    53.7044
 470    57.235
 471    15.8423
 472  1357.16
 473   812.086
 474   320.184
 475   186.527
 476    93.4305
 477    43.7301
 478    24.0469
 479    14.3086
 480  1156.74
 481   654.074
 482   443.293
 483   119.108
 484   175.825
 485    52.8307
 486    34.4802
 487     9.601
 488   973.865
 489   602.111
 490   323.814
 491   119.229
 492    85.4077
 493    51.3826
 494    24.752
 495    29.0853
 496   647.813
 497   336.274
 498   275.924
 499   123.1
 500    96.2793
 501    27.84
 502    29.0798
 503    11.8805
 504    61.9471
 505    67.8052
 506    81.3941
 507    39.8795
 508    76.9449
 509    61.2477
 510     6.437
 511     7.1921
