-1 -14 8 -10 15 -3 23 11
39 -8 3 3 12 38 -16 18
20 14 -11 27 22 50 42 -13
28 8 50 3 49 13 50 -2
-19 -13 72 29 49 12 37 20
20 10 13 36 44 28 49 40
14 21 9 43 5 28 46 20
50 7 7 35 50 8 7 14
-17 20 -87 86 202 70 56 52
-6 89 14 160 258 129 95 60
13 65 60 209 294 136 63 49
40 98 34 196 262 56 81 44
46 26 44 223 234 52 65 120
78 102 105 134 173 51 86 102
145 150 68 84 196 89 85 158
162 85 117 34 89 58 48 135
100 67 -40 680 845 111 254 202
254 388 258 1044 1193 470 423 241
192 332 307 1392 1502 454 242 112
183 218 185 1347 1386 108 168 230
152 125 103 1207 1197 137 341 462
201 210 235 1069 1254 220 410 542
392 277 337 425 987 324 379 607
403 289 171 -202 513 320 231 449
371 198 -50 1860 1999 355 606 538
738 978 743 3187 3041 1304 1027 488
643 1108 790 4037 4022 1141 561 273
512 587 315 3849 3920 291 251 640
320 223 148 3439 3515 271 792 1037
350 400 301 2656 3468 441 1061 1282
769 859 582 1038 2485 817 918 1350
801 630 247 -586 973 838 508 1041
378 200 23 1822 2068 374 565 540
760 989 818 3130 3048 1314 1083 491
676 1061 790 4070 4083 1130 568 281
507 576 390 3749 3925 342 290 619
356 221 34 3436 3542 250 787 1044
363 373 458 2681 3528 532 1085 1274
748 781 556 1054 2592 793 895 1393
822 612 222 -570 1048 824 504 1017
108 72 -62 639 834 109 230 180
297 302 295 1059 1187 477 373 226
217 361 270 1456 1511 437 222 169
276 207 204 1362 1479 193 158 264
173 75 142 1293 1200 174 373 493
192 216 210 1077 1307 133 474 588
413 405 305 404 917 306 346 596
414 329 190 -156 433 330 202 449
-3 -18 -37 111 200 63 22 42
22 48 -14 211 228 108 74 55
62 76 63 219 311 161 63 20
118 -16 36 280 311 74 94 49
117 54 101 240 262 0 100 102
81 105 117 177 225 58 99 120
152 153 97 79 180 106 32 135
164 132 72 15 27 74 39 115
-11 16 -35 -3 -17 13 -14 -27
-13 -17 -5 11 0 27 -30 30
55 70 3 67 26 12 20 1
23 67 29 24 5 2 3 13
52 32 63 45 14 34 48 40
27 10 43 9 59 21 21 16
51 55 29 -7 7 38 10 1
72 -12 16 13 46 20 24 -14
