-2 -16 20 54 35 13 5 10
15 6 21 69 50 2 0 0
-6 4 13 58 51 17 19 -7
-6 -6 6 47 29 15 -14 0
-1 10 1 28 32 10 8 -6
9 -1 11 12 14 -1 7 2
6 12 10 3 25 2 -3 -1
4 13 -15 20 10 7 2 18
-6 -3 16 101 136 13 10 7
0 -10 16 116 110 42 -7 3
16 -22 17 145 142 24 -1 10
6 -9 20 115 129 13 -11 7
-19 -8 -2 122 127 40 0 8
-6 -16 4 109 110 22 -20 3
6 1 -5 56 83 8 -8 7
-13 9 20 19 37 -10 2 7
10 31 24 27 30 51 2 16
9 -8 41 79 20 86 23 17
7 8 80 12 27 64 27 10
16 -11 87 43 15 77 16 8
26 24 118 31 8 67 -7 18
2 10 83 68 38 79 -5 2
9 16 80 124 93 67 -3 -6
-11 11 51 81 66 54 0 1
42 103 202 167 111 130 156 49
48 108 175 200 148 126 154 54
35 161 163 152 106 94 156 65
43 143 139 114 17 89 129 62
48 132 157 147 86 86 116 33
18 123 174 198 175 152 119 28
21 84 132 172 199 127 93 4
-1 34 91 144 128 80 57 6
42 131 75 101 212 137 170 39
25 129 108 85 221 198 186 34
39 139 101 167 134 151 136 29
49 105 122 126 158 136 149 22
31 105 107 131 199 177 138 28
26 96 134 224 227 143 107 20
25 70 114 201 189 128 95 30
17 29 65 125 163 87 44 19
7 27 70 36 78 67 25 17
8 20 67 50 28 83 17 11
3 4 80 98 4 59 11 -8
0 25 67 36 5 89 13 4
0 21 78 24 70 40 1 0
8 4 91 80 96 95 3 -13
13 -4 80 86 96 62 20 14
2 9 55 48 52 49 11 2
-19 10 63 134 98 -1 14 18
15 -7 26 150 86 -9 -17 -8
-4 1 39 153 112 19 -17 11
8 -2 35 113 80 -9 -21 -2
6 -4 27 126 107 13 -2 4
-12 -8 12 120 82 34 -3 2
2 0 -1 78 65 7 -13 4
-1 8 19 21 24 18 8 -8
5 10 15 11 48 14 5 -15
-11 -5 21 25 32 12 2 17
3 1 21 34 29 21 -11 18
-4 -3 13 35 35 10 15 -12
10 3 -2 17 28 2 -8 4
-10 -11 -2 17 33 11 -19 5
-7 1 -11 18 25 -1 12 16
10 12 2 8 6 1 -1 4
