2 1 1 3 -2 1 -3 1
1 1 1 7 2 -1 -2 2
1 -1 3 8 2 1 4 0
-1 -2 1 6 3 0 -1 -1
0 1 -2 1 1 6 -1 0
0 -1 4 5 1 2 -1 1
0 1 0 -1 3 0 1 2
-1 1 -1 3 0 0 2 1
1 -4 -1 22 2 1 4 0
2 2 5 8 4 0 0 -1
2 0 2 12 -2 0 -2 1
0 5 9 18 5 1 -2 -2
-1 1 9 22 6 3 -1 2
1 0 11 21 6 1 -1 -1
-2 2 3 16 9 0 -1 2
0 -1 4 5 6 -1 0 -1
-2 1 -6 19 16 4 5 3
-1 -2 5 18 11 -6 -1 0
2 -3 -10 7 1 -11 1 1
1 -5 -10 33 -1 -5 3 4
3 -5 12 24 10 -4 -2 1
0 -4 11 25 18 2 -3 1
0 1 9 26 20 6 -3 -2
3 1 3 12 14 3 0 2
3 16 17 19 48 7 13 2
2 3 7 24 23 5 11 2
3 7 7 31 28 -3 6 7
2 11 14 23 17 4 10 8
3 13 28 30 33 2 11 4
0 11 26 36 52 9 7 1
1 4 15 21 43 11 6 1
3 4 8 19 26 11 7 -1
3 7 -1 24 17 3 11 1
3 10 15 41 20 7 13 6
4 7 29 45 26 6 11 2
4 10 25 46 44 -9 12 2
2 9 16 46 41 -1 8 0
2 13 18 47 49 1 9 0
2 12 12 42 39 11 11 3
1 3 7 20 30 11 4 4
-1 1 -3 8 14 -2 -3 2
3 -2 -4 24 16 -11 1 2
-2 0 1 13 8 -11 -3 0
2 6 11 20 19 -6 -6 0
2 1 6 6 14 -5 -5 1
0 1 0 17 26 1 3 -1
2 0 2 17 26 2 2 2
0 3 1 9 13 2 -1 0
-2 1 -2 7 12 0 2 3
4 6 -7 8 15 -1 -3 0
0 5 -8 10 25 5 -1 0
2 -1 1 7 14 0 -4 0
-1 -4 -2 8 19 3 0 -1
0 -3 -3 6 20 8 3 -1
0 0 -2 4 4 10 -2 1
-1 -1 3 3 0 2 -1 1
-4 0 3 2 6 2 3 -1
1 -1 1 3 9 -1 -1 2
0 -1 2 0 3 6 0 0
2 -1 1 0 4 1 1 -2
3 -1 -3 0 0 -1 -1 2
-1 -2 -2 1 2 -2 -1 1
0 0 1 2 2 1 0 1
-1 1 0 0 3 0 1 0
