25 33 12 14 14 49 47 4
6 21 24 26 47 16 19 39
31 20 12 41 19 8 3 9
4 10 15 43 8 9 11 9
22 15 19 4 1 82 1 27
60 8 46 6 28 64 18 14
9 5 79 56 19 37 7 17
34 32 25 62 43 36 21 25
16 51 29 75 102 68 6 22
14 32 9 20 0 67 28 2
10 15 4 52 20 27 49 27
87 10 8 13 14 9 57 7
6 28 15 99 8 2 17 38
47 3 19 66 41 13 9 47
3 23 11 40 53 36 26 9
15 39 35 20 41 13 32 11
44 13 93 149 117 53 76 37
11 64 17 58 114 24 44 59
20 15 50 129 137 101 92 16
1 16 27 116 156 95 45 11
7 26 102 99 117 47 6 5
22 81 20 126 152 50 41 21
20 18 4 112 85 6 41 10
19 21 29 14 9 9 1 29
18 11 20 133 169 70 99 11
20 25 11 265 205 42 49 34
57 95 69 293 281 94 59 13
65 47 75 223 306 98 16 65
29 22 37 269 275 152 21 10
8 51 103 227 221 43 54 12
2 14 1 178 170 54 62 12
32 8 4 10 36 41 8 36
20 48 75 226 233 0 15 32
51 51 92 186 255 76 56 25
72 87 84 197 278 47 60 8
71 5 107 223 254 51 48 74
0 12 82 262 238 98 13 5
13 63 2 198 288 88 40 43
9 39 81 132 100 20 15 16
77 7 25 91 69 57 50 12
13 6 64 112 123 121 21 3
23 5 21 135 66 70 7 68
36 33 26 121 145 59 31 25
16 39 25 140 228 71 21 31
21 5 4 136 127 89 39 4
31 24 13 76 138 62 32 7
19 13 31 67 66 2 19 27
60 4 11 44 14 51 1 5
24 10 56 14 69 18 27 9
0 3 51 105 73 16 50 57
93 10 37 64 113 5 22 69
28 29 32 25 74 42 25 16
57 10 6 90 43 12 29 26
21 11 64 21 28 0 0 2
25 14 37 55 63 22 16 32
23 2 6 10 57 5 10 18
33 12 1 16 27 6 22 56
21 75 52 9 5 16 29 10
15 83 22 32 56 26 33 37
9 13 4 29 66 26 48 4
25 6 13 31 42 6 10 5
35 18 7 48 31 45 16 0
10 40 31 55 31 41 61 19
68 15 17 30 80 15 24 9
