-1 0 1 3 2 1 0 -1
-1 -3 2 6 1 1 0 0
2 0 0 5 3 1 2 -1
0 1 1 2 2 2 2 0
0 -1 0 2 2 2 0 0
1 3 -4 2 1 -1 1 -1
-1 -1 -1 0 -1 2 2 1
1 1 0 1 2 0 0 2
0 0 -1 14 10 2 1 -1
2 -1 3 15 9 0 1 -1
-2 -3 0 16 5 3 0 0
-1 0 0 18 12 1 -1 -1
2 1 -1 20 8 -1 2 0
-1 -1 3 16 9 3 -1 1
1 -1 -3 11 12 1 -2 1
0 1 2 5 3 4 3 -1
1 7 5 13 6 10 3 2
1 6 1 19 -4 6 4 0
0 6 2 24 -1 5 1 1
1 3 10 23 5 6 8 1
0 2 5 14 14 5 3 0
0 2 10 23 14 5 3 0
1 4 7 26 14 7 4 0
2 1 3 16 4 3 2 -3
5 6 4 35 30 7 13 1
4 8 3 26 31 8 8 5
3 10 5 28 12 1 11 4
2 5 8 43 22 6 11 4
2 8 10 51 19 9 11 4
-1 5 9 48 39 10 7 2
1 3 8 41 33 7 5 3
1 1 3 21 22 4 3 1
0 9 1 13 34 0 10 1
3 9 5 30 39 6 11 3
0 9 13 19 40 -4 7 2
6 5 7 26 47 -1 10 3
2 4 3 38 49 -5 11 2
-1 8 8 47 53 3 7 1
2 4 10 34 44 9 8 2
0 3 7 23 25 4 2 0
-1 2 1 9 1 6 4 2
3 3 1 11 5 1 3 0
3 7 -2 3 14 -1 0 0
0 6 7 11 22 6 3 0
0 4 15 14 17 9 3 1
2 3 9 17 26 15 2 -1
0 3 6 11 20 7 3 2
0 1 4 9 13 4 -2 -1
-1 -1 -1 5 8 -3 4 0
-1 1 0 11 18 0 -1 3
2 1 -4 11 23 2 -2 0
1 -1 0 8 18 2 -1 -1
3 -3 3 14 19 3 0 -4
0 1 1 11 14 2 1 -1
2 -4 3 10 10 0 1 0
1 1 1 3 3 2 0 1
3 0 1 2 3 0 1 -1
1 1 1 1 4 0 0 1
-1 1 -3 2 3 -1 0 -2
0 -1 -2 5 4 -1 -1 0
1 -1 2 -1 3 -2 2 2
0 -1 1 2 2 2 2 1
-1 0 -2 2 0 1 0 -2
-2 0 0 -1 0 -3 -1 -3
